time,close,C,C,C,C,C,C,C,C,C,C,C,C,C,C,C,C,C,C,C,C,C,C,C,C,C,C,C,C,C,C,C,C,C,C,C,C,C,C,C,C,C,C,C,C,C,C,C,C,C,C,C,C,C,C,C,C,C,C,C,C,C,C,C,C,C,C,C,C,C,C,C,C,C,C,C,C,C,C,C,C,C,C,C,C,C,C,C,C,C,C,C,C,C,C,C,C,C,C,C,C,C,C,C,C,C,C,C,C,C,C,C,C,C,C,C,C,C,C,C,C,C,C,C,C,C,C,C,C,C,C,C,C,C,C,C,C,C,C,C,C,C,C,C,C,C,C,C,C,C,C,C,C,P,P,P,P,P,P,P,P,P,P,P,P,P,P,P,P,P,P,P,P,P,P,P,P,P,P,P,P,P,P,P,P,P,P,P,P,P,P,P,P,P,P,P,P,P,P,P,P,P,P,P,P,P,P,P,P,P,P,P,P,P,P,P,P,P,P,P,P,P,P,P,P,P,P,P,P,P,P,P,P,P,P,P,P,P,P,P,P,P,P,P,P,P,P,P,P,P,P,P,P,P,P,P,P,P,P,P,P,P,P,P,P,P,P,P,P,P,P,P,P,P,P,P,P,P,P,P,P,P,P,P,P,P,P,P,P,P,P,P,P,P,P,P,P,P,P,P,P,P,P,P,P,C,C,C,C,P,P,P,P,C,C,C,C,P,P,P,P,C,C,C,C,P,P,P,P,C,C,C,C,P,P,P,P
time,close,5.50,5.50,5.50,5.50,5.75,5.75,5.75,5.75,6.00,6.00,6.00,6.00,6.25,6.25,6.25,6.25,6.50,6.50,6.50,6.50,6.75,6.75,6.75,6.75,7.00,7.00,7.00,7.00,7.25,7.25,7.25,7.25,7.50,7.50,7.50,7.50,7.75,7.75,7.75,7.75,8.00,8.00,8.00,8.00,8.25,8.25,8.25,8.25,8.50,8.50,8.50,8.50,8.75,8.75,8.75,8.75,9.00,9.00,9.00,9.00,9.25,9.25,9.25,9.25,9.50,9.50,9.50,9.50,9.75,9.75,9.75,9.75,10.00,10.00,10.00,10.00,10.50,10.50,10.50,10.50,11.00,11.00,11.00,11.00,11.50,11.50,11.50,11.50,12.00,12.00,12.00,12.00,12.50,12.50,12.50,12.50,13.00,13.00,13.00,13.00,13.50,13.50,13.50,13.50,14.00,14.00,14.00,14.00,14.50,14.50,14.50,14.50,15.00,15.00,15.00,15.00,15.50,15.50,15.50,15.50,16.00,16.00,16.00,16.00,16.50,16.50,16.50,16.50,17.00,17.00,17.00,17.00,17.50,17.50,17.50,17.50,18.00,18.00,18.00,18.00,18.50,18.50,18.50,18.50,19.00,19.00,19.00,19.00,19.50,19.50,19.50,19.50,5.50,5.50,5.50,5.50,5.75,5.75,5.75,5.75,6.00,6.00,6.00,6.00,6.25,6.25,6.25,6.25,6.50,6.50,6.50,6.50,6.75,6.75,6.75,6.75,7.00,7.00,7.00,7.00,7.25,7.25,7.25,7.25,7.50,7.50,7.50,7.50,7.75,7.75,7.75,7.75,8.00,8.00,8.00,8.00,8.25,8.25,8.25,8.25,8.50,8.50,8.50,8.50,8.75,8.75,8.75,8.75,9.00,9.00,9.00,9.00,9.25,9.25,9.25,9.25,9.50,9.50,9.50,9.50,9.75,9.75,9.75,9.75,10.00,10.00,10.00,10.00,10.50,10.50,10.50,10.50,11.00,11.00,11.00,11.00,11.50,11.50,11.50,11.50,12.00,12.00,12.00,12.00,12.50,12.50,12.50,12.50,13.00,13.00,13.00,13.00,13.50,13.50,13.50,13.50,14.00,14.00,14.00,14.00,14.50,14.50,14.50,14.50,15.00,15.00,15.00,15.00,15.50,15.50,15.50,15.50,16.00,16.00,16.00,16.00,16.50,16.50,16.50,16.50,17.00,17.00,17.00,17.00,17.50,17.50,17.50,17.50,18.00,18.00,18.00,18.00,18.50,18.50,18.50,18.50,19.00,19.00,19.00,19.00,19.50,19.50,19.50,19.50,20.00,20.00,20.00,20.00,20.00,20.00,20.00,20.00,21.00,21.00,21.00,21.00,21.00,21.00,21.00,21.00,22.00,22.00,22.00,22.00,22.00,22.00,22.00,22.00,23.00,23.00,23.00,23.00,23.00,23.00,23.00,23.00
time,close,settle,volume,oi,imp_vol,settle,volume,oi,imp_vol,settle,volume,oi,imp_vol,settle,volume,oi,imp_vol,settle,volume,oi,imp_vol,settle,volume,oi,imp_vol,settle,volume,oi,imp_vol,settle,volume,oi,imp_vol,settle,volume,oi,imp_vol,settle,volume,oi,imp_vol,settle,volume,oi,imp_vol,settle,volume,oi,imp_vol,settle,volume,oi,imp_vol,settle,volume,oi,imp_vol,settle,volume,oi,imp_vol,settle,volume,oi,imp_vol,settle,volume,oi,imp_vol,settle,volume,oi,imp_vol,settle,volume,oi,imp_vol,settle,volume,oi,imp_vol,settle,volume,oi,imp_vol,settle,volume,oi,imp_vol,settle,volume,oi,imp_vol,settle,volume,oi,imp_vol,settle,volume,oi,imp_vol,settle,volume,oi,imp_vol,settle,volume,oi,imp_vol,settle,volume,oi,imp_vol,settle,volume,oi,imp_vol,settle,volume,oi,imp_vol,settle,volume,oi,imp_vol,settle,volume,oi,imp_vol,settle,volume,oi,imp_vol,settle,volume,oi,imp_vol,settle,volume,oi,imp_vol,settle,volume,oi,imp_vol,settle,volume,oi,imp_vol,settle,volume,oi,imp_vol,settle,volume,oi,imp_vol,settle,volume,oi,imp_vol,settle,volume,oi,imp_vol,settle,volume,oi,imp_vol,settle,volume,oi,imp_vol,settle,volume,oi,imp_vol,settle,volume,oi,imp_vol,settle,volume,oi,imp_vol,settle,volume,oi,imp_vol,settle,volume,oi,imp_vol,settle,volume,oi,imp_vol,settle,volume,oi,imp_vol,settle,volume,oi,imp_vol,settle,volume,oi,imp_vol,settle,volume,oi,imp_vol,settle,volume,oi,imp_vol,settle,volume,oi,imp_vol,settle,volume,oi,imp_vol,settle,volume,oi,imp_vol,settle,volume,oi,imp_vol,settle,volume,oi,imp_vol,settle,volume,oi,imp_vol,settle,volume,oi,imp_vol,settle,volume,oi,imp_vol,settle,volume,oi,imp_vol,settle,volume,oi,imp_vol,settle,volume,oi,imp_vol,settle,volume,oi,imp_vol,settle,volume,oi,imp_vol,settle,volume,oi,imp_vol,settle,volume,oi,imp_vol,settle,volume,oi,imp_vol,settle,volume,oi,imp_vol,settle,volume,oi,imp_vol,settle,volume,oi,imp_vol,settle,volume,oi,imp_vol,settle,volume,oi,imp_vol,settle,volume,oi,imp_vol,settle,volume,oi,imp_vol,settle,volume,oi,imp_vol,settle,volume,oi,imp_vol,settle,volume,oi,imp_vol,settle,volume,oi,imp_vol,settle,volume,oi,imp_vol,settle,volume,oi,imp_vol,settle,volume,oi,imp_vol
2023-01-03 16:00:00,13.66,8.29,0,0,0.49,8.04,0,0,,7.8,0,0,0.39,7.56,0,0,0.45,7.31,0,0,,7.07,0,0,0.39,6.83,0,30,0.41,6.58,0,0,0.33,6.34,0,0,0.36,6.1,0,0,0.37,5.86,0,240,0.36,5.62,0,0,0.36,5.38,0,400,0.35,5.15,0,323,0.36,4.91,0,90,0.35,4.68,0,253,0.34,4.46,0,150,0.35,4.23,0,199,0.34,4.1,0,129,0.4,3.66,0,205,0.37,3.25,0,361,0.36,2.87,0,602,0.36,2.5,0,252,0.34,2.15,0,240,0.33,1.85,0,878,0.33,1.57,0,97,0.32,1.32,0,257,0.32,1.12,0,286,0.32,0.94,0,184,0.31,0.8,0,113,0.32,0.68,0,56,0.32,0.57,0,27,0.32,0.48,0,60,0.32,0.4,0,303,0.32,0.33,0,1,0.32,0.28,0,0,0.32,0.23,0,0,0.32,0.19,0,0,0.32,0.01,0,30,0.44,0.01,0,20,0.42,0.01,0,75,0.4,0.01,0,45,0.38,0.01,0,5,0.37,0.01,0,110,0.35,0.02,0,0,0.36,0.03,0,3,0.37,0.04,0,148,0.37,0.05,0,0,0.36,0.07,0,180,0.37,0.08,0,32,0.36,0.1,0,44,0.36,0.12,0,131,0.36,0.14,0,169,0.35,0.17,0,214,0.35,0.21,0,116,0.35,0.24,0,65,0.35,0.29,0,356,0.35,0.38,0,127,0.34,0.49,10,301,0.33,0.61,0,169,0.32,0.78,0,663,0.32,0.96,32,650,0.31,1.17,0,52,0.31,1.41,0,51,0.3,1.69,0,49,0.3,2.01,0,0,0.3,2.34,0,167,0.3,2.71,0,0,0.3,3.09,0,37,0.31,3.47,0,0,0.3,3.89,0,65,0.3,4.32,0,0,0.31,4.76,0,0,0.31,5.21,0,0,0.31,5.66,0,0,0.31,6.13,0,0,0.32,,,,,,,,,,,,,,,,,,,,,,,,,,,,,,,,
2023-01-04 16:00:00,14.2,8.84,0,0,0.53,8.59,0,0,,8.35,0,0,0.42,8.11,0,0,0.47,7.86,0,0,,7.62,0,0,0.4,7.37,0,30,,7.13,0,0,,6.89,0,0,0.36,6.64,0,0,,6.4,0,240,0.3,6.16,0,0,0.32,5.92,0,400,0.33,5.68,0,323,0.33,5.44,0,90,0.32,5.2,0,253,0.31,4.97,0,150,0.32,4.74,0,199,0.32,4.51,0,129,0.32,4.11,0,205,0.35,3.67,0,361,0.34,3.26,0,602,0.33,2.88,0,252,0.33,2.48,691,709,0.31,2.16,0,878,0.31,1.84,101,198,0.3,1.57,2,257,0.3,1.34,0,286,0.3,1.13,14,189,0.3,0.95,107,220,0.3,0.81,32,88,0.3,0.68,0,27,0.3,0.58,3,60,0.31,0.49,0,303,0.31,0.41,0,1,0.31,0.34,0,0,0.31,0.28,0,0,0.31,0.23,0,0,0.31,0.01,0,30,0.46,0.01,0,20,0.44,0.01,0,75,0.42,0.01,0,45,0.4,0.01,0,5,0.38,0.01,0,110,0.37,0.01,0,0,0.35,0.01,0,3,0.33,0.01,0,148,0.32,0.01,0,0,0.3,0.02,0,180,0.32,0.04,0,32,0.34,0.05,0,44,0.33,0.06,0,131,0.33,0.08,0,169,0.33,0.09,0,214,0.32,0.12,0,116,0.33,0.14,0,65,0.32,0.17,2,354,0.32,0.25,0,127,0.32,0.34,0,301,0.32,0.46,0,169,0.32,0.61,0,663,0.32,0.77,13,663,0.31,0.95,300,352,0.31,1.17,132,183,0.31,1.42,98,117,0.3,1.7,25,25,0.3,2.0,9,167,0.3,2.34,0,0,0.3,2.7,0,37,0.31,3.08,0,0,0.31,3.49,0,65,0.31,3.9,0,0,0.32,4.33,0,0,0.32,4.77,0,0,0.33,5.22,0,0,0.33,5.67,0,0,0.34,,,,,,,,,,,,,,,,,,,,,,,,,,,,,,,,
2023-01-05 16:00:00,13.94,8.58,0,0,0.53,8.33,0,0,,8.09,0,0,0.44,7.84,0,0,,7.6,0,0,,7.36,0,0,0.4,7.11,0,30,,6.87,0,0,0.31,6.63,0,0,0.36,6.38,0,0,,6.14,0,240,0.3,5.9,0,0,0.32,5.66,0,400,0.32,5.42,0,323,0.32,5.18,0,90,0.31,4.95,0,253,0.32,4.71,0,150,0.31,4.48,0,199,0.31,4.25,0,129,0.31,3.85,0,205,0.34,3.38,10,361,0.31,3.01,10,592,0.32,2.62,0,252,0.31,2.26,0,709,0.3,1.93,0,878,0.3,1.63,0,198,0.29,1.37,0,257,0.29,1.14,0,286,0.29,0.95,0,189,0.29,0.79,1,220,0.29,0.66,16,88,0.29,0.55,116,143,0.29,0.46,0,60,0.29,0.39,0,303,0.3,0.33,0,1,0.3,0.27,0,0,0.3,0.23,0,0,0.3,0.19,0,0,0.3,0.01,0,30,0.45,0.01,0,20,0.43,0.01,0,75,0.41,0.01,0,45,0.4,0.01,0,5,0.38,0.01,0,110,0.36,0.01,0,0,0.34,0.01,0,3,0.32,0.01,0,148,0.31,0.02,0,0,0.32,0.03,0,180,0.33,0.04,0,32,0.33,0.05,0,44,0.33,0.07,0,131,0.33,0.08,0,169,0.32,0.1,0,214,0.32,0.12,0,116,0.32,0.15,0,65,0.32,0.18,0,354,0.31,0.26,6,127,0.31,0.37,23,284,0.31,0.49,0,169,0.31,0.64,0,663,0.31,0.8,0,663,0.3,1.0,203,352,0.3,1.22,0,183,0.29,1.49,227,344,0.29,1.79,10,35,0.29,2.11,18,167,0.29,2.48,0,0,0.3,2.85,0,37,0.3,3.22,0,0,0.3,3.63,0,65,0.3,4.05,0,0,0.3,4.5,0,0,0.31,4.95,0,0,0.32,5.4,0,0,0.32,5.87,0,0,0.33,0.15,0.0,0.0,0.3,6.34,0.0,0.0,0.34,,,,,,,,,,,,,,,,,,,,,,,,
2023-01-06 16:00:00,13.94,8.58,0,0,0.53,8.33,0,0,,8.09,0,0,0.45,7.84,0,0,,7.6,0,0,,7.36,0,0,0.41,7.11,0,30,,6.87,0,0,0.34,6.63,0,0,0.37,6.38,0,0,,6.14,0,240,0.31,5.9,0,0,0.32,5.66,0,400,0.33,5.42,0,323,0.32,5.18,0,90,0.32,4.94,0,253,0.31,4.7,0,150,0.3,4.47,0,199,0.3,4.24,0,129,0.3,3.85,0,205,0.34,3.42,2,360,0.33,2.99,0,592,0.31,2.59,0,252,0.3,2.23,0,709,0.3,1.89,245,1044,0.29,1.6,0,198,0.29,1.32,0,257,0.28,1.09,0,286,0.28,0.9,114,243,0.28,0.74,227,243,0.28,0.61,0,88,0.28,0.5,98,241,0.28,0.41,0,60,0.28,0.33,0,303,0.28,0.28,0,1,0.29,0.23,0,0,0.29,0.19,0,0,0.29,0.16,0,0,0.29,0.01,0,30,0.45,0.01,0,20,0.43,0.01,0,75,0.41,0.01,0,45,0.4,0.01,0,5,0.38,0.01,0,110,0.36,0.01,0,0,0.34,0.01,0,3,0.33,0.01,0,148,0.31,0.01,0,0,0.29,0.02,0,180,0.31,0.03,0,32,0.31,0.04,0,44,0.31,0.05,0,131,0.31,0.07,0,169,0.31,0.08,0,214,0.3,0.1,0,116,0.3,0.13,0,65,0.31,0.16,0,354,0.3,0.23,0,127,0.3,0.32,1,283,0.3,0.44,0,169,0.3,0.59,0,663,0.3,0.74,0,663,0.29,0.94,0,352,0.28,1.15,0,183,0.28,1.38,426,760,0.27,1.71,0,35,0.28,2.04,9,166,0.28,2.4,0,0,0.28,2.77,0,37,0.28,3.16,0,0,0.28,3.57,0,65,0.28,4.01,0,0,0.29,4.45,0,0,0.29,4.9,0,0,0.3,5.36,0,0,0.3,5.82,0,0,0.3,0.13,0.0,0.0,0.29,6.3,0.0,0.0,0.32,,,,,,,,,,,,,,,,,,,,,,,,
2023-01-09 16:00:00,14.34,8.97,0,0,,8.73,0,0,0.48,8.48,0,0,,8.24,0,0,,8.0,0,0,0.45,7.75,0,0,,7.51,0,30,0.38,7.26,0,0,,7.02,0,0,,6.78,0,0,0.36,6.53,0,240,,6.29,0,0,0.3,6.05,0,400,0.32,5.81,0,323,0.32,5.57,0,90,0.32,5.33,0,253,0.32,5.09,0,150,0.31,4.85,0,199,0.3,4.62,0,129,0.31,4.16,0,205,0.3,3.79,0,360,0.34,3.36,0,592,0.33,2.95,0,252,0.32,2.57,0,709,0.31,2.21,0,1044,0.3,1.88,0,198,0.29,1.57,0,257,0.29,1.33,0,286,0.29,1.11,9,252,0.28,0.93,0,243,0.29,0.77,2,90,0.29,0.65,0,241,0.29,0.54,0,60,0.29,0.45,0,303,0.29,0.37,0,1,0.29,0.3,0,0,0.29,0.25,0,0,0.29,0.21,0,0,0.29,0.01,0,30,0.47,0.01,0,20,0.45,0.01,0,75,0.43,0.01,29,69,0.41,0.01,0,5,0.39,0.01,0,110,0.37,0.01,0,0,0.36,0.01,0,3,0.34,0.01,0,148,0.32,0.01,0,0,0.31,0.01,0,180,0.29,0.02,0,32,0.31,0.03,0,44,0.31,0.04,0,131,0.31,0.05,0,169,0.31,0.07,0,214,0.31,0.08,0,116,0.31,0.11,0,65,0.31,0.13,0,354,0.31,0.19,0,127,0.3,0.27,1,282,0.3,0.38,0,169,0.3,0.51,0,663,0.3,0.66,10,653,0.3,0.82,0,352,0.29,1.02,1,184,0.29,1.25,0,760,0.28,1.52,0,35,0.28,1.82,9,167,0.28,2.14,0,0,0.28,2.49,0,37,0.28,2.87,0,0,0.28,3.29,0,65,0.29,3.71,0,0,0.29,4.14,0,0,0.3,4.58,0,0,0.3,5.03,0,0,0.31,5.49,0,0,0.31,0.17,0.0,0.0,0.29,5.95,0.0,0.0,0.32,,,,,,,,,,,,,,,,,,,,,,,,
2023-01-10 16:00:00,14.24,8.87,0,0,,8.63,0,0,0.49,8.38,0,0,,8.14,0,0,0.38,7.9,0,0,0.46,7.65,0,0,,7.41,0,30,0.39,7.16,0,0,,6.92,0,0,0.3,6.68,0,0,0.36,6.43,0,240,,6.19,0,0,0.31,5.95,0,400,0.32,5.71,0,323,0.32,5.46,0,90,0.28,5.22,0,253,0.28,4.99,0,150,0.31,4.75,0,199,0.3,4.51,0,129,0.29,4.06,0,205,0.3,3.67,0,360,0.33,3.23,0,592,0.31,2.81,0,252,0.3,2.43,0,709,0.29,2.07,0,1044,0.28,1.75,3,198,0.28,1.47,0,257,0.28,1.22,0,286,0.27,1.01,0,252,0.27,0.84,0,243,0.28,0.69,0,90,0.28,0.57,0,241,0.28,0.47,0,60,0.28,0.39,0,303,0.28,0.32,0,1,0.28,0.27,0,0,0.29,0.23,0,0,0.29,0.19,0,0,0.29,0.01,0,30,0.47,0.01,0,20,0.45,0.01,0,75,0.43,0.01,0,69,0.41,0.01,0,5,0.39,0.01,0,110,0.37,0.01,0,0,0.35,0.01,0,3,0.34,0.01,0,148,0.32,0.01,0,0,0.31,0.01,0,180,0.29,0.02,102,130,0.3,0.03,0,44,0.31,0.04,0,131,0.31,0.05,0,169,0.31,0.06,0,214,0.3,0.08,0,116,0.3,0.1,0,65,0.3,0.12,0,354,0.3,0.18,0,127,0.3,0.26,0,282,0.29,0.37,0,169,0.29,0.5,0,663,0.29,0.66,0,653,0.29,0.83,0,352,0.29,1.03,0,184,0.28,1.28,0,760,0.28,1.54,0,35,0.28,1.84,27,167,0.27,2.19,0,0,0.28,2.55,0,37,0.28,2.94,0,0,0.28,3.35,0,65,0.28,3.77,0,0,0.29,4.21,0,0,0.29,4.66,0,0,0.3,5.11,0,0,0.3,5.58,0,0,0.31,0.16,0.0,0.0,0.29,6.04,0.0,0.0,0.32,0.11,0.0,0.0,0.3,6.93,0.0,0.0,0.3,,,,,,,,,,,,,,,,
2023-01-11 16:00:00,14.8,9.43,0,0,,9.19,0,0,0.52,8.94,0,0,,8.7,0,0,0.43,8.46,0,0,0.48,8.21,0,0,,7.97,0,30,0.42,7.72,0,0,,7.48,0,0,0.35,7.24,0,0,0.38,6.99,0,240,,6.75,0,0,0.33,6.5,0,400,,6.26,0,323,0.28,6.02,0,90,0.3,5.78,0,253,0.31,5.53,0,150,0.26,5.29,0,199,0.27,5.06,0,129,0.29,4.58,0,205,0.28,4.12,0,360,0.28,3.68,0,592,0.28,3.26,0,252,0.28,2.93,0,709,0.31,2.5,0,1044,0.28,2.15,0,198,0.28,1.83,0,257,0.28,1.53,123,365,0.27,1.29,0,252,0.27,1.08,30,243,0.27,0.89,0,90,0.27,0.75,0,241,0.27,0.62,0,60,0.27,0.52,0,303,0.28,0.43,1,2,0.28,0.36,3,3,0.28,0.3,0,0,0.28,0.25,0,0,0.28,0.01,0,30,0.48,0.01,0,20,0.46,0.01,0,75,0.44,0.01,0,69,0.42,0.01,0,5,0.41,0.01,0,110,0.39,0.01,0,0,0.37,0.01,0,3,0.36,0.01,0,148,0.34,0.01,0,0,0.32,0.01,0,180,0.31,0.01,0,130,0.29,0.01,0,44,0.28,0.02,1,131,0.29,0.03,0,169,0.3,0.04,0,214,0.3,0.05,0,116,0.3,0.06,0,65,0.29,0.07,0,354,0.28,0.12,0,127,0.29,0.18,2,281,0.29,0.26,50,219,0.29,0.36,0,663,0.28,0.49,0,653,0.28,0.65,0,352,0.28,0.83,1,185,0.28,1.03,200,960,0.28,1.27,22,57,0.28,1.55,18,166,0.28,1.85,0,0,0.28,2.18,0,37,0.28,2.54,0,0,0.28,2.92,5,65,0.28,3.34,0,0,0.29,3.76,0,0,0.29,4.14,0,0,0.28,4.57,0,0,0.28,5.01,0,0,0.28,0.2,0.0,0.0,0.28,5.47,0.0,0.0,0.28,0.14,0.0,0.0,0.29,6.39,0.0,0.0,0.28,,,,,,,,,,,,,,,,
2023-01-12 16:00:00,14.86,9.49,0,0,,9.25,0,0,0.53,9.0,0,0,,8.76,0,0,0.45,8.51,0,0,,8.27,0,0,,8.03,0,30,0.43,7.78,0,0,,7.54,0,0,0.37,7.29,0,0,,7.05,0,240,,6.81,0,0,0.34,6.56,0,400,,6.32,0,323,0.29,6.08,0,90,0.31,5.83,0,253,0.21,5.59,0,150,0.27,5.35,0,199,0.28,5.11,0,129,0.28,4.64,0,205,0.28,4.18,0,360,0.28,3.73,0,592,0.28,3.3,0,252,0.28,2.89,0,709,0.27,2.52,0,1044,0.28,2.17,1894,2009,0.28,1.83,83,257,0.27,1.54,0,365,0.27,1.3,0,252,0.27,1.08,0,243,0.27,0.89,0,90,0.27,0.74,1,240,0.27,0.62,312,255,0.27,0.51,0,303,0.27,0.42,136,138,0.27,0.35,0,3,0.27,0.3,0,0,0.28,0.25,0,0,0.28,0.01,0,30,0.49,0.01,0,20,0.47,0.01,0,75,0.45,0.01,0,69,0.43,0.01,0,5,0.41,0.01,0,110,0.39,0.01,0,0,0.37,0.01,0,3,0.36,0.01,0,148,0.34,0.01,0,0,0.33,0.01,0,180,0.31,0.01,0,130,0.3,0.01,198,202,0.28,0.02,0,131,0.3,0.03,0,169,0.3,0.04,0,214,0.3,0.05,0,116,0.3,0.06,0,65,0.29,0.07,0,354,0.29,0.11,0,127,0.28,0.17,0,281,0.29,0.25,0,219,0.28,0.34,0,663,0.28,0.47,0,653,0.28,0.62,5,347,0.28,0.8,0,185,0.28,0.99,0,960,0.27,1.21,0,57,0.27,1.48,0,166,0.27,1.78,52,52,0.27,2.12,103,140,0.27,2.46,397,397,0.27,2.85,263,263,0.27,3.28,0,0,0.28,3.7,0,0,0.29,4.08,0,0,0.28,4.51,0,0,0.28,4.96,0,0,0.28,0.2,70.0,70.0,0.28,5.41,0.0,0.0,0.28,0.14,0.0,0.0,0.29,6.33,0.0,0.0,0.28,0.1,0.0,0.0,0.29,7.28,0.0,0.0,0.29,,,,,,,,
2023-01-13 16:00:00,14.98,9.61,0,0,,9.37,0,0,0.54,9.12,0,0,,8.88,0,0,0.47,8.63,0,0,,8.39,0,0,0.35,8.15,0,30,0.44,7.9,0,0,,7.66,0,0,0.38,7.41,0,0,,7.17,0,240,0.31,6.93,0,0,0.35,6.68,0,400,,6.44,0,323,0.3,6.2,0,90,0.32,5.95,0,253,0.25,5.71,0,150,0.28,5.47,0,199,0.28,5.23,0,129,0.28,4.75,0,205,0.27,4.29,0,360,0.28,3.86,0,592,0.29,3.43,0,252,0.29,3.0,0,709,0.28,2.61,0,1044,0.28,2.25,400,2409,0.27,1.92,115,283,0.27,1.61,0,365,0.27,1.35,1,253,0.26,1.13,163,406,0.27,0.93,267,357,0.26,0.77,354,594,0.27,0.64,62,317,0.27,0.53,0,303,0.27,0.44,0,138,0.27,0.36,192,195,0.27,0.3,0,0,0.27,0.25,0,0,0.28,0.01,0,30,0.49,0.01,0,20,0.47,0.01,0,75,0.45,0.01,0,69,0.43,0.01,0,5,0.41,0.01,0,110,0.4,0.01,0,0,0.38,0.01,0,3,0.36,0.01,0,148,0.35,0.01,0,0,0.33,0.01,0,180,0.32,0.01,0,130,0.3,0.01,212,414,0.29,0.01,0,131,0.27,0.02,0,169,0.29,0.03,0,214,0.29,0.04,100,164,0.29,0.05,0,65,0.29,0.06,0,354,0.28,0.1,0,127,0.28,0.15,0,281,0.28,0.22,0,219,0.28,0.31,0,663,0.28,0.43,3,656,0.28,0.57,2,347,0.28,0.74,0,185,0.27,0.92,0,960,0.27,1.15,0,57,0.27,1.41,30,188,0.27,1.7,31,83,0.27,2.02,0,140,0.27,2.37,1,398,0.27,2.75,146,409,0.27,3.16,0,0,0.28,3.57,0,0,0.28,4.01,0,0,0.29,4.45,0,0,0.29,4.9,0,0,0.3,0.2,0.0,70.0,0.28,5.36,0.0,0.0,0.3,0.13,0.0,0.0,0.28,6.3,0.0,0.0,0.32,0.09,0.0,0.0,0.28,7.15,0.0,0.0,0.27,,,,,,,,
2023-01-16 16:00:00,14.9,9.53,0,0,0.51,9.28,0,0,,9.04,0,0,,8.8,0,0,0.49,8.55,0,0,,8.31,0,0,0.43,8.06,0,30,,7.82,0,0,0.34,7.58,0,0,0.4,7.33,0,0,,7.09,0,240,0.35,6.84,0,0,,6.6,0,400,0.29,6.36,0,323,0.32,6.11,0,90,,5.87,0,253,0.28,5.63,0,150,0.29,5.38,0,199,0.24,5.14,0,129,0.26,4.67,0,205,0.28,4.2,0,360,0.27,3.78,0,592,0.29,3.34,0,252,0.28,2.93,0,709,0.28,2.53,0,1044,0.27,2.16,10,2419,0.27,1.83,0,283,0.26,1.55,0,365,0.27,1.28,0,253,0.26,1.07,0,406,0.26,0.88,0,357,0.26,0.73,0,594,0.26,0.6,0,317,0.27,0.5,0,303,0.27,0.41,2,140,0.27,0.34,0,195,0.27,0.28,0,0,0.27,0.23,0,0,0.28,0.01,0,30,0.49,0.01,0,20,0.47,0.01,0,75,0.45,0.01,0,69,0.43,0.01,0,5,0.41,0.01,0,110,0.4,0.01,0,0,0.38,0.01,0,3,0.36,0.01,0,148,0.35,0.01,0,0,0.33,0.01,0,180,0.31,0.01,0,130,0.3,0.01,0,414,0.29,0.01,0,131,0.27,0.01,0,169,0.26,0.02,0,214,0.27,0.03,0,164,0.27,0.04,0,65,0.27,0.06,0,354,0.28,0.09,0,127,0.27,0.14,0,281,0.27,0.21,0,219,0.27,0.3,0,663,0.27,0.42,1,657,0.27,0.57,7,354,0.27,0.76,2,187,0.27,0.96,12,948,0.27,1.19,0,57,0.27,1.45,13,185,0.27,1.75,0,83,0.27,2.07,111,210,0.27,2.43,0,398,0.27,2.81,0,409,0.27,3.22,0,0,0.28,3.64,11,11,0.28,4.08,0,0,0.29,4.52,0,0,0.29,4.98,0,0,0.3,0.19,0.0,70.0,0.28,5.44,0.0,0.0,0.31,0.13,0.0,0.0,0.28,6.38,0.0,0.0,0.32,0.08,0.0,0.0,0.28,7.24,0.0,0.0,0.28,,,,,,,,
2023-01-17 16:00:00,14.42,9.05,0,0,0.55,8.8,0,0,,8.56,0,0,0.48,8.31,0,0,,8.07,0,0,0.4,7.83,0,0,0.45,7.58,0,30,,7.34,0,0,0.4,7.09,0,0,,6.85,0,0,0.34,6.61,0,240,0.37,6.36,0,0,0.28,6.12,0,400,0.32,5.88,0,323,0.33,5.63,0,90,0.28,5.39,0,253,0.29,5.15,0,150,0.29,4.92,0,199,0.31,4.68,0,129,0.3,4.22,0,205,0.3,3.75,0,360,0.28,3.3,0,592,0.27,2.92,0,252,0.29,2.52,0,709,0.28,2.17,0,1044,0.28,1.83,0,2419,0.27,1.54,0,283,0.27,1.29,0,365,0.27,1.05,0,253,0.27,0.88,37,442,0.27,0.73,2,357,0.27,0.61,0,594,0.28,0.51,0,317,0.28,0.43,0,303,0.29,0.36,0,140,0.29,0.3,0,195,0.29,0.25,0,0,0.29,0.21,0,0,0.29,0.01,0,30,0.48,0.01,0,20,0.46,0.01,0,75,0.44,0.01,0,69,0.42,0.01,0,5,0.4,0.01,0,110,0.38,0.01,0,0,0.37,0.01,0,3,0.35,0.01,0,148,0.33,0.01,0,0,0.32,0.01,0,180,0.3,0.02,0,130,0.31,0.03,0,414,0.32,0.04,0,131,0.32,0.05,0,169,0.32,0.06,0,214,0.31,0.08,0,164,0.31,0.1,0,65,0.31,0.12,0,354,0.31,0.17,0,127,0.3,0.25,0,281,0.3,0.35,0,219,0.3,0.47,2,665,0.3,0.61,6,661,0.29,0.78,0,354,0.29,0.98,0,187,0.29,1.21,182,948,0.28,1.48,209,266,0.28,1.77,0,185,0.28,2.14,0,83,0.29,2.46,0,210,0.29,2.83,0,398,0.29,3.26,0,409,0.3,3.68,0,0,0.3,4.12,0,11,0.31,4.57,0,0,0.32,5.02,0,0,0.33,5.48,0,0,0.33,0.18,0.0,70.0,0.3,5.95,0.0,0.0,0.34,0.12,0.0,0.0,0.3,6.79,0.0,0.0,0.31,0.09,0.0,0.0,0.31,7.74,0.0,0.0,0.31,,,,,,,,
2023-01-18 16:00:00,14.68,9.31,0,0,0.57,9.06,0,0,,8.82,0,0,0.5,8.57,0,0,,8.33,0,0,0.43,8.08,0,0,,7.84,0,30,,7.6,0,0,0.41,7.35,0,0,,7.11,0,0,0.36,6.86,0,240,,6.62,0,0,0.31,6.38,0,400,0.34,6.13,0,323,,5.89,0,90,0.3,5.65,0,253,0.3,5.41,0,150,0.3,5.17,0,199,0.3,4.93,0,129,0.29,4.46,0,205,0.29,4.01,0,360,0.3,3.57,0,592,0.29,3.14,0,252,0.29,2.76,0,709,0.29,2.38,0,1044,0.28,2.03,0,2419,0.28,1.72,0,283,0.28,1.44,0,365,0.27,1.2,0,253,0.27,1.0,0,442,0.27,0.83,0,357,0.27,0.69,0,594,0.28,0.58,0,317,0.28,0.48,0,303,0.28,0.4,0,140,0.28,0.33,0,195,0.28,0.28,0,0,0.29,0.23,0,0,0.29,0.01,0,30,0.49,0.01,0,20,0.47,0.01,0,75,0.45,0.01,0,69,0.43,0.01,0,5,0.41,0.01,0,110,0.39,0.01,0,0,0.37,0.01,0,3,0.36,0.01,0,148,0.34,0.01,0,0,0.32,0.01,0,180,0.31,0.01,0,130,0.29,0.02,0,414,0.31,0.03,0,131,0.31,0.04,0,169,0.31,0.05,0,214,0.31,0.06,0,164,0.3,0.08,0,65,0.31,0.09,0,354,0.3,0.14,0,127,0.3,0.2,0,281,0.29,0.29,0,219,0.29,0.4,0,665,0.29,0.54,0,661,0.29,0.7,0,354,0.29,0.87,0,187,0.28,1.09,0,948,0.28,1.34,0,266,0.28,1.62,0,185,0.28,1.93,0,83,0.28,2.27,0,210,0.28,2.64,0,398,0.28,3.04,0,409,0.29,3.45,0,0,0.29,3.87,0,11,0.3,4.32,0,0,0.31,4.76,0,0,0.31,5.22,0,0,0.32,0.19,0.0,70.0,0.29,5.68,0.0,0.0,0.32,0.13,0.0,0.0,0.29,6.53,0.0,0.0,0.29,0.09,0.0,0.0,0.3,7.47,0.0,0.0,0.29,,,,,,,,
2023-01-19 16:00:00,14.74,9.37,0,0,0.58,9.12,0,0,,8.88,0,0,0.51,8.63,0,0,,8.39,0,0,0.44,8.14,0,0,,7.9,0,30,0.36,7.66,0,0,0.42,7.41,0,0,,7.17,0,0,0.37,6.92,0,240,,6.68,0,0,0.32,6.44,0,400,0.34,6.19,0,323,0.26,5.95,0,90,0.3,5.71,0,253,0.31,5.46,0,150,0.26,5.22,0,199,0.28,4.99,0,129,0.3,4.51,0,205,0.28,4.05,0,360,0.28,3.61,0,592,0.29,3.18,0,252,0.28,2.79,0,709,0.28,2.41,0,1044,0.28,2.05,0,2419,0.27,1.74,0,283,0.27,1.46,0,365,0.27,1.22,0,253,0.27,1.0,0,442,0.27,0.84,0,357,0.27,0.7,0,594,0.27,0.58,0,317,0.28,0.48,0,303,0.28,0.4,0,140,0.28,0.33,0,195,0.28,0.27,0,0,0.28,0.23,0,0,0.29,0.01,0,30,0.49,0.01,0,20,0.47,0.01,0,75,0.45,0.01,0,69,0.43,0.01,0,5,0.41,0.01,0,110,0.39,0.01,0,0,0.38,0.01,0,3,0.36,0.01,0,148,0.34,0.01,0,0,0.33,0.01,0,180,0.31,0.01,0,130,0.3,0.01,0,414,0.28,0.02,0,131,0.3,0.03,0,169,0.3,0.04,0,214,0.3,0.05,0,164,0.3,0.06,0,65,0.29,0.08,0,354,0.29,0.12,0,127,0.29,0.18,0,281,0.29,0.27,0,219,0.29,0.37,0,665,0.29,0.51,10,671,0.29,0.67,0,354,0.29,0.85,5,192,0.28,1.07,0,948,0.28,1.31,0,266,0.28,1.58,0,185,0.28,1.89,0,83,0.28,2.23,0,210,0.28,2.59,0,398,0.28,2.98,0,409,0.29,3.4,0,0,0.29,3.82,0,11,0.3,4.27,0,0,0.31,4.71,0,0,0.31,5.17,0,0,0.32,0.19,0.0,70.0,0.29,5.63,0.0,0.0,0.32,0.14,0.0,0.0,0.3,6.48,0.0,0.0,0.3,0.1,0.0,0.0,0.3,7.42,0.0,0.0,0.3,,,,,,,,
2023-01-20 16:00:00,15.02,9.64,0,0,,9.4,0,0,,9.16,0,0,0.53,8.91,0,0,,8.67,0,0,0.46,8.42,0,0,,8.18,0,30,0.4,7.93,0,0,,7.69,0,0,,7.45,0,0,0.39,7.2,0,240,,6.96,0,0,0.34,6.71,0,400,,6.47,0,323,0.29,6.23,0,90,0.32,5.98,0,253,,5.74,0,150,0.28,5.5,0,199,0.29,5.26,0,129,0.29,4.79,0,205,0.3,4.32,0,360,0.29,3.88,0,592,0.29,3.44,0,252,0.29,3.05,0,709,0.29,2.65,0,1044,0.29,2.3,0,2419,0.29,1.94,1,283,0.27,1.65,0,365,0.28,1.39,0,253,0.27,1.17,0,442,0.27,0.97,10,367,0.27,0.81,0,594,0.28,0.68,0,317,0.28,0.57,0,303,0.28,0.47,0,140,0.28,0.4,0,195,0.29,0.33,0,0,0.29,0.28,0,0,0.29,0.01,0,30,0.5,0.01,0,20,0.48,0.01,0,75,0.46,0.01,0,69,0.44,0.01,0,5,0.42,0.01,0,110,0.4,0.01,0,0,0.38,0.01,0,3,0.37,0.01,0,148,0.35,0.01,0,0,0.34,0.01,0,180,0.32,0.01,0,130,0.31,0.01,0,414,0.29,0.01,0,131,0.28,0.02,0,169,0.29,0.03,0,214,0.3,0.04,0,164,0.3,0.05,0,65,0.29,0.07,0,354,0.3,0.11,0,127,0.3,0.16,0,281,0.29,0.23,0,219,0.29,0.33,0,665,0.29,0.45,0,671,0.29,0.59,0,354,0.29,0.77,0,192,0.29,0.97,0,948,0.28,1.19,0,266,0.28,1.44,0,185,0.28,1.74,0,83,0.28,2.06,0,210,0.28,2.41,0,398,0.28,2.78,0,409,0.28,3.19,0,0,0.29,3.61,0,11,0.3,4.04,0,0,0.3,4.47,0,0,0.31,4.93,0,0,0.32,0.24,0.0,70.0,0.29,5.38,0.0,0.0,0.32,0.17,0.0,0.0,0.3,6.32,0.0,0.0,0.34,0.12,0.0,0.0,0.3,7.16,0.0,0.0,0.3,,,,,,,,
2023-01-26 16:00:00,15.26,9.88,0,0,,9.64,0,0,0.58,9.39,0,0,,9.15,0,0,0.52,8.9,0,0,,8.66,0,0,0.46,8.41,0,30,,8.17,0,0,0.41,7.92,0,0,,7.68,0,0,0.35,7.43,0,240,,7.19,0,0,,6.95,0,400,0.35,6.7,0,323,,6.46,0,90,0.32,6.21,0,253,,5.97,0,150,0.28,5.73,0,199,0.29,5.49,0,129,0.3,5.01,0,205,0.29,4.53,0,360,0.27,4.07,0,592,0.28,3.61,0,252,0.27,3.19,0,709,0.27,2.79,0,1044,0.27,2.41,0,2419,0.27,2.07,334,611,0.27,1.75,68,433,0.27,1.47,0,253,0.27,1.23,91,533,0.27,1.01,5,372,0.26,0.85,191,776,0.27,0.71,0,317,0.27,0.59,120,422,0.27,0.5,183,321,0.28,0.41,0,195,0.28,0.35,0,0,0.28,0.29,0,0,0.28,0.01,0,30,0.51,0.01,0,20,0.49,0.01,0,75,0.47,0.01,0,69,0.45,0.01,0,5,0.43,0.01,0,110,0.41,0.01,0,0,0.4,0.01,0,3,0.38,0.01,0,148,0.36,0.01,0,0,0.35,0.01,0,180,0.33,0.01,0,130,0.32,0.01,0,414,0.3,0.01,0,131,0.29,0.01,0,169,0.27,0.02,0,214,0.29,0.03,0,164,0.29,0.04,0,65,0.29,0.05,0,354,0.29,0.08,0,127,0.29,0.12,0,281,0.28,0.18,0,219,0.28,0.26,0,665,0.28,0.37,1,670,0.28,0.5,0,354,0.28,0.66,1,193,0.28,0.85,0,948,0.28,1.07,0,266,0.28,1.3,0,185,0.27,1.58,0,83,0.28,1.89,14,224,0.28,2.23,129,527,0.28,2.59,0,409,0.28,2.97,0,0,0.28,3.4,9,11,0.29,3.83,0,0,0.3,4.27,0,0,0.3,4.72,0,0,0.31,0.24,0.0,70.0,0.28,5.17,0.0,0.0,0.32,0.17,0.0,0.0,0.29,6.11,0.0,0.0,0.34,0.12,0.0,0.0,0.29,6.95,0.0,0.0,0.3,,,,,,,,
2023-01-27 16:00:00,15.16,9.78,0,0,0.49,9.54,0,0,0.58,9.29,0,0,,9.05,0,0,0.52,8.8,0,0,,8.56,0,0,0.47,8.31,0,30,,8.07,0,0,0.42,7.82,0,0,,7.58,0,0,0.37,7.33,0,240,,7.09,0,0,0.31,6.85,0,400,0.36,6.6,0,323,,6.36,0,90,0.32,6.11,0,253,,5.87,0,150,0.28,5.63,0,199,0.29,5.39,0,129,0.3,4.9,0,205,0.26,4.43,0,360,0.27,3.97,1,592,0.27,3.52,0,252,0.27,3.07,0,709,0.26,2.66,0,1044,0.26,2.3,0,2419,0.26,1.94,127,738,0.26,1.63,54,487,0.26,1.36,0,253,0.26,1.12,198,731,0.25,0.92,31,393,0.25,0.76,263,1039,0.26,0.63,89,406,0.26,0.51,0,422,0.26,0.42,2,323,0.26,0.34,0,195,0.26,0.28,0,0,0.27,0.23,0,0,0.27,0.01,0,30,0.51,0.01,0,20,0.49,0.01,0,75,0.47,0.01,0,69,0.45,0.01,0,5,0.43,0.01,0,110,0.41,0.01,0,0,0.39,0.01,0,3,0.38,0.01,0,148,0.36,0.01,0,0,0.35,0.01,0,180,0.33,0.01,0,130,0.31,0.01,0,414,0.3,0.01,0,131,0.29,0.01,0,169,0.27,0.02,0,214,0.28,0.03,0,164,0.29,0.04,0,65,0.29,0.05,0,354,0.29,0.08,0,127,0.28,0.12,0,281,0.28,0.18,0,219,0.28,0.26,0,665,0.28,0.36,0,670,0.27,0.5,0,354,0.27,0.65,2,195,0.27,0.84,0,948,0.27,1.06,0,266,0.27,1.31,0,185,0.27,1.59,66,149,0.27,1.91,3,224,0.27,2.25,0,527,0.27,2.62,0,409,0.27,3.01,0,0,0.27,3.45,0,11,0.28,3.81,0,0,0.27,4.24,0,0,0.27,4.69,0,0,0.27,0.19,0.0,70.0,0.27,5.14,0.0,0.0,0.27,0.13,0.0,0.0,0.28,6.07,0.0,0.0,0.28,0.08,0.0,0.0,0.28,7.01,0.0,0.0,0.27,0.06,0.0,0.0,0.28,7.97,0.0,0.0,0.28
2023-01-30 16:00:00,14.64,9.26,0,0,0.54,9.01,0,0,,8.77,0,0,0.47,8.52,0,0,,8.28,0,0,0.4,8.04,0,0,0.47,7.79,0,30,,7.55,0,0,0.43,7.3,0,0,,7.06,0,0,0.38,6.81,0,240,,6.57,0,0,0.34,6.32,0,400,,6.08,0,323,0.3,5.84,0,90,0.32,5.59,0,253,0.26,5.35,0,150,0.28,5.11,0,199,0.29,4.87,0,129,0.29,4.39,0,205,0.27,3.93,0,360,0.28,3.48,1,591,0.28,3.05,0,252,0.27,2.58,0,709,0.25,2.29,0,1044,0.28,1.9,0,2419,0.26,1.6,0,738,0.26,1.34,0,487,0.27,1.12,122,335,0.27,0.93,0,731,0.27,0.76,137,530,0.27,0.63,0,1039,0.27,0.51,0,406,0.27,0.42,0,422,0.28,0.34,0,323,0.28,0.28,0,195,0.28,0.23,0,0,0.28,0.19,0,0,0.28,0.01,0,30,0.5,0.01,0,20,0.48,0.01,0,75,0.45,0.01,0,69,0.43,0.01,0,5,0.42,0.01,0,110,0.4,0.01,0,0,0.38,0.01,0,3,0.36,0.01,0,148,0.35,0.01,0,0,0.33,0.01,0,180,0.31,0.01,0,130,0.3,0.01,0,414,0.28,0.01,0,131,0.27,0.02,0,169,0.28,0.03,0,214,0.29,0.04,0,164,0.29,0.05,0,65,0.28,0.07,0,354,0.29,0.11,0,127,0.28,0.17,0,281,0.28,0.25,0,219,0.28,0.36,92,573,0.28,0.5,0,670,0.28,0.66,4,356,0.28,0.86,5,200,0.28,1.09,0,948,0.28,1.36,278,544,0.29,1.65,717,761,0.29,1.98,30,179,0.29,2.33,0,224,0.29,2.7,150,677,0.29,3.1,120,499,0.3,3.52,0,0,0.31,3.85,0,11,0.28,4.28,0,0,0.28,4.72,0,0,0.28,5.17,0,0,0.28,0.15,0.0,70.0,0.28,5.64,0.0,0.0,0.28,0.1,0.0,0.0,0.29,6.57,0.0,0.0,0.28,0.07,0.0,0.0,0.29,7.52,0.0,0.0,0.28,0.04,0.0,0.0,0.29,8.49,0.0,0.0,0.29
2023-01-31 16:00:00,14.4,9.02,0,0,0.55,8.77,0,0,,8.53,0,0,0.49,8.28,0,0,,8.04,0,0,0.42,7.79,0,0,,7.55,0,30,0.35,7.31,0,0,0.42,7.06,0,0,,6.82,0,0,0.38,6.57,0,240,,6.33,0,0,0.34,6.08,0,400,,5.84,0,323,0.3,5.6,0,90,0.32,5.35,0,253,0.26,5.11,0,150,0.28,4.87,0,199,0.28,4.63,0,129,0.28,4.16,0,205,0.28,3.71,0,360,0.29,3.27,0,591,0.29,2.79,0,252,0.25,2.42,0,709,0.26,2.06,0,1044,0.27,1.73,10,2409,0.26,1.45,0,738,0.27,1.2,0,487,0.27,0.98,9,335,0.27,0.81,0,731,0.27,0.66,0,530,0.27,0.53,0,1039,0.27,0.44,0,406,0.27,0.35,0,422,0.27,0.29,0,323,0.28,0.24,0,195,0.28,0.19,0,0,0.28,0.15,0,0,0.28,0.01,0,30,0.49,0.01,0,20,0.47,0.01,0,75,0.45,0.01,0,69,0.43,0.01,0,5,0.41,0.01,0,110,0.39,0.01,0,0,0.37,0.01,0,3,0.36,0.01,0,148,0.34,0.01,0,0,0.32,0.01,0,180,0.31,0.01,0,130,0.29,0.01,0,414,0.28,0.02,0,131,0.29,0.03,0,169,0.29,0.04,0,214,0.29,0.05,0,164,0.29,0.07,0,65,0.29,0.09,0,354,0.29,0.14,0,127,0.29,0.2,0,281,0.29,0.3,0,219,0.29,0.41,1,574,0.28,0.56,0,670,0.29,0.74,3,359,0.28,0.95,0,200,0.28,1.19,0,948,0.28,1.46,0,544,0.28,1.77,3,761,0.28,2.1,30,209,0.28,2.46,0,224,0.29,2.84,0,677,0.29,3.25,0,499,0.29,3.68,0,0,0.3,4.15,0,11,0.32,4.48,0,0,0.28,4.93,0,0,0.28,5.39,0,0,0.28,0.12,0.0,70.0,0.28,5.85,0.0,0.0,0.28,0.08,0.0,0.0,0.28,6.8,0.0,0.0,0.28,0.05,0.0,0.0,0.28,7.76,0.0,0.0,0.29,0.03,0.0,0.0,0.28,8.72,0.0,0.0,0.27
2023-02-01 16:00:00,14.4,9.02,0,0,0.59,8.77,0,0,,8.53,0,0,0.53,8.28,0,0,,8.04,0,0,0.48,7.79,0,0,,7.55,0,30,0.43,7.3,0,0,,7.06,0,0,0.38,6.81,0,0,,6.57,0,240,0.34,6.32,0,0,,6.08,0,400,0.3,5.84,0,323,0.33,5.59,0,90,0.26,5.35,0,253,0.29,5.11,0,150,0.3,4.87,0,199,0.3,4.63,0,129,0.29,4.16,0,205,0.29,3.71,0,360,0.29,3.27,0,591,0.29,2.81,0,252,0.27,2.4,0,709,0.26,2.07,0,1044,0.27,1.74,0,2409,0.27,1.45,0,738,0.27,1.2,0,487,0.27,0.98,18,344,0.27,0.81,0,731,0.27,0.67,0,530,0.27,0.55,0,1039,0.28,0.45,0,406,0.28,0.37,0,422,0.28,0.31,3,323,0.28,0.25,0,195,0.28,0.21,0,0,0.29,0.17,0,0,0.29,0.01,0,30,0.49,0.01,0,20,0.47,0.01,0,75,0.45,0.01,0,69,0.43,0.01,0,5,0.41,0.01,0,110,0.39,0.01,0,0,0.37,0.01,0,3,0.36,0.01,0,148,0.34,0.01,0,0,0.32,0.01,0,180,0.31,0.01,0,130,0.29,0.02,0,414,0.31,0.03,0,131,0.31,0.04,0,169,0.31,0.05,0,214,0.31,0.06,0,164,0.3,0.08,0,65,0.3,0.1,0,354,0.3,0.15,0,127,0.3,0.22,0,281,0.29,0.31,0,219,0.29,0.43,50,574,0.29,0.57,0,670,0.29,0.75,0,359,0.29,0.96,2,202,0.29,1.19,0,948,0.28,1.46,0,544,0.28,1.76,163,884,0.28,2.1,0,209,0.28,2.49,0,224,0.29,2.88,0,677,0.3,3.28,0,499,0.3,3.71,0,0,0.31,4.06,0,11,0.28,4.51,0,0,0.29,4.96,0,0,0.29,5.42,0,0,0.29,0.14,0.0,70.0,0.29,5.99,0.0,0.0,0.35,0.1,0.0,0.0,0.3,6.82,0.0,0.0,0.29,0.07,0.0,0.0,0.3,7.78,0.0,0.0,0.3,0.05,0.0,0.0,0.31,8.74,0.0,0.0,0.3
2023-02-02 16:00:00,14.1,8.68,0,0,,8.44,0,0,0.53,8.19,0,0,,7.94,0,0,,7.7,0,0,0.43,7.45,0,0,,7.21,0,30,0.43,6.96,0,0,0.31,6.71,0,0,,6.47,0,0,0.35,6.22,0,240,,5.98,0,0,0.34,5.73,0,400,0.28,5.49,0,323,0.32,5.24,0,90,0.28,5.0,0,253,0.3,4.76,0,150,0.3,4.52,0,199,0.3,4.29,0,129,0.31,3.82,0,205,0.3,3.38,0,360,0.3,2.94,0,591,0.29,2.51,0,252,0.28,2.15,0,709,0.28,1.84,0,1044,0.29,1.53,0,2409,0.28,1.27,0,738,0.28,1.03,0,487,0.28,0.84,9,353,0.28,0.68,51,782,0.28,0.54,0,530,0.28,0.43,0,1039,0.27,0.34,0,406,0.28,0.27,0,422,0.28,0.21,0,323,0.27,0.16,0,195,0.27,0.13,0,0,0.27,0.1,0,0,0.27,0.01,0,30,0.48,0.01,0,20,0.46,0.01,0,75,0.44,0.01,0,69,0.42,0.01,0,5,0.4,0.01,0,110,0.38,0.01,0,0,0.36,0.01,0,3,0.34,0.01,0,148,0.33,0.01,0,0,0.31,0.02,0,180,0.32,0.03,0,130,0.33,0.04,0,414,0.33,0.05,0,131,0.32,0.06,0,169,0.32,0.07,0,214,0.31,0.09,0,164,0.31,0.11,0,65,0.31,0.14,0,354,0.31,0.2,0,127,0.3,0.29,0,281,0.3,0.4,0,219,0.3,0.51,103,577,0.29,0.67,45,672,0.28,0.85,0,359,0.28,1.08,0,202,0.28,1.33,0,948,0.27,1.63,0,544,0.27,1.97,33,884,0.27,2.31,0,209,0.27,2.7,5,224,0.27,3.1,0,677,0.27,3.52,0,499,0.27,3.95,0,0,0.27,4.39,0,11,0.27,4.84,0,0,0.27,5.31,0,0,0.27,5.78,0,0,0.27,0.08,0.0,70.0,0.28,6.25,5.0,5.0,0.27,0.04,0.0,0.0,0.27,7.21,0.0,0.0,0.26,0.03,0.0,0.0,0.28,8.19,0.0,0.0,0.28,0.01,0.0,0.0,0.26,9.16,0.0,0.0,0.25
2023-02-03 16:00:00,13.76,8.34,0,0,,8.1,0,0,0.52,7.85,0,0,,7.6,0,0,,7.36,0,0,0.43,7.11,0,0,,6.87,0,30,0.42,6.62,0,0,0.33,6.37,0,0,,6.13,0,0,0.35,5.88,0,240,,5.64,0,0,0.33,5.4,0,400,0.35,5.15,0,323,0.31,4.91,0,90,0.32,4.67,0,253,0.32,4.44,0,150,0.33,4.2,0,199,0.32,3.99,0,129,0.34,3.52,0,205,0.31,3.1,0,360,0.32,2.69,0,591,0.31,2.25,0,252,0.28,1.91,0,709,0.29,1.59,0,1044,0.28,1.31,0,2409,0.28,1.07,35,773,0.28,0.87,0,487,0.28,0.7,108,452,0.28,0.57,0,782,0.28,0.45,101,631,0.28,0.35,0,1039,0.28,0.27,0,406,0.28,0.21,0,422,0.27,0.16,27,350,0.27,0.12,0,195,0.27,0.09,0,0,0.27,0.07,0,0,0.27,0.01,0,30,0.47,0.01,0,20,0.45,0.01,0,75,0.43,0.01,0,69,0.41,0.01,0,5,0.39,0.01,0,110,0.37,0.01,0,0,0.35,0.01,0,3,0.33,0.01,0,148,0.32,0.02,0,0,0.33,0.03,0,180,0.33,0.04,0,130,0.33,0.05,0,414,0.33,0.07,0,131,0.33,0.09,0,169,0.33,0.11,0,214,0.33,0.13,0,164,0.32,0.16,0,65,0.32,0.19,0,354,0.32,0.27,0,127,0.31,0.37,2,282,0.31,0.48,0,219,0.3,0.62,20,577,0.29,0.79,33,665,0.29,1.0,28,381,0.28,1.26,0,202,0.28,1.53,19,948,0.28,1.85,0,544,0.28,2.2,16,884,0.28,2.58,0,209,0.28,2.98,0,224,0.28,3.4,0,677,0.28,3.8,0,499,0.27,4.24,0,0,0.27,4.69,0,11,0.27,5.15,0,0,0.27,5.62,0,0,0.27,6.1,0,0,0.27,0.05,0.0,70.0,0.27,6.58,0.0,5.0,0.27,0.03,0.0,0.0,0.27,7.54,0.0,0.0,0.25,0.02,0.0,0.0,0.28,8.52,0.0,0.0,0.26,0.01,0.0,0.0,0.27,9.5,0.0,0.0,0.25
2023-02-06 16:00:00,13.46,8.04,0,0,,7.8,0,0,0.53,7.55,0,0,0.42,7.3,0,0,,7.06,0,0,0.44,6.81,0,0,,6.56,0,30,,6.32,0,0,0.36,6.07,0,0,,5.83,0,0,0.35,5.58,0,240,0.29,5.34,0,0,0.33,5.1,0,400,0.34,4.85,0,323,0.31,4.61,0,90,0.31,4.37,0,253,0.31,4.14,0,150,0.32,3.91,0,199,0.32,3.67,0,129,0.31,3.23,0,205,0.31,2.77,0,360,0.28,2.38,0,591,0.29,2.04,0,252,0.3,1.69,0,709,0.29,1.4,0,1044,0.29,1.13,0,2409,0.28,0.92,10,763,0.28,0.74,0,487,0.28,0.59,17,461,0.28,0.46,0,782,0.28,0.36,103,734,0.28,0.28,8,1039,0.28,0.21,3,406,0.27,0.16,0,422,0.27,0.12,23,373,0.27,0.09,0,195,0.27,0.07,0,0,0.27,0.05,0,0,0.27,0.01,0,30,0.46,0.01,0,20,0.44,0.01,0,75,0.42,0.01,0,69,0.4,0.01,0,5,0.38,0.01,0,110,0.36,0.01,0,0,0.34,0.01,0,3,0.32,0.02,0,148,0.34,0.03,0,0,0.34,0.04,0,180,0.34,0.05,0,130,0.34,0.06,0,414,0.33,0.07,0,131,0.32,0.09,0,169,0.32,0.12,0,214,0.32,0.14,0,164,0.32,0.17,0,65,0.31,0.21,0,354,0.31,0.3,0,127,0.31,0.41,0,282,0.31,0.54,0,219,0.3,0.71,0,577,0.29,0.9,1,666,0.29,1.12,0,381,0.28,1.39,0,202,0.28,1.69,0,948,0.28,2.03,0,544,0.28,2.4,31,884,0.28,2.8,0,209,0.28,3.21,0,224,0.28,3.61,0,677,0.27,4.05,0,499,0.27,4.5,0,0,0.27,4.96,0,11,0.27,5.43,0,0,0.27,5.91,0,0,0.27,6.39,0,0,0.27,0.04,0.0,70.0,0.27,6.87,0.0,5.0,0.27,0.02,0.0,0.0,0.27,7.84,0.0,0.0,0.25,0.01,0.0,0.0,0.26,8.82,0.0,0.0,0.24,0.01,0.0,0.0,0.28,9.8,0.0,0.0,
2023-02-07 16:00:00,13.44,8.02,0,0,,7.77,0,0,,7.53,0,0,0.48,7.28,0,0,,7.04,0,0,0.47,6.79,0,0,0.39,6.54,0,30,,6.3,0,0,0.39,6.05,0,0,0.31,5.81,0,0,0.37,5.56,0,240,0.32,5.32,0,0,0.35,5.07,0,400,0.31,4.83,0,323,0.32,4.59,0,90,0.32,4.35,0,253,0.32,4.12,0,150,0.32,3.88,0,199,0.31,3.65,0,129,0.31,3.21,0,205,0.31,2.85,0,360,0.34,2.44,0,591,0.32,2.04,0,252,0.3,1.69,0,709,0.29,1.39,86,1100,0.29,1.14,0,2409,0.29,0.9,0,763,0.28,0.72,0,487,0.28,0.57,6,467,0.28,0.45,0,782,0.28,0.35,2,736,0.28,0.27,0,1039,0.28,0.21,0,406,0.28,0.16,0,422,0.28,0.12,0,373,0.27,0.09,0,195,0.27,0.07,0,0,0.27,0.06,0,0,0.28,0.01,0,30,0.46,0.01,0,20,0.44,0.01,0,75,0.42,0.01,0,69,0.4,0.01,0,5,0.38,0.01,0,110,0.36,0.01,0,0,0.34,0.01,0,3,0.32,0.02,0,148,0.34,0.03,0,0,0.34,0.04,0,180,0.34,0.05,0,130,0.34,0.06,0,414,0.33,0.08,0,131,0.33,0.1,0,169,0.33,0.12,0,214,0.32,0.14,0,164,0.32,0.18,0,65,0.32,0.21,0,354,0.31,0.3,0,127,0.31,0.39,0,282,0.3,0.53,7,219,0.29,0.69,0,577,0.29,0.88,0,666,0.28,1.11,0,381,0.28,1.36,0,202,0.27,1.67,0,948,0.27,2.01,0,544,0.27,2.39,63,936,0.27,2.78,0,209,0.27,3.19,0,224,0.27,3.62,0,677,0.27,4.08,0,499,0.28,4.53,0,0,0.27,4.99,0,11,0.27,5.46,0,0,0.27,5.93,0,0,0.27,6.41,0,0,0.27,0.04,0.0,70.0,0.27,6.9,0.0,5.0,0.28,0.03,0.0,0.0,0.29,7.87,0.0,0.0,0.27,0.02,0.0,0.0,0.29,8.85,0.0,0.0,0.27,0.01,0.0,0.0,0.29,9.83,0.0,0.0,0.24
2023-02-08 16:00:00,13.5,8.08,0,0,,7.83,0,0,,7.59,0,0,0.49,7.34,0,0,,7.09,0,0,,6.85,0,0,0.4,6.6,0,30,,6.36,0,0,0.4,6.11,0,0,0.32,5.86,0,0,,5.62,0,240,0.33,5.37,0,0,,5.13,0,400,0.32,4.89,0,323,0.33,4.64,0,90,0.29,4.41,0,253,0.32,4.17,0,150,0.31,3.93,0,199,0.3,3.7,0,129,0.3,3.25,0,205,0.3,2.86,0,360,0.32,2.45,0,591,0.31,2.08,0,252,0.3,1.73,0,709,0.29,1.42,0,1100,0.29,1.16,0,2409,0.29,0.93,0,763,0.28,0.74,0,487,0.28,0.58,0,467,0.28,0.45,0,782,0.27,0.35,0,736,0.27,0.26,0,1039,0.27,0.2,0,406,0.27,0.15,0,422,0.27,0.11,0,373,0.27,0.08,0,195,0.26,0.06,0,0,0.26,0.04,0,0,0.26,0.01,0,30,0.46,0.01,0,20,0.44,0.01,0,75,0.42,0.01,0,69,0.4,0.01,0,5,0.38,0.01,0,110,0.36,0.01,0,0,0.34,0.01,0,3,0.33,0.01,0,148,0.31,0.02,0,0,0.32,0.03,0,180,0.33,0.04,0,130,0.32,0.05,0,414,0.32,0.06,0,131,0.31,0.08,0,169,0.32,0.1,0,214,0.31,0.12,0,164,0.31,0.15,0,65,0.31,0.19,0,354,0.31,0.27,0,127,0.3,0.38,0,282,0.3,0.5,0,219,0.29,0.66,0,577,0.29,0.85,0,666,0.28,1.07,1,382,0.27,1.32,0,202,0.27,1.63,0,948,0.27,1.96,0,544,0.27,2.35,3,936,0.27,2.72,0,209,0.27,3.13,0,224,0.27,3.55,0,677,0.26,4.01,0,499,0.27,4.46,0,0,0.27,4.92,0,11,0.26,5.39,0,0,0.26,5.87,0,0,0.26,6.35,0,0,0.26,0.03,0.0,70.0,0.26,6.83,0.0,5.0,0.25,0.02,0.0,0.0,0.27,7.81,0.0,0.0,0.26,0.01,0.0,0.0,0.26,8.79,0.0,0.0,0.26,0.01,0.0,0.0,0.28,9.77,0.0,0.0,
2023-02-09 16:00:00,13.98,8.56,0,0,0.47,8.31,0,0,,8.07,0,0,0.51,7.82,0,0,,7.57,0,0,,7.33,0,0,0.43,7.08,0,30,,6.84,0,0,0.42,6.59,0,0,0.36,6.34,0,0,,6.1,0,240,0.35,5.85,0,0,0.28,5.61,0,400,0.34,5.36,0,323,0.3,5.12,0,90,0.32,4.88,0,253,0.32,4.64,0,150,0.32,4.4,0,199,0.31,4.16,0,129,0.3,3.7,0,205,0.3,3.25,0,360,0.3,2.85,2,591,0.31,2.44,0,252,0.3,2.12,0,709,0.31,1.77,0,1100,0.3,1.47,0,2409,0.29,1.19,10,773,0.29,0.96,0,487,0.28,0.77,203,669,0.28,0.62,0,782,0.28,0.49,0,736,0.28,0.38,0,1039,0.27,0.3,0,406,0.27,0.23,0,422,0.27,0.18,0,373,0.27,0.14,0,195,0.27,0.11,0,0,0.28,0.08,0,0,0.27,0.01,0,30,0.48,0.01,0,20,0.46,0.01,0,75,0.44,0.01,0,69,0.42,0.01,0,5,0.4,0.01,0,110,0.38,0.01,0,0,0.36,0.01,0,3,0.34,0.01,0,148,0.33,0.01,0,0,0.31,0.02,0,180,0.32,0.03,0,130,0.33,0.04,0,414,0.33,0.05,0,131,0.32,0.06,0,169,0.32,0.08,0,214,0.32,0.1,0,164,0.32,0.12,0,65,0.31,0.15,0,354,0.31,0.21,0,127,0.3,0.3,0,282,0.3,0.4,0,219,0.29,0.53,0,577,0.29,0.7,20,646,0.28,0.89,0,382,0.28,1.11,0,202,0.27,1.36,0,948,0.27,1.65,22,566,0.26,1.98,0,936,0.26,2.37,0,209,0.27,2.76,0,224,0.27,3.16,0,677,0.26,3.59,0,499,0.26,4.05,0,0,0.27,4.5,0,11,0.27,4.96,0,0,0.27,5.42,0,0,0.27,5.9,0,0,0.27,0.06,0.0,70.0,0.27,6.38,0.0,5.0,0.27,0.04,0.0,0.0,0.28,7.34,0.0,0.0,0.26,0.02,0.0,0.0,0.27,8.32,0.0,0.0,0.28,0.01,0.0,0.0,0.27,9.3,0.0,0.0,0.28
2023-02-10 16:00:00,13.6,8.18,0,0,0.49,7.93,0,0,,7.69,0,0,0.51,7.44,0,0,,7.19,0,0,,6.95,0,0,0.42,6.7,0,30,,6.46,0,0,0.41,6.21,0,0,0.35,5.96,0,0,,5.72,0,240,0.35,5.47,0,0,0.28,5.23,0,400,0.33,4.99,0,323,0.33,4.75,0,90,0.33,4.51,0,253,0.33,4.27,0,150,0.32,4.04,0,199,0.32,3.81,0,129,0.32,3.36,0,205,0.32,2.92,0,360,0.3,2.51,0,591,0.3,2.13,0,252,0.29,1.85,0,709,0.31,1.52,0,1100,0.3,1.23,0,2409,0.29,0.99,12,765,0.29,0.79,0,487,0.28,0.63,10,669,0.28,0.49,0,782,0.28,0.38,0,736,0.28,0.29,0,1039,0.27,0.22,0,406,0.27,0.17,0,422,0.27,0.13,0,373,0.27,0.1,0,195,0.27,0.07,0,0,0.27,0.05,0,0,0.27,0.01,0,30,0.47,0.01,0,20,0.45,0.01,0,75,0.43,0.01,0,69,0.41,0.01,0,5,0.39,0.01,0,110,0.37,0.01,0,0,0.35,0.01,0,3,0.33,0.01,0,148,0.31,0.02,0,0,0.33,0.03,0,180,0.33,0.04,0,130,0.33,0.06,0,414,0.34,0.08,0,131,0.34,0.09,0,169,0.33,0.12,0,214,0.33,0.14,0,164,0.33,0.17,0,65,0.32,0.2,0,354,0.32,0.28,0,127,0.31,0.37,0,282,0.3,0.5,0,219,0.3,0.66,0,577,0.29,0.84,10,656,0.29,1.05,1,382,0.28,1.29,0,202,0.27,1.59,0,948,0.27,1.88,0,566,0.26,2.27,62,998,0.27,2.67,0,209,0.27,3.08,0,224,0.28,3.5,0,677,0.27,3.93,0,499,0.27,4.38,0,0,0.27,4.84,0,11,0.27,5.3,0,0,0.26,5.78,0,0,0.27,6.26,0,0,0.27,0.04,0.0,70.0,0.27,6.74,0.0,5.0,0.26,0.02,0.0,0.0,0.26,7.71,0.0,0.0,0.25,0.01,0.0,0.0,0.26,8.69,0.0,0.0,0.23,0.01,0.0,0.0,0.28,9.68,0.0,0.0,0.29
2023-02-13 16:00:00,13.76,8.34,0,0,0.56,8.09,0,0,,7.84,0,0,,7.6,0,0,0.48,7.35,0,0,,7.1,0,0,,6.86,0,30,0.4,6.61,0,0,,6.37,0,0,0.4,6.12,0,0,0.33,5.87,0,240,,5.63,0,0,0.34,5.38,0,400,0.27,5.13,0,323,,4.89,0,90,0.28,4.65,0,253,0.3,4.4,0,150,0.27,4.16,0,199,0.27,3.93,0,129,0.29,3.46,0,205,0.28,3.02,0,360,0.28,2.68,0,591,0.32,2.26,0,252,0.3,1.87,0,709,0.28,1.56,0,1100,0.28,1.31,0,2409,0.29,1.08,0,765,0.29,0.88,40,494,0.29,0.71,12,675,0.29,0.57,0,782,0.29,0.45,0,736,0.29,0.35,0,1039,0.29,0.27,0,406,0.28,0.21,0,422,0.28,0.16,0,373,0.28,0.13,0,195,0.28,0.1,0,0,0.28,0.08,0,0,0.29,0.01,0,30,0.48,0.01,0,20,0.46,0.01,0,75,0.43,0.01,0,69,0.41,0.01,0,5,0.39,0.01,0,110,0.38,0.01,0,0,0.36,0.01,0,3,0.34,0.01,0,148,0.32,0.01,0,0,0.3,0.01,0,180,0.29,0.01,0,130,0.27,0.02,0,414,0.28,0.03,0,131,0.29,0.04,0,169,0.29,0.05,0,214,0.28,0.07,0,164,0.28,0.09,0,65,0.28,0.12,0,354,0.29,0.19,0,127,0.28,0.29,0,282,0.29,0.42,0,219,0.29,0.58,0,577,0.29,0.75,0,656,0.28,0.96,0,382,0.28,1.21,0,202,0.27,1.52,0,948,0.28,1.85,0,566,0.28,2.15,1,998,0.27,2.52,0,209,0.26,2.95,0,224,0.27,3.34,0,677,0.26,3.82,0,499,0.28,4.26,0,0,0.28,4.71,0,11,0.28,5.18,0,0,0.28,5.65,0,0,0.28,6.12,0,0,0.28,0.06,0.0,70.0,0.28,6.6,0.0,5.0,0.28,0.03,0.0,0.0,0.28,7.57,0.0,0.0,0.28,0.02,0.0,0.0,0.28,8.55,0.0,0.0,0.29,0.01,0.0,0.0,0.28,9.53,0.0,0.0,0.29
2023-02-14 16:00:00,14.0,8.58,0,0,0.57,8.33,0,0,,8.08,0,0,,7.84,0,0,0.49,7.59,0,0,,7.34,0,0,,7.1,0,30,0.42,6.85,0,0,,6.6,0,0,,6.36,0,0,0.35,6.11,0,240,,5.87,0,0,0.35,5.62,0,400,0.29,5.38,0,323,0.33,5.13,0,90,0.29,4.89,0,253,0.31,4.65,0,150,0.31,4.41,0,199,0.31,4.22,0,129,0.36,3.71,0,205,0.3,3.26,0,360,0.3,2.9,1,591,0.33,2.49,0,252,0.31,2.12,0,709,0.31,1.78,0,1100,0.3,1.47,0,2409,0.3,1.2,0,765,0.29,0.97,0,494,0.29,0.78,6,678,0.28,0.62,0,782,0.28,0.49,0,736,0.28,0.39,0,1039,0.28,0.31,0,406,0.28,0.24,0,422,0.28,0.19,0,373,0.28,0.15,0,195,0.28,0.11,0,0,0.28,0.09,0,0,0.28,0.01,0,30,0.49,0.01,0,20,0.46,0.01,0,75,0.44,0.01,0,69,0.42,0.01,0,5,0.4,0.01,0,110,0.38,0.01,0,0,0.37,0.01,0,3,0.35,0.01,0,148,0.33,0.01,0,0,0.31,0.01,0,180,0.3,0.02,0,130,0.31,0.03,0,414,0.32,0.04,0,131,0.31,0.06,0,169,0.32,0.07,0,214,0.31,0.09,0,164,0.31,0.11,0,65,0.31,0.14,0,354,0.31,0.21,0,127,0.31,0.29,0,282,0.3,0.39,0,219,0.29,0.52,20,571,0.29,0.69,10,646,0.29,0.88,0,382,0.28,1.1,0,202,0.28,1.36,0,948,0.27,1.64,0,566,0.26,1.97,33,1028,0.26,2.32,0,209,0.26,2.72,0,224,0.26,3.12,0,677,0.26,3.61,0,499,0.28,4.04,0,0,0.28,4.5,0,11,0.28,4.95,0,0,0.27,5.42,0,0,0.28,5.89,0,0,0.27,0.07,0.0,70.0,0.28,6.37,0.0,5.0,0.28,0.04,0.0,0.0,0.28,7.34,0.0,0.0,0.28,0.02,0.0,0.0,0.27,8.31,0.0,0.0,0.27,0.01,0.0,0.0,0.27,9.29,0.0,0.0,0.27
2023-02-15 16:00:00,13.56,8.14,0,0,0.56,7.89,0,0,0.42,7.64,0,0,,7.4,0,0,0.48,7.15,0,0,,6.9,0,0,,6.66,0,30,0.41,6.41,0,0,,6.17,0,0,0.4,5.92,0,0,0.34,5.67,0,240,,5.43,0,0,0.34,5.18,0,400,0.29,4.94,0,323,0.32,4.7,0,90,0.32,4.46,0,253,0.32,4.22,0,150,0.31,3.99,0,199,0.32,3.75,0,129,0.31,3.3,0,205,0.31,2.85,0,360,0.29,2.44,0,591,0.29,2.08,0,252,0.29,1.73,0,709,0.29,1.42,0,1100,0.28,1.16,0,2409,0.28,0.93,0,765,0.28,0.75,98,592,0.28,0.59,111,777,0.28,0.46,0,782,0.28,0.36,0,736,0.28,0.28,0,1039,0.28,0.21,0,406,0.27,0.16,0,422,0.27,0.12,1,372,0.27,0.09,0,195,0.27,0.07,0,0,0.27,0.05,0,0,0.27,0.01,0,30,0.47,0.01,0,20,0.45,0.01,0,75,0.43,0.01,0,69,0.41,0.01,0,5,0.39,0.01,0,110,0.37,0.01,0,0,0.35,0.01,0,3,0.33,0.01,0,148,0.32,0.02,0,0,0.33,0.03,0,180,0.34,0.04,0,130,0.33,0.05,0,414,0.33,0.07,0,131,0.33,0.08,0,169,0.32,0.1,0,214,0.32,0.13,0,164,0.32,0.16,0,65,0.32,0.19,0,354,0.32,0.27,0,127,0.31,0.37,0,282,0.3,0.49,0,219,0.3,0.64,30,571,0.29,0.83,0,646,0.28,1.05,2,382,0.28,1.31,0,202,0.28,1.61,30,961,0.27,1.95,0,566,0.28,2.29,31,1059,0.27,2.68,0,209,0.27,3.12,0,224,0.28,3.56,0,677,0.28,3.97,0,499,0.27,4.42,0,0,0.27,4.88,0,11,0.27,5.35,0,0,0.27,5.82,0,0,0.26,6.31,0,0,0.27,0.04,0.0,70.0,0.27,6.79,0.0,5.0,0.27,0.02,0.0,0.0,0.27,7.76,0.0,0.0,0.25,0.01,0.0,0.0,0.27,8.74,0.0,0.0,,0.01,0.0,0.0,0.29,9.73,0.0,0.0,0.28
2023-02-16 16:00:00,13.66,8.24,0,0,0.57,7.99,0,0,0.46,7.74,0,0,,7.5,0,0,0.49,7.25,0,0,0.36,7.0,0,0,,6.76,0,30,0.42,6.51,0,0,,6.26,0,0,,6.02,0,0,0.35,5.77,0,240,,5.53,0,0,0.34,5.28,0,400,0.3,5.04,0,323,0.32,4.79,0,90,0.29,4.55,0,253,0.3,4.31,0,150,0.3,4.07,0,199,0.3,3.84,0,129,0.3,3.38,0,205,0.3,2.95,0,360,0.3,2.53,0,591,0.29,2.12,0,252,0.28,1.81,0,709,0.29,1.49,0,1100,0.29,1.22,0,2409,0.28,0.99,500,1265,0.28,0.78,0,592,0.28,0.61,118,887,0.28,0.47,0,782,0.27,0.37,0,736,0.27,0.28,0,1039,0.27,0.21,0,406,0.27,0.16,0,422,0.27,0.12,0,372,0.27,0.09,0,195,0.27,0.06,0,0,0.26,0.05,0,0,0.27,0.01,0,30,0.48,0.01,0,20,0.46,0.01,0,75,0.43,0.01,0,69,0.41,0.01,0,5,0.39,0.01,0,110,0.37,0.01,0,0,0.36,0.01,0,3,0.34,0.01,0,148,0.32,0.01,0,0,0.3,0.02,0,180,0.32,0.03,0,130,0.32,0.04,0,414,0.32,0.05,0,131,0.32,0.07,0,169,0.32,0.08,0,214,0.31,0.1,0,164,0.31,0.13,0,65,0.31,0.16,2,352,0.3,0.24,0,127,0.3,0.34,0,282,0.3,0.44,0,219,0.29,0.59,30,561,0.28,0.77,0,646,0.28,0.98,0,382,0.27,1.23,202,404,0.27,1.52,0,961,0.27,1.85,0,566,0.27,2.2,0,1059,0.26,2.6,0,209,0.27,3.01,0,224,0.27,3.44,0,677,0.27,3.87,0,499,0.27,4.32,0,0,0.27,4.78,0,11,0.26,5.25,0,0,0.26,5.72,0,0,0.26,6.2,0,0,0.25,0.04,0.0,70.0,0.27,6.69,0.0,5.0,0.26,0.02,0.0,0.0,0.27,7.66,0.0,0.0,0.24,0.01,0.0,0.0,0.26,8.65,0.0,0.0,0.28,0.01,0.0,0.0,0.28,9.63,0.0,0.0,0.26
2023-02-17 16:00:00,13.52,8.1,0,0,0.58,7.85,0,0,0.48,7.6,0,0,,7.36,0,0,0.49,7.11,0,0,0.39,6.86,0,0,,6.62,0,30,0.42,6.37,0,0,0.31,6.12,0,0,,5.88,0,0,0.36,5.63,0,240,,5.39,0,0,0.34,5.15,0,400,0.35,4.9,0,323,0.32,4.66,0,90,0.33,4.43,0,253,0.34,4.19,0,150,0.33,3.95,0,199,0.32,3.72,0,129,0.32,3.27,0,205,0.31,2.85,0,360,0.31,2.43,0,591,0.3,2.07,0,252,0.3,1.76,0,709,0.31,1.43,0,1100,0.3,1.14,100,2419,0.29,0.9,0,1265,0.28,0.71,0,592,0.28,0.56,0,887,0.28,0.44,50,828,0.28,0.34,50,782,0.28,0.26,0,1039,0.27,0.2,0,406,0.27,0.15,0,422,0.27,0.12,0,372,0.28,0.09,0,195,0.28,0.07,0,0,0.28,0.05,0,0,0.27,0.01,0,30,0.47,0.01,0,20,0.45,0.01,0,75,0.43,0.01,0,69,0.41,0.01,0,5,0.39,0.01,0,110,0.37,0.01,0,0,0.35,0.01,0,3,0.33,0.02,0,148,0.35,0.03,0,0,0.35,0.04,0,180,0.35,0.05,0,130,0.35,0.06,0,414,0.34,0.08,0,131,0.34,0.1,0,169,0.34,0.12,0,214,0.33,0.14,1,164,0.33,0.17,0,65,0.32,0.2,0,352,0.32,0.28,0,127,0.31,0.38,0,282,0.31,0.51,0,219,0.3,0.66,0,561,0.29,0.84,0,646,0.28,1.05,0,382,0.28,1.3,0,404,0.27,1.57,0,961,0.26,1.91,0,566,0.26,2.29,0,1059,0.26,2.72,0,209,0.27,3.1,0,224,0.26,3.56,0,677,0.27,4.0,0,499,0.27,4.45,0,0,0.27,4.92,0,11,0.27,5.39,0,0,0.27,5.87,0,0,0.27,6.35,0,0,0.27,0.04,0.0,70.0,0.28,6.83,0.0,5.0,0.26,0.02,0.0,0.0,0.27,7.81,0.0,0.0,0.28,0.01,0.0,0.0,0.27,8.79,0.0,0.0,0.28,0.01,0.0,0.0,0.29,9.77,0.0,0.0,0.23
2023-02-20 16:00:00,14.1,8.67,0,0,,8.43,0,0,0.56,8.18,0,0,,7.93,0,0,,7.69,0,0,0.49,7.44,0,0,,7.19,0,30,,6.95,0,0,0.42,6.7,0,0,,6.45,0,0,,6.21,0,240,0.36,5.96,0,0,,5.72,0,400,0.35,5.47,0,323,0.31,5.23,0,90,0.33,4.98,0,253,0.3,4.74,0,150,0.31,4.5,0,199,0.31,4.3,0,129,0.36,3.81,0,205,0.32,3.34,0,360,0.3,2.94,0,591,0.31,2.5,0,252,0.29,2.16,0,709,0.3,1.83,0,1100,0.3,1.52,0,2419,0.3,1.25,2,1265,0.29,1.01,0,592,0.29,0.81,12,899,0.29,0.65,0,828,0.29,0.52,0,782,0.28,0.41,200,1239,0.28,0.32,100,448,0.28,0.25,0,422,0.28,0.19,0,372,0.28,0.15,0,195,0.28,0.11,0,0,0.28,0.09,0,0,0.28,0.01,0,30,0.5,0.01,0,20,0.47,0.01,0,75,0.45,0.01,0,69,0.43,0.01,0,5,0.41,0.01,0,110,0.39,0.01,0,0,0.37,0.01,0,3,0.36,0.01,0,148,0.34,0.01,0,0,0.32,0.01,0,180,0.31,0.02,0,130,0.32,0.03,0,414,0.32,0.04,0,131,0.32,0.05,0,169,0.32,0.06,0,214,0.31,0.07,0,164,0.3,0.09,0,65,0.3,0.12,0,352,0.31,0.18,0,127,0.3,0.26,0,282,0.3,0.37,0,219,0.3,0.49,10,561,0.29,0.64,0,646,0.28,0.83,0,382,0.28,1.05,0,404,0.28,1.31,124,991,0.27,1.59,0,566,0.27,1.92,4,1059,0.27,2.28,0,209,0.27,2.66,0,224,0.27,3.07,0,677,0.27,3.49,0,499,0.26,3.96,0,0,0.28,4.41,0,11,0.28,4.87,0,0,0.28,5.33,0,0,0.28,5.8,0,0,0.27,0.07,30.0,100.0,0.28,6.28,0.0,5.0,0.27,0.04,766.0,766.0,0.28,7.25,0.0,0.0,0.28,0.02,0.0,0.0,0.27,8.22,0.0,0.0,0.26,0.01,0.0,0.0,0.27,9.2,0.0,0.0,0.23
2023-02-21 16:00:00,14.02,8.59,0,0,,8.35,0,0,0.56,8.1,0,0,0.43,7.85,0,0,,7.61,0,0,0.49,7.36,0,0,0.37,7.11,0,30,,6.87,0,0,0.42,6.62,0,0,0.32,6.37,0,0,,6.13,0,240,0.36,5.88,0,0,0.27,5.64,0,400,0.35,5.39,0,323,0.31,5.15,0,90,0.33,4.9,0,253,0.3,4.66,0,150,0.31,4.42,0,199,0.31,4.18,0,129,0.3,3.75,0,205,0.33,3.27,0,360,0.3,2.9,0,591,0.33,2.49,0,252,0.32,2.1,0,709,0.3,1.78,0,1100,0.3,1.47,0,2419,0.3,1.2,0,1265,0.29,0.97,0,592,0.29,0.78,0,899,0.29,0.62,0,828,0.29,0.49,0,782,0.28,0.39,0,1239,0.28,0.31,0,448,0.28,0.24,0,422,0.28,0.19,0,372,0.28,0.15,0,195,0.29,0.12,0,0,0.29,0.09,0,0,0.29,0.01,0,30,0.5,0.01,0,20,0.47,0.01,0,75,0.45,0.01,0,69,0.43,0.01,0,5,0.41,0.01,0,110,0.39,0.01,0,0,0.37,0.01,0,3,0.36,0.01,0,148,0.34,0.01,0,0,0.32,0.01,0,180,0.3,0.02,0,130,0.32,0.03,0,414,0.32,0.04,0,131,0.32,0.05,0,169,0.32,0.07,0,214,0.32,0.08,0,164,0.31,0.1,0,65,0.31,0.13,0,352,0.31,0.19,0,127,0.3,0.28,0,282,0.3,0.39,0,219,0.3,0.51,0,561,0.29,0.67,0,646,0.29,0.87,0,382,0.28,1.09,0,404,0.28,1.34,0,991,0.27,1.63,0,566,0.27,1.96,3,1062,0.27,2.32,0,209,0.26,2.71,0,224,0.26,3.12,0,677,0.26,3.55,0,499,0.26,4.04,0,0,0.28,4.49,0,11,0.28,4.95,0,0,0.28,5.41,0,0,0.28,5.89,0,0,0.28,0.07,0.0,100.0,0.29,6.36,0.0,5.0,0.28,0.04,0.0,766.0,0.29,7.33,0.0,0.0,0.28,0.03,0.0,0.0,0.3,8.31,0.0,0.0,0.29,0.02,0.0,0.0,0.3,9.29,0.0,0.0,0.29
2023-02-22 16:00:00,13.8,8.37,0,0,,8.13,0,0,0.56,7.88,0,0,0.45,7.63,0,0,,7.39,0,0,0.49,7.14,0,0,0.39,6.89,0,30,,6.65,0,0,0.42,6.4,0,0,0.34,6.15,0,0,,5.91,0,240,0.36,5.66,0,0,0.29,5.42,0,400,0.35,5.17,0,323,0.31,4.93,0,90,0.33,4.69,0,253,0.33,4.45,0,150,0.32,4.21,0,199,0.32,3.97,0,129,0.31,3.51,0,205,0.31,3.07,0,360,0.31,2.71,0,591,0.33,2.27,0,252,0.3,1.95,0,709,0.31,1.62,0,1100,0.3,1.33,0,2419,0.3,1.07,0,1265,0.29,0.86,0,592,0.29,0.69,97,996,0.29,0.55,0,828,0.29,0.43,0,782,0.29,0.33,0,1239,0.28,0.26,0,448,0.28,0.2,0,422,0.28,0.15,0,372,0.28,0.12,0,195,0.28,0.09,0,0,0.28,0.07,0,0,0.28,0.01,0,30,0.49,0.01,0,20,0.47,0.01,0,75,0.44,0.01,0,69,0.42,0.01,0,5,0.4,0.01,0,110,0.38,0.01,0,0,0.37,0.01,0,3,0.35,0.01,0,148,0.33,0.01,0,0,0.31,0.02,0,180,0.33,0.03,0,130,0.33,0.04,0,414,0.33,0.05,0,131,0.33,0.07,0,169,0.33,0.08,0,214,0.32,0.11,0,164,0.32,0.13,0,65,0.32,0.16,0,352,0.32,0.23,0,127,0.31,0.31,0,282,0.3,0.43,0,219,0.3,0.57,0,561,0.29,0.75,0,646,0.29,0.95,0,382,0.28,1.19,0,404,0.28,1.46,0,991,0.27,1.76,0,566,0.27,2.11,1,1063,0.27,2.5,0,209,0.27,2.91,0,224,0.27,3.33,0,677,0.27,3.75,0,499,0.27,4.23,0,0,0.28,4.68,0,11,0.28,5.15,0,0,0.28,5.62,0,0,0.28,6.09,0,0,0.28,0.05,0.0,100.0,0.28,6.57,0.0,5.0,0.27,0.03,0.0,766.0,0.28,7.54,0.0,0.0,0.26,0.02,0.0,0.0,0.29,8.52,0.0,0.0,0.26,0.01,0.0,0.0,0.28,9.51,0.0,0.0,0.3
2023-02-23 16:00:00,13.76,8.33,0,0,,8.09,0,0,0.57,7.84,0,0,0.47,7.59,0,0,,7.35,0,0,0.49,7.1,0,0,0.41,6.85,0,30,,6.61,0,0,0.42,6.36,0,0,0.36,6.11,0,0,,5.87,0,240,0.36,5.62,0,0,0.31,5.38,0,400,0.35,5.13,0,323,0.31,4.89,0,90,0.33,4.65,0,253,0.33,4.41,0,150,0.32,4.17,0,199,0.32,3.93,0,129,0.31,3.47,0,205,0.31,3.03,0,360,0.3,2.67,0,591,0.33,2.24,0,252,0.3,1.9,0,709,0.3,1.58,0,1100,0.3,1.29,0,2419,0.29,1.04,0,1265,0.29,0.83,0,592,0.29,0.66,4,996,0.29,0.52,0,828,0.28,0.41,0,782,0.28,0.32,0,1239,0.28,0.25,0,448,0.28,0.19,0,422,0.28,0.15,0,372,0.28,0.11,0,195,0.28,0.09,0,0,0.28,0.06,0,0,0.28,0.01,0,30,0.49,0.01,0,20,0.47,0.01,0,75,0.44,0.01,0,69,0.42,0.01,0,5,0.4,0.01,0,110,0.38,0.01,0,0,0.37,0.01,0,3,0.35,0.01,0,148,0.33,0.01,0,0,0.31,0.02,0,180,0.33,0.03,0,130,0.33,0.04,0,414,0.33,0.05,0,131,0.32,0.07,0,169,0.33,0.08,0,214,0.32,0.1,0,164,0.31,0.13,0,65,0.32,0.16,0,352,0.31,0.23,0,127,0.31,0.31,0,282,0.3,0.43,0,219,0.3,0.57,0,561,0.29,0.75,0,646,0.29,0.96,0,382,0.28,1.2,0,404,0.28,1.47,0,991,0.27,1.79,0,566,0.27,2.13,0,1063,0.27,2.52,0,209,0.27,2.92,0,224,0.27,3.34,0,677,0.26,3.81,0,499,0.28,4.26,0,0,0.28,4.71,0,11,0.28,5.18,0,0,0.28,5.65,0,0,0.27,6.13,0,0,0.28,0.05,0.0,100.0,0.28,6.61,0.0,5.0,0.27,0.03,0.0,766.0,0.28,7.58,0.0,0.0,0.26,0.02,0.0,0.0,0.29,8.56,0.0,0.0,0.25,0.01,0.0,0.0,0.28,9.55,0.0,0.0,0.29
2023-02-24 16:00:00,13.5,8.07,0,0,,7.83,0,0,0.56,7.58,0,0,0.48,7.33,0,0,,7.09,0,0,0.49,6.84,0,0,0.41,6.59,0,30,,6.35,0,0,0.42,6.1,0,0,0.36,5.85,0,0,,5.61,0,240,0.36,5.36,0,0,0.31,5.12,0,400,0.34,4.87,0,323,0.31,4.63,0,90,0.32,4.39,0,253,0.32,4.15,0,150,0.31,3.91,0,199,0.31,3.68,0,129,0.31,3.22,0,205,0.3,2.83,0,360,0.32,2.42,0,591,0.31,2.02,0,252,0.3,1.71,0,709,0.3,1.4,72,1156,0.3,1.13,0,2419,0.29,0.91,0,1265,0.29,0.73,0,592,0.29,0.59,107,1095,0.29,0.46,1,828,0.29,0.37,0,782,0.29,0.29,102,1341,0.29,0.23,0,448,0.29,0.18,0,422,0.29,0.14,0,372,0.29,0.11,0,195,0.3,0.09,0,0,0.3,0.07,0,0,0.3,0.01,0,30,0.48,0.01,0,20,0.46,0.01,0,75,0.44,0.01,0,69,0.42,0.01,0,5,0.4,0.01,0,110,0.38,0.01,0,0,0.36,0.01,0,3,0.34,0.01,0,148,0.32,0.01,0,0,0.3,0.02,0,180,0.32,0.03,0,130,0.32,0.04,0,414,0.32,0.05,0,131,0.31,0.07,0,169,0.32,0.09,0,214,0.31,0.11,0,164,0.31,0.14,0,65,0.31,0.17,10,362,0.31,0.26,0,127,0.31,0.36,300,436,0.3,0.48,200,219,0.29,0.64,0,561,0.29,0.84,99,646,0.29,1.06,197,529,0.28,1.33,0,404,0.28,1.63,0,991,0.28,1.99,30,596,0.28,2.35,70,1133,0.28,2.74,0,209,0.28,3.15,0,224,0.28,3.58,0,677,0.27,4.06,0,499,0.29,4.51,0,0,0.29,4.98,0,11,0.3,5.44,0,0,0.29,5.92,0,0,0.3,6.4,0,0,0.3,0.06,0.0,100.0,0.3,6.88,0.0,5.0,0.3,0.04,0.0,766.0,0.31,7.85,0.0,0.0,0.3,0.03,0.0,0.0,0.32,8.83,0.0,0.0,0.3,0.01,0.0,0.0,0.3,9.81,0.0,0.0,0.3
2023-02-27 16:00:00,13.38,7.95,0,0,,7.7,0,0,,7.46,0,0,0.53,7.21,0,0,0.42,6.96,0,0,,6.72,0,0,0.46,6.47,0,30,0.38,6.22,0,0,,5.98,0,0,0.39,5.73,0,0,0.33,5.48,0,240,,5.24,0,0,0.34,4.99,0,400,0.29,4.75,0,323,0.32,4.51,0,90,0.33,4.27,0,253,0.32,4.03,0,150,0.32,3.8,0,199,0.32,3.56,0,129,0.31,3.11,0,205,0.31,2.69,0,360,0.31,2.27,0,591,0.3,1.93,0,252,0.3,1.59,0,709,0.3,1.3,0,1156,0.29,1.05,0,2419,0.29,0.85,98,1332,0.29,0.68,99,691,0.29,0.54,0,1095,0.29,0.42,0,828,0.29,0.33,0,782,0.29,0.25,0,1341,0.29,0.2,0,448,0.29,0.15,0,422,0.29,0.12,0,372,0.29,0.09,0,195,0.29,0.07,0,0,0.29,0.05,0,0,0.29,0.01,0,30,0.48,0.01,0,20,0.46,0.01,0,75,0.43,0.01,0,69,0.41,0.01,0,5,0.39,0.01,0,110,0.37,0.01,0,0,0.35,0.01,0,3,0.34,0.01,0,148,0.32,0.02,0,0,0.33,0.03,0,180,0.34,0.04,0,130,0.33,0.05,0,414,0.33,0.07,0,131,0.33,0.08,0,169,0.32,0.11,0,214,0.33,0.13,0,164,0.32,0.16,0,65,0.32,0.2,0,362,0.32,0.29,0,127,0.32,0.39,500,782,0.31,0.52,0,219,0.3,0.69,0,561,0.29,0.89,0,646,0.29,1.12,0,529,0.28,1.41,0,404,0.28,1.72,0,991,0.28,2.07,0,596,0.28,2.46,0,1133,0.29,2.86,0,209,0.29,3.28,0,224,0.29,3.71,0,677,0.29,4.16,0,499,0.29,4.61,0,0,0.28,5.08,0,11,0.29,5.55,0,0,0.29,6.03,0,0,0.29,6.51,0,0,0.29,0.04,0.0,100.0,0.29,7.0,0.0,5.0,0.29,0.03,0.0,766.0,0.3,7.97,0.0,0.0,0.28,0.02,0.0,0.0,0.31,8.95,0.0,0.0,0.27,0.01,0.0,0.0,0.3,9.94,0.0,0.0,0.31
2023-02-28 16:00:00,13.3,7.87,0,0,0.47,7.62,0,0,,7.38,0,0,0.53,7.13,0,0,0.44,6.88,0,0,,6.64,0,0,0.46,6.39,0,30,0.39,6.14,0,0,,5.9,0,0,0.4,5.65,0,0,0.34,5.4,0,240,,5.16,0,0,0.34,4.91,0,400,0.29,4.67,0,323,0.32,4.42,0,90,0.29,4.18,0,253,0.3,3.94,0,150,0.3,3.71,0,199,0.31,3.48,0,129,0.31,3.02,0,205,0.3,2.61,0,360,0.3,2.2,0,591,0.3,1.86,0,252,0.3,1.52,0,709,0.29,1.24,123,1279,0.29,1.0,247,2666,0.29,0.79,164,1496,0.29,0.62,0,691,0.29,0.49,18,1095,0.29,0.38,0,828,0.29,0.29,0,782,0.28,0.22,0,1341,0.28,0.17,0,448,0.28,0.13,0,422,0.28,0.1,0,372,0.29,0.07,0,195,0.28,0.06,0,0,0.29,0.04,0,0,0.28,0.01,0,30,0.48,0.01,0,20,0.45,0.01,0,75,0.43,0.01,0,69,0.41,0.01,0,5,0.39,0.01,0,110,0.37,0.01,0,0,0.35,0.01,0,3,0.33,0.01,0,148,0.31,0.01,0,0,0.3,0.02,0,180,0.31,0.03,0,130,0.31,0.05,0,414,0.33,0.06,0,131,0.32,0.08,0,169,0.32,0.1,0,214,0.31,0.12,0,164,0.31,0.15,0,65,0.31,0.18,0,362,0.3,0.27,0,127,0.3,0.38,0,782,0.3,0.51,5,224,0.29,0.68,100,561,0.28,0.89,0,646,0.28,1.13,0,529,0.28,1.42,10,414,0.28,1.74,371,1362,0.27,2.1,0,596,0.27,2.47,4,1133,0.27,2.88,0,209,0.27,3.31,0,224,0.27,3.76,0,677,0.28,4.22,0,499,0.28,4.68,0,0,0.28,5.14,0,11,0.28,5.62,0,0,0.28,6.1,0,0,0.28,6.58,0,0,0.27,0.03,0.0,100.0,0.28,7.07,0.0,5.0,0.28,0.02,0.0,766.0,0.29,8.05,0.0,0.0,0.28,0.01,0.0,0.0,0.29,9.03,0.0,0.0,0.26,0.01,0.0,0.0,0.31,10.02,0.0,0.0,0.3
2023-03-01 16:00:00,14.1,8.67,0,0,0.53,8.42,0,0,,8.18,0,0,0.57,7.93,0,0,0.48,7.68,0,0,,7.44,0,0,0.5,7.19,0,30,0.43,6.94,0,0,,6.69,0,0,,6.45,0,0,0.38,6.2,0,240,,5.95,0,0,,5.71,0,400,0.33,5.46,0,323,,5.22,0,90,0.32,4.97,0,253,0.29,4.73,0,150,0.3,4.49,0,199,0.31,4.25,0,129,0.31,3.78,0,205,0.3,3.33,0,360,0.31,2.89,0,591,0.3,2.45,0,252,0.28,2.09,0,709,0.29,1.76,0,1279,0.29,1.45,0,2666,0.29,1.19,0,1496,0.29,0.97,0,691,0.29,0.8,15,1109,0.29,0.65,0,828,0.29,0.52,0,782,0.29,0.42,0,1341,0.29,0.34,0,448,0.3,0.27,0,422,0.3,0.22,0,372,0.3,0.17,27,222,0.3,0.14,0,0,0.3,0.11,0,0,0.3,0.01,0,30,0.51,0.01,0,20,0.48,0.01,0,75,0.46,0.01,0,69,0.44,0.01,0,5,0.42,0.01,0,110,0.4,0.01,0,0,0.38,0.01,0,3,0.36,0.01,0,148,0.35,0.01,0,0,0.33,0.01,0,180,0.31,0.02,0,130,0.33,0.03,0,414,0.33,0.04,0,131,0.33,0.05,0,169,0.33,0.06,0,214,0.32,0.07,0,164,0.31,0.09,0,65,0.31,0.12,0,362,0.31,0.18,0,127,0.31,0.26,0,782,0.3,0.37,0,224,0.3,0.49,0,561,0.3,0.65,7,646,0.29,0.84,0,529,0.29,1.06,0,414,0.28,1.34,0,1362,0.29,1.63,54,650,0.28,1.97,3,1133,0.28,2.33,0,209,0.28,2.72,0,224,0.29,3.12,0,677,0.29,3.58,0,499,0.3,4.0,0,0,0.29,4.44,0,11,0.29,4.9,0,0,0.3,5.37,0,0,0.3,5.84,0,0,0.3,0.09,40.0,140.0,0.3,6.32,0.0,5.0,0.3,0.06,0.0,766.0,0.31,7.28,0.0,0.0,0.3,0.04,0.0,0.0,0.31,8.25,0.0,0.0,0.3,0.03,0.0,0.0,0.32,9.23,0.0,0.0,0.31
2023-03-02 16:00:00,14.18,8.74,0,0,0.6,8.49,0,0,,8.24,0,0,,8.0,0,0,0.55,7.75,0,0,0.48,7.5,0,0,,7.25,0,30,,7.01,0,0,0.45,6.76,0,0,0.39,6.51,0,0,,6.26,0,240,,6.02,0,0,0.36,5.77,0,400,0.31,5.52,0,323,,5.28,0,90,0.32,5.03,0,253,0.29,4.79,0,150,0.31,4.55,0,199,0.32,4.31,0,129,0.31,3.84,0,205,0.31,3.38,0,360,0.3,2.97,0,591,0.32,2.54,0,252,0.3,2.16,0,709,0.3,1.81,0,1279,0.3,1.5,0,2666,0.29,1.24,0,1496,0.29,1.0,4,695,0.29,0.81,0,1109,0.29,0.65,0,828,0.29,0.52,0,782,0.29,0.42,10,1341,0.29,0.33,0,448,0.29,0.26,0,422,0.29,0.21,0,372,0.29,0.16,0,222,0.29,0.13,0,0,0.29,0.1,0,0,0.29,0.01,0,30,0.51,0.01,0,20,0.49,0.01,0,75,0.46,0.01,0,69,0.44,0.01,0,5,0.42,0.01,0,110,0.4,0.01,0,0,0.38,0.01,0,3,0.37,0.01,0,148,0.35,0.01,0,0,0.33,0.01,0,180,0.31,0.02,0,130,0.33,0.03,0,414,0.33,0.04,0,131,0.33,0.05,200,361,0.33,0.06,0,214,0.32,0.08,0,164,0.32,0.1,0,65,0.32,0.12,0,362,0.31,0.18,0,127,0.31,0.26,1,782,0.31,0.35,0,224,0.3,0.48,0,561,0.3,0.63,0,646,0.29,0.81,0,529,0.28,1.03,0,414,0.28,1.28,0,1362,0.28,1.58,0,650,0.27,1.92,0,1133,0.28,2.28,0,209,0.28,2.65,0,224,0.27,3.06,0,677,0.27,3.48,0,499,0.27,3.95,0,0,0.29,4.4,0,11,0.29,4.86,0,0,0.29,5.33,0,0,0.29,5.8,0,0,0.29,0.08,0.0,140.0,0.29,6.28,0.0,5.0,0.3,0.05,0.0,766.0,0.3,7.24,0.0,0.0,0.29,0.03,0.0,0.0,0.3,8.22,0.0,0.0,0.3,0.02,0.0,0.0,0.3,9.2,0.0,0.0,0.3
2023-03-03 16:00:00,13.96,8.52,0,0,0.61,8.27,0,0,0.53,8.02,0,0,,7.77,0,0,,7.53,0,0,0.5,7.28,0,0,0.43,7.03,0,30,,6.78,0,0,,6.54,0,0,0.41,6.29,0,0,0.35,6.04,0,240,,5.8,0,0,0.37,5.55,0,400,0.33,5.3,0,323,0.27,5.06,0,90,0.33,4.81,0,253,0.3,4.57,0,150,0.31,4.33,0,199,0.31,4.09,0,129,0.31,3.62,0,205,0.3,3.17,0,360,0.3,2.81,0,591,0.33,2.4,0,252,0.32,2.01,0,709,0.31,1.68,0,1279,0.3,1.38,0,2666,0.3,1.12,0,1496,0.3,0.9,0,695,0.29,0.71,0,1109,0.29,0.56,0,828,0.29,0.43,1,783,0.28,0.33,0,1341,0.28,0.25,0,448,0.28,0.19,0,422,0.28,0.14,20,372,0.28,0.1,0,222,0.27,0.08,0,0,0.27,0.06,0,0,0.28,0.01,0,30,0.5,0.01,0,20,0.48,0.01,0,75,0.46,0.01,0,69,0.44,0.01,0,5,0.42,0.01,0,110,0.4,0.01,0,0,0.38,0.01,30,33,0.36,0.01,0,148,0.34,0.01,0,0,0.32,0.01,0,180,0.31,0.02,0,130,0.32,0.03,0,414,0.32,0.04,0,131,0.32,0.05,0,361,0.32,0.07,0,214,0.32,0.08,0,164,0.31,0.11,0,65,0.32,0.13,0,362,0.31,0.2,0,127,0.31,0.28,0,782,0.3,0.38,0,224,0.29,0.52,30,561,0.29,0.69,0,646,0.29,0.9,0,529,0.29,1.13,10,414,0.28,1.39,0,1362,0.28,1.69,0,650,0.27,2.03,1,1134,0.27,2.38,0,209,0.26,2.77,0,224,0.26,3.18,0,677,0.25,3.61,0,499,0.25,4.11,0,0,0.27,4.57,0,11,0.27,5.03,0,0,0.27,5.51,0,0,0.27,5.99,0,0,0.27,0.04,0.0,140.0,0.27,6.47,0.0,5.0,0.27,0.02,0.0,766.0,0.27,7.45,0.0,0.0,0.27,0.01,0.0,0.0,0.26,8.43,0.0,0.0,0.26,0.01,0.0,0.0,0.28,9.42,0.0,0.0,0.29
2023-03-06 16:00:00,13.86,8.42,0,0,0.62,8.17,0,0,0.55,7.92,0,0,,7.67,0,0,,7.43,0,0,0.51,7.18,0,0,0.45,6.93,0,30,,6.68,0,0,,6.44,0,0,0.42,6.19,0,0,0.37,5.94,0,240,,5.69,0,0,,5.45,0,400,0.34,5.2,0,323,0.3,4.96,0,90,0.33,4.71,0,253,0.3,4.47,0,150,0.31,4.23,0,199,0.31,3.99,0,129,0.31,3.53,0,205,0.31,3.08,0,360,0.31,2.69,0,591,0.32,2.28,0,252,0.31,1.91,0,709,0.3,1.57,0,1279,0.29,1.29,0,2666,0.29,1.04,0,1496,0.29,0.83,0,695,0.29,0.66,7,1112,0.29,0.52,0,828,0.29,0.41,0,783,0.29,0.31,0,1341,0.28,0.24,0,448,0.28,0.19,0,422,0.29,0.14,0,372,0.28,0.11,0,222,0.28,0.08,0,0,0.28,0.06,0,0,0.28,0.01,0,30,0.5,0.01,0,20,0.48,0.01,0,75,0.46,0.01,0,69,0.44,0.01,0,5,0.41,0.01,0,110,0.39,0.01,0,0,0.38,0.01,0,33,0.36,0.01,0,148,0.34,0.01,0,0,0.32,0.02,0,180,0.34,0.03,0,130,0.34,0.04,0,414,0.34,0.05,0,131,0.33,0.06,0,361,0.33,0.08,0,214,0.33,0.1,0,164,0.33,0.12,0,65,0.32,0.15,0,362,0.32,0.22,0,127,0.32,0.3,0,782,0.31,0.41,0,224,0.3,0.55,0,561,0.29,0.72,2,648,0.29,0.92,16,545,0.28,1.16,0,414,0.28,1.43,2,1364,0.27,1.76,0,650,0.28,2.12,0,1134,0.28,2.46,0,209,0.27,2.86,0,224,0.26,3.28,0,677,0.26,3.77,0,499,0.28,4.21,0,0,0.28,4.67,0,11,0.28,5.14,0,0,0.28,5.61,0,0,0.28,6.09,0,0,0.28,0.05,0.0,140.0,0.29,6.58,0.0,5.0,0.28,0.04,0.0,766.0,0.3,7.55,0.0,0.0,0.27,0.02,0.0,0.0,0.3,8.54,0.0,0.0,0.3,0.01,0.0,0.0,0.29,9.52,0.0,0.0,0.27
2023-03-07 16:00:00,13.86,8.42,0,0,0.63,8.17,0,0,0.56,7.92,0,0,,7.67,0,0,,7.43,0,0,0.52,7.18,0,0,0.46,6.93,0,30,,6.68,0,0,,6.44,0,0,0.43,6.19,0,0,0.38,5.94,0,240,,5.69,0,0,,5.45,0,400,0.35,5.2,0,323,0.3,4.96,0,90,0.34,4.71,0,253,0.31,4.47,0,150,0.32,4.23,0,199,0.31,3.99,0,129,0.31,3.52,0,205,0.3,3.07,0,360,0.3,2.68,0,591,0.32,2.26,0,252,0.3,1.91,0,709,0.3,1.57,30,1279,0.3,1.28,0,2666,0.29,1.03,0,1496,0.29,0.82,0,695,0.29,0.65,8,1112,0.29,0.51,445,1273,0.28,0.4,10,783,0.28,0.31,0,1341,0.29,0.24,100,348,0.28,0.18,0,422,0.28,0.14,0,372,0.28,0.11,0,222,0.29,0.08,0,0,0.28,0.06,0,0,0.28,0.01,0,30,0.5,0.01,0,20,0.48,0.01,0,75,0.46,0.01,0,69,0.44,0.01,0,5,0.42,0.01,0,110,0.4,0.01,0,0,0.38,0.01,60,93,0.36,0.01,0,148,0.34,0.01,0,0,0.32,0.01,0,180,0.3,0.02,0,130,0.32,0.03,0,414,0.32,0.04,0,131,0.32,0.05,0,361,0.32,0.07,0,214,0.32,0.09,0,164,0.32,0.11,0,65,0.31,0.14,0,362,0.31,0.2,0,127,0.31,0.29,0,782,0.3,0.39,0,224,0.29,0.53,0,561,0.29,0.7,0,648,0.28,0.91,0,545,0.28,1.14,0,414,0.27,1.42,0,1364,0.27,1.74,30,680,0.27,2.09,64,1194,0.27,2.46,0,209,0.27,2.87,0,224,0.27,3.29,0,677,0.27,3.77,0,499,0.28,4.22,0,0,0.28,4.67,0,11,0.28,5.14,0,0,0.28,5.62,0,0,0.29,6.1,0,0,0.29,0.05,3.0,143.0,0.29,6.58,0.0,5.0,0.28,0.03,0.0,766.0,0.29,7.56,0.0,0.0,0.29,0.02,0.0,0.0,0.3,8.54,0.0,0.0,0.29,0.01,0.0,0.0,0.29,9.52,0.0,0.0,0.24
2023-03-08 16:00:00,13.58,8.13,0,0,,7.89,0,0,0.58,7.64,0,0,0.5,7.39,0,0,,7.14,0,0,,6.9,0,0,0.48,6.65,0,30,0.41,6.4,0,0,,6.15,0,0,,5.91,0,0,0.39,5.66,0,240,0.34,5.41,0,0,,5.17,0,400,0.35,4.92,0,323,0.31,4.67,0,90,0.27,4.43,0,253,0.3,4.19,0,150,0.31,3.95,0,199,0.31,3.71,0,129,0.3,3.25,0,205,0.3,2.88,0,360,0.34,2.44,0,591,0.32,2.04,0,252,0.31,1.69,0,709,0.3,1.38,0,1279,0.3,1.11,0,2666,0.29,0.88,0,1496,0.29,0.69,0,695,0.29,0.54,11,1112,0.28,0.42,0,1273,0.28,0.31,0,783,0.28,0.24,0,1341,0.28,0.18,0,348,0.28,0.13,0,422,0.28,0.1,0,372,0.28,0.08,0,222,0.28,0.06,0,0,0.28,0.04,0,0,0.28,0.01,0,30,0.5,0.01,0,20,0.47,0.01,0,75,0.45,0.01,0,69,0.43,0.01,0,5,0.41,0.01,0,110,0.39,0.01,30,30,0.37,0.01,0,93,0.35,0.01,0,148,0.33,0.01,0,0,0.31,0.02,0,180,0.33,0.03,0,130,0.33,0.04,0,414,0.33,0.05,0,131,0.32,0.06,0,361,0.31,0.08,0,214,0.32,0.1,0,164,0.31,0.12,0,65,0.31,0.15,0,362,0.3,0.23,0,127,0.3,0.32,0,782,0.3,0.44,1,225,0.29,0.6,20,561,0.29,0.79,0,648,0.28,1.02,0,545,0.28,1.27,0,414,0.27,1.57,0,1364,0.27,1.92,0,680,0.27,2.29,0,1194,0.27,2.65,0,209,0.26,3.07,0,224,0.26,3.5,0,677,0.25,4.0,0,499,0.28,4.46,0,0,0.28,4.92,0,11,0.27,5.4,0,0,0.28,5.88,0,0,0.28,6.36,0,0,0.27,0.03,0.0,143.0,0.28,6.85,0.0,5.0,0.27,0.02,0.0,766.0,0.29,7.83,0.0,0.0,0.26,0.01,0.0,0.0,0.28,8.82,0.0,0.0,0.29,0.01,0.0,0.0,0.3,9.81,0.0,0.0,0.31
2023-03-09 16:00:00,13.34,7.89,0,0,,7.65,0,0,0.58,7.4,0,0,0.5,7.15,0,0,,6.9,0,0,,6.66,0,0,0.47,6.41,0,30,0.41,6.16,0,0,,5.91,0,0,,5.67,0,0,0.38,5.42,0,240,0.34,5.17,0,0,,4.93,0,400,0.34,4.68,0,323,0.31,4.44,0,90,0.33,4.19,0,253,0.3,3.95,0,150,0.3,3.71,0,199,0.3,3.48,0,129,0.3,3.02,0,205,0.3,2.59,0,360,0.3,2.19,0,591,0.3,1.83,0,252,0.3,1.48,0,709,0.29,1.18,386,1665,0.28,0.94,675,3257,0.28,0.73,896,2362,0.28,0.56,0,695,0.28,0.42,0,1112,0.27,0.32,0,1273,0.27,0.23,20,783,0.27,0.17,0,1341,0.27,0.12,0,348,0.26,0.09,0,422,0.27,0.07,0,372,0.27,0.06,0,222,0.28,0.04,0,0,0.27,0.03,0,0,0.27,0.01,0,30,0.49,0.01,0,20,0.46,0.01,0,75,0.44,0.01,0,69,0.42,0.01,0,5,0.4,0.01,0,110,0.38,0.01,0,30,0.36,0.01,0,93,0.34,0.01,0,148,0.32,0.01,0,0,0.3,0.02,0,180,0.32,0.03,0,130,0.32,0.04,0,414,0.32,0.05,0,131,0.31,0.07,0,361,0.31,0.08,0,214,0.3,0.11,0,164,0.31,0.13,0,65,0.3,0.17,5,362,0.3,0.25,0,127,0.3,0.34,0,782,0.29,0.48,0,225,0.28,0.65,70,591,0.28,0.85,0,648,0.27,1.09,108,613,0.27,1.37,103,517,0.27,1.7,709,2073,0.27,2.05,0,680,0.26,2.42,0,1194,0.26,2.83,0,209,0.25,3.26,0,224,0.25,3.74,0,677,0.27,4.19,0,499,0.26,4.66,0,0,0.26,5.14,0,11,0.27,5.62,0,0,0.26,6.1,0,0,0.25,6.59,0,0,0.25,0.02,0.0,143.0,0.27,7.08,0.0,5.0,0.25,0.01,0.0,766.0,0.27,8.07,0.0,0.0,0.27,0.01,0.0,0.0,0.29,9.06,0.0,0.0,0.29,0.01,0.0,0.0,0.31,10.05,0.0,0.0,0.31
2023-03-10 16:00:00,12.98,7.53,0,0,,7.29,0,0,0.57,7.04,0,0,0.49,6.79,0,0,,6.54,0,0,,6.3,0,0,0.46,6.05,0,30,0.4,5.8,0,0,,5.55,0,0,,5.31,0,0,0.37,5.06,0,240,0.33,4.82,0,0,0.36,4.57,0,400,0.33,4.33,0,323,0.34,4.09,0,90,0.34,3.85,0,253,0.33,3.61,0,150,0.32,3.38,0,199,0.32,3.15,0,129,0.32,2.7,0,205,0.31,2.3,0,360,0.31,1.95,0,591,0.32,1.59,0,252,0.31,1.27,0,709,0.3,0.99,0,1665,0.29,0.77,2,3259,0.29,0.59,0,2362,0.28,0.44,0,695,0.28,0.33,2,1114,0.28,0.24,0,1273,0.27,0.17,1,782,0.27,0.13,0,1341,0.27,0.09,0,348,0.27,0.06,0,422,0.26,0.05,0,372,0.27,0.03,0,222,0.26,0.02,0,0,0.26,0.01,0,0,0.25,0.01,0,30,0.48,0.01,0,20,0.45,0.01,0,75,0.43,0.01,0,69,0.41,0.01,0,5,0.39,0.01,0,110,0.37,0.01,30,60,0.35,0.01,0,93,0.33,0.02,0,148,0.34,0.03,0,0,0.34,0.04,0,180,0.34,0.06,0,130,0.35,0.07,0,414,0.34,0.09,0,131,0.34,0.11,0,361,0.33,0.14,0,214,0.33,0.16,0,164,0.32,0.19,0,65,0.32,0.23,0,362,0.31,0.33,0,127,0.31,0.45,0,782,0.3,0.61,0,225,0.29,0.8,0,591,0.29,1.02,0,648,0.28,1.27,15,621,0.27,1.57,0,517,0.26,1.91,0,2073,0.26,2.29,0,680,0.26,2.7,2,1194,0.26,3.13,0,209,0.25,3.61,0,224,0.27,4.06,0,677,0.27,4.53,0,499,0.27,5.0,0,0,0.26,5.48,0,11,0.26,5.97,0,0,0.27,6.46,0,0,0.27,6.95,0,0,0.27,0.01,0.0,143.0,0.26,7.44,0.0,5.0,0.25,0.01,0.0,766.0,0.29,8.43,0.0,0.0,0.28,0.01,0.0,0.0,0.31,9.42,0.0,0.0,0.3,0.01,0.0,0.0,0.33,10.41,0.0,0.0,0.32
2023-03-13 16:00:00,13.18,7.73,0,0,,7.48,0,0,,7.24,0,0,0.54,6.99,0,0,0.47,6.74,0,0,,6.49,0,0,,6.25,0,30,0.45,6.0,0,0,0.39,5.75,0,0,,5.5,0,0,,5.26,0,240,0.37,5.01,0,0,0.32,4.76,0,400,0.23,4.52,0,323,0.32,4.28,0,90,0.33,4.03,0,253,0.3,3.8,0,150,0.32,3.56,0,199,0.31,3.33,0,129,0.32,2.92,0,205,0.34,2.49,0,360,0.33,2.07,0,591,0.31,1.72,0,252,0.31,1.4,0,709,0.3,1.12,0,1665,0.3,0.88,0,3259,0.29,0.68,0,2362,0.29,0.52,0,695,0.28,0.4,4,1114,0.28,0.29,0,1273,0.28,0.22,0,782,0.28,0.16,0,1341,0.28,0.12,0,348,0.28,0.08,0,422,0.27,0.06,0,372,0.27,0.05,0,222,0.28,0.04,0,0,0.28,0.03,0,0,0.29,0.01,0,30,0.49,0.01,0,20,0.46,0.01,0,75,0.44,0.01,0,69,0.42,0.01,0,5,0.4,0.01,0,110,0.38,0.01,0,60,0.36,0.01,0,93,0.34,0.01,0,148,0.32,0.02,0,0,0.33,0.03,0,180,0.34,0.04,0,130,0.33,0.05,0,414,0.33,0.07,0,131,0.33,0.09,0,361,0.33,0.11,0,214,0.32,0.14,0,164,0.32,0.17,0,65,0.32,0.21,0,362,0.32,0.29,0,127,0.31,0.4,0,782,0.3,0.55,0,225,0.3,0.73,0,591,0.29,0.94,0,648,0.28,1.19,0,621,0.28,1.48,0,517,0.27,1.82,0,2073,0.27,2.18,0,680,0.27,2.56,2,1194,0.26,2.97,0,209,0.26,3.45,0,224,0.28,3.9,0,677,0.28,4.35,0,499,0.27,4.82,0,0,0.27,5.3,0,11,0.27,5.78,0,0,0.27,6.27,0,0,0.27,6.76,0,0,0.27,0.02,0.0,143.0,0.28,7.25,0.0,5.0,0.27,0.01,0.0,766.0,0.28,8.24,0.0,0.0,0.29,0.01,0.0,0.0,0.3,9.22,0.0,0.0,,0.01,0.0,0.0,0.32,10.21,0.0,0.0,
2023-03-14 16:00:00,12.64,7.19,0,0,,6.94,0,0,,6.7,0,0,0.53,6.45,0,0,0.46,6.2,0,0,,5.95,0,0,,5.71,0,30,0.43,5.46,0,0,0.38,5.21,0,0,,4.97,0,0,0.38,4.72,0,240,0.34,4.47,0,0,0.3,4.23,0,400,0.33,3.99,0,323,0.33,3.75,0,90,0.33,3.51,0,253,0.32,3.28,0,150,0.32,3.05,0,199,0.32,2.85,0,129,0.34,2.42,0,205,0.33,2.01,0,360,0.31,1.66,0,591,0.31,1.33,10,257,0.3,1.06,0,709,0.3,0.84,0,1665,0.3,0.65,0,3259,0.3,0.5,0,2362,0.3,0.38,0,695,0.29,0.28,4,1114,0.29,0.21,0,1273,0.29,0.15,0,782,0.29,0.11,0,1341,0.28,0.08,0,348,0.29,0.06,0,422,0.29,0.04,0,372,0.28,0.03,0,222,0.28,0.02,0,0,0.28,0.01,0,0,0.27,0.01,0,30,0.47,0.01,0,20,0.44,0.01,0,75,0.42,0.01,0,69,0.4,0.01,30,35,0.38,0.01,0,110,0.35,0.01,0,60,0.33,0.02,0,93,0.35,0.03,0,148,0.35,0.04,0,0,0.35,0.05,0,180,0.34,0.07,0,130,0.34,0.09,0,414,0.34,0.11,0,131,0.34,0.14,0,361,0.34,0.17,0,214,0.33,0.21,0,164,0.33,0.25,0,65,0.33,0.3,0,362,0.32,0.4,0,127,0.31,0.55,0,782,0.3,0.73,0,225,0.3,0.95,0,591,0.29,1.21,0,648,0.29,1.51,0,621,0.29,1.86,0,517,0.29,2.23,0,2073,0.29,2.61,0,680,0.28,3.03,0,1194,0.28,3.48,0,209,0.28,3.93,0,224,0.28,4.4,0,677,0.29,4.87,0,499,0.29,5.34,0,0,0.28,5.83,0,11,0.28,6.31,0,0,0.27,6.8,0,0,0.26,7.29,0,0,0.24,0.01,0.0,143.0,0.28,7.79,0.0,5.0,0.29,0.01,0.0,766.0,0.3,8.78,0.0,0.0,0.31,0.01,0.0,0.0,0.33,9.77,0.0,0.0,0.33,0.01,0.0,0.0,0.35,10.76,0.0,0.0,0.34
2023-03-15 16:00:00,13.08,7.63,0,0,,7.38,0,0,,7.14,0,0,0.55,6.89,0,0,0.48,6.64,0,0,,6.39,0,0,,6.15,0,30,0.45,5.9,0,0,0.4,5.65,0,0,0.31,5.4,0,0,,5.16,0,240,0.37,4.91,0,0,0.33,4.66,0,400,0.27,4.42,0,323,0.33,4.18,0,90,0.33,3.94,0,253,0.33,3.7,0,150,0.32,3.46,0,199,0.31,3.23,0,129,0.31,2.86,0,205,0.36,2.42,0,360,0.33,2.02,0,591,0.32,1.66,0,257,0.31,1.34,0,709,0.31,1.06,0,1665,0.3,0.83,0,3259,0.29,0.64,0,2362,0.29,0.5,0,695,0.29,0.38,8,1114,0.29,0.28,0,1273,0.29,0.21,0,782,0.28,0.16,0,1341,0.28,0.12,0,348,0.29,0.09,0,422,0.29,0.06,0,372,0.28,0.05,0,222,0.29,0.04,0,0,0.29,0.03,0,0,0.29,0.01,0,30,0.48,0.01,0,20,0.46,0.01,0,75,0.44,0.01,0,69,0.42,0.01,0,35,0.39,0.01,0,110,0.37,0.01,0,60,0.35,0.01,0,93,0.33,0.02,0,148,0.35,0.03,0,0,0.35,0.04,0,180,0.35,0.05,0,130,0.34,0.06,0,414,0.34,0.08,3,128,0.34,0.1,0,361,0.33,0.12,0,214,0.33,0.15,0,164,0.32,0.18,0,65,0.32,0.22,0,362,0.32,0.31,0,127,0.31,0.43,0,782,0.3,0.58,0,225,0.3,0.77,0,591,0.29,0.99,10,638,0.29,1.24,2,621,0.28,1.53,0,517,0.27,1.87,0,2073,0.27,2.24,0,680,0.27,2.62,0,1194,0.26,3.04,0,209,0.25,3.54,0,224,0.28,3.99,0,677,0.28,4.46,0,499,0.28,4.93,0,0,0.28,5.4,0,11,0.28,5.89,0,0,0.28,6.37,0,0,0.27,6.86,0,0,0.27,0.02,0.0,143.0,0.29,7.35,0.0,5.0,0.26,0.01,0.0,766.0,0.29,8.34,0.0,0.0,0.28,0.01,0.0,0.0,0.31,9.33,0.0,0.0,0.3,0.01,0.0,0.0,0.33,10.32,0.0,0.0,0.32
2023-03-16 16:00:00,12.82,7.37,0,0,,7.12,0,0,,6.88,0,0,0.54,6.63,0,0,0.48,6.38,0,0,,6.13,0,0,,5.89,0,30,0.45,5.64,0,0,0.4,5.39,0,0,0.33,5.14,0,0,,4.9,0,240,0.36,4.65,0,0,0.32,4.41,0,400,0.34,4.17,0,323,0.35,3.92,0,90,0.32,3.69,0,253,0.34,3.45,0,150,0.32,3.22,0,199,0.32,2.99,0,129,0.32,2.6,0,205,0.34,2.19,0,360,0.33,1.8,0,591,0.31,1.47,0,257,0.31,1.17,0,709,0.3,0.92,0,1665,0.3,0.72,0,3259,0.3,0.55,0,2362,0.29,0.41,0,695,0.29,0.31,8,1114,0.29,0.23,0,1273,0.29,0.17,0,782,0.28,0.12,0,1341,0.28,0.08,0,348,0.28,0.06,0,422,0.28,0.05,0,372,0.29,0.03,0,222,0.28,0.02,0,0,0.27,0.01,0,0,0.26,0.01,0,30,0.48,0.01,0,20,0.45,0.01,0,75,0.43,0.01,0,69,0.41,0.01,0,35,0.39,0.01,0,110,0.36,0.01,0,60,0.34,0.02,0,93,0.36,0.03,0,148,0.36,0.04,0,0,0.36,0.05,0,180,0.35,0.06,0,130,0.34,0.08,0,414,0.35,0.1,0,128,0.34,0.12,6,355,0.33,0.15,0,214,0.33,0.18,0,164,0.33,0.22,0,65,0.32,0.27,0,362,0.32,0.36,0,127,0.31,0.5,0,782,0.31,0.67,0,225,0.3,0.87,0,591,0.29,1.11,0,638,0.29,1.39,0,621,0.28,1.71,0,517,0.28,2.07,0,2073,0.28,2.43,0,680,0.26,2.83,0,1194,0.26,3.28,0,209,0.26,3.77,0,224,0.28,4.22,0,677,0.28,4.69,0,499,0.28,5.17,0,0,0.28,5.65,0,11,0.27,6.14,0,0,0.28,6.62,0,0,0.25,7.12,0,0,0.28,0.01,0.0,143.0,0.27,7.61,0.0,5.0,0.27,0.01,0.0,766.0,0.3,8.6,0.0,0.0,0.29,0.01,0.0,0.0,0.32,9.59,0.0,0.0,0.31,0.01,0.0,0.0,0.34,10.58,0.0,0.0,0.32
2023-03-17 16:00:00,13.2,7.75,0,0,0.49,7.5,0,0,,7.25,0,0,,7.01,0,0,0.52,6.76,0,0,0.45,6.51,0,0,,6.26,0,30,,6.02,0,0,0.43,5.77,0,0,0.38,5.52,0,0,,5.27,0,240,,5.03,0,0,0.36,4.78,0,400,0.32,4.54,0,323,0.34,4.29,0,90,0.31,4.05,0,253,0.32,3.81,0,150,0.32,3.58,0,199,0.33,3.34,0,129,0.31,2.97,0,205,0.37,2.54,0,360,0.35,2.13,0,591,0.33,1.76,0,257,0.32,1.42,0,709,0.31,1.13,0,1665,0.3,0.89,0,3259,0.3,0.7,1,2363,0.29,0.54,0,695,0.29,0.41,8,1114,0.29,0.32,0,1273,0.29,0.24,10,782,0.29,0.18,0,1341,0.29,0.14,0,348,0.29,0.1,0,422,0.29,0.08,20,372,0.29,0.06,0,222,0.29,0.04,0,0,0.29,0.03,0,0,0.29,0.01,0,30,0.49,0.01,0,20,0.47,0.01,0,75,0.44,0.01,0,69,0.42,0.01,0,35,0.4,0.01,0,110,0.38,0.01,0,60,0.36,0.01,0,93,0.34,0.01,0,148,0.32,0.02,0,0,0.34,0.03,0,180,0.34,0.04,0,130,0.34,0.05,0,414,0.33,0.07,0,128,0.33,0.09,0,355,0.33,0.11,0,214,0.33,0.14,0,164,0.33,0.17,0,65,0.32,0.21,0,362,0.32,0.29,0,127,0.31,0.4,0,782,0.3,0.55,0,225,0.3,0.73,0,591,0.3,0.94,0,638,0.29,1.19,0,621,0.28,1.47,0,517,0.28,1.8,0,2073,0.27,2.15,0,680,0.27,2.53,0,1194,0.26,2.93,0,209,0.25,3.45,0,224,0.29,3.9,0,677,0.29,4.36,0,499,0.29,4.82,0,0,0.28,5.3,0,11,0.29,5.78,0,0,0.29,6.26,0,0,0.28,6.75,0,0,0.28,0.02,0.0,143.0,0.28,7.24,0.0,5.0,0.28,0.01,0.0,766.0,0.28,8.23,0.0,0.0,0.3,0.01,0.0,0.0,0.3,9.21,0.0,0.0,,0.01,0.0,0.0,0.33,10.2,0.0,0.0,
2023-03-20 16:00:00,12.96,7.51,0,0,0.54,7.26,0,0,,7.01,0,0,,6.77,0,0,0.53,6.52,0,0,0.47,6.27,0,0,,6.02,0,30,,5.78,0,0,0.44,5.53,0,0,0.39,5.28,0,0,0.33,5.04,0,240,0.39,4.79,0,0,0.35,4.55,0,400,0.37,4.31,0,323,0.37,4.06,0,90,0.34,3.83,0,253,0.35,3.59,0,150,0.34,3.36,0,199,0.34,3.13,0,129,0.34,2.78,0,205,0.38,2.35,0,360,0.36,1.96,0,591,0.34,1.6,0,257,0.33,1.28,0,709,0.32,1.01,0,1665,0.31,0.79,0,3259,0.3,0.61,0,2363,0.3,0.46,0,695,0.29,0.35,8,1114,0.29,0.25,0,1273,0.29,0.18,0,782,0.28,0.13,0,1341,0.28,0.09,0,348,0.28,0.07,0,422,0.28,0.05,0,372,0.28,0.03,0,222,0.27,0.02,0,0,0.27,0.01,0,0,0.26,0.01,0,30,0.49,0.01,0,20,0.46,0.01,0,75,0.44,0.01,0,69,0.42,0.01,0,35,0.4,0.01,0,110,0.37,0.01,0,60,0.35,0.02,0,93,0.37,0.03,0,148,0.37,0.04,0,0,0.37,0.05,0,180,0.36,0.07,0,130,0.37,0.09,0,414,0.37,0.11,0,128,0.36,0.13,0,355,0.35,0.16,0,214,0.35,0.19,0,164,0.35,0.23,0,65,0.34,0.27,0,362,0.34,0.37,0,127,0.33,0.5,0,782,0.32,0.66,0,225,0.31,0.85,102,489,0.31,1.07,1,637,0.3,1.32,0,621,0.29,1.62,0,517,0.28,1.96,0,2073,0.27,2.32,0,680,0.27,2.71,0,1194,0.26,3.14,0,209,0.25,3.65,0,224,0.28,4.1,0,677,0.28,4.56,0,499,0.27,5.04,0,0,0.28,5.52,0,11,0.28,6.0,0,0,0.26,6.49,0,0,0.26,6.98,0,0,0.24,0.01,0.0,143.0,0.27,7.48,0.0,5.0,0.28,0.01,0.0,766.0,0.3,8.46,0.0,0.0,,0.01,0.0,0.0,0.32,9.46,0.0,0.0,0.32,0.01,0.0,0.0,0.34,10.45,0.0,0.0,0.33
2023-03-21 16:00:00,12.96,7.51,0,0,0.56,7.26,0,0,,7.01,0,0,,6.77,0,0,0.53,6.52,0,0,0.47,6.27,0,0,0.36,6.02,0,30,,5.77,0,0,,5.53,0,0,0.4,5.28,0,0,0.34,5.03,0,240,,4.79,0,0,0.36,4.54,0,400,0.32,4.3,0,323,0.34,4.06,0,90,0.34,3.82,0,253,0.34,3.59,0,150,0.34,3.35,0,199,0.33,3.12,0,129,0.33,2.72,0,205,0.35,2.29,0,360,0.33,1.9,0,591,0.32,1.55,0,257,0.31,1.25,0,709,0.31,1.0,0,1665,0.31,0.78,0,3259,0.3,0.6,0,2363,0.3,0.46,0,695,0.3,0.35,0,1114,0.29,0.26,0,1273,0.29,0.19,0,782,0.29,0.14,0,1341,0.29,0.1,0,348,0.28,0.07,0,422,0.28,0.05,0,372,0.28,0.04,0,222,0.29,0.03,0,0,0.29,0.02,0,0,0.28,0.01,0,30,0.49,0.01,0,20,0.46,0.01,0,75,0.44,0.01,0,69,0.42,0.01,0,35,0.4,0.01,0,110,0.38,0.01,0,60,0.35,0.01,0,93,0.33,0.02,0,148,0.35,0.03,0,0,0.35,0.04,0,180,0.35,0.06,0,130,0.36,0.07,0,414,0.35,0.09,0,128,0.34,0.11,0,355,0.34,0.14,0,214,0.34,0.17,0,164,0.33,0.21,0,65,0.33,0.26,0,362,0.33,0.36,0,127,0.32,0.48,0,782,0.31,0.64,0,225,0.31,0.83,0,489,0.3,1.06,0,637,0.29,1.33,0,621,0.29,1.65,0,517,0.29,2.0,0,2073,0.29,2.37,0,680,0.28,2.77,0,1194,0.28,3.2,0,209,0.28,3.65,0,224,0.28,4.11,0,677,0.29,4.57,0,499,0.28,5.04,0,0,0.28,5.52,0,11,0.27,6.01,0,0,0.28,6.5,0,0,0.29,6.99,0,0,0.29,0.01,0.0,143.0,0.27,7.48,0.0,5.0,0.28,0.01,0.0,766.0,0.3,8.47,0.0,0.0,0.3,0.01,0.0,0.0,0.32,9.46,0.0,0.0,0.31,0.01,0.0,0.0,0.34,10.45,0.0,0.0,0.33
2023-03-22 16:00:00,13.12,7.67,0,0,0.6,7.42,0,0,0.47,7.17,0,0,,6.92,0,0,,6.68,0,0,0.51,6.43,0,0,0.44,6.18,0,30,,5.93,0,0,,5.69,0,0,0.42,5.44,0,0,0.38,5.19,0,240,0.31,4.94,0,0,,4.7,0,400,0.34,4.46,0,323,0.36,4.21,0,90,0.33,3.97,0,253,0.33,3.73,0,150,0.33,3.5,0,199,0.33,3.26,0,129,0.32,2.86,0,205,0.35,2.43,0,360,0.33,2.01,0,591,0.31,1.64,0,257,0.31,1.32,0,709,0.3,1.04,0,1665,0.29,0.83,0,3259,0.3,0.64,0,2363,0.29,0.48,6,689,0.29,0.36,0,1114,0.28,0.26,0,1273,0.28,0.19,0,782,0.28,0.13,0,1341,0.27,0.1,0,348,0.28,0.07,0,422,0.27,0.05,0,372,0.27,0.03,0,222,0.27,0.02,0,0,0.26,0.01,0,0,0.25,0.01,0,30,0.5,0.01,0,20,0.47,0.01,0,75,0.45,0.01,0,69,0.42,0.01,0,35,0.4,0.01,0,110,0.38,0.01,0,60,0.36,0.01,0,93,0.34,0.01,0,148,0.32,0.02,0,0,0.34,0.03,0,180,0.34,0.04,0,130,0.34,0.06,0,414,0.34,0.07,0,128,0.33,0.09,0,355,0.33,0.11,0,214,0.33,0.14,0,164,0.33,0.17,0,65,0.32,0.21,0,362,0.32,0.31,0,127,0.32,0.42,0,782,0.31,0.57,3,228,0.3,0.75,0,489,0.3,0.96,0,637,0.29,1.23,0,621,0.29,1.54,0,517,0.29,1.87,0,2073,0.28,2.25,0,680,0.28,2.61,0,1194,0.27,3.03,0,209,0.26,3.49,0,224,0.27,3.94,0,677,0.27,4.41,0,499,0.27,4.88,0,0,0.27,5.36,0,11,0.26,5.85,0,0,0.27,6.34,0,0,0.27,6.83,0,0,0.27,0.01,0.0,143.0,0.27,7.32,0.0,5.0,0.24,0.01,0.0,766.0,0.29,8.31,0.0,0.0,0.25,0.01,0.0,0.0,0.31,9.3,0.0,0.0,,0.01,0.0,0.0,0.33,10.29,0.0,0.0,
2023-03-23 16:00:00,13.3,7.85,0,0,0.61,7.6,0,0,0.5,7.35,0,0,,7.1,0,0,,6.86,0,0,0.52,6.61,0,0,0.46,6.36,0,30,,6.11,0,0,,5.87,0,0,0.43,5.62,0,0,0.39,5.37,0,240,0.33,5.12,0,0,,4.88,0,400,0.36,4.63,0,323,0.32,4.39,0,90,0.34,4.14,0,253,0.31,3.9,0,150,0.32,3.67,0,199,0.33,3.43,0,129,0.32,2.97,0,205,0.31,2.57,0,360,0.33,2.17,0,591,0.32,1.8,0,257,0.32,1.46,0,709,0.31,1.16,0,1665,0.3,0.9,0,3259,0.29,0.7,0,2363,0.29,0.53,0,689,0.28,0.4,8,1114,0.28,0.29,0,1273,0.28,0.21,0,782,0.27,0.15,0,1341,0.27,0.11,0,348,0.27,0.08,0,422,0.27,0.05,0,372,0.27,0.04,0,222,0.27,0.03,0,0,0.27,0.02,0,0,0.27,0.01,0,30,0.5,0.01,0,20,0.48,0.01,0,75,0.46,0.01,0,69,0.43,0.01,0,35,0.41,0.01,0,110,0.39,0.01,0,60,0.37,0.01,0,93,0.35,0.01,0,148,0.33,0.02,0,0,0.35,0.03,0,180,0.35,0.04,0,130,0.35,0.05,0,414,0.34,0.07,0,128,0.34,0.08,0,355,0.33,0.1,0,214,0.33,0.13,0,164,0.33,0.16,0,65,0.33,0.19,0,362,0.32,0.28,0,127,0.32,0.37,0,782,0.3,0.51,0,228,0.3,0.68,0,489,0.29,0.88,0,637,0.29,1.12,0,621,0.28,1.39,0,517,0.27,1.7,17,2090,0.27,2.08,0,680,0.27,2.46,0,1194,0.26,2.87,0,209,0.26,3.29,0,224,0.25,3.78,0,677,0.27,4.24,0,499,0.27,4.71,0,0,0.27,5.19,0,11,0.27,5.67,0,0,0.26,6.16,0,0,0.26,6.65,0,0,0.26,0.01,0.0,143.0,0.26,7.14,0.0,5.0,0.22,0.01,0.0,766.0,0.28,8.13,0.0,0.0,,0.01,0.0,0.0,0.31,9.12,0.0,0.0,,0.01,0.0,0.0,0.33,10.11,0.0,0.0,
2023-03-24 16:00:00,13.06,7.61,0,0,0.61,7.36,0,0,0.52,7.11,0,0,,6.86,0,0,,6.62,0,0,0.51,6.37,0,0,0.46,6.12,0,30,,5.87,0,0,,5.62,0,0,,5.38,0,0,0.39,5.13,0,240,0.33,4.88,0,0,,4.64,0,400,0.35,4.39,0,323,0.31,4.15,0,90,0.33,3.91,0,253,0.33,3.67,0,150,0.33,3.43,0,199,0.32,3.24,0,129,0.36,2.78,0,205,0.33,2.36,0,360,0.33,1.99,0,591,0.33,1.6,0,257,0.31,1.29,0,709,0.3,1.01,0,1665,0.3,0.78,0,3259,0.29,0.6,1,2363,0.29,0.45,0,689,0.29,0.34,8,1114,0.28,0.25,0,1273,0.28,0.18,0,782,0.28,0.13,0,1341,0.28,0.09,0,348,0.27,0.07,0,422,0.28,0.05,0,372,0.28,0.03,0,222,0.27,0.02,0,0,0.27,0.01,0,0,0.26,0.01,0,30,0.5,0.01,0,20,0.47,0.01,0,75,0.45,0.01,0,69,0.42,0.01,0,35,0.4,0.01,0,110,0.38,0.01,0,60,0.36,0.01,0,93,0.34,0.01,0,148,0.32,0.02,0,0,0.34,0.03,0,180,0.34,0.04,0,130,0.34,0.05,0,414,0.33,0.07,0,128,0.33,0.09,0,355,0.33,0.11,0,214,0.32,0.14,0,164,0.32,0.17,0,65,0.32,0.21,0,362,0.32,0.31,0,127,0.31,0.42,0,782,0.3,0.57,0,228,0.3,0.75,0,489,0.29,0.97,0,637,0.28,1.23,0,621,0.28,1.52,0,517,0.27,1.86,0,2090,0.27,2.24,0,680,0.27,2.61,0,1194,0.25,3.03,0,209,0.24,3.55,0,224,0.28,4.0,0,677,0.27,4.47,0,499,0.27,4.94,0,0,0.27,5.42,0,11,0.26,5.91,0,0,0.27,6.4,0,0,0.27,6.89,0,0,0.26,0.01,0.0,143.0,0.27,7.38,0.0,5.0,,0.01,0.0,766.0,0.29,8.37,0.0,0.0,,0.01,0.0,0.0,0.32,9.36,0.0,0.0,,0.01,0.0,0.0,0.34,10.35,0.0,0.0,
2023-03-27 16:00:00,12.92,7.47,0,0,0.63,7.22,0,0,0.57,6.97,0,0,0.46,6.72,0,0,,6.47,0,0,,6.23,0,0,0.48,5.98,0,30,0.43,5.73,0,0,,5.48,0,0,,5.24,0,0,0.4,4.99,0,240,0.36,4.74,0,0,0.32,4.5,0,400,0.36,4.25,0,323,0.33,4.01,0,90,0.33,3.77,0,253,0.33,3.53,0,150,0.33,3.3,0,199,0.33,3.07,0,129,0.33,2.66,0,205,0.34,2.22,0,360,0.32,1.84,0,591,0.32,1.51,0,257,0.32,1.2,0,709,0.31,0.93,0,1665,0.3,0.72,0,3259,0.3,0.54,1,2364,0.29,0.41,50,689,0.29,0.3,0,1114,0.29,0.22,0,1273,0.28,0.16,0,782,0.28,0.11,0,1341,0.28,0.08,0,348,0.28,0.06,0,422,0.28,0.04,0,372,0.28,0.03,0,222,0.28,0.02,0,0,0.28,0.01,0,0,0.27,0.01,0,30,0.49,0.01,0,20,0.47,0.01,0,75,0.45,0.01,0,69,0.42,0.01,0,35,0.4,0.01,0,110,0.38,0.01,0,60,0.36,0.01,0,93,0.34,0.02,0,148,0.35,0.03,0,0,0.36,0.04,0,180,0.35,0.05,0,130,0.35,0.07,0,414,0.35,0.09,0,128,0.35,0.11,0,355,0.34,0.14,0,214,0.34,0.17,0,164,0.34,0.2,0,65,0.33,0.25,0,362,0.33,0.34,0,127,0.32,0.46,0,782,0.31,0.62,50,273,0.3,0.82,0,489,0.3,1.04,0,637,0.29,1.31,0,621,0.28,1.62,0,517,0.28,1.98,0,2090,0.28,2.36,0,680,0.27,2.77,0,1194,0.27,3.18,0,209,0.25,3.67,0,224,0.28,4.13,0,677,0.27,4.6,0,499,0.27,5.08,0,0,0.27,5.56,0,11,0.26,6.05,0,0,0.26,6.54,0,0,0.26,7.03,0,0,,0.01,0.0,143.0,0.28,7.53,0.0,5.0,0.27,0.01,0.0,766.0,0.3,8.52,0.0,0.0,0.29,0.01,0.0,0.0,0.33,9.51,0.0,0.0,0.28,0.01,0.0,0.0,0.35,10.5,0.0,0.0,
2023-03-28 16:00:00,13.12,7.67,0,0,0.65,7.42,0,0,0.59,7.17,0,0,0.49,6.92,0,0,,6.67,0,0,,6.43,0,0,0.5,6.18,0,30,0.45,5.93,0,0,0.36,5.68,0,0,,5.43,0,0,,5.19,0,240,0.38,4.94,0,0,0.33,4.7,0,400,0.37,4.45,0,323,0.34,4.21,0,90,0.35,3.96,0,253,0.32,3.73,0,150,0.34,3.49,0,199,0.33,3.26,0,129,0.33,2.84,0,205,0.35,2.41,0,360,0.33,1.99,0,591,0.31,1.61,0,257,0.3,1.29,0,709,0.3,1.02,0,1665,0.29,0.79,0,3259,0.29,0.6,0,2364,0.29,0.45,0,689,0.28,0.34,43,1114,0.28,0.25,0,1273,0.28,0.18,0,782,0.28,0.13,0,1341,0.28,0.09,0,348,0.27,0.06,0,422,0.27,0.05,0,372,0.28,0.03,0,222,0.27,0.02,0,0,0.27,0.01,0,0,0.26,0.01,0,30,0.5,0.01,0,20,0.48,0.01,0,75,0.45,0.01,0,69,0.43,0.01,0,35,0.41,0.01,0,110,0.39,0.01,0,60,0.37,0.01,0,93,0.35,0.02,0,148,0.36,0.03,0,0,0.37,0.04,0,180,0.36,0.05,0,130,0.36,0.06,0,414,0.35,0.08,0,128,0.35,0.1,0,355,0.35,0.12,0,214,0.34,0.15,0,164,0.34,0.18,0,65,0.33,0.21,0,362,0.32,0.3,0,127,0.32,0.41,0,782,0.31,0.56,0,273,0.3,0.73,0,489,0.29,0.94,0,637,0.29,1.21,10,621,0.28,1.5,0,517,0.28,1.85,0,2090,0.28,2.23,0,680,0.28,2.58,0,1194,0.26,3.01,0,209,0.26,3.49,0,224,0.27,3.94,0,677,0.27,4.41,0,499,0.27,4.89,0,0,0.27,5.37,0,11,0.27,5.85,0,0,0.25,6.34,0,0,0.24,6.84,0,0,0.28,0.01,0.0,143.0,0.27,7.33,0.0,5.0,0.26,0.01,0.0,766.0,0.3,8.32,0.0,0.0,0.27,0.01,0.0,0.0,0.32,9.31,0.0,0.0,,0.01,0.0,0.0,0.34,10.3,0.0,0.0,
2023-03-29 16:00:00,13.16,7.71,0,0,0.65,7.46,0,0,0.59,7.21,0,0,0.51,6.96,0,0,,6.71,0,0,,6.47,0,0,0.5,6.22,0,30,0.45,5.97,0,0,0.38,5.72,0,0,,5.48,0,0,0.42,5.23,0,240,0.38,4.98,0,0,0.34,4.74,0,400,0.38,4.49,0,323,0.34,4.25,0,90,0.35,4.01,0,253,0.35,3.77,0,150,0.34,3.53,0,199,0.34,3.3,0,129,0.33,2.81,0,205,0.29,2.38,0,360,0.3,2.08,0,591,0.34,1.64,0,257,0.3,1.31,0,709,0.3,1.04,0,1665,0.29,0.81,0,3259,0.29,0.63,0,2364,0.29,0.48,0,689,0.29,0.36,0,1114,0.29,0.27,0,1273,0.29,0.2,0,782,0.29,0.15,0,1341,0.29,0.11,0,348,0.29,0.08,0,422,0.29,0.06,0,372,0.29,0.04,0,222,0.28,0.03,0,0,0.29,0.02,0,0,0.28,0.01,0,30,0.51,0.01,0,20,0.48,0.01,0,75,0.46,0.01,0,69,0.43,0.01,0,35,0.41,0.01,0,110,0.39,0.01,0,60,0.37,0.01,0,93,0.35,0.02,0,148,0.37,0.03,0,0,0.37,0.04,0,180,0.37,0.05,0,130,0.36,0.07,0,414,0.36,0.09,3,128,0.36,0.11,0,355,0.36,0.13,0,214,0.35,0.16,0,164,0.35,0.18,0,65,0.34,0.22,0,362,0.33,0.31,0,127,0.33,0.42,0,782,0.32,0.56,0,273,0.31,0.73,0,489,0.3,0.94,0,637,0.29,1.19,20,631,0.28,1.48,0,517,0.28,1.83,0,2090,0.28,2.21,0,680,0.28,2.59,0,1194,0.27,3.01,0,209,0.27,3.47,0,224,0.28,3.92,0,677,0.28,4.39,0,499,0.28,4.86,0,0,0.28,5.34,0,11,0.28,5.82,0,0,0.27,6.31,0,0,0.28,6.8,0,0,0.27,0.01,0.0,143.0,0.27,7.29,0.0,5.0,0.25,0.01,0.0,766.0,0.29,8.28,0.0,0.0,0.24,0.01,0.0,0.0,0.32,9.27,0.0,0.0,,0.01,0.0,0.0,0.34,10.26,0.0,0.0,
2023-03-30 16:00:00,12.42,6.96,0,0,,6.72,0,0,0.57,6.47,0,0,0.51,6.22,0,0,,5.97,0,0,,5.72,0,0,,5.48,0,30,0.43,5.23,0,0,0.38,4.98,0,0,,4.74,0,0,0.39,4.49,0,240,0.36,4.24,0,0,0.32,4.0,0,400,0.34,3.76,0,323,0.34,3.52,0,90,0.34,3.29,0,253,0.34,3.05,0,150,0.33,2.83,0,199,0.33,2.66,0,129,0.36,2.23,0,205,0.34,1.8,0,360,0.31,1.44,0,591,0.3,1.14,2,259,0.3,0.88,0,709,0.3,0.67,0,1665,0.29,0.51,0,3259,0.29,0.37,20,2384,0.29,0.27,2,689,0.28,0.2,0,1114,0.28,0.14,0,1273,0.28,0.1,12,790,0.28,0.07,0,1341,0.28,0.05,0,348,0.28,0.03,30,392,0.27,0.02,0,372,0.27,0.01,0,222,0.26,0.01,0,0,0.27,0.01,0,0,0.29,0.01,120,120,0.48,0.01,0,20,0.45,0.01,0,75,0.43,0.01,0,69,0.41,0.01,0,35,0.38,0.01,90,170,0.36,0.02,30,90,0.38,0.03,0,93,0.38,0.04,0,148,0.38,0.05,0,0,0.37,0.06,0,180,0.36,0.08,0,130,0.36,0.1,0,414,0.36,0.12,0,128,0.35,0.15,10,356,0.35,0.18,0,214,0.34,0.21,0,164,0.33,0.25,0,65,0.33,0.3,2,362,0.32,0.42,2,127,0.31,0.57,0,782,0.31,0.75,0,273,0.3,0.97,60,477,0.29,1.24,2,637,0.28,1.56,0,631,0.28,1.92,10,527,0.28,2.31,0,2090,0.28,2.72,0,680,0.28,3.11,0,1194,0.25,3.61,0,209,0.28,4.07,0,224,0.28,4.54,0,677,0.27,5.02,0,499,0.27,5.51,0,0,0.27,6.0,0,11,0.27,6.49,0,0,0.27,6.98,0,0,,7.48,0,0,0.28,0.01,0.0,143.0,0.3,7.97,0.0,5.0,,0.01,0.0,766.0,0.33,8.96,0.0,0.0,,0.01,0.0,0.0,0.35,9.96,0.0,0.0,0.34,0.01,0.0,0.0,0.37,10.95,0.0,0.0,0.34
2023-03-31 16:00:00,12.9,7.44,0,0,,7.2,0,0,0.6,6.95,0,0,0.54,6.7,0,0,0.43,6.45,0,0,,6.2,0,0,,5.96,0,30,0.46,5.71,0,0,0.41,5.46,0,0,0.33,5.21,0,0,,4.97,0,240,0.39,4.72,0,0,0.35,4.47,0,400,0.31,4.23,0,323,0.34,3.99,0,90,0.34,3.75,0,253,0.34,3.51,0,150,0.33,3.27,0,199,0.32,3.05,0,129,0.33,2.68,0,205,0.37,2.25,0,360,0.35,1.86,0,591,0.33,1.51,0,259,0.32,1.2,0,709,0.31,0.94,2,1666,0.3,0.73,3,3259,0.3,0.56,113,2384,0.3,0.43,0,689,0.3,0.33,362,1179,0.3,0.25,118,1273,0.3,0.18,0,790,0.29,0.14,0,1341,0.3,0.1,0,348,0.29,0.08,0,392,0.3,0.06,0,372,0.3,0.04,0,222,0.29,0.03,0,0,0.3,0.02,0,0,0.29,0.01,0,120,0.5,0.01,0,20,0.48,0.01,0,75,0.45,0.01,0,69,0.43,0.01,0,35,0.41,0.01,0,170,0.39,0.01,0,90,0.36,0.01,0,93,0.34,0.02,0,148,0.36,0.03,0,0,0.36,0.04,0,180,0.36,0.05,0,130,0.35,0.06,0,414,0.34,0.08,0,128,0.34,0.1,0,356,0.34,0.12,0,214,0.33,0.15,0,164,0.33,0.19,0,65,0.33,0.23,13,349,0.33,0.32,0,127,0.32,0.45,0,782,0.31,0.61,0,273,0.31,0.8,278,619,0.3,1.03,160,537,0.29,1.29,139,661,0.28,1.6,0,527,0.28,1.96,0,2090,0.28,2.32,0,680,0.27,2.73,0,1194,0.27,3.16,0,209,0.26,3.66,0,224,0.29,4.12,0,677,0.29,4.59,0,499,0.29,5.06,0,0,0.29,5.54,0,11,0.29,6.03,0,0,0.29,6.52,0,0,0.3,7.01,0,0,0.3,0.01,0.0,143.0,0.28,7.5,0.0,5.0,0.29,0.01,0.0,766.0,0.3,8.49,0.0,0.0,0.31,0.01,0.0,0.0,0.33,9.48,0.0,0.0,0.31,0.01,0.0,0.0,0.35,10.47,0.0,0.0,0.31
2023-04-03 16:00:00,12.94,7.48,0,0,,7.23,0,0,,6.99,0,0,0.58,6.74,0,0,0.51,6.49,0,0,0.39,6.24,0,0,,5.99,0,30,,5.75,0,0,0.45,5.5,0,0,0.4,5.25,0,0,0.33,5.0,0,240,,4.76,0,0,0.37,4.51,0,400,0.34,4.26,0,323,0.3,4.02,0,90,0.33,3.78,0,253,0.33,3.54,0,150,0.32,3.31,0,199,0.33,3.07,0,129,0.32,2.69,0,205,0.36,2.27,0,360,0.34,1.86,0,591,0.32,1.53,0,259,0.32,1.22,0,709,0.31,0.95,0,1666,0.31,0.74,0,3259,0.3,0.57,0,2384,0.3,0.43,0,689,0.3,0.32,8,1179,0.29,0.24,0,1273,0.29,0.18,0,790,0.29,0.13,0,1341,0.29,0.09,0,348,0.29,0.07,0,392,0.29,0.05,0,372,0.29,0.03,0,222,0.28,0.02,0,0,0.28,0.01,0,0,0.27,0.01,0,120,0.51,0.01,0,20,0.48,0.01,0,75,0.46,0.01,0,69,0.43,0.01,0,35,0.41,0.01,0,170,0.39,0.01,0,90,0.37,0.01,0,93,0.35,0.01,0,148,0.33,0.02,0,0,0.34,0.03,0,180,0.35,0.04,0,130,0.34,0.05,0,414,0.34,0.07,0,128,0.34,0.09,0,356,0.33,0.11,0,214,0.33,0.14,0,164,0.33,0.18,0,65,0.33,0.22,0,349,0.33,0.31,0,127,0.32,0.43,0,782,0.31,0.59,0,273,0.31,0.78,0,619,0.3,1.01,10,537,0.29,1.27,0,661,0.29,1.58,5,527,0.28,1.93,0,2090,0.28,2.3,0,680,0.28,2.7,0,1194,0.27,3.14,0,209,0.27,3.62,0,224,0.29,4.08,0,677,0.29,4.54,0,499,0.28,5.02,0,0,0.28,5.5,0,11,0.28,5.99,0,0,0.29,6.48,0,0,0.29,6.97,0,0,0.28,0.01,0.0,143.0,0.28,7.46,0.0,5.0,0.24,0.01,0.0,766.0,0.31,8.45,0.0,0.0,,0.01,0.0,0.0,0.33,9.44,0.0,0.0,,0.01,0.0,0.0,0.35,10.44,0.0,0.0,0.35
2023-04-04 16:00:00,12.96,7.5,0,0,,7.26,0,0,0.6,7.01,0,0,0.53,6.76,0,0,,6.51,0,0,,6.26,0,0,,6.02,0,30,0.46,5.77,0,0,0.4,5.52,0,0,,5.27,0,0,,5.03,0,240,0.39,4.78,0,0,0.35,4.53,0,400,0.3,4.29,0,323,0.34,4.04,0,90,0.31,3.8,0,253,0.32,3.56,0,150,0.32,3.33,0,199,0.33,3.09,0,129,0.32,2.68,0,205,0.34,2.26,0,360,0.33,1.86,0,591,0.32,1.51,0,259,0.31,1.2,0,709,0.3,0.95,0,1666,0.3,0.75,0,3259,0.3,0.58,0,2384,0.3,0.44,0,689,0.3,0.34,35,1179,0.3,0.25,0,1273,0.3,0.19,0,790,0.3,0.14,0,1341,0.3,0.1,0,348,0.29,0.08,0,392,0.3,0.06,0,372,0.3,0.04,0,222,0.29,0.03,0,0,0.3,0.02,0,0,0.29,0.01,0,120,0.51,0.01,0,20,0.48,0.01,0,75,0.46,0.01,0,69,0.44,0.01,0,35,0.41,0.01,0,170,0.39,0.01,0,90,0.37,0.01,0,93,0.35,0.01,0,148,0.33,0.02,0,0,0.34,0.03,0,180,0.35,0.04,0,130,0.34,0.05,0,414,0.34,0.07,0,128,0.34,0.08,0,356,0.33,0.11,0,214,0.33,0.13,0,164,0.32,0.17,0,65,0.33,0.21,0,349,0.32,0.3,0,127,0.32,0.41,6,776,0.31,0.57,0,273,0.3,0.76,0,619,0.3,0.98,0,537,0.29,1.26,0,661,0.29,1.58,0,527,0.29,1.93,0,2090,0.29,2.29,0,680,0.28,2.69,0,1194,0.28,3.13,0,209,0.28,3.6,0,224,0.29,4.06,0,677,0.3,4.52,0,499,0.29,5.0,0,0,0.3,5.48,0,11,0.29,5.96,0,0,0.28,6.45,0,0,0.28,6.94,0,0,0.28,0.01,0.0,143.0,0.28,7.44,0.0,5.0,0.31,0.01,0.0,766.0,0.31,8.42,0.0,0.0,,0.01,0.0,0.0,0.33,9.41,0.0,0.0,,0.01,0.0,0.0,0.35,10.41,0.0,0.0,0.35
2023-04-06 16:00:00,12.92,7.46,0,0,,7.22,0,0,0.61,6.97,0,0,0.55,6.72,0,0,,6.47,0,0,,6.22,0,0,,5.98,0,30,0.47,5.73,0,0,0.42,5.48,0,0,,5.23,0,0,,4.99,0,240,0.39,4.74,0,0,0.35,4.49,0,400,0.31,4.25,0,323,0.35,4.0,0,90,0.32,3.76,0,253,0.32,3.52,0,150,0.32,3.29,0,199,0.33,3.06,0,129,0.33,2.63,0,205,0.33,2.21,0,360,0.32,1.85,0,591,0.33,1.49,0,259,0.32,1.18,0,709,0.31,0.92,0,1666,0.3,0.72,0,3259,0.3,0.55,0,2384,0.3,0.42,0,689,0.3,0.32,0,1179,0.3,0.24,0,1273,0.3,0.18,0,790,0.3,0.13,0,1341,0.3,0.1,0,348,0.3,0.08,0,392,0.3,0.06,0,372,0.3,0.04,0,222,0.3,0.03,0,0,0.3,0.02,0,0,0.3,0.01,0,120,0.51,0.01,0,20,0.48,0.01,0,75,0.46,0.01,0,69,0.44,0.01,0,35,0.41,0.01,0,170,0.39,0.01,40,130,0.37,0.01,30,123,0.35,0.01,30,148,0.33,0.02,0,0,0.34,0.03,0,180,0.35,0.04,0,130,0.34,0.05,0,414,0.34,0.07,0,128,0.34,0.09,10,366,0.34,0.11,0,214,0.33,0.14,0,164,0.33,0.17,0,65,0.33,0.22,0,349,0.33,0.31,0,127,0.32,0.42,0,776,0.31,0.58,0,273,0.3,0.77,0,619,0.3,0.99,0,537,0.29,1.26,0,661,0.28,1.58,0,527,0.28,1.94,0,2090,0.28,2.31,0,680,0.28,2.73,0,1194,0.28,3.16,0,209,0.28,3.64,0,224,0.3,4.09,0,677,0.29,4.56,0,499,0.29,5.04,0,0,0.3,5.52,0,11,0.3,6.01,0,0,0.3,6.49,0,0,0.28,6.99,0,0,0.31,0.01,0.0,143.0,0.28,7.48,0.0,5.0,0.3,0.01,0.0,766.0,0.31,8.47,0.0,0.0,0.32,0.01,0.0,0.0,0.33,9.46,0.0,0.0,0.33,0.01,0.0,0.0,0.35,10.45,0.0,0.0,0.34
2023-04-11 16:00:00,13.08,7.62,0,0,,7.37,0,0,,7.13,0,0,0.61,6.88,0,0,0.54,6.63,0,0,0.45,6.38,0,0,,6.13,0,30,,5.89,0,0,0.47,5.64,0,0,0.42,5.39,0,0,0.36,5.14,0,240,,4.89,0,0,,4.65,0,400,0.36,4.4,0,323,0.32,4.16,0,90,0.35,3.91,0,253,0.32,3.67,0,150,0.32,3.43,0,199,0.32,3.2,0,129,0.32,2.77,0,205,0.34,2.34,0,360,0.33,1.95,0,591,0.33,1.57,0,259,0.31,1.26,0,709,0.31,0.99,0,1666,0.3,0.78,0,3259,0.3,0.61,0,2384,0.3,0.47,0,689,0.3,0.36,0,1179,0.3,0.27,0,1273,0.3,0.2,0,790,0.3,0.15,0,1341,0.3,0.11,0,348,0.3,0.08,0,392,0.3,0.06,10,382,0.3,0.04,0,222,0.29,0.03,10,10,0.3,0.02,0,0,0.29,0.01,0,120,0.52,0.01,0,20,0.5,0.01,0,75,0.47,0.01,0,69,0.45,0.01,0,35,0.43,0.01,0,170,0.41,0.01,0,130,0.38,0.01,0,123,0.36,0.01,0,148,0.34,0.01,0,0,0.32,0.02,0,180,0.34,0.03,0,130,0.34,0.04,0,414,0.34,0.05,0,128,0.33,0.07,0,366,0.33,0.09,0,214,0.33,0.11,0,164,0.32,0.14,0,65,0.32,0.18,0,349,0.32,0.27,0,127,0.32,0.39,0,776,0.32,0.54,0,273,0.31,0.71,0,619,0.3,0.94,0,537,0.3,1.2,1,662,0.3,1.53,60,568,0.3,1.87,0,2090,0.3,2.25,0,680,0.3,2.62,0,1194,0.29,3.04,0,209,0.29,3.5,0,224,0.3,3.95,0,677,0.3,4.41,0,499,0.29,4.89,0,0,0.3,5.37,0,11,0.3,5.85,0,0,0.29,6.34,0,0,0.29,6.83,0,0,0.28,0.01,0.0,143.0,0.28,7.33,0.0,5.0,0.31,0.01,0.0,766.0,0.31,8.31,0.0,0.0,,0.01,0.0,0.0,0.33,9.31,0.0,0.0,0.34,0.01,30.0,30.0,0.35,10.3,0.0,0.0,0.35
2023-04-12 16:00:00,13.12,7.66,0,0,,7.41,0,0,,7.16,0,0,,6.92,0,0,0.57,6.67,0,0,0.51,6.42,0,0,,6.17,0,30,,5.92,0,0,,5.68,0,0,0.45,5.43,0,0,0.4,5.18,0,240,0.33,4.93,0,0,,4.69,0,400,0.37,4.44,0,323,0.34,4.19,0,90,0.3,3.95,0,253,0.33,3.71,0,150,0.33,3.47,0,199,0.33,3.23,0,129,0.32,2.78,0,205,0.32,2.35,0,360,0.32,1.98,0,591,0.33,1.58,0,259,0.3,1.27,0,709,0.3,1.0,0,1666,0.3,0.78,90,3289,0.3,0.61,0,2384,0.3,0.47,40,689,0.3,0.35,0,1179,0.3,0.26,1,1273,0.3,0.19,1,790,0.29,0.14,0,1341,0.29,0.11,0,348,0.3,0.08,0,392,0.3,0.06,14,382,0.3,0.04,0,222,0.29,0.03,0,10,0.3,0.02,0,0,0.29,0.01,0,120,0.53,0.01,0,20,0.5,0.01,0,75,0.48,0.01,0,69,0.45,0.01,0,35,0.43,0.01,0,170,0.41,0.01,0,130,0.39,0.01,30,153,0.37,0.01,0,148,0.34,0.01,0,0,0.32,0.02,0,180,0.34,0.03,0,130,0.34,0.04,0,414,0.34,0.05,0,128,0.33,0.07,0,366,0.33,0.09,0,214,0.33,0.11,0,164,0.33,0.14,0,65,0.32,0.18,0,349,0.33,0.27,0,127,0.32,0.37,0,776,0.31,0.51,0,273,0.31,0.69,0,619,0.3,0.9,0,537,0.29,1.17,0,662,0.29,1.48,30,598,0.29,1.82,0,2090,0.29,2.2,0,680,0.29,2.58,0,1194,0.29,2.98,0,209,0.27,3.45,0,224,0.29,3.91,0,677,0.29,4.38,0,499,0.29,4.85,0,0,0.29,5.33,0,11,0.29,5.82,0,0,0.3,6.3,0,0,0.27,6.8,0,0,0.3,0.01,0.0,143.0,0.28,7.29,0.0,5.0,0.29,0.01,0.0,766.0,0.31,8.28,0.0,0.0,0.3,0.01,0.0,0.0,0.33,9.27,0.0,0.0,0.3,0.01,0.0,30.0,0.35,10.26,0.0,0.0,
2023-04-13 16:00:00,13.18,7.72,0,0,,7.47,0,0,,7.22,0,0,,6.98,0,0,0.58,6.73,0,0,0.52,6.48,0,0,0.4,6.23,0,30,,5.98,0,0,,5.74,0,0,0.46,5.49,0,0,0.41,5.24,0,240,0.35,4.99,0,0,,4.74,0,400,,4.5,0,323,0.35,4.25,0,90,0.31,4.0,0,253,0.27,3.76,0,150,0.31,3.52,0,199,0.31,3.28,0,129,0.31,2.8,0,205,0.29,2.37,0,360,0.3,1.96,0,591,0.3,1.59,0,259,0.29,1.27,0,709,0.29,0.98,0,1666,0.28,0.77,0,3289,0.29,0.6,0,2384,0.29,0.46,0,689,0.29,0.35,0,1179,0.29,0.27,0,1273,0.3,0.2,0,790,0.29,0.15,0,1341,0.29,0.11,0,348,0.29,0.08,0,392,0.29,0.07,0,382,0.3,0.05,0,222,0.3,0.04,0,10,0.31,0.03,0,0,0.31,0.01,0,120,0.53,0.01,0,20,0.51,0.01,0,75,0.48,0.01,0,69,0.46,0.01,0,35,0.43,0.01,0,170,0.41,0.01,0,130,0.39,0.01,0,153,0.37,0.01,0,148,0.35,0.01,0,0,0.33,0.01,0,180,0.31,0.02,0,130,0.32,0.03,0,414,0.33,0.04,0,128,0.32,0.05,0,366,0.32,0.07,0,214,0.32,0.09,0,164,0.31,0.12,0,65,0.32,0.15,0,349,0.31,0.23,0,127,0.31,0.34,500,405,0.31,0.47,0,273,0.3,0.64,0,619,0.29,0.86,0,537,0.29,1.13,0,662,0.29,1.42,0,598,0.29,1.77,0,2090,0.29,2.14,0,680,0.29,2.54,0,1194,0.29,2.97,0,209,0.29,3.4,0,224,0.29,3.86,0,677,0.29,4.32,0,499,0.29,4.8,0,0,0.3,5.28,0,11,0.3,5.76,0,0,0.29,6.25,0,0,0.3,6.74,0,0,0.3,0.02,0.0,143.0,0.31,7.23,0.0,5.0,0.29,0.01,0.0,766.0,0.3,8.22,0.0,0.0,0.29,0.01,0.0,0.0,0.33,9.21,0.0,0.0,0.26,0.01,0.0,30.0,0.35,10.2,0.0,0.0,
2023-04-14 16:00:00,13.28,7.82,0,0,,7.57,0,0,,7.32,0,0,,7.08,0,0,0.59,6.83,0,0,0.53,6.58,0,0,0.44,6.33,0,30,,6.08,0,0,,5.84,0,0,0.47,5.59,0,0,0.42,5.34,0,240,0.37,5.09,0,0,,4.84,0,400,,4.6,0,323,0.36,4.35,0,90,0.32,4.1,0,253,0.28,3.86,0,150,0.32,3.62,0,199,0.32,3.38,0,129,0.31,2.91,0,205,0.31,2.48,0,360,0.31,2.06,0,591,0.31,1.69,2,257,0.3,1.35,0,709,0.3,1.06,1,1666,0.29,0.82,0,3289,0.29,0.63,6,2384,0.29,0.47,30,689,0.28,0.35,16,1179,0.28,0.26,4,1277,0.28,0.18,0,790,0.28,0.13,0,1341,0.28,0.1,10,348,0.28,0.07,0,392,0.28,0.05,0,382,0.28,0.03,0,222,0.27,0.02,0,10,0.27,0.01,0,0,0.26,0.01,0,120,0.54,0.01,0,20,0.51,0.01,0,75,0.49,0.01,0,69,0.46,0.01,0,35,0.44,0.01,0,170,0.42,0.01,0,130,0.4,0.01,0,153,0.37,0.01,0,148,0.35,0.01,0,0,0.33,0.01,0,180,0.31,0.02,0,130,0.33,0.03,0,414,0.33,0.04,0,128,0.33,0.05,0,366,0.32,0.06,0,214,0.31,0.08,0,164,0.31,0.11,0,65,0.32,0.13,0,349,0.31,0.21,0,127,0.31,0.31,0,405,0.3,0.43,0,273,0.29,0.59,0,619,0.29,0.79,0,537,0.28,1.03,0,662,0.28,1.32,0,598,0.27,1.65,0,2090,0.27,2.02,0,680,0.27,2.41,0,1194,0.27,2.84,0,209,0.27,3.29,0,224,0.28,3.74,0,677,0.28,4.21,0,499,0.28,4.68,0,0,0.27,5.17,0,11,0.28,5.65,0,0,0.27,6.14,0,0,0.26,6.64,0,0,0.29,0.01,0.0,143.0,0.27,7.13,0.0,5.0,0.28,0.01,0.0,766.0,0.3,8.12,0.0,0.0,0.28,0.01,0.0,0.0,0.32,9.11,0.0,0.0,,0.01,0.0,30.0,0.35,10.1,0.0,0.0,
2023-04-17 16:00:00,13.78,8.32,0,0,0.65,8.07,0,0,,7.82,0,0,,7.57,0,0,,7.33,0,0,0.59,7.08,0,0,0.53,6.83,0,30,0.45,6.58,0,0,,6.33,0,0,,6.08,0,0,,5.84,0,240,0.43,5.59,0,0,0.38,5.34,0,400,,5.09,0,323,,4.84,0,90,,4.6,0,253,0.34,4.35,0,150,0.3,4.11,0,199,0.33,3.86,0,129,0.3,3.38,0,205,0.3,2.92,0,360,0.31,2.53,0,591,0.34,2.09,0,257,0.31,1.71,0,709,0.3,1.38,1,1666,0.3,1.1,30,3289,0.3,0.87,30,2384,0.3,0.68,50,639,0.3,0.53,168,1129,0.3,0.41,0,1277,0.3,0.32,10,800,0.3,0.24,0,1341,0.3,0.18,0,348,0.3,0.14,0,392,0.3,0.11,0,382,0.3,0.08,0,222,0.3,0.06,0,10,0.3,0.05,0,0,0.31,0.01,0,120,0.56,0.01,0,20,0.54,0.01,0,75,0.51,0.01,0,69,0.49,0.01,0,35,0.46,0.01,0,170,0.44,0.01,0,130,0.42,0.01,0,153,0.4,0.01,0,148,0.38,0.01,0,0,0.36,0.01,0,180,0.34,0.01,0,130,0.32,0.01,0,414,0.3,0.02,0,128,0.32,0.03,0,366,0.32,0.04,0,214,0.32,0.06,0,164,0.32,0.07,0,65,0.31,0.09,0,349,0.31,0.15,0,127,0.31,0.23,0,405,0.31,0.34,0,273,0.3,0.46,75,619,0.29,0.63,21,537,0.29,0.84,0,662,0.29,1.08,0,598,0.28,1.38,0,2090,0.28,1.71,0,680,0.28,2.09,0,1194,0.29,2.46,0,209,0.28,2.88,0,224,0.28,3.3,0,677,0.28,3.78,0,499,0.29,4.24,0,0,0.29,4.71,0,11,0.29,5.19,0,0,0.3,5.67,0,0,0.3,6.16,0,0,0.3,0.04,0.0,143.0,0.31,6.65,0.0,5.0,0.31,0.02,0.0,766.0,0.31,7.63,0.0,0.0,0.29,0.01,0.0,0.0,0.31,8.62,0.0,0.0,0.3,0.01,0.0,30.0,0.33,9.61,0.0,0.0,
2023-04-18 16:00:00,14.16,8.7,0,0,0.7,8.45,0,0,0.59,8.2,0,0,,7.95,0,0,,7.7,0,0,,7.46,0,0,0.58,7.21,0,30,0.52,6.96,0,0,0.41,6.71,0,0,,6.46,0,0,,6.22,0,240,0.47,5.97,0,0,0.43,5.72,0,400,0.38,5.47,0,323,,5.22,0,90,,4.98,0,253,0.37,4.73,0,150,0.34,4.48,0,199,0.3,4.27,30,129,0.4,3.75,0,205,0.31,3.27,0,360,0.3,2.87,0,591,0.34,2.44,0,257,0.33,2.02,0,709,0.31,1.64,0,1666,0.3,1.32,30,3289,0.29,1.05,2,2382,0.29,0.84,1,640,0.29,0.67,96,1033,0.3,0.52,0,1277,0.3,0.4,0,800,0.3,0.31,150,1410,0.3,0.24,20,368,0.3,0.18,0,392,0.3,0.13,0,382,0.29,0.1,0,222,0.29,0.08,0,10,0.3,0.06,0,0,0.3,0.01,0,120,0.58,0.01,0,20,0.55,0.01,0,75,0.53,0.01,0,69,0.5,0.01,0,35,0.48,0.01,0,170,0.46,0.01,0,130,0.44,0.01,0,153,0.42,0.01,0,148,0.4,0.01,0,0,0.38,0.01,0,180,0.36,0.01,0,130,0.34,0.01,0,414,0.32,0.01,0,128,0.3,0.02,0,366,0.32,0.03,0,214,0.32,0.04,0,164,0.32,0.05,0,65,0.31,0.07,0,349,0.31,0.11,0,127,0.31,0.17,1,405,0.3,0.26,0,273,0.3,0.38,0,619,0.3,0.52,0,537,0.29,0.7,0,662,0.29,0.91,0,598,0.28,1.17,0,2090,0.28,1.48,50,680,0.28,1.82,112,1123,0.28,2.19,0,209,0.29,2.56,0,224,0.28,2.98,0,677,0.28,3.45,0,499,0.29,3.9,0,0,0.29,4.36,0,11,0.29,4.83,0,0,0.29,5.31,0,0,0.3,5.79,0,0,0.29,0.05,0.0,143.0,0.31,6.28,0.0,5.0,0.3,0.03,0.0,766.0,0.31,7.26,0.0,0.0,0.3,0.02,0.0,0.0,0.32,8.25,0.0,0.0,0.32,0.01,0.0,30.0,0.31,9.24,0.0,0.0,0.33
2023-04-19 16:00:00,13.98,8.52,0,0,0.7,8.27,0,0,0.61,8.02,0,0,,7.77,0,0,,7.52,0,0,,7.28,0,0,0.58,7.03,0,30,0.52,6.78,0,0,0.44,6.53,0,0,,6.28,0,0,,6.03,0,240,,5.79,0,0,0.42,5.54,0,400,0.38,5.29,0,323,0.3,5.04,0,90,,4.8,0,253,0.36,4.55,0,150,0.33,4.3,0,199,0.3,4.17,0,129,0.48,3.57,0,205,0.3,3.1,0,360,0.3,2.69,0,591,0.33,2.27,0,257,0.32,1.87,0,709,0.31,1.51,0,1666,0.3,1.2,0,3289,0.29,0.96,0,2382,0.3,0.75,0,640,0.29,0.58,0,1033,0.29,0.45,1,1277,0.29,0.34,0,800,0.29,0.26,7,1410,0.29,0.19,5,368,0.29,0.14,0,392,0.29,0.11,0,382,0.29,0.08,0,222,0.29,0.06,0,10,0.29,0.04,0,0,0.29,0.01,0,120,0.57,0.01,0,20,0.55,0.01,0,75,0.52,0.01,0,69,0.5,0.01,0,35,0.47,0.01,0,170,0.45,0.01,0,130,0.43,0.01,0,153,0.41,0.01,0,148,0.39,0.01,0,0,0.37,0.01,0,180,0.35,0.01,0,130,0.33,0.01,0,414,0.31,0.02,0,128,0.33,0.03,0,366,0.33,0.04,0,214,0.33,0.05,0,164,0.32,0.07,0,65,0.33,0.09,0,349,0.32,0.14,0,127,0.32,0.21,0,405,0.31,0.3,0,273,0.31,0.41,0,619,0.3,0.57,0,537,0.29,0.75,0,662,0.29,0.98,0,598,0.28,1.25,17,2073,0.28,1.57,0,680,0.28,1.93,0,1123,0.28,2.31,0,209,0.28,2.69,0,224,0.27,3.12,0,677,0.27,3.59,0,499,0.29,4.05,0,0,0.29,4.52,0,11,0.29,4.99,0,0,0.28,5.47,0,0,0.28,5.96,0,0,0.29,0.03,0.0,143.0,0.29,6.45,0.0,5.0,0.29,0.02,0.0,766.0,0.3,7.43,0.0,0.0,0.24,0.01,0.0,0.0,0.3,8.42,0.0,0.0,,0.01,0.0,30.0,0.32,9.42,0.0,0.0,0.33
2023-04-20 16:00:00,14.42,8.96,0,0,0.73,8.71,0,0,0.64,8.46,0,0,,8.21,0,0,,7.96,0,0,,7.72,0,0,0.6,7.47,0,30,0.55,7.22,0,0,0.48,6.97,0,0,,6.72,0,0,,6.47,0,240,,6.23,0,0,0.45,5.98,0,400,0.41,5.73,0,323,0.35,5.48,0,90,,5.23,0,253,,4.99,0,150,0.36,4.74,0,199,0.33,4.6,0,129,0.5,4.03,0,205,0.37,3.56,0,360,0.35,3.09,0,591,0.33,2.66,0,257,0.33,2.25,0,709,0.32,1.86,0,1666,0.31,1.52,0,3289,0.3,1.24,0,2382,0.31,0.99,0,640,0.3,0.79,588,1123,0.3,0.62,41,1236,0.3,0.49,40,840,0.3,0.38,1,1410,0.3,0.29,11,368,0.3,0.23,0,392,0.3,0.17,0,382,0.3,0.13,0,222,0.3,0.1,0,10,0.3,0.08,0,0,0.3,0.01,0,120,0.59,0.01,0,20,0.57,0.01,0,75,0.54,0.01,0,69,0.52,0.01,0,35,0.49,0.01,0,170,0.47,0.01,0,130,0.45,0.01,0,153,0.43,0.01,0,148,0.41,0.01,0,0,0.39,0.01,0,180,0.37,0.01,0,130,0.35,0.01,0,414,0.33,0.01,0,128,0.31,0.01,0,366,0.3,0.02,0,214,0.31,0.03,0,164,0.31,0.05,0,65,0.33,0.06,0,349,0.32,0.1,8,127,0.32,0.15,1,404,0.31,0.24,0,273,0.31,0.34,10,619,0.31,0.46,1,536,0.3,0.62,0,662,0.29,0.82,0,598,0.29,1.06,0,2073,0.29,1.33,0,680,0.28,1.65,63,1115,0.29,2.03,0,209,0.29,2.37,0,224,0.28,2.78,0,677,0.28,3.2,0,499,0.28,3.66,0,0,0.29,4.11,0,11,0.28,4.58,0,0,0.29,5.05,0,0,0.28,5.53,0,0,0.28,0.06,0.0,143.0,0.31,6.01,0.0,5.0,0.26,0.04,0.0,766.0,0.31,6.98,0.0,0.0,,0.02,0.0,0.0,0.31,7.97,0.0,0.0,,0.01,0.0,30.0,0.31,8.98,0.0,0.0,0.31
2023-04-21 16:00:00,14.18,8.72,0,0,0.75,8.47,0,0,0.67,8.22,0,0,0.57,7.97,0,0,,7.72,0,0,,7.47,0,0,,7.23,0,30,0.56,6.98,0,0,0.51,6.73,0,0,0.43,6.48,0,0,,6.23,0,240,,5.99,0,0,0.46,5.74,0,400,0.42,5.49,0,323,0.38,5.24,0,90,0.32,4.99,0,253,,4.74,0,150,,4.5,0,199,0.33,4.37,2,129,0.5,3.76,0,205,0.3,3.29,0,360,0.31,2.85,0,591,0.32,2.41,0,257,0.31,2.03,0,709,0.31,1.66,0,1666,0.31,1.34,0,3289,0.3,1.08,0,2382,0.3,0.87,0,640,0.3,0.68,550,990,0.3,0.54,0,1236,0.3,0.42,0,840,0.3,0.32,0,1410,0.3,0.25,0,368,0.3,0.19,0,392,0.3,0.15,0,382,0.31,0.11,0,222,0.3,0.09,0,10,0.31,0.07,0,0,0.31,0.01,0,120,0.58,0.01,0,20,0.56,0.01,0,75,0.53,0.01,0,69,0.51,0.01,0,35,0.48,0.01,0,170,0.46,0.01,0,130,0.44,0.01,0,153,0.42,0.01,0,148,0.4,0.01,0,0,0.38,0.01,0,180,0.36,0.01,0,130,0.34,0.01,0,414,0.32,0.01,0,128,0.31,0.02,0,366,0.32,0.03,0,214,0.32,0.04,0,164,0.32,0.05,0,65,0.31,0.06,0,349,0.31,0.11,0,127,0.31,0.17,0,404,0.31,0.26,0,273,0.31,0.39,0,619,0.31,0.53,0,536,0.3,0.7,0,662,0.29,0.92,0,598,0.29,1.17,2,2071,0.29,1.48,0,680,0.29,1.83,39,1082,0.29,2.2,0,209,0.3,2.56,0,224,0.28,2.98,0,677,0.29,3.45,0,499,0.3,3.89,0,0,0.3,4.35,0,11,0.3,4.82,0,0,0.3,5.3,0,0,0.3,5.78,0,0,0.3,0.05,0.0,143.0,0.31,6.27,0.0,5.0,0.31,0.03,0.0,766.0,0.31,7.25,0.0,0.0,0.32,0.02,0.0,0.0,0.32,8.23,0.0,0.0,0.28,0.01,0.0,30.0,0.32,9.22,0.0,0.0,
2023-04-24 16:00:00,14.1,8.63,0,0,,8.39,0,0,0.72,8.14,0,0,0.65,7.89,0,0,0.55,7.64,0,0,,7.39,0,0,,7.14,0,30,,6.9,0,0,0.55,6.65,0,0,0.5,6.4,0,0,0.43,6.15,0,240,,5.9,0,0,,5.65,0,400,,5.41,0,323,0.41,5.16,0,90,0.37,4.91,0,253,0.33,4.66,0,150,,4.41,0,199,,4.17,2,129,0.32,3.68,0,205,0.3,3.21,0,360,0.31,2.78,0,591,0.33,2.35,0,257,0.32,1.94,0,709,0.31,1.58,2,1664,0.3,1.26,3,3289,0.3,1.02,0,2382,0.3,0.8,0,640,0.3,0.63,6,987,0.3,0.49,95,1243,0.3,0.38,50,890,0.3,0.29,0,1410,0.3,0.22,0,368,0.3,0.17,0,392,0.3,0.13,0,382,0.3,0.1,0,222,0.3,0.07,0,10,0.3,0.05,0,0,0.3,0.01,0,120,0.59,0.01,0,20,0.56,0.01,0,75,0.53,0.01,0,69,0.51,0.01,0,35,0.49,0.01,0,170,0.46,0.01,0,130,0.44,0.01,0,153,0.42,0.01,0,148,0.4,0.01,0,0,0.38,0.01,0,180,0.36,0.01,0,130,0.34,0.01,0,414,0.32,0.01,0,128,0.3,0.02,200,174,0.32,0.03,0,214,0.32,0.04,0,164,0.32,0.05,0,65,0.31,0.07,0,349,0.32,0.12,0,127,0.32,0.18,0,404,0.31,0.28,0,273,0.31,0.4,0,619,0.31,0.54,1,535,0.3,0.72,0,662,0.3,0.95,0,598,0.29,1.2,1,2071,0.29,1.53,0,680,0.29,1.88,2,1082,0.3,2.25,0,209,0.29,2.63,0,224,0.29,3.06,0,677,0.29,3.51,0,499,0.3,3.96,0,0,0.3,4.42,0,11,0.3,4.89,0,0,0.29,5.37,0,0,0.29,5.86,0,0,0.3,0.04,0.0,143.0,0.3,6.35,0.0,5.0,0.31,0.02,0.0,766.0,0.3,7.33,0.0,0.0,0.31,0.01,0.0,0.0,0.3,8.32,0.0,0.0,0.32,0.01,0.0,30.0,0.32,9.31,0.0,0.0,0.32
2023-04-25 16:00:00,14.26,8.79,0,0,,8.55,0,0,0.73,8.3,0,0,0.66,8.05,0,0,0.58,7.8,0,0,,7.55,0,0,,7.3,0,30,,7.06,0,0,0.56,6.81,0,0,0.51,6.56,0,0,0.45,6.31,0,240,,6.06,0,0,,5.81,0,400,,5.57,0,323,0.42,5.32,0,90,0.38,5.07,0,253,0.34,4.82,0,150,0.26,4.57,0,199,,4.33,4,127,0.33,3.84,0,205,0.31,3.36,0,360,0.31,2.89,0,591,0.3,2.46,0,257,0.3,2.06,0,709,0.3,1.71,0,1664,0.31,1.38,30,3289,0.3,1.11,0,2382,0.3,0.89,0,640,0.3,0.7,0,987,0.3,0.55,0,1243,0.3,0.43,50,854,0.3,0.34,0,1410,0.31,0.26,0,368,0.3,0.2,0,392,0.31,0.16,0,382,0.31,0.12,0,222,0.31,0.09,0,10,0.31,0.07,0,0,0.31,0.01,0,120,0.59,0.01,0,20,0.57,0.01,0,75,0.54,0.01,0,69,0.52,0.01,0,35,0.49,0.01,0,170,0.47,0.01,0,130,0.45,0.01,0,153,0.43,0.01,0,148,0.41,0.01,0,0,0.39,0.01,0,180,0.37,0.01,0,130,0.35,0.01,0,414,0.33,0.01,0,128,0.31,0.02,0,174,0.33,0.03,0,214,0.33,0.04,0,164,0.33,0.05,0,65,0.32,0.07,0,349,0.33,0.11,0,127,0.32,0.17,110,514,0.31,0.26,10,282,0.31,0.38,0,619,0.31,0.51,0,535,0.31,0.68,0,662,0.3,0.89,0,598,0.3,1.15,1,2071,0.3,1.44,0,680,0.29,1.78,40,1047,0.3,2.14,0,209,0.3,2.53,0,224,0.3,2.94,0,677,0.3,3.38,0,499,0.3,3.83,0,0,0.31,4.29,0,11,0.31,4.75,0,0,0.3,5.23,0,0,0.31,5.71,0,0,0.31,0.06,0.0,143.0,0.32,6.19,0.0,5.0,0.3,0.03,0.0,766.0,0.31,7.17,0.0,0.0,0.3,0.02,0.0,0.0,0.32,8.16,0.0,0.0,0.31,0.01,0.0,30.0,0.32,9.15,0.0,0.0,0.3
2023-04-26 16:00:00,14.0,8.53,0,0,,8.29,0,0,0.73,8.04,0,0,0.66,7.79,0,0,0.58,7.54,0,0,,7.29,0,0,,7.04,0,30,,6.8,0,0,0.55,6.55,0,0,0.5,6.3,0,0,0.45,6.05,0,240,,5.8,0,0,,5.55,0,400,,5.31,0,323,0.41,5.06,0,90,0.38,4.81,0,253,0.33,4.56,0,150,0.28,4.32,0,199,0.35,4.07,0,127,0.32,3.59,0,205,0.33,3.11,0,360,0.31,2.67,0,591,0.32,2.25,0,257,0.31,1.85,0,709,0.31,1.51,0,1664,0.31,1.2,0,3289,0.3,0.97,113,2382,0.31,0.76,0,640,0.3,0.59,33,984,0.3,0.46,0,1243,0.3,0.35,0,854,0.3,0.26,0,1410,0.3,0.19,0,368,0.3,0.14,0,392,0.29,0.1,0,382,0.29,0.08,0,222,0.3,0.05,0,10,0.29,0.04,0,0,0.29,0.01,0,120,0.59,0.01,0,20,0.56,0.01,0,75,0.53,0.01,0,69,0.51,0.01,0,35,0.48,0.01,0,170,0.46,0.01,0,130,0.44,0.01,0,153,0.42,0.01,0,148,0.4,0.01,0,0,0.38,0.01,0,180,0.36,0.01,0,130,0.34,0.01,0,414,0.32,0.02,0,128,0.33,0.03,0,174,0.34,0.04,0,214,0.34,0.05,3,164,0.33,0.06,0,65,0.32,0.08,0,349,0.32,0.13,0,127,0.32,0.2,0,514,0.31,0.3,0,282,0.31,0.42,30,649,0.31,0.57,0,535,0.3,0.76,0,662,0.3,0.99,30,598,0.29,1.28,0,2071,0.3,1.6,0,680,0.3,1.95,0,1047,0.3,2.3,0,209,0.29,2.71,0,224,0.29,3.15,0,677,0.3,3.58,0,499,0.29,4.04,0,0,0.29,4.5,0,11,0.29,4.98,0,0,0.29,5.46,0,0,0.29,5.95,0,0,0.29,0.03,0.0,143.0,0.3,6.44,0.0,5.0,0.29,0.02,0.0,766.0,0.31,7.43,0.0,0.0,0.31,0.01,0.0,0.0,0.31,8.42,0.0,0.0,0.31,0.01,0.0,30.0,0.33,9.41,0.0,0.0,0.3
2023-04-27 16:00:00,14.72,9.25,0,0,,9.01,0,0,0.78,8.76,0,0,0.72,8.51,0,0,0.66,8.26,0,0,0.56,8.01,0,0,,7.76,0,30,,7.51,0,0,,7.27,0,0,0.56,7.02,0,0,0.51,6.77,0,240,0.46,6.52,0,0,,6.27,0,400,,6.02,0,323,,5.78,0,90,0.43,5.53,0,253,0.39,5.28,0,150,0.35,5.03,0,199,0.3,4.78,0,127,,4.3,0,205,0.35,3.81,0,360,0.33,3.35,0,591,0.33,2.9,0,257,0.33,2.48,0,709,0.33,2.1,0,1664,0.33,1.74,0,3289,0.32,1.41,32,2411,0.31,1.17,306,699,0.32,0.95,64,1043,0.32,0.77,263,1281,0.32,0.63,11,865,0.32,0.51,31,1440,0.32,0.42,4,372,0.33,0.34,30,422,0.33,0.28,0,382,0.33,0.22,0,222,0.34,0.18,0,10,0.34,0.15,0,0,0.34,0.01,0,120,0.62,0.01,0,20,0.59,0.01,0,75,0.56,0.01,0,69,0.54,0.01,0,35,0.51,0.01,0,170,0.49,0.01,0,130,0.47,0.01,0,153,0.45,0.01,0,148,0.43,0.01,0,0,0.41,0.01,0,180,0.39,0.01,0,130,0.37,0.01,0,414,0.35,0.01,0,128,0.33,0.02,0,174,0.35,0.03,0,214,0.35,0.04,0,164,0.35,0.05,0,65,0.35,0.06,0,349,0.34,0.1,0,127,0.34,0.15,0,514,0.33,0.23,0,282,0.33,0.33,0,649,0.33,0.45,30,535,0.33,0.6,30,692,0.32,0.79,0,598,0.32,1.0,32,2071,0.31,1.26,337,717,0.31,1.55,309,1139,0.31,1.91,0,209,0.32,2.28,0,224,0.32,2.63,0,677,0.31,3.04,0,499,0.32,3.47,0,0,0.32,3.93,0,11,0.33,4.38,0,0,0.33,4.85,0,0,0.34,5.32,0,0,0.34,0.12,0.0,143.0,0.34,5.79,0.0,5.0,0.34,0.09,0.0,766.0,0.36,6.75,0.0,0.0,0.34,0.06,0.0,0.0,0.36,7.73,0.0,0.0,0.36,0.04,0.0,30.0,0.37,8.71,0.0,0.0,0.36
2023-04-28 16:00:00,15.02,9.55,0,0,,9.3,0,0,,9.09,0,0,0.93,8.81,0,0,0.68,8.56,0,0,0.59,8.31,0,0,,8.06,0,30,,7.81,0,0,,7.57,0,0,0.58,7.32,0,0,0.53,7.07,0,240,0.48,6.82,0,0,0.38,6.57,0,400,,6.32,0,323,,6.07,0,90,,5.83,0,253,0.41,5.58,0,150,0.37,5.33,0,199,0.33,5.08,0,127,,4.59,0,205,0.33,4.13,0,360,0.38,3.63,0,591,0.33,3.21,0,257,0.36,2.78,0,709,0.35,2.38,0,1664,0.34,2.0,0,3289,0.33,1.65,1,2410,0.32,1.36,36,668,0.32,1.14,444,1081,0.33,0.92,263,1291,0.32,0.75,231,912,0.32,0.61,2,1442,0.33,0.49,7,372,0.33,0.39,0,422,0.33,0.31,180,562,0.33,0.24,0,222,0.32,0.19,0,10,0.32,0.15,0,0,0.33,0.01,0,120,0.63,0.01,0,20,0.6,0.01,0,75,0.58,0.01,0,69,0.55,0.01,0,35,0.53,0.01,0,170,0.5,0.01,0,130,0.48,0.01,0,153,0.46,0.01,0,148,0.44,0.01,0,0,0.42,0.01,0,180,0.4,0.01,0,130,0.38,0.01,0,414,0.37,0.01,60,183,0.35,0.01,0,174,0.33,0.02,0,214,0.35,0.03,0,164,0.35,0.04,0,65,0.35,0.05,0,349,0.34,0.08,0,127,0.34,0.13,0,514,0.34,0.19,0,282,0.33,0.28,0,649,0.33,0.39,1,534,0.33,0.52,3,692,0.32,0.69,0,598,0.32,0.89,2,2069,0.32,1.12,3,717,0.31,1.4,150,1240,0.31,1.72,5,214,0.32,2.07,0,224,0.32,2.44,0,677,0.32,2.79,0,499,0.31,3.2,0,0,0.31,3.64,0,11,0.31,4.08,0,0,0.31,4.53,0,0,0.31,5.0,0,0,0.31,0.12,0.0,143.0,0.33,5.47,0.0,5.0,0.31,0.08,10.0,766.0,0.33,6.46,0.0,0.0,0.34,0.04,0.0,0.0,0.32,7.42,0.0,0.0,0.32,0.03,0.0,30.0,0.34,8.4,0.0,0.0,0.31
2023-05-02 16:00:00,14.8,9.33,0,0,,9.08,0,0,,8.83,0,0,,8.59,0,0,0.73,8.34,0,0,0.68,8.09,0,0,0.62,7.84,0,30,0.55,7.59,0,0,,7.34,0,0,,7.09,0,0,,6.84,0,240,,6.6,0,0,0.49,6.35,0,400,0.45,6.1,0,323,0.4,5.85,0,90,,5.6,0,253,,5.35,0,150,,5.11,0,199,0.38,4.86,0,127,0.35,4.37,0,205,0.35,3.88,67,397,0.33,3.4,0,591,0.32,2.98,0,257,0.35,2.55,0,709,0.34,2.15,0,1664,0.33,1.79,0,3289,0.32,1.47,0,2410,0.32,1.2,5,668,0.32,0.98,2,1081,0.32,0.79,0,1291,0.32,0.63,0,912,0.32,0.5,8,1448,0.32,0.39,5,376,0.32,0.3,0,422,0.32,0.23,0,562,0.31,0.18,0,222,0.31,0.14,0,10,0.32,0.11,0,0,0.32,0.01,0,120,0.63,0.01,0,20,0.6,0.01,0,75,0.58,0.01,0,69,0.55,0.01,0,35,0.53,0.01,0,170,0.5,0.01,0,130,0.48,0.01,0,153,0.46,0.01,0,148,0.44,0.01,0,0,0.42,0.01,0,180,0.4,0.01,25,130,0.38,0.01,0,414,0.36,0.01,0,183,0.34,0.01,0,174,0.32,0.01,0,214,0.31,0.02,0,164,0.32,0.03,0,65,0.33,0.05,0,349,0.34,0.08,0,127,0.33,0.12,0,514,0.32,0.19,0,282,0.32,0.29,21,659,0.33,0.41,0,534,0.32,0.55,0,692,0.32,0.72,0,598,0.31,0.94,2,2069,0.31,1.18,0,717,0.31,1.49,12,1248,0.31,1.81,30,184,0.31,2.18,0,224,0.31,2.53,0,677,0.3,2.94,0,499,0.3,3.36,0,0,0.3,3.81,0,11,0.31,4.26,0,0,0.3,4.73,0,0,0.31,5.19,0,0,0.29,0.08,0.0,143.0,0.31,5.68,0.0,5.0,0.3,0.05,0.0,766.0,0.32,6.66,0.0,0.0,0.32,0.03,0.0,0.0,0.32,7.64,0.0,0.0,0.31,0.02,0.0,30.0,0.33,8.63,0.0,0.0,0.32
2023-05-03 16:00:00,14.64,9.17,0,0,0.7,8.92,0,0,,8.67,0,0,,8.42,0,0,,8.17,0,0,,7.93,0,0,0.65,7.68,0,30,0.6,7.43,0,0,0.54,7.18,0,0,,6.93,0,0,,6.68,0,240,,6.43,0,0,,6.19,0,400,0.48,5.94,0,323,0.44,5.69,0,90,0.4,5.44,0,253,0.33,5.19,0,150,,4.94,0,199,,4.7,0,127,0.36,4.21,0,205,0.35,3.72,0,397,0.33,3.24,0,591,0.31,2.77,0,257,0.3,2.35,0,709,0.31,1.97,0,1664,0.31,1.64,0,3289,0.32,1.34,1,2410,0.31,1.1,0,668,0.32,0.88,2,1079,0.32,0.71,0,1291,0.32,0.57,0,912,0.32,0.46,0,1448,0.32,0.36,3,379,0.32,0.28,0,422,0.32,0.22,0,562,0.32,0.17,0,222,0.32,0.14,0,10,0.33,0.11,0,0,0.33,0.01,0,120,0.63,0.01,0,20,0.6,0.01,0,75,0.57,0.01,0,69,0.55,0.01,0,35,0.52,0.01,0,170,0.5,0.01,0,130,0.48,0.01,0,153,0.45,0.01,0,148,0.43,0.01,0,0,0.41,0.01,0,180,0.39,0.01,0,130,0.37,0.01,0,414,0.36,0.01,0,183,0.34,0.01,0,174,0.32,0.02,0,214,0.33,0.03,0,164,0.34,0.05,0,65,0.35,0.06,0,349,0.34,0.1,0,127,0.34,0.15,0,514,0.33,0.23,10,292,0.33,0.33,0,659,0.33,0.46,0,534,0.33,0.61,0,692,0.32,0.79,0,598,0.32,1.02,0,2069,0.31,1.29,0,717,0.31,1.61,5,1248,0.32,1.96,0,184,0.32,2.32,0,224,0.32,2.71,0,677,0.32,3.13,0,499,0.33,3.57,0,0,0.34,4.02,0,11,0.34,4.48,0,0,0.35,4.95,0,0,0.36,5.42,0,0,0.36,0.08,0.0,143.0,0.33,5.85,0.0,5.0,0.32,0.05,0.0,766.0,0.33,6.83,0.0,0.0,0.33,0.03,0.0,0.0,0.33,7.81,0.0,0.0,0.33,0.02,0.0,30.0,0.34,8.8,0.0,0.0,0.35
2023-05-04 16:00:00,15.4,9.93,0,0,0.75,9.68,0,0,,9.43,0,0,,9.18,0,0,,8.93,0,0,,8.69,0,0,0.69,8.44,0,30,0.64,8.19,0,0,0.58,7.94,0,0,0.43,7.69,0,0,,7.44,0,240,,7.19,0,0,,6.95,0,400,0.51,6.7,0,323,0.47,6.45,0,90,0.43,6.2,0,253,0.38,5.95,0,150,,5.7,0,199,,5.45,0,127,,4.96,3,202,0.34,4.47,7,390,0.34,3.99,0,591,0.34,3.55,0,257,0.37,3.11,0,709,0.36,2.69,0,1664,0.36,2.31,0,3289,0.35,1.95,2,2410,0.35,1.64,0,668,0.34,1.37,6,1080,0.34,1.15,2,1293,0.35,0.96,172,912,0.35,0.8,9,1448,0.35,0.66,60,439,0.35,0.54,0,422,0.35,0.44,10,572,0.35,0.36,0,222,0.35,0.29,0,10,0.35,0.23,0,0,0.35,0.01,0,120,0.66,0.01,0,20,0.63,0.01,0,75,0.6,0.01,0,69,0.58,0.01,0,35,0.55,0.01,0,170,0.53,0.01,0,130,0.51,0.01,0,153,0.48,0.01,0,148,0.46,0.01,0,0,0.44,0.01,0,180,0.42,0.01,0,130,0.4,0.01,0,414,0.39,0.01,0,183,0.37,0.01,0,174,0.35,0.01,0,214,0.33,0.01,0,164,0.32,0.02,0,65,0.33,0.03,0,349,0.34,0.06,2,125,0.34,0.1,0,514,0.34,0.15,0,292,0.34,0.23,1,660,0.34,0.34,0,534,0.34,0.48,0,692,0.35,0.63,0,598,0.34,0.81,2,2067,0.34,1.02,0,717,0.33,1.28,9,1248,0.34,1.58,172,356,0.34,1.89,0,224,0.34,2.25,172,849,0.34,2.6,0,499,0.34,2.99,0,0,0.34,3.4,0,11,0.34,3.84,0,0,0.35,4.28,0,0,0.35,4.72,0,0,0.35,0.19,0.0,143.0,0.35,5.19,0.0,5.0,0.35,0.12,0.0,766.0,0.35,6.12,0.0,0.0,0.35,0.08,0.0,0.0,0.35,7.08,0.0,0.0,0.35,0.05,0.0,30.0,0.35,8.06,0.0,0.0,0.36
2023-05-05 16:00:00,15.5,10.03,0,0,0.8,9.78,0,0,0.69,9.53,0,0,,9.28,0,0,,9.03,0,0,,8.78,0,0,,8.54,0,30,0.67,8.29,0,0,0.62,8.04,0,0,0.56,7.79,0,0,,7.54,0,240,,7.29,0,0,,7.04,0,400,,6.8,0,323,0.5,6.55,0,90,0.46,6.3,0,253,0.43,6.05,0,150,0.38,5.8,0,199,,5.55,0,127,,5.06,0,202,0.36,4.57,0,390,0.36,4.08,0,591,0.33,3.63,0,257,0.36,3.19,0,709,0.36,2.76,0,1664,0.35,2.37,0,3289,0.35,2.01,0,2410,0.34,1.69,2,666,0.34,1.42,4,1083,0.34,1.19,1,1293,0.34,0.98,0,912,0.34,0.81,5,1448,0.34,0.67,0,439,0.35,0.56,0,422,0.35,0.45,0,572,0.35,0.37,0,222,0.35,0.3,0,10,0.35,0.24,0,0,0.35,0.01,0,120,0.66,0.01,0,20,0.63,0.01,0,75,0.61,0.01,0,69,0.58,0.01,0,35,0.56,0.01,0,170,0.53,0.01,0,130,0.51,0.01,0,153,0.49,0.01,0,148,0.47,0.01,0,0,0.45,0.01,0,180,0.43,0.01,0,130,0.41,0.01,0,414,0.39,0.01,0,183,0.37,0.01,0,174,0.36,0.01,0,214,0.34,0.02,0,164,0.36,0.03,0,65,0.36,0.04,0,349,0.36,0.06,0,125,0.35,0.1,0,514,0.35,0.15,0,292,0.35,0.23,0,660,0.35,0.33,20,514,0.35,0.45,20,692,0.34,0.59,0,598,0.34,0.76,0,2067,0.33,0.96,0,717,0.33,1.21,11,1240,0.33,1.48,5,351,0.33,1.8,0,224,0.33,2.15,0,849,0.33,2.52,0,499,0.34,2.91,0,0,0.34,3.32,0,11,0.34,3.75,0,0,0.35,4.19,0,0,0.35,4.64,0,0,0.35,0.2,0.0,143.0,0.35,5.1,0.0,5.0,0.35,0.13,0.0,766.0,0.35,6.04,0.0,0.0,0.36,0.09,0.0,0.0,0.36,6.99,0.0,0.0,0.35,0.06,0.0,30.0,0.36,7.96,0.0,0.0,0.35
2023-05-08 16:00:00,15.7,10.23,0,0,0.86,9.98,0,0,0.8,9.73,0,0,0.69,9.48,0,0,,9.23,0,0,,8.98,0,0,,8.73,0,30,,8.49,0,0,0.66,8.24,0,0,0.62,7.99,0,0,0.57,7.74,0,240,0.5,7.49,0,0,,7.24,0,400,,6.99,0,323,,6.74,0,90,,6.5,0,253,0.47,6.25,0,150,0.43,6.0,0,199,0.39,5.75,0,127,0.35,5.25,0,202,,4.76,0,390,0.34,4.28,0,591,0.36,3.81,0,257,0.36,3.36,0,709,0.36,2.93,0,1664,0.35,2.53,0,3289,0.35,2.16,0,2410,0.35,1.81,0,666,0.34,1.53,0,1083,0.34,1.28,2,1291,0.34,1.07,52,927,0.35,0.89,1,1448,0.35,0.75,0,439,0.35,0.62,0,422,0.35,0.53,0,572,0.36,0.44,0,222,0.36,0.37,0,10,0.36,0.31,0,0,0.37,0.01,0,120,0.68,0.01,0,20,0.65,0.01,0,75,0.62,0.01,0,69,0.6,0.01,0,35,0.57,0.01,0,170,0.55,0.01,0,130,0.52,0.01,0,153,0.5,0.01,0,148,0.48,0.01,0,0,0.46,0.01,0,180,0.44,0.01,0,130,0.42,0.01,0,414,0.4,0.01,0,183,0.38,0.01,0,174,0.37,0.01,0,214,0.35,0.02,0,164,0.37,0.03,0,65,0.37,0.04,0,349,0.37,0.06,0,125,0.36,0.09,0,514,0.36,0.14,0,292,0.35,0.21,0,660,0.35,0.31,0,514,0.36,0.41,62,747,0.35,0.54,0,598,0.34,0.71,0,2067,0.34,0.9,82,717,0.34,1.13,3,1240,0.34,1.4,0,351,0.34,1.69,12,212,0.33,2.04,0,849,0.34,2.39,0,499,0.34,2.78,0,0,0.35,3.19,10,21,0.35,3.61,0,0,0.35,4.04,0,0,0.36,4.49,0,0,0.36,0.26,50.0,193.0,0.37,4.94,0.0,5.0,0.36,0.18,0.0,766.0,0.37,5.88,0.0,0.0,0.38,0.13,0.0,0.0,0.38,6.83,0.0,0.0,0.38,0.1,0.0,30.0,0.39,7.8,0.0,0.0,0.39
2023-05-09 16:00:00,15.5,10.03,0,0,0.86,9.78,0,0,0.8,9.53,0,0,0.7,9.28,0,0,,9.03,0,0,,8.78,0,0,,8.53,0,30,,8.29,0,0,0.66,8.04,0,0,0.61,7.79,0,0,0.57,7.54,0,240,0.5,7.36,0,0,0.76,7.04,0,400,,6.79,0,323,,6.54,0,90,,6.3,0,253,0.46,6.05,0,150,0.43,5.8,0,199,0.39,5.55,0,127,0.35,5.08,0,202,0.44,4.56,0,390,0.33,4.08,0,591,0.35,3.61,0,257,0.35,3.18,0,709,0.36,2.76,0,1664,0.36,2.35,0,3289,0.35,2.03,0,2410,0.36,1.65,1,665,0.34,1.38,3,1084,0.34,1.15,0,1291,0.34,0.95,10,927,0.34,0.77,6,1443,0.34,0.64,0,439,0.34,0.52,0,422,0.34,0.42,30,572,0.34,0.33,2,224,0.34,0.27,0,10,0.34,0.21,0,0,0.34,0.01,0,120,0.67,0.01,0,20,0.64,0.01,0,75,0.62,0.01,0,69,0.59,0.01,0,35,0.57,0.01,0,170,0.54,0.01,0,130,0.52,0.01,0,153,0.5,0.01,0,148,0.48,0.01,0,0,0.45,0.01,0,180,0.43,0.01,0,130,0.42,0.01,0,414,0.4,0.01,0,183,0.38,0.01,0,174,0.36,0.01,0,214,0.34,0.02,0,164,0.36,0.03,0,65,0.36,0.04,0,349,0.36,0.06,0,125,0.35,0.1,0,514,0.35,0.15,0,292,0.35,0.23,173,488,0.35,0.32,189,647,0.35,0.43,20,767,0.34,0.57,0,598,0.34,0.75,0,2067,0.34,0.95,0,717,0.33,1.19,246,1270,0.33,1.48,4,351,0.33,1.8,0,212,0.33,2.13,0,849,0.33,2.5,0,499,0.34,2.9,0,0,0.34,3.33,0,21,0.35,3.76,0,0,0.35,4.21,0,0,0.36,4.66,0,0,0.36,0.17,100.0,263.0,0.34,5.08,0.0,5.0,0.34,0.1,0.0,766.0,0.34,6.03,0.0,0.0,0.35,0.07,0.0,0.0,0.35,6.98,0.0,0.0,0.34,0.04,0.0,30.0,0.34,7.96,0.0,0.0,0.34
2023-05-10 16:00:00,15.08,9.61,0,0,0.87,9.36,0,0,0.81,9.11,0,0,0.74,8.86,0,0,0.64,8.61,0,0,,8.36,0,0,,8.11,0,30,,7.86,0,0,,7.62,0,0,0.62,7.37,0,0,0.57,7.12,0,240,0.53,6.87,0,0,0.47,6.62,0,400,,6.37,0,323,,6.12,0,90,,5.87,0,253,,5.63,0,150,0.43,5.38,0,199,0.4,5.13,0,127,0.36,4.64,0,202,0.37,4.15,0,390,0.36,3.67,0,591,0.35,3.23,6,263,0.37,2.8,0,709,0.36,2.38,0,1664,0.35,2.01,0,3289,0.34,1.67,10,2410,0.34,1.36,0,665,0.33,1.13,26,1094,0.34,0.91,0,1291,0.33,0.74,0,927,0.33,0.59,0,1443,0.33,0.48,0,439,0.33,0.39,0,422,0.34,0.31,0,572,0.34,0.25,0,224,0.34,0.2,0,10,0.34,0.16,0,0,0.34,0.01,0,120,0.66,0.01,0,20,0.63,0.01,0,75,0.6,0.01,0,69,0.58,0.01,0,35,0.55,0.01,0,170,0.53,0.01,0,130,0.5,0.01,0,153,0.48,0.01,0,148,0.46,0.01,0,0,0.44,0.01,0,180,0.42,0.01,0,130,0.4,0.01,0,414,0.38,0.01,0,183,0.36,0.01,0,174,0.35,0.02,0,214,0.36,0.03,0,164,0.37,0.04,0,65,0.36,0.05,0,349,0.36,0.08,0,125,0.36,0.12,0,514,0.35,0.19,2,294,0.35,0.27,0,488,0.34,0.37,0,647,0.34,0.5,80,847,0.33,0.66,0,598,0.33,0.85,0,2067,0.32,1.07,0,717,0.32,1.34,12,1271,0.32,1.64,52,398,0.31,1.97,0,212,0.31,2.35,0,849,0.32,2.76,0,499,0.32,3.18,0,0,0.33,3.61,0,21,0.33,4.05,0,0,0.33,4.51,0,0,0.33,4.98,0,0,0.33,0.13,0.0,263.0,0.34,5.44,0.0,5.0,0.32,0.08,0.0,766.0,0.35,6.42,0.0,0.0,0.34,0.06,0.0,0.0,0.36,7.4,0.0,0.0,0.36,0.04,0.0,30.0,0.37,8.38,0.0,0.0,0.35
2023-05-11 16:00:00,15.08,9.61,0,0,0.88,9.36,0,0,0.82,9.11,0,0,0.75,8.86,0,0,0.66,8.61,0,0,,8.36,0,0,,8.11,0,30,,7.86,0,0,,7.62,0,0,0.62,7.37,0,0,0.58,7.12,0,240,0.54,6.87,0,0,0.48,6.62,0,400,,6.37,0,323,,6.12,0,90,,5.87,0,253,,5.63,0,150,0.43,5.38,0,199,0.4,5.13,0,127,0.37,4.64,0,202,0.38,4.14,0,390,0.33,3.66,0,591,0.33,3.24,0,263,0.37,2.77,0,709,0.34,2.34,50,1714,0.33,1.97,0,3289,0.33,1.63,0,2410,0.33,1.35,0,665,0.33,1.09,0,1094,0.33,0.88,0,1291,0.32,0.71,0,927,0.33,0.56,122,1458,0.32,0.45,268,703,0.33,0.36,0,422,0.33,0.28,0,572,0.33,0.22,0,224,0.33,0.18,0,10,0.33,0.14,0,0,0.33,0.01,0,120,0.66,0.01,0,20,0.63,0.01,0,75,0.6,0.01,0,69,0.58,0.01,0,35,0.55,0.01,0,170,0.53,0.01,0,130,0.51,0.01,0,153,0.48,0.01,0,148,0.46,0.01,0,0,0.44,0.01,0,180,0.42,0.01,0,130,0.4,0.01,0,414,0.38,0.01,0,183,0.36,0.01,0,174,0.35,0.01,0,214,0.33,0.02,0,164,0.34,0.03,0,65,0.35,0.04,0,349,0.35,0.07,0,125,0.35,0.11,0,514,0.34,0.17,0,294,0.34,0.25,223,572,0.34,0.35,134,781,0.33,0.47,21,866,0.32,0.63,0,598,0.32,0.82,0,2067,0.32,1.04,0,717,0.31,1.35,0,1271,0.32,1.61,0,398,0.31,1.95,0,212,0.31,2.32,0,849,0.31,2.72,0,499,0.31,3.13,0,0,0.31,3.57,0,21,0.31,4.01,0,0,0.3,4.47,0,0,0.3,4.94,0,0,0.3,0.11,0.0,263.0,0.33,5.42,0.0,5.0,0.3,0.07,0.0,766.0,0.34,6.41,0.0,0.0,0.33,0.04,0.0,0.0,0.34,7.39,0.0,0.0,0.34,0.03,0.0,30.0,0.35,8.38,0.0,0.0,0.35
2023-05-12 16:00:00,14.68,9.21,0,0,0.88,8.96,0,0,0.83,8.71,0,0,0.77,8.46,0,0,0.7,8.21,0,0,0.61,7.96,0,0,,7.71,0,30,,7.46,0,0,,7.21,0,0,,6.97,0,0,0.58,6.72,0,240,0.54,6.47,0,0,0.5,6.22,0,400,0.45,5.97,0,323,0.36,5.72,0,90,,5.47,0,253,,5.22,0,150,,4.98,0,199,0.4,4.73,0,127,0.37,4.27,0,202,0.43,3.74,0,390,0.31,3.27,0,591,0.33,2.87,1,264,0.37,2.4,0,709,0.33,2.0,0,1714,0.33,1.63,0,3289,0.32,1.32,0,2410,0.32,1.04,0,665,0.31,0.82,639,1346,0.31,0.64,46,1290,0.31,0.5,0,927,0.31,0.39,2,1459,0.31,0.3,139,840,0.31,0.23,0,422,0.31,0.18,0,572,0.31,0.14,0,224,0.31,0.11,0,10,0.32,0.08,0,0,0.32,0.01,0,120,0.65,0.01,0,20,0.62,0.01,0,75,0.59,0.01,0,69,0.56,0.01,0,35,0.54,0.01,0,170,0.52,0.01,0,130,0.49,0.01,0,153,0.47,0.01,0,148,0.45,0.01,0,0,0.43,0.01,0,180,0.41,0.01,0,130,0.39,0.01,0,414,0.37,0.01,0,183,0.35,0.01,0,174,0.33,0.02,0,214,0.35,0.03,0,164,0.35,0.04,0,65,0.35,0.05,0,349,0.34,0.08,0,125,0.34,0.13,0,514,0.33,0.19,0,294,0.33,0.27,0,572,0.32,0.39,0,781,0.32,0.53,2,864,0.31,0.7,47,644,0.3,0.92,0,2067,0.3,1.18,91,717,0.3,1.45,771,1312,0.29,1.8,0,398,0.29,2.17,0,212,0.29,2.57,0,849,0.29,2.99,0,499,0.29,3.42,0,0,0.28,3.88,0,21,0.29,4.37,0,0,0.3,4.84,0,0,0.3,5.32,0,0,0.3,0.06,0.0,263.0,0.32,5.81,0.0,5.0,0.31,0.04,0.0,766.0,0.33,6.79,0.0,0.0,0.31,0.02,0.0,0.0,0.32,7.78,0.0,0.0,0.31,0.01,0.0,30.0,0.32,8.77,0.0,0.0,0.28
2023-05-15 16:00:00,15.22,9.74,0,0,,9.49,0,0,,9.25,0,0,0.83,9.0,0,0,0.77,8.75,0,0,0.72,8.5,0,0,0.64,8.25,0,30,,8.0,0,0,,7.75,0,0,,7.5,0,0,,7.25,0,240,,7.01,0,0,0.56,6.76,0,400,0.52,6.51,0,323,0.48,6.26,0,90,0.43,6.01,0,253,,5.76,0,150,,5.51,0,199,,5.26,0,127,,4.77,0,202,0.36,4.32,0,390,0.44,3.78,0,591,0.31,3.29,12,260,0.29,2.85,0,709,0.32,2.41,0,1714,0.31,2.02,0,3289,0.32,1.66,0,2410,0.31,1.34,903,1498,0.31,1.09,115,1397,0.31,0.89,26,1316,0.31,0.72,10,927,0.32,0.58,0,1459,0.32,0.47,0,840,0.32,0.37,0,422,0.32,0.3,0,572,0.33,0.24,0,224,0.33,0.2,0,10,0.34,0.16,0,0,0.34,0.01,0,120,0.68,0.01,0,20,0.65,0.01,0,75,0.62,0.01,0,69,0.59,0.01,0,35,0.57,0.01,0,170,0.54,0.01,0,130,0.52,0.01,0,153,0.5,0.01,0,148,0.47,0.01,0,0,0.45,0.01,0,180,0.43,0.01,0,130,0.41,0.01,0,414,0.39,0.01,3,183,0.38,0.01,0,174,0.36,0.01,0,214,0.34,0.01,0,164,0.32,0.01,0,65,0.3,0.02,0,349,0.32,0.04,0,125,0.32,0.07,0,514,0.32,0.11,0,294,0.31,0.17,0,572,0.31,0.27,1,781,0.31,0.39,0,864,0.31,0.54,0,644,0.31,0.72,0,2067,0.3,0.96,1164,1291,0.31,1.2,23,1293,0.3,1.5,26,398,0.3,1.85,0,212,0.31,2.22,0,849,0.31,2.61,0,499,0.31,3.03,0,0,0.31,3.46,0,21,0.32,3.91,0,0,0.32,4.37,0,0,0.32,4.84,0,0,0.33,0.13,0.0,263.0,0.34,5.31,0.0,5.0,0.32,0.09,8.0,774.0,0.35,6.29,0.0,0.0,0.35,0.06,0.0,0.0,0.36,7.27,0.0,0.0,0.36,0.04,0.0,30.0,0.37,8.25,0.0,0.0,0.36
2023-05-16 16:00:00,14.92,9.44,0,0,,9.19,0,0,,8.95,0,0,0.82,8.7,0,0,0.77,8.45,0,0,0.71,8.2,0,0,0.64,7.95,0,30,,7.7,0,0,,7.45,0,0,,7.2,0,0,,6.95,0,240,,6.71,0,0,0.55,6.46,0,400,0.51,6.21,0,323,0.47,5.96,0,90,0.43,5.71,0,253,0.35,5.46,0,150,,5.21,0,199,,4.96,0,127,,4.47,0,202,0.35,3.97,60,390,0.29,3.49,0,591,0.32,3.02,3,263,0.32,2.57,0,709,0.32,2.16,0,1714,0.32,1.76,10,3299,0.31,1.43,0,2410,0.31,1.17,0,1498,0.31,0.93,1,1397,0.31,0.74,0,1316,0.31,0.6,10,917,0.32,0.48,1,1460,0.32,0.38,0,840,0.32,0.3,0,422,0.32,0.24,0,572,0.33,0.19,0,224,0.33,0.16,0,10,0.34,0.13,0,0,0.34,0.01,0,120,0.67,0.01,0,20,0.64,0.01,0,75,0.61,0.01,0,69,0.58,0.01,0,35,0.56,0.01,0,170,0.53,0.01,0,130,0.51,0.01,0,153,0.49,0.01,0,148,0.46,0.01,0,0,0.44,0.01,0,180,0.42,0.01,0,130,0.4,0.01,0,414,0.38,0.01,0,183,0.36,0.01,0,174,0.35,0.01,0,214,0.33,0.01,0,164,0.31,0.02,3,68,0.32,0.03,0,349,0.33,0.05,0,125,0.32,0.09,0,514,0.32,0.14,0,294,0.31,0.22,0,572,0.31,0.33,0,781,0.31,0.45,1,865,0.31,0.61,0,644,0.3,0.81,1,2067,0.3,1.06,0,1291,0.3,1.32,14,1293,0.29,1.66,0,398,0.3,2.05,0,212,0.31,2.42,0,849,0.31,2.83,0,499,0.31,3.26,0,0,0.31,3.7,0,21,0.31,4.16,0,0,0.31,4.63,0,0,0.31,5.1,0,0,0.31,0.1,0.0,263.0,0.34,5.58,0.0,5.0,0.31,0.07,0.0,774.0,0.35,6.58,0.0,0.0,0.35,0.05,0.0,0.0,0.36,7.56,0.0,0.0,0.36,0.03,0.0,30.0,0.36,8.55,0.0,0.0,0.37
2023-05-17 16:00:00,14.48,9.0,0,0,,8.75,0,0,,8.51,0,0,0.82,8.26,0,0,0.77,8.01,0,0,0.72,7.76,0,0,0.66,7.51,0,30,0.6,7.26,0,0,,7.01,0,0,,6.76,0,0,,6.51,0,240,,6.26,0,0,,6.02,0,400,0.51,5.77,0,323,0.48,5.52,0,90,0.44,5.27,0,253,0.4,5.02,0,150,0.34,4.77,0,199,,4.52,0,127,,4.03,0,202,0.34,3.54,0,390,0.33,3.06,0,591,0.32,2.69,5,268,0.38,2.2,0,709,0.33,1.82,0,1714,0.33,1.47,0,3299,0.32,1.18,0,2410,0.32,0.93,157,1655,0.32,0.73,3,1395,0.31,0.57,0,1316,0.31,0.45,0,917,0.32,0.35,1,1460,0.32,0.27,0,840,0.32,0.2,0,422,0.32,0.16,0,572,0.32,0.12,0,224,0.32,0.09,0,10,0.32,0.07,0,0,0.32,0.01,0,120,0.65,0.01,0,20,0.62,0.01,0,75,0.59,0.01,0,69,0.57,0.01,0,35,0.54,0.01,0,170,0.52,0.01,0,130,0.49,0.01,0,153,0.47,0.01,0,148,0.45,0.01,0,0,0.43,0.01,0,180,0.41,0.01,0,130,0.39,0.01,0,414,0.37,0.01,0,183,0.35,0.01,0,174,0.33,0.02,0,214,0.34,0.03,0,164,0.35,0.04,0,68,0.34,0.05,0,349,0.34,0.09,0,125,0.34,0.14,0,514,0.33,0.21,0,294,0.33,0.29,0,572,0.32,0.42,64,781,0.31,0.58,0,865,0.31,0.77,0,644,0.31,1.0,50,2117,0.3,1.26,97,1301,0.29,1.58,8,1301,0.3,1.93,0,398,0.29,2.33,0,212,0.3,2.74,0,849,0.3,3.17,0,499,0.3,3.61,0,0,0.29,4.07,0,21,0.29,4.54,0,0,0.29,5.02,0,0,0.28,5.53,0,0,0.32,0.05,0.0,263.0,0.32,6.02,0.0,5.0,0.33,0.03,0.0,774.0,0.33,7.0,0.0,0.0,0.33,0.02,0.0,0.0,0.34,7.99,0.0,0.0,0.34,0.01,0.0,30.0,0.33,8.98,0.0,0.0,0.31
2023-05-18 16:00:00,15.0,9.52,0,0,,9.27,0,0,,9.02,0,0,,8.78,0,0,0.8,8.53,0,0,0.75,8.28,0,0,0.7,8.03,0,30,0.63,7.78,0,0,0.48,7.53,0,0,,7.28,0,0,,7.03,0,240,,6.78,0,0,,6.54,0,400,0.54,6.29,0,323,0.51,6.04,0,90,0.47,5.79,0,253,0.43,5.54,0,150,0.38,5.29,0,199,,5.04,0,127,,4.55,0,202,0.37,4.05,0,390,0.32,3.57,0,591,0.34,3.11,4,265,0.34,2.65,0,709,0.33,2.23,0,1714,0.32,1.85,0,3299,0.32,1.52,0,2410,0.32,1.22,0,1655,0.32,0.98,120,1488,0.32,0.8,92,1328,0.32,0.64,23,940,0.32,0.51,1,1459,0.32,0.4,510,1121,0.33,0.31,0,422,0.32,0.25,23,595,0.33,0.19,17,224,0.33,0.15,0,10,0.33,0.12,0,0,0.33,0.01,0,120,0.67,0.01,0,20,0.64,0.01,0,75,0.62,0.01,0,69,0.59,0.01,0,35,0.56,0.01,0,170,0.54,0.01,0,130,0.52,0.01,0,153,0.49,0.01,0,148,0.47,0.01,0,0,0.45,0.01,0,180,0.43,0.01,0,130,0.41,0.01,0,414,0.39,0.01,0,183,0.37,0.01,0,174,0.35,0.01,0,214,0.33,0.01,0,164,0.32,0.02,0,68,0.33,0.03,0,349,0.33,0.06,0,125,0.34,0.09,0,514,0.33,0.15,0,294,0.33,0.23,0,572,0.33,0.33,0,781,0.32,0.45,0,865,0.32,0.61,0,644,0.31,0.81,0,2117,0.31,1.05,93,1301,0.31,1.32,93,1387,0.31,1.64,0,398,0.31,1.99,0,212,0.31,2.37,0,849,0.31,2.77,0,499,0.31,3.2,0,0,0.31,3.64,0,21,0.31,4.1,0,0,0.32,4.56,0,0,0.32,5.03,0,0,0.31,0.09,0.0,263.0,0.33,5.52,0.0,5.0,0.33,0.06,0.0,774.0,0.34,6.5,0.0,0.0,0.34,0.04,0.0,0.0,0.35,7.48,0.0,0.0,0.35,0.03,0.0,30.0,0.36,8.47,0.0,0.0,0.36
2023-05-19 16:00:00,14.72,9.24,0,0,,8.99,0,0,,8.74,0,0,,8.49,0,0,,8.25,0,0,0.76,8.0,0,0,0.71,7.75,0,30,0.66,7.5,0,0,0.6,7.25,0,0,0.49,7.0,0,0,,6.75,0,240,,6.5,0,0,,6.25,0,400,,6.01,0,323,0.51,5.76,0,90,0.48,5.51,0,253,0.44,5.26,0,150,0.41,5.01,0,199,0.37,4.76,0,127,0.29,4.26,0,202,,3.77,0,390,0.31,3.29,0,591,0.32,2.87,3,266,0.36,2.43,0,709,0.35,2.02,0,1714,0.34,1.66,0,3299,0.33,1.35,15,2395,0.33,1.07,0,1655,0.32,0.86,0,1488,0.32,0.68,0,1328,0.32,0.53,0,940,0.32,0.42,0,1459,0.32,0.32,10,1121,0.32,0.25,0,422,0.32,0.19,0,595,0.32,0.15,0,224,0.33,0.11,0,10,0.32,0.09,0,0,0.33,0.01,0,120,0.66,0.01,0,20,0.64,0.01,0,75,0.61,0.01,0,69,0.58,0.01,0,35,0.55,0.01,0,170,0.53,0.01,0,130,0.51,0.01,0,153,0.48,0.01,0,148,0.46,0.01,0,0,0.44,0.01,0,180,0.42,0.01,0,130,0.4,0.01,0,414,0.38,0.01,0,183,0.36,0.01,0,174,0.34,0.01,0,214,0.32,0.02,0,164,0.34,0.03,0,68,0.34,0.04,0,349,0.34,0.07,0,125,0.34,0.11,0,514,0.33,0.17,3,294,0.32,0.26,0,572,0.32,0.36,0,781,0.31,0.51,15,880,0.31,0.7,0,644,0.31,0.92,0,2117,0.31,1.17,0,1301,0.31,1.46,0,1387,0.3,1.8,0,398,0.3,2.18,0,212,0.31,2.55,0,849,0.3,2.97,0,499,0.3,3.4,0,0,0.3,3.85,0,21,0.29,4.32,0,0,0.29,4.79,0,0,0.28,5.29,0,0,0.31,0.07,0.0,263.0,0.33,5.79,0.0,5.0,0.33,0.04,0.0,774.0,0.33,6.77,0.0,0.0,0.34,0.02,0.0,0.0,0.33,7.75,0.0,0.0,0.3,0.01,0.0,30.0,0.33,8.75,0.0,0.0,0.36
2023-05-22 16:00:00,14.72,9.24,0,0,,8.99,0,0,,8.74,0,0,,8.49,0,0,,8.24,0,0,,8.0,0,0,0.75,7.75,0,30,0.7,7.5,0,0,0.65,7.25,0,0,0.6,7.0,0,0,0.54,6.75,0,240,,6.5,0,0,,6.25,0,400,,6.0,0,323,,5.75,0,90,,5.51,0,253,0.47,5.26,0,150,0.44,5.01,0,199,0.4,4.76,0,127,0.37,4.26,0,202,0.28,3.77,0,390,0.33,3.29,0,591,0.34,2.91,1,265,0.4,2.46,0,709,0.37,2.04,0,1714,0.35,1.67,0,3299,0.34,1.35,0,2395,0.33,1.07,0,1655,0.33,0.84,69,1547,0.32,0.66,100,1382,0.32,0.51,0,940,0.32,0.39,0,1459,0.32,0.3,10,1121,0.32,0.23,0,422,0.32,0.17,0,595,0.32,0.13,0,224,0.32,0.1,0,10,0.32,0.07,0,0,0.32,0.01,0,120,0.67,0.01,0,20,0.64,0.01,0,75,0.61,0.01,0,69,0.59,0.01,0,35,0.56,0.01,0,170,0.54,0.01,0,130,0.51,0.01,0,153,0.49,0.01,0,148,0.47,0.01,0,0,0.44,0.01,0,180,0.42,0.01,0,130,0.4,0.01,0,414,0.38,0.01,0,183,0.36,0.01,0,174,0.34,0.01,0,214,0.33,0.02,0,164,0.34,0.03,0,68,0.34,0.05,0,349,0.36,0.08,0,125,0.35,0.12,0,514,0.34,0.18,0,294,0.33,0.26,0,572,0.33,0.37,93,781,0.32,0.52,0,880,0.32,0.7,0,644,0.32,0.91,0,2117,0.31,1.16,87,1301,0.31,1.44,0,1387,0.3,1.77,0,398,0.3,2.12,0,212,0.29,2.51,0,849,0.29,2.93,0,499,0.28,3.36,0,0,0.27,3.81,0,21,0.26,4.27,0,0,0.21,4.78,0,0,0.26,5.27,0,0,0.26,0.05,0.0,263.0,0.32,5.78,0.0,5.0,0.31,0.03,0.0,774.0,0.32,6.77,0.0,0.0,0.33,0.02,0.0,0.0,0.33,7.76,0.0,0.0,0.34,0.01,0.0,30.0,0.33,8.75,0.0,0.0,0.33
2023-05-23 16:00:00,14.4,8.92,0,0,,8.67,0,0,,8.42,0,0,,8.17,0,0,,7.92,0,0,,7.67,0,0,,7.43,0,30,0.7,7.18,0,0,0.66,6.93,0,0,0.62,6.68,0,0,0.57,6.43,0,240,0.52,6.18,0,0,,5.93,0,400,,5.68,0,323,,5.43,0,90,,5.18,0,253,,4.94,0,150,0.44,4.69,0,199,0.4,4.44,0,127,0.37,3.95,0,202,0.37,3.45,0,390,0.32,2.97,0,591,0.32,2.56,2,266,0.36,2.12,0,709,0.34,1.74,0,1714,0.33,1.39,0,3299,0.32,1.1,0,2395,0.32,0.85,44,1699,0.31,0.66,7,1547,0.31,0.51,0,1382,0.31,0.39,0,940,0.31,0.3,1,1458,0.31,0.22,5,1121,0.31,0.17,0,422,0.31,0.12,0,595,0.31,0.09,0,224,0.31,0.07,0,10,0.32,0.05,0,0,0.32,0.01,0,120,0.66,0.01,0,20,0.63,0.01,0,75,0.6,0.01,0,69,0.58,0.01,0,35,0.55,0.01,0,170,0.52,0.01,0,130,0.5,0.01,0,153,0.48,0.01,0,148,0.45,0.01,0,0,0.43,0.01,0,180,0.41,0.01,0,130,0.39,0.01,0,414,0.37,0.01,0,183,0.35,0.01,0,174,0.33,0.02,0,214,0.35,0.03,0,164,0.35,0.04,0,68,0.35,0.05,0,349,0.34,0.08,0,125,0.33,0.13,0,514,0.33,0.2,0,294,0.32,0.29,0,572,0.32,0.42,0,781,0.31,0.58,0,880,0.31,0.78,94,698,0.31,1.01,0,2117,0.3,1.28,10,1311,0.29,1.6,0,1387,0.29,1.96,0,398,0.29,2.35,0,212,0.29,2.76,0,849,0.28,3.2,0,499,0.28,3.65,0,0,0.27,4.11,0,21,0.25,4.6,0,0,0.25,5.11,0,0,0.3,5.61,0,0,0.32,0.04,0.0,263.0,0.32,6.1,0.0,5.0,0.32,0.02,0.0,774.0,0.32,7.08,0.0,0.0,0.28,0.01,0.0,0.0,0.32,8.08,0.0,0.0,0.34,0.01,0.0,30.0,0.35,9.07,0.0,0.0,
2023-05-24 16:00:00,14.0,8.52,0,0,0.71,8.27,0,0,,8.02,0,0,,7.77,0,0,,7.52,0,0,,7.27,0,0,,7.03,0,30,0.69,6.78,0,0,0.65,6.53,0,0,0.6,6.28,0,0,0.55,6.03,0,240,0.5,5.78,0,0,0.42,5.53,0,400,,5.28,0,323,,5.03,0,90,,4.78,0,253,,4.54,0,150,0.42,4.29,0,199,0.39,4.04,0,127,0.36,3.57,0,202,0.4,3.07,2,388,0.35,2.65,0,591,0.38,2.17,12,278,0.33,1.8,0,709,0.34,1.43,0,1714,0.33,1.12,3,3296,0.32,0.85,59,2336,0.31,0.65,30,1729,0.31,0.49,0,1547,0.31,0.37,21,1382,0.31,0.27,0,940,0.3,0.2,0,1458,0.3,0.15,5,1121,0.31,0.11,0,422,0.31,0.08,0,595,0.31,0.05,0,224,0.3,0.04,0,10,0.31,0.03,0,0,0.31,0.01,0,120,0.65,0.01,0,20,0.62,0.01,0,75,0.59,0.01,0,69,0.56,0.01,0,35,0.53,0.01,0,170,0.51,0.01,0,130,0.48,0.01,0,153,0.46,0.01,0,148,0.44,0.01,0,0,0.42,0.01,0,180,0.4,0.01,0,130,0.37,0.01,0,414,0.35,0.02,0,183,0.37,0.03,0,174,0.37,0.04,0,214,0.37,0.05,0,164,0.36,0.06,0,68,0.35,0.08,0,349,0.35,0.12,0,125,0.34,0.18,0,514,0.33,0.26,15,300,0.32,0.38,0,572,0.32,0.52,45,781,0.31,0.71,12,880,0.31,0.92,0,698,0.3,1.18,0,2117,0.29,1.49,0,1311,0.29,1.84,0,1387,0.28,2.23,0,398,0.28,2.64,0,212,0.27,3.07,0,849,0.26,3.52,0,499,0.24,4.0,0,0,0.22,4.51,0,21,0.27,5.01,0,0,0.3,5.5,0,0,0.3,5.99,0,0,0.29,0.02,0.0,263.0,0.31,6.49,0.0,5.0,0.31,0.01,0.0,774.0,0.31,7.48,0.0,0.0,0.28,0.01,0.0,0.0,0.34,8.48,0.0,0.0,0.36,0.01,0.0,30.0,0.37,9.47,0.0,0.0,
2023-05-25 16:00:00,13.74,8.26,0,0,0.81,8.01,0,0,,7.76,0,0,,7.51,0,0,,7.26,0,0,,7.01,0,0,,6.76,0,30,,6.52,0,0,0.65,6.27,0,0,0.61,6.02,0,0,0.57,5.77,0,240,0.52,5.52,0,0,0.48,5.27,0,400,0.42,5.02,0,323,,4.77,0,90,,4.52,0,253,,4.27,0,150,,4.03,0,199,0.38,3.78,0,127,0.35,3.29,0,202,0.34,2.81,0,388,0.33,2.4,0,591,0.37,1.97,1,279,0.35,1.58,0,709,0.33,1.25,0,1714,0.33,0.97,10,3286,0.32,0.74,0,2336,0.32,0.56,10,1739,0.31,0.41,15,1562,0.31,0.3,0,1382,0.31,0.21,1,941,0.3,0.15,10,1458,0.3,0.11,1,1120,0.3,0.07,0,422,0.3,0.05,0,595,0.3,0.03,0,224,0.29,0.02,0,10,0.29,0.01,0,0,0.28,0.01,0,120,0.64,0.01,0,20,0.61,0.01,0,75,0.58,0.01,0,69,0.55,0.01,0,35,0.52,0.01,0,170,0.5,0.01,0,130,0.47,0.01,0,153,0.45,0.01,0,148,0.43,0.01,0,0,0.41,0.01,0,180,0.38,0.01,0,130,0.36,0.01,30,414,0.34,0.02,0,183,0.36,0.03,0,174,0.36,0.04,0,214,0.36,0.05,0,164,0.35,0.07,0,68,0.35,0.08,0,349,0.34,0.14,0,125,0.34,0.21,0,514,0.33,0.3,0,300,0.32,0.44,2,572,0.32,0.61,0,781,0.31,0.81,0,880,0.31,1.06,7,703,0.3,1.34,0,2117,0.29,1.67,4,1309,0.29,2.04,0,1387,0.29,2.43,0,398,0.28,2.86,0,212,0.27,3.31,0,849,0.26,3.77,0,499,0.23,4.28,0,0,0.28,4.77,0,21,0.29,5.26,0,0,0.28,5.75,0,0,0.23,6.25,0,0,0.28,0.01,0.0,263.0,0.3,6.75,0.0,5.0,0.31,0.01,0.0,774.0,0.33,7.74,0.0,0.0,,0.01,0.0,0.0,0.35,8.74,0.0,0.0,0.34,0.01,0.0,30.0,0.38,9.74,0.0,0.0,0.41
2023-05-29 16:00:00,13.54,8.06,0,0,0.89,7.81,0,0,0.82,7.56,0,0,0.76,7.31,0,0,0.66,7.06,0,0,,6.81,0,0,,6.56,0,30,,6.31,0,0,,6.06,0,0,,5.81,0,0,,5.57,0,240,0.56,5.32,0,0,0.53,5.07,0,400,0.49,4.82,0,323,0.45,4.57,0,90,0.41,4.32,0,253,0.37,4.07,0,150,,3.82,0,199,,3.58,0,127,0.37,3.12,0,202,0.41,2.64,0,388,0.37,2.19,0,591,0.35,1.78,0,279,0.34,1.41,0,709,0.33,1.09,0,1714,0.32,0.84,0,3286,0.32,0.63,0,2336,0.32,0.47,0,1739,0.32,0.34,3,1565,0.31,0.25,10,1382,0.31,0.18,10,936,0.31,0.12,0,1458,0.3,0.09,0,1120,0.31,0.06,0,422,0.3,0.04,0,595,0.3,0.03,0,224,0.31,0.02,0,10,0.31,0.01,0,0,0.29,0.01,0,120,0.64,0.01,0,20,0.61,0.01,0,75,0.58,0.01,0,69,0.55,0.01,0,35,0.52,0.01,0,170,0.5,0.01,0,130,0.47,0.01,0,153,0.45,0.01,0,148,0.43,0.01,0,0,0.4,0.01,0,180,0.38,0.01,0,130,0.36,0.01,0,414,0.34,0.02,0,183,0.35,0.03,0,174,0.35,0.04,0,214,0.35,0.06,0,164,0.35,0.07,0,68,0.34,0.1,0,349,0.35,0.15,4,125,0.34,0.23,0,514,0.33,0.34,0,300,0.33,0.48,0,572,0.32,0.66,0,781,0.31,0.89,15,895,0.31,1.15,0,703,0.3,1.46,0,2117,0.3,1.81,30,1309,0.29,2.2,0,1387,0.29,2.61,0,398,0.29,3.04,0,212,0.27,3.5,0,849,0.27,3.97,0,499,0.24,4.48,0,0,0.29,4.97,0,21,0.29,5.47,0,0,0.31,5.96,0,0,0.3,6.46,0,0,0.32,0.01,0.0,263.0,0.31,6.96,0.0,5.0,0.35,0.01,0.0,774.0,0.34,7.95,0.0,0.0,0.31,0.01,0.0,0.0,0.37,8.95,0.0,0.0,0.39,0.01,0.0,30.0,0.4,9.94,0.0,0.0,
2023-05-30 16:00:00,13.48,8.0,0,0,0.91,7.75,0,0,0.85,7.5,0,0,0.79,7.25,0,0,0.73,7.0,0,0,0.64,6.75,0,0,,6.5,0,30,,6.25,0,0,,6.0,0,0,,5.75,0,0,,5.5,0,240,,5.26,0,0,0.54,5.01,0,400,0.51,4.76,0,323,0.47,4.51,0,90,0.43,4.26,0,253,0.4,4.01,0,150,0.36,3.76,0,199,0.31,3.51,0,127,,3.02,0,202,0.32,2.6,0,388,0.39,2.16,0,591,0.37,1.73,0,279,0.35,1.36,0,709,0.33,1.06,0,1714,0.33,0.8,0,3286,0.32,0.6,0,2336,0.32,0.44,598,2131,0.31,0.31,0,1565,0.31,0.22,0,1382,0.3,0.15,1,937,0.3,0.1,0,1458,0.29,0.07,0,1120,0.3,0.05,0,422,0.3,0.03,0,595,0.29,0.02,0,224,0.29,0.01,0,10,0.28,0.01,0,0,0.3,0.01,0,120,0.64,0.01,0,20,0.61,0.01,0,75,0.58,0.01,0,69,0.55,0.01,0,35,0.52,0.01,0,170,0.5,0.01,0,130,0.47,0.01,0,153,0.45,0.01,0,148,0.42,0.01,0,0,0.4,0.01,0,180,0.38,0.01,0,130,0.36,0.01,0,414,0.33,0.02,0,183,0.35,0.03,0,174,0.35,0.04,0,214,0.35,0.06,0,164,0.35,0.08,0,68,0.35,0.1,0,349,0.35,0.16,0,125,0.34,0.23,0,514,0.33,0.34,50,300,0.32,0.49,147,666,0.32,0.68,0,781,0.31,0.9,194,812,0.3,1.17,0,703,0.3,1.48,0,2117,0.29,1.82,0,1309,0.28,2.22,0,1387,0.28,2.62,0,398,0.26,3.06,0,212,0.24,3.54,0,849,0.24,4.03,0,499,0.23,4.54,0,0,0.29,5.03,0,21,0.29,5.52,0,0,,6.02,0,0,0.28,6.52,0,0,0.31,0.01,0.0,263.0,0.32,7.02,0.0,5.0,0.34,0.01,0.0,774.0,0.35,8.01,0.0,0.0,,0.01,0.0,0.0,0.38,9.01,0.0,0.0,0.35,0.01,0.0,30.0,0.4,10.01,0.0,0.0,0.43
2023-05-31 16:00:00,13.22,7.74,0,0,0.91,7.49,0,0,0.85,7.24,0,0,0.79,6.99,0,0,0.72,6.74,0,0,0.65,6.49,0,0,,6.24,0,30,,5.99,0,0,,5.74,0,0,,5.49,0,0,,5.24,0,240,,4.99,0,0,,4.75,0,400,0.5,4.5,0,323,0.46,4.25,0,90,0.42,4.0,0,253,0.39,3.75,0,150,0.35,3.5,0,199,0.31,3.25,0,127,,2.76,0,202,0.31,2.26,0,388,0.25,1.84,0,591,0.3,1.45,0,279,0.31,1.12,0,709,0.31,0.87,0,1714,0.31,0.68,30,3286,0.32,0.52,0,2336,0.32,0.39,10,2131,0.32,0.3,2,1567,0.33,0.22,10,1382,0.33,0.16,12,938,0.33,0.12,0,1458,0.33,0.09,0,1120,0.33,0.06,0,422,0.33,0.05,0,595,0.34,0.03,0,224,0.33,0.02,0,10,0.33,0.01,0,0,0.31,0.01,0,120,0.63,0.01,0,20,0.6,0.01,0,75,0.57,0.01,0,69,0.54,0.01,0,35,0.51,0.01,0,170,0.49,0.01,0,130,0.46,0.01,0,153,0.44,0.01,0,148,0.41,0.01,0,0,0.39,0.01,30,185,0.37,0.01,30,152,0.34,0.01,0,414,0.32,0.02,0,183,0.34,0.03,0,174,0.34,0.04,0,214,0.33,0.05,0,164,0.32,0.07,0,68,0.32,0.09,4,349,0.32,0.16,0,125,0.32,0.27,0,514,0.32,0.41,12,310,0.32,0.57,270,936,0.32,0.78,200,781,0.31,1.05,0,812,0.31,1.37,21,689,0.32,1.72,0,2117,0.32,2.11,0,1309,0.32,2.5,0,1387,0.32,2.95,30,411,0.33,3.39,30,242,0.32,3.85,0,849,0.32,4.33,0,499,0.33,4.81,0,0,0.32,5.3,0,21,0.33,5.79,0,0,0.33,6.28,0,0,0.28,6.78,0,0,0.32,0.01,0.0,263.0,0.33,7.28,0.0,5.0,0.35,0.01,0.0,774.0,0.36,8.27,0.0,0.0,,0.01,0.0,0.0,0.39,9.27,0.0,0.0,0.34,0.01,0.0,30.0,0.42,10.27,0.0,0.0,0.44
2023-06-01 16:00:00,13.04,7.56,0,0,0.92,7.31,0,0,0.86,7.06,0,0,0.81,6.81,0,0,0.75,6.56,0,0,0.69,6.31,0,0,0.62,6.06,0,30,,5.81,0,0,,5.56,0,0,,5.31,0,0,,5.06,0,240,,4.81,0,0,,4.56,0,400,,4.32,0,323,0.46,4.07,0,90,0.43,3.82,0,253,0.39,3.57,0,150,0.36,3.33,0,199,0.39,3.08,0,127,0.36,2.63,0,202,0.39,2.18,0,388,0.37,1.76,0,591,0.36,1.4,0,279,0.35,1.07,0,709,0.34,0.79,124,1838,0.32,0.59,0,3286,0.32,0.43,0,2336,0.32,0.31,0,2131,0.31,0.22,3,1567,0.31,0.15,0,1382,0.31,0.1,0,938,0.3,0.07,0,1458,0.3,0.05,5,1115,0.31,0.03,0,422,0.3,0.02,0,595,0.3,0.01,0,224,0.29,0.01,0,10,0.31,0.01,0,0,0.33,0.01,0,120,0.62,0.01,0,20,0.59,0.01,0,75,0.56,0.01,0,69,0.53,0.01,0,35,0.51,0.01,0,170,0.48,0.01,0,130,0.45,0.01,0,153,0.43,0.01,0,148,0.4,0.01,0,0,0.38,0.02,0,185,0.4,0.03,0,152,0.4,0.04,0,414,0.39,0.05,0,183,0.39,0.07,0,174,0.39,0.08,0,214,0.38,0.1,0,164,0.37,0.13,0,68,0.37,0.16,0,349,0.36,0.24,0,125,0.35,0.34,5,519,0.34,0.48,133,399,0.34,0.65,3,936,0.33,0.86,178,782,0.32,1.11,156,812,0.3,1.42,1,688,0.3,1.76,30,2147,0.29,2.16,0,1309,0.29,2.58,0,1387,0.28,3.01,0,411,0.25,3.53,0,242,0.31,4.0,0,849,0.3,4.49,0,499,0.31,4.98,0,0,0.31,5.47,0,21,0.3,5.97,0,0,0.33,6.46,0,0,,6.96,0,0,,0.01,0.0,263.0,0.34,7.46,0.0,5.0,0.34,0.01,0.0,774.0,0.37,8.46,0.0,0.0,0.4,0.01,0.0,0.0,0.4,9.45,0.0,0.0,,0.01,0.0,30.0,0.43,10.45,0.0,0.0,0.38
2023-06-02 16:00:00,13.36,7.88,0,0,0.85,7.63,0,0,0.66,7.38,0,0,,7.13,0,0,,6.88,0,0,,6.63,0,0,,6.38,0,30,,6.14,0,0,0.67,5.89,0,0,0.63,5.64,0,0,0.59,5.39,0,240,0.54,5.14,0,0,0.49,4.89,0,400,0.43,4.64,0,323,,4.39,0,90,,4.14,0,253,,3.89,0,150,,3.65,0,199,0.39,3.4,0,127,0.36,2.91,0,202,0.34,2.49,0,388,0.39,2.05,0,591,0.37,1.63,0,279,0.34,1.3,0,709,0.34,1.0,201,2039,0.33,0.75,200,3286,0.32,0.56,118,2375,0.32,0.42,0,2131,0.32,0.3,0,1567,0.31,0.22,50,1432,0.32,0.15,0,938,0.31,0.11,0,1458,0.31,0.07,0,1115,0.31,0.05,0,422,0.31,0.04,0,595,0.32,0.03,0,224,0.32,0.02,0,10,0.32,0.01,0,0,0.31,0.01,0,120,0.64,0.01,0,20,0.61,0.01,0,75,0.58,0.01,0,69,0.55,0.01,0,35,0.53,0.01,0,170,0.5,0.01,0,130,0.47,0.01,0,153,0.45,0.01,0,148,0.42,0.01,0,0,0.4,0.01,0,185,0.38,0.01,0,152,0.36,0.02,0,414,0.37,0.03,0,183,0.37,0.04,0,174,0.37,0.05,0,214,0.36,0.07,0,164,0.36,0.09,0,68,0.36,0.11,0,349,0.35,0.17,0,125,0.35,0.26,0,519,0.34,0.38,0,399,0.33,0.53,1,936,0.33,0.72,200,952,0.32,0.95,160,856,0.31,1.22,0,688,0.3,1.54,30,2147,0.3,1.91,0,1309,0.29,2.3,0,1387,0.28,2.73,0,411,0.28,3.18,0,242,0.27,3.69,0,849,0.31,4.17,0,499,0.31,4.65,0,0,0.3,5.14,0,21,0.3,5.64,0,0,0.33,6.13,0,0,0.28,6.63,0,0,0.32,0.01,0.0,263.0,0.32,7.13,0.0,5.0,0.36,0.01,0.0,774.0,0.36,8.12,0.0,0.0,,0.01,0.0,0.0,0.38,9.12,0.0,0.0,0.39,0.01,0.0,30.0,0.41,10.12,0.0,0.0,0.46
2023-06-05 16:00:00,13.42,7.94,0,0,0.93,7.69,0,0,0.85,7.44,0,0,0.76,7.19,0,0,,6.94,0,0,,6.69,0,0,,6.44,0,30,,6.19,0,0,,5.94,0,0,,5.7,0,0,0.63,5.45,0,240,0.58,5.2,0,0,0.54,4.95,0,400,0.5,4.7,0,323,0.46,4.45,0,90,0.41,4.2,0,253,,3.95,0,150,,3.7,0,199,,3.45,0,127,,2.96,0,202,0.32,2.46,0,388,0.26,2.01,0,591,0.3,1.58,0,279,0.3,1.24,30,709,0.31,0.95,81,2120,0.31,0.75,77,3275,0.32,0.57,0,2375,0.32,0.43,0,2131,0.32,0.33,0,1567,0.33,0.24,0,1432,0.32,0.18,1,938,0.33,0.14,0,1458,0.33,0.1,0,1115,0.33,0.08,0,422,0.34,0.06,0,595,0.34,0.04,0,224,0.34,0.03,0,10,0.34,0.02,0,0,0.34,0.01,0,120,0.65,0.01,0,20,0.62,0.01,0,75,0.59,0.01,0,69,0.56,0.01,0,35,0.53,0.01,0,170,0.51,0.01,0,130,0.48,0.01,0,153,0.46,0.01,0,148,0.43,0.01,0,0,0.41,0.01,0,185,0.39,0.01,0,152,0.36,0.01,0,414,0.34,0.01,0,183,0.32,0.02,0,174,0.33,0.03,0,214,0.33,0.04,0,164,0.33,0.05,0,68,0.32,0.07,0,349,0.32,0.13,0,125,0.32,0.21,0,519,0.32,0.33,20,399,0.32,0.48,113,1005,0.32,0.67,0,952,0.31,0.91,32,826,0.31,1.19,0,688,0.31,1.54,0,2147,0.31,1.9,0,1309,0.31,2.31,0,1387,0.32,2.74,0,411,0.32,3.17,0,242,0.31,3.65,0,849,0.32,4.13,0,499,0.33,4.61,0,0,0.34,5.1,0,21,0.34,5.59,0,0,0.35,6.08,0,0,0.34,6.58,0,0,0.36,0.01,0.0,263.0,0.33,7.07,0.0,5.0,,0.01,0.0,774.0,0.36,8.07,0.0,0.0,0.38,0.01,0.0,0.0,0.39,9.07,0.0,0.0,0.44,0.01,0.0,30.0,0.41,10.06,0.0,0.0,
2023-06-06 16:00:00,13.46,7.98,0,0,0.97,7.73,0,0,0.9,7.48,0,0,0.82,7.23,0,0,0.75,6.98,0,0,,6.73,0,0,,6.48,0,30,,6.23,0,0,,5.98,0,0,,5.73,0,0,,5.48,0,240,,5.24,0,0,0.57,4.99,0,400,0.53,4.74,0,323,0.49,4.49,0,90,0.45,4.24,0,253,0.41,3.99,0,150,0.36,3.74,0,199,,3.49,0,127,,3.0,0,202,0.34,2.5,0,388,0.28,2.06,0,591,0.32,1.64,0,279,0.32,1.29,0,709,0.32,0.99,0,2120,0.32,0.76,0,3275,0.32,0.57,80,2305,0.32,0.43,20,2131,0.32,0.31,0,1567,0.31,0.23,0,1432,0.32,0.16,0,938,0.31,0.12,0,1458,0.32,0.08,10,1125,0.31,0.06,0,422,0.32,0.04,0,595,0.32,0.03,0,224,0.32,0.02,0,10,0.32,0.01,0,0,0.31,0.01,0,120,0.66,0.01,0,20,0.63,0.01,0,75,0.6,0.01,0,69,0.57,0.01,0,35,0.54,0.01,0,170,0.51,0.01,0,130,0.49,0.01,0,153,0.46,0.01,0,148,0.44,0.01,0,0,0.41,0.01,0,185,0.39,0.01,0,152,0.37,0.01,0,414,0.35,0.01,0,183,0.32,0.02,0,174,0.34,0.03,0,214,0.34,0.04,0,164,0.34,0.06,0,68,0.34,0.08,0,349,0.34,0.14,0,125,0.34,0.22,0,519,0.33,0.32,0,399,0.32,0.46,0,1005,0.32,0.64,198,792,0.31,0.87,97,822,0.3,1.15,0,688,0.3,1.47,1,2148,0.3,1.85,0,1309,0.3,2.23,0,1387,0.29,2.66,0,411,0.29,3.13,0,242,0.31,3.6,0,849,0.31,4.08,0,499,0.32,4.56,0,0,0.31,5.05,0,21,0.31,5.54,0,0,0.28,6.04,0,0,0.32,6.54,0,0,0.35,0.01,0.0,263.0,0.32,7.03,0.0,5.0,,0.01,0.0,774.0,0.36,8.03,0.0,0.0,,0.01,0.0,0.0,0.39,9.03,0.0,0.0,0.42,0.01,0.0,30.0,0.41,10.03,0.0,0.0,0.47
2023-06-07 16:00:00,13.46,7.98,0,0,0.99,7.73,0,0,0.93,7.48,0,0,0.87,7.23,0,0,0.8,6.98,0,0,0.73,6.73,0,0,0.58,6.48,0,30,,6.23,0,0,,5.98,0,0,,5.73,0,0,,5.48,0,240,,5.23,0,0,,4.99,0,400,0.55,4.74,0,323,0.51,4.49,0,90,0.48,4.24,0,253,0.44,3.99,0,150,0.4,3.74,0,199,0.36,3.49,0,127,0.31,2.99,0,202,,2.53,0,388,0.36,2.07,0,591,0.34,1.65,0,279,0.33,1.28,0,709,0.32,0.98,0,2120,0.32,0.73,0,3275,0.31,0.54,0,2305,0.31,0.4,599,1931,0.31,0.29,0,1567,0.31,0.21,0,1432,0.31,0.15,0,938,0.31,0.11,0,1458,0.31,0.07,0,1125,0.31,0.05,0,422,0.31,0.04,0,595,0.32,0.03,0,224,0.32,0.02,0,10,0.32,0.01,0,0,0.31,0.01,0,120,0.66,0.01,0,20,0.63,0.01,0,75,0.6,0.01,0,69,0.57,0.01,0,35,0.54,0.01,0,170,0.51,0.01,0,130,0.49,0.01,0,153,0.46,0.01,0,148,0.44,0.01,0,0,0.42,0.01,0,185,0.39,0.01,0,152,0.37,0.01,0,414,0.35,0.01,0,183,0.33,0.02,0,174,0.34,0.03,0,214,0.34,0.04,0,164,0.34,0.05,0,68,0.33,0.07,0,349,0.33,0.12,0,125,0.32,0.19,0,519,0.31,0.29,0,399,0.31,0.43,114,1119,0.3,0.61,230,822,0.3,0.84,200,1020,0.29,1.11,92,780,0.29,1.43,0,2148,0.28,1.8,1,1308,0.28,2.2,0,1387,0.28,2.63,0,411,0.27,3.1,0,242,0.28,3.59,0,849,0.3,4.07,0,499,0.3,4.56,0,0,0.31,5.05,0,21,0.3,5.55,0,0,0.33,6.04,0,0,0.27,6.54,0,0,0.33,0.01,0.0,263.0,0.33,7.04,0.0,5.0,0.36,0.01,0.0,774.0,0.36,8.03,0.0,0.0,,0.01,0.0,0.0,0.39,9.03,0.0,0.0,,0.01,0.0,30.0,0.42,10.03,0.0,0.0,0.45
2023-06-08 16:00:00,13.66,8.18,0,0,1.01,7.93,0,0,0.95,7.68,0,0,0.89,7.43,0,0,0.82,7.18,0,0,0.76,6.93,0,0,0.67,6.68,0,30,,6.43,0,0,,6.18,0,0,,5.93,0,0,,5.68,0,240,,5.43,0,0,,5.19,0,400,0.57,4.94,0,323,0.53,4.69,0,90,0.49,4.44,0,253,0.46,4.19,0,150,0.42,3.94,0,199,0.38,3.69,0,127,0.34,3.19,0,202,,2.69,0,388,,2.2,0,591,0.25,1.76,0,279,0.29,1.39,0,709,0.3,1.08,0,2120,0.31,0.82,0,3275,0.31,0.61,0,2305,0.31,0.46,0,1931,0.31,0.34,0,1567,0.31,0.26,10,1442,0.31,0.19,0,938,0.31,0.14,0,1458,0.32,0.1,0,1125,0.32,0.08,0,422,0.33,0.06,0,595,0.33,0.04,0,224,0.33,0.03,0,10,0.33,0.02,0,0,0.33,0.01,0,120,0.67,0.01,0,20,0.64,0.01,0,75,0.61,0.01,0,69,0.58,0.01,0,35,0.55,0.01,0,170,0.53,0.01,0,130,0.5,0.01,0,153,0.48,0.01,0,148,0.45,0.01,0,0,0.43,0.01,0,185,0.4,0.01,0,152,0.38,0.01,0,414,0.36,0.01,0,183,0.34,0.01,0,174,0.32,0.02,0,214,0.33,0.03,0,164,0.33,0.04,0,68,0.33,0.05,0,349,0.32,0.09,0,125,0.31,0.15,0,519,0.31,0.25,10,399,0.31,0.37,0,1119,0.3,0.53,245,942,0.3,0.75,0,1020,0.3,1.01,0,780,0.29,1.32,0,2148,0.29,1.68,0,1308,0.29,2.07,0,1387,0.29,2.51,0,411,0.31,2.96,0,242,0.31,3.42,0,849,0.31,3.89,0,499,0.31,4.37,0,0,0.31,4.86,0,21,0.32,5.35,0,0,0.32,5.85,0,0,0.34,6.34,0,0,0.31,0.01,0.0,263.0,0.32,6.84,0.0,5.0,0.34,0.01,0.0,774.0,0.35,7.84,0.0,0.0,0.4,0.01,0.0,0.0,0.38,8.83,0.0,0.0,,0.01,0.0,30.0,0.41,9.83,0.0,0.0,0.43
2023-06-09 16:00:00,13.54,8.06,0,0,1.03,7.81,0,0,0.97,7.56,0,0,0.91,7.31,0,0,0.85,7.06,0,0,0.8,6.81,0,0,0.74,6.56,0,30,0.66,6.31,0,0,,6.06,0,0,,5.81,0,0,,5.56,0,240,,5.31,0,0,,5.06,0,400,,4.81,0,323,,4.57,0,90,0.51,4.32,0,253,0.47,4.07,0,150,0.43,3.82,0,199,0.4,3.57,0,127,0.36,3.07,0,202,0.29,2.6,0,388,0.36,2.13,0,591,0.33,1.7,0,279,0.32,1.32,0,709,0.32,1.0,0,2120,0.31,0.74,1,3275,0.3,0.54,0,2305,0.3,0.4,61,1870,0.3,0.28,0,1567,0.3,0.2,0,1442,0.3,0.14,0,938,0.3,0.1,0,1458,0.3,0.07,0,1125,0.3,0.05,0,422,0.31,0.03,0,595,0.3,0.02,0,224,0.3,0.01,0,10,0.29,0.01,0,0,0.31,0.01,0,120,0.67,0.01,0,20,0.64,0.01,0,75,0.61,0.01,0,69,0.58,0.01,0,35,0.55,0.01,0,170,0.52,0.01,0,130,0.5,0.01,0,153,0.47,0.01,0,148,0.45,0.01,0,0,0.42,0.01,0,185,0.4,0.01,0,152,0.38,0.01,0,414,0.35,0.01,0,183,0.33,0.01,0,174,0.31,0.02,0,214,0.32,0.03,0,164,0.32,0.04,0,68,0.32,0.06,0,349,0.32,0.1,0,125,0.32,0.16,0,519,0.31,0.26,200,539,0.3,0.39,0,1119,0.3,0.56,94,917,0.29,0.78,0,1020,0.29,1.04,0,780,0.28,1.36,0,2148,0.28,1.72,0,1308,0.28,2.12,0,1387,0.27,2.54,0,411,0.26,3.0,0,242,0.25,3.51,0,849,0.29,3.99,0,499,0.29,4.48,0,0,0.3,4.97,0,21,0.29,5.47,0,0,0.32,5.96,0,0,,6.46,0,0,,0.01,0.0,263.0,0.33,6.96,0.0,5.0,,0.01,0.0,774.0,0.36,7.96,0.0,0.0,0.39,0.01,0.0,0.0,0.39,8.96,0.0,0.0,0.44,0.01,0.0,30.0,0.42,9.95,0.0,0.0,
2023-06-12 16:00:00,13.34,7.85,0,0,,7.6,0,0,,7.35,0,0,,7.11,0,0,0.91,6.86,0,0,0.85,6.61,0,0,0.8,6.36,0,30,0.75,6.11,0,0,0.7,5.86,0,0,0.65,5.61,0,0,0.6,5.36,0,240,0.53,5.11,0,0,,4.86,0,400,,4.61,0,323,,4.36,0,90,,4.11,0,253,,3.86,0,150,,3.61,0,199,,3.37,0,127,0.39,2.87,0,202,0.33,2.37,0,388,0.27,1.91,0,591,0.3,1.47,0,279,0.29,1.11,0,709,0.29,0.83,0,2120,0.3,0.62,0,3275,0.3,0.46,0,2305,0.3,0.33,51,1819,0.3,0.23,35,1572,0.3,0.16,0,1442,0.3,0.12,0,938,0.31,0.08,0,1458,0.3,0.06,0,1125,0.31,0.04,0,422,0.31,0.03,0,595,0.32,0.02,0,224,0.32,0.01,0,10,0.31,0.01,0,0,0.32,0.01,0,120,0.67,0.01,0,20,0.64,0.01,0,75,0.61,0.01,0,69,0.58,0.01,0,35,0.55,0.01,0,170,0.52,0.01,0,130,0.49,0.01,0,153,0.47,0.01,0,148,0.44,0.01,0,0,0.42,0.01,0,185,0.39,0.01,0,152,0.37,0.01,0,414,0.35,0.01,0,183,0.33,0.01,0,174,0.3,0.01,0,214,0.28,0.02,2,164,0.3,0.03,0,68,0.29,0.05,0,349,0.3,0.09,0,125,0.3,0.17,0,519,0.3,0.28,0,539,0.3,0.42,111,1189,0.29,0.62,100,1017,0.29,0.86,0,1020,0.29,1.17,0,780,0.29,1.52,0,2148,0.29,1.9,0,1308,0.29,2.31,0,1387,0.29,2.75,0,411,0.29,3.21,0,242,0.28,3.7,0,849,0.29,4.19,0,499,0.3,4.68,0,0,0.3,5.18,0,21,0.33,5.67,0,0,,6.17,0,0,0.31,6.67,0,0,0.35,0.01,0.0,263.0,0.34,7.17,0.0,5.0,0.38,0.01,0.0,774.0,0.37,8.17,0.0,0.0,0.43,0.01,0.0,0.0,0.4,9.16,0.0,0.0,,0.01,0.0,30.0,0.43,10.16,0.0,0.0,0.44
2023-06-13 16:00:00,13.4,7.91,0,0,,7.66,0,0,,7.41,0,0,,7.16,0,0,,6.92,0,0,0.88,6.67,0,0,0.83,6.42,0,30,0.78,6.17,0,0,0.73,5.92,0,0,0.69,5.67,0,0,0.64,5.42,0,240,0.59,5.17,0,0,0.54,4.92,0,400,0.47,4.67,0,323,,4.42,0,90,,4.17,0,253,,3.92,0,150,,3.67,0,199,,3.42,0,127,,2.93,0,202,0.35,2.48,0,388,0.39,2.01,0,591,0.36,1.57,12,289,0.33,1.19,0,709,0.31,0.88,0,2120,0.3,0.64,0,3275,0.3,0.46,52,2268,0.3,0.33,20,1819,0.3,0.23,0,1572,0.29,0.15,0,1442,0.29,0.1,0,938,0.29,0.07,0,1458,0.29,0.05,0,1125,0.3,0.03,0,422,0.29,0.02,0,595,0.29,0.01,0,224,0.29,0.01,0,10,0.3,0.01,0,0,0.32,0.01,0,120,0.68,0.01,0,20,0.64,0.01,0,75,0.61,0.01,0,69,0.58,0.01,0,35,0.55,0.01,0,170,0.53,0.01,0,130,0.5,0.01,0,153,0.47,0.01,0,148,0.45,0.01,0,0,0.42,0.01,0,185,0.4,0.01,0,152,0.38,0.01,0,414,0.35,0.01,0,183,0.33,0.01,0,174,0.31,0.02,0,214,0.32,0.03,0,164,0.32,0.04,0,68,0.32,0.06,0,349,0.32,0.1,0,125,0.31,0.17,0,519,0.3,0.27,0,539,0.3,0.41,112,1189,0.3,0.59,0,1017,0.29,0.82,0,1020,0.28,1.1,0,780,0.28,1.43,0,2148,0.27,1.8,0,1308,0.27,2.2,0,1387,0.25,2.63,0,411,0.21,3.09,0,242,,3.64,0,849,0.29,4.13,0,499,0.3,4.62,0,0,0.29,5.12,0,21,0.32,5.61,0,0,,6.11,0,0,,6.61,0,0,,0.01,0.0,263.0,0.34,7.11,0.0,5.0,0.33,0.01,0.0,774.0,0.37,8.11,0.0,0.0,0.41,0.01,0.0,0.0,0.4,9.11,0.0,0.0,0.46,0.01,0.0,30.0,0.43,10.1,0.0,0.0,
2023-06-14 16:00:00,13.5,8.01,0,0,,7.76,0,0,,7.51,0,0,,7.26,0,0,,7.01,0,0,,6.76,0,0,,6.52,0,30,0.81,6.27,0,0,0.77,6.02,0,0,0.72,5.77,0,0,0.68,5.52,0,240,0.64,5.27,0,0,0.59,5.02,0,400,0.54,4.77,0,323,0.5,4.52,0,90,0.44,4.27,0,253,,4.02,0,150,,3.77,0,199,,3.52,0,127,,3.02,0,202,,2.57,0,388,0.4,2.09,0,591,0.35,1.65,0,289,0.33,1.26,0,709,0.32,0.94,0,2120,0.31,0.68,0,3275,0.3,0.49,0,2268,0.29,0.35,0,1819,0.29,0.24,0,1572,0.29,0.17,0,1442,0.29,0.11,0,938,0.29,0.08,0,1458,0.29,0.05,0,1125,0.29,0.03,0,422,0.29,0.02,0,595,0.29,0.01,0,224,0.28,0.01,0,10,0.3,0.01,0,0,0.32,0.01,0,120,0.68,0.01,0,20,0.65,0.01,0,75,0.62,0.01,0,69,0.59,0.01,0,35,0.56,0.01,0,170,0.53,0.01,0,130,0.51,0.01,0,153,0.48,0.01,0,148,0.46,0.01,0,0,0.43,0.01,0,185,0.41,0.01,0,152,0.38,0.01,0,414,0.36,0.01,0,183,0.34,0.02,0,174,0.35,0.03,0,214,0.35,0.04,0,164,0.35,0.05,0,68,0.34,0.06,0,349,0.33,0.1,0,125,0.32,0.16,0,519,0.31,0.26,0,539,0.31,0.39,125,1282,0.3,0.56,4,1017,0.29,0.78,0,1020,0.29,1.04,0,780,0.28,1.36,0,2148,0.27,1.72,0,1308,0.27,2.11,0,1387,0.25,2.56,0,411,0.24,3.02,0,242,,3.55,0,849,0.29,4.03,0,499,0.28,4.52,0,0,0.26,5.02,0,21,0.3,5.52,0,0,0.33,6.01,0,0,,6.51,0,0,,0.01,0.0,263.0,0.34,7.01,0.0,5.0,,0.01,0.0,774.0,0.37,8.01,0.0,0.0,,0.01,0.0,0.0,0.4,9.01,0.0,0.0,0.43,0.01,0.0,30.0,0.43,10.01,0.0,0.0,0.49
2023-06-15 16:00:00,13.66,8.17,0,0,,7.92,0,0,,7.67,0,0,,7.42,0,0,,7.17,0,0,,6.92,0,0,,6.68,0,30,0.83,6.43,0,0,0.78,6.18,0,0,0.74,5.93,0,0,0.7,5.68,0,240,0.66,5.43,0,0,0.61,5.18,0,400,0.56,4.93,0,323,0.52,4.68,0,90,0.47,4.43,0,253,,4.18,0,150,,3.93,0,199,,3.68,0,127,,3.18,0,202,,2.69,0,388,0.33,2.2,0,591,0.3,1.74,0,289,0.3,1.31,0,709,0.28,0.99,0,2120,0.29,0.75,0,3275,0.3,0.56,0,2268,0.3,0.41,101,1819,0.3,0.3,0,1572,0.3,0.22,2,1442,0.31,0.15,0,938,0.3,0.11,0,1458,0.31,0.08,0,1125,0.31,0.06,0,422,0.32,0.04,0,595,0.32,0.03,0,224,0.32,0.02,0,10,0.32,0.01,0,0,0.31,0.01,0,120,0.7,0.01,0,20,0.66,0.01,0,75,0.63,0.01,0,69,0.6,0.01,0,35,0.57,0.01,0,170,0.54,0.01,0,130,0.52,0.01,0,153,0.49,0.01,0,148,0.47,0.01,0,0,0.44,0.01,0,185,0.42,0.01,0,152,0.39,0.01,0,414,0.37,0.01,0,183,0.35,0.01,0,174,0.33,0.01,0,214,0.31,0.01,0,164,0.29,0.01,0,68,0.27,0.02,0,349,0.28,0.05,0,125,0.28,0.1,0,519,0.28,0.18,0,539,0.28,0.31,0,1282,0.28,0.47,86,1062,0.28,0.68,101,1120,0.28,0.95,10,780,0.28,1.26,0,2148,0.28,1.63,0,1308,0.28,2.03,0,1387,0.28,2.47,0,411,0.29,2.91,0,242,0.27,3.41,0,849,0.31,3.89,0,499,0.31,4.37,0,0,0.3,4.87,0,21,0.33,5.36,0,0,0.31,5.86,0,0,0.34,6.36,0,0,0.37,0.01,0.0,263.0,0.33,6.85,0.0,5.0,,0.01,0.0,774.0,0.36,7.85,0.0,0.0,,0.01,0.0,0.0,0.39,8.85,0.0,0.0,0.42,0.01,0.0,30.0,0.42,9.85,0.0,0.0,0.48
2023-06-16 16:00:00,13.84,8.35,0,0,,8.1,0,0,,7.85,0,0,,7.6,0,0,,7.35,0,0,,7.1,0,0,,6.85,0,30,,6.6,0,0,,6.36,0,0,0.78,6.11,0,0,0.73,5.86,0,240,0.69,5.61,0,0,0.65,5.36,0,400,0.6,5.11,0,323,0.56,4.86,0,90,0.53,4.61,0,253,0.49,4.36,0,150,0.44,4.11,0,199,0.37,3.86,0,127,,3.36,0,202,,2.86,0,388,,2.39,0,591,0.34,1.92,0,289,0.32,1.5,0,709,0.31,1.13,0,2120,0.3,0.84,50,3275,0.3,0.62,0,2268,0.29,0.46,30,1815,0.3,0.34,6,1572,0.3,0.26,3,1442,0.31,0.19,0,938,0.31,0.14,0,1458,0.32,0.11,0,1125,0.33,0.08,0,422,0.33,0.06,0,595,0.33,0.05,0,224,0.34,0.04,0,10,0.35,0.03,0,0,0.36,0.01,0,120,0.71,0.01,0,20,0.67,0.01,0,75,0.64,0.01,0,69,0.61,0.01,0,35,0.58,0.01,0,170,0.56,0.01,0,130,0.53,0.01,0,153,0.5,0.01,0,148,0.48,0.01,0,0,0.45,0.01,0,185,0.43,0.01,0,152,0.4,0.01,0,414,0.38,0.01,0,183,0.36,0.01,0,174,0.34,0.01,0,214,0.32,0.01,0,164,0.3,0.01,0,68,0.28,0.02,0,349,0.29,0.04,0,125,0.28,0.09,0,519,0.29,0.16,20,519,0.29,0.26,220,1443,0.28,0.4,85,1075,0.28,0.6,0,1120,0.28,0.85,0,780,0.28,1.14,0,2148,0.27,1.5,10,1302,0.28,1.89,0,1387,0.28,2.29,0,411,0.27,2.74,0,242,0.27,3.2,0,849,0.25,3.72,0,499,0.31,4.21,0,0,0.33,4.7,0,21,0.34,5.19,0,0,0.34,5.68,0,0,0.31,6.18,0,0,0.34,0.02,0.0,263.0,0.35,6.68,0.0,5.0,0.37,0.01,0.0,774.0,0.35,7.67,0.0,0.0,,0.01,0.0,0.0,0.38,8.67,0.0,0.0,,0.01,0.0,30.0,0.41,9.67,0.0,0.0,0.43
2023-06-19 16:00:00,13.66,8.17,0,0,1.08,7.92,0,0,0.99,7.67,0,0,0.88,7.42,0,0,,7.17,0,0,,6.92,0,0,,6.67,0,30,,6.42,0,0,,6.17,0,0,,5.92,0,0,,5.67,0,240,,5.42,0,0,,5.17,0,400,,4.93,0,323,0.63,4.68,0,90,0.59,4.43,0,253,0.55,4.18,0,150,0.52,3.93,0,199,0.48,3.68,0,127,0.45,3.18,0,202,0.38,2.67,0,388,,2.19,0,591,0.31,1.73,1,289,0.31,1.31,0,709,0.3,0.98,0,2120,0.3,0.72,7,3275,0.3,0.53,7,2268,0.3,0.38,82,1742,0.29,0.27,0,1572,0.29,0.19,0,1442,0.3,0.14,10,928,0.3,0.1,2,1458,0.31,0.07,0,1125,0.31,0.05,0,422,0.31,0.03,0,595,0.31,0.02,0,224,0.31,0.01,0,10,0.3,0.01,0,0,0.32,0.01,0,120,0.71,0.01,0,20,0.67,0.01,0,75,0.64,0.01,0,69,0.61,0.01,0,35,0.58,0.01,0,170,0.55,0.01,0,130,0.53,0.01,0,153,0.5,0.01,0,148,0.48,0.01,0,0,0.45,0.01,0,185,0.42,0.01,0,152,0.4,0.01,0,414,0.38,0.01,0,183,0.35,0.01,0,174,0.33,0.01,0,214,0.31,0.01,0,164,0.29,0.02,0,68,0.3,0.03,0,349,0.3,0.06,0,125,0.3,0.11,0,519,0.29,0.19,0,519,0.29,0.3,0,1443,0.29,0.47,91,1166,0.29,0.68,7,1120,0.28,0.93,0,780,0.28,1.24,0,2148,0.27,1.62,0,1302,0.28,2.02,0,1387,0.28,2.44,0,411,0.27,2.9,0,242,0.26,3.4,0,849,0.29,3.89,0,499,0.31,4.38,0,0,0.32,4.87,0,21,0.3,5.37,0,0,0.33,5.87,0,0,0.36,6.36,0,0,,0.01,0.0,263.0,0.33,6.86,0.0,5.0,,0.01,0.0,774.0,0.37,7.86,0.0,0.0,,0.01,0.0,0.0,0.4,8.86,0.0,0.0,,0.01,0.0,30.0,0.43,9.86,0.0,0.0,0.47
2023-06-20 16:00:00,13.38,7.89,0,0,1.08,7.64,0,0,0.99,7.39,0,0,0.9,7.14,0,0,,6.89,0,0,,6.64,0,0,,6.39,0,30,,6.14,0,0,,5.89,0,0,,5.64,0,0,,5.39,0,240,,5.14,0,0,,4.89,0,400,,4.64,0,323,,4.39,0,90,,4.15,0,253,0.54,3.9,0,150,0.5,3.65,0,199,0.47,3.4,0,127,0.43,2.92,0,202,0.44,2.44,0,388,0.41,1.95,0,591,0.35,1.48,1,290,0.31,1.1,0,709,0.3,0.79,0,2120,0.29,0.57,15,3275,0.29,0.4,0,2268,0.29,0.28,0,1742,0.29,0.2,0,1572,0.29,0.14,0,1442,0.3,0.09,0,928,0.29,0.06,0,1458,0.3,0.04,0,1125,0.3,0.03,0,422,0.3,0.02,0,595,0.31,0.01,0,224,0.3,0.01,0,10,0.32,0.01,0,0,0.33,0.01,0,120,0.7,0.01,0,20,0.66,0.01,0,75,0.63,0.01,0,69,0.6,0.01,0,35,0.57,0.01,0,170,0.54,0.01,0,130,0.51,0.01,0,153,0.49,0.01,0,148,0.46,0.01,0,0,0.44,0.01,0,185,0.41,0.01,0,152,0.39,0.01,0,414,0.36,0.01,0,183,0.34,0.01,0,174,0.32,0.01,0,214,0.3,0.01,0,164,0.28,0.02,0,68,0.29,0.03,0,349,0.28,0.07,10,135,0.29,0.13,0,519,0.29,0.22,0,519,0.28,0.35,6,1449,0.28,0.54,93,1252,0.28,0.78,0,1120,0.27,1.07,0,780,0.27,1.4,0,2148,0.26,1.79,0,1302,0.26,2.22,0,1387,0.26,2.64,0,411,,3.11,0,242,,3.67,0,849,0.3,4.16,0,499,0.31,4.65,0,0,0.28,5.15,0,21,0.32,5.65,0,0,0.34,6.15,0,0,0.37,6.65,0,0,0.4,0.01,0.0,263.0,0.35,7.15,0.0,5.0,0.42,0.01,0.0,774.0,0.39,8.14,0.0,0.0,,0.01,0.0,0.0,0.42,9.14,0.0,0.0,,0.01,0.0,30.0,0.45,10.14,0.0,0.0,0.48
2023-06-21 16:00:00,13.2,7.71,0,0,1.11,7.46,0,0,1.04,7.21,0,0,0.96,6.96,0,0,0.89,6.71,0,0,0.82,6.46,0,0,,6.21,0,30,,5.96,0,0,,5.71,0,0,,5.46,0,0,,5.21,0,240,,4.96,0,0,,4.71,0,400,,4.46,0,323,,4.21,0,90,,3.96,0,253,,3.71,0,150,,3.46,0,199,,3.22,0,127,0.43,2.75,0,202,0.45,2.25,0,388,0.38,1.77,0,591,0.34,1.29,1,291,0.28,0.95,0,709,0.29,0.67,0,2120,0.28,0.48,0,3275,0.29,0.34,2,2270,0.29,0.23,300,1749,0.29,0.16,0,1572,0.29,0.1,1,1442,0.29,0.07,0,928,0.29,0.05,0,1458,0.3,0.03,0,1125,0.29,0.02,0,422,0.3,0.01,10,595,0.29,0.01,0,224,0.31,0.01,0,10,0.33,0.01,0,0,0.35,0.01,0,120,0.69,0.01,0,20,0.66,0.01,0,75,0.62,0.01,0,69,0.59,0.01,0,35,0.56,0.01,0,170,0.54,0.01,0,130,0.51,0.01,0,153,0.48,0.01,0,148,0.45,0.01,0,0,0.43,0.01,0,185,0.4,0.01,0,152,0.38,0.01,0,414,0.35,0.01,0,183,0.33,0.01,0,174,0.31,0.01,0,214,0.29,0.01,0,164,0.27,0.02,0,68,0.28,0.03,0,349,0.27,0.07,11,135,0.28,0.13,0,519,0.27,0.24,0,519,0.27,0.38,112,1506,0.27,0.59,0,1252,0.27,0.85,15,1120,0.27,1.17,0,780,0.27,1.52,0,2148,0.26,1.94,0,1302,0.26,2.34,0,1387,0.19,2.82,0,411,,3.35,0,242,0.28,3.84,0,849,0.29,4.33,0,499,,4.83,0,0,,5.33,0,21,0.27,5.83,0,0,0.33,6.33,0,0,0.36,6.83,0,0,0.39,0.01,0.0,263.0,0.37,7.33,0.0,5.0,0.42,0.01,0.0,774.0,0.4,8.33,0.0,0.0,0.47,0.01,0.0,0.0,0.43,9.33,0.0,0.0,0.52,0.01,0.0,30.0,0.46,10.32,0.0,0.0,
2023-06-23 16:00:00,12.96,7.47,0,0,1.16,7.22,0,0,1.1,6.97,0,0,1.03,6.72,0,0,0.98,6.47,0,0,0.92,6.22,0,0,0.87,5.97,0,30,0.82,5.72,0,0,0.77,5.47,0,0,0.7,5.22,0,0,0.63,4.97,0,240,,4.72,0,0,,4.47,0,400,,4.22,0,323,,3.97,0,90,,3.72,0,253,,3.47,0,150,,3.22,0,199,,2.97,0,127,,2.51,0,202,0.44,2.01,0,388,0.37,1.53,0,591,0.32,1.12,0,291,0.3,0.8,0,709,0.3,0.55,1,2120,0.29,0.38,0,3275,0.28,0.25,14,2256,0.28,0.17,0,1749,0.28,0.11,18,1572,0.28,0.07,2,1442,0.28,0.04,50,878,0.28,0.03,0,1458,0.29,0.02,0,1125,0.29,0.01,0,422,0.29,0.01,0,595,0.31,0.01,0,224,0.33,0.01,0,10,0.35,0.01,0,0,0.37,0.01,0,120,0.69,0.01,0,20,0.65,0.01,0,75,0.62,0.01,0,69,0.59,0.01,0,35,0.56,0.01,0,170,0.53,0.01,0,130,0.5,0.01,0,153,0.47,0.01,0,148,0.44,0.01,0,0,0.42,0.01,0,185,0.39,0.01,0,152,0.37,0.01,0,414,0.34,0.01,0,183,0.32,0.02,0,174,0.33,0.03,0,214,0.33,0.04,0,164,0.33,0.05,0,68,0.31,0.07,4,349,0.31,0.13,3,138,0.31,0.21,0,519,0.3,0.34,2,521,0.3,0.5,129,1592,0.29,0.72,0,1252,0.28,0.98,1,1121,0.27,1.31,0,780,0.26,1.69,0,2148,0.25,2.11,0,1302,0.23,2.57,0,1387,,3.04,0,411,,3.58,0,242,0.26,4.08,0,849,0.29,4.58,0,499,0.32,5.08,0,0,0.35,5.58,0,21,0.38,6.07,0,0,,6.57,0,0,,7.07,0,0,,0.01,0.0,263.0,0.38,7.57,0.0,5.0,,0.01,0.0,774.0,0.42,8.57,0.0,0.0,,0.01,0.0,0.0,0.45,9.57,0.0,0.0,0.49,0.01,0.0,30.0,0.48,10.57,0.0,0.0,0.54
2023-06-26 16:00:00,12.8,7.32,0,0,1.34,7.07,0,0,1.27,6.82,0,0,1.21,6.57,0,0,1.15,6.32,0,0,1.09,6.07,0,0,1.03,5.82,0,30,0.98,5.57,0,0,0.93,5.32,0,0,0.88,5.08,0,0,0.88,4.83,0,240,0.84,4.58,0,0,0.79,4.33,0,400,0.75,4.08,0,323,0.7,3.83,0,90,0.66,3.58,0,253,0.62,3.33,0,150,0.58,3.08,0,199,0.54,2.83,0,127,0.5,2.33,0,202,0.42,1.83,0,388,0.35,1.38,0,591,0.33,0.97,30,291,0.3,0.67,0,709,0.29,0.45,104,2100,0.28,0.3,0,3275,0.28,0.19,0,2256,0.27,0.12,0,1749,0.27,0.08,0,1572,0.28,0.05,0,1442,0.28,0.03,0,878,0.28,0.02,0,1458,0.29,0.01,0,1125,0.28,0.01,0,422,0.3,0.01,0,595,0.32,0.01,0,224,0.34,0.01,0,10,0.36,0.01,0,0,0.38,0.01,0,120,0.69,0.01,0,20,0.65,0.01,0,75,0.62,0.01,0,69,0.59,0.01,0,35,0.56,0.01,0,170,0.53,0.01,0,130,0.5,0.01,0,153,0.47,0.01,0,148,0.44,0.01,0,0,0.41,0.01,0,185,0.39,0.01,0,152,0.36,0.01,0,414,0.34,0.01,0,183,0.32,0.02,0,174,0.33,0.03,0,214,0.33,0.04,0,164,0.32,0.06,0,68,0.32,0.07,2,349,0.3,0.13,1,138,0.3,0.22,6,519,0.29,0.35,106,577,0.28,0.53,513,1578,0.28,0.76,50,1252,0.27,1.05,0,1121,0.26,1.4,0,780,0.25,1.8,0,2148,0.23,2.23,0,1302,,2.7,0,1387,,3.17,0,411,,3.75,0,242,0.3,4.24,0,849,,4.74,0,499,,5.24,0,0,,5.74,0,21,,6.24,0,0,,6.74,0,0,0.36,7.24,0,0,0.41,0.01,0.0,263.0,0.4,7.74,0.0,5.0,0.45,0.01,0.0,774.0,0.44,8.74,0.0,0.0,0.5,0.01,0.0,0.0,0.47,9.74,0.0,0.0,0.55,0.01,0.0,30.0,0.5,10.74,0.0,0.0,0.59
2023-06-27 16:00:00,13.1,7.62,0,0,1.39,7.37,0,0,1.32,7.13,0,0,1.3,6.88,0,0,1.24,6.63,0,0,1.18,6.38,0,0,1.12,6.13,0,30,1.07,5.88,0,0,1.02,5.63,0,0,0.97,5.38,0,0,0.92,5.13,0,240,0.87,4.88,0,0,0.83,4.63,0,400,0.78,4.38,0,323,0.74,4.13,0,90,0.69,3.88,0,253,0.65,3.63,0,150,0.61,3.38,0,199,0.57,3.13,0,127,0.54,2.64,0,202,0.48,2.14,0,388,0.41,1.64,0,591,0.33,1.21,0,291,0.31,0.84,0,709,0.29,0.58,30,2100,0.28,0.39,30,3275,0.27,0.25,31,2256,0.27,0.15,190,1909,0.26,0.09,0,1572,0.26,0.05,0,1442,0.26,0.03,0,878,0.26,0.02,10,1458,0.27,0.01,0,1125,0.26,0.01,0,422,0.28,0.01,0,595,0.31,0.01,0,224,0.33,0.01,0,10,0.35,0.01,0,0,0.36,0.01,0,120,0.71,0.01,0,20,0.67,0.01,0,75,0.64,0.01,0,69,0.61,0.01,0,35,0.58,0.01,0,170,0.55,0.01,0,130,0.52,0.01,0,153,0.49,0.01,0,148,0.46,0.01,0,0,0.43,0.01,0,185,0.41,0.01,0,152,0.38,0.01,0,414,0.36,0.01,0,183,0.34,0.01,0,174,0.31,0.02,0,214,0.32,0.03,0,164,0.32,0.04,50,118,0.32,0.06,50,349,0.32,0.11,0,138,0.31,0.18,0,519,0.3,0.28,0,577,0.29,0.43,5,1578,0.28,0.62,0,1252,0.27,0.87,0,1121,0.26,1.19,0,780,0.25,1.55,0,2148,0.24,1.96,0,1302,0.2,2.45,0,1387,0.21,2.9,0,411,,3.45,0,242,0.28,3.95,0,849,0.31,4.44,0,499,,4.94,0,0,,5.44,0,21,,5.94,0,0,,6.44,0,0,,6.94,0,0,,0.01,0.0,263.0,0.38,7.44,0.0,5.0,,0.01,0.0,774.0,0.42,8.44,0.0,0.0,,0.01,0.0,0.0,0.45,9.44,0.0,0.0,0.5,0.01,0.0,30.0,0.48,10.44,0.0,0.0,0.55
2023-06-28 16:00:00,13.14,7.65,0,0,1.34,7.4,0,0,1.28,7.15,0,0,1.22,6.9,0,0,1.16,6.65,0,0,1.1,6.4,0,0,1.04,6.15,0,30,0.99,5.9,0,0,0.94,5.65,0,0,0.89,5.4,0,0,0.84,5.15,0,240,0.8,4.9,0,0,0.76,4.65,0,400,0.71,4.4,0,323,0.67,4.17,0,90,0.71,3.9,0,253,0.59,3.65,0,150,0.56,3.4,0,199,0.52,3.15,0,127,0.48,2.67,0,202,0.48,2.17,0,388,0.4,1.67,0,591,0.33,1.22,0,291,0.3,0.85,0,709,0.29,0.58,0,2100,0.28,0.4,590,3794,0.27,0.27,40,2282,0.28,0.18,15,1924,0.28,0.12,0,1572,0.28,0.08,0,1442,0.29,0.05,0,878,0.29,0.03,0,1458,0.29,0.02,0,1125,0.29,0.01,0,422,0.28,0.01,0,595,0.3,0.01,0,224,0.33,0.01,0,10,0.35,0.01,0,0,0.36,0.01,0,120,0.71,0.01,0,20,0.68,0.01,0,75,0.64,0.01,0,69,0.61,0.01,0,35,0.58,0.01,0,170,0.55,0.01,0,130,0.52,0.01,0,153,0.49,0.01,0,148,0.47,0.01,0,0,0.44,0.01,0,185,0.41,0.01,0,152,0.39,0.01,0,414,0.36,0.01,0,183,0.34,0.01,0,174,0.32,0.01,0,214,0.29,0.02,0,164,0.31,0.03,0,118,0.3,0.04,0,349,0.29,0.08,0,138,0.29,0.14,0,519,0.28,0.24,0,577,0.28,0.39,174,1715,0.27,0.59,0,1252,0.27,0.85,12,1131,0.26,1.16,1,780,0.25,1.53,0,2148,0.25,1.95,0,1302,0.24,2.39,0,1387,,2.86,0,411,,3.41,0,242,0.27,3.91,0,849,0.3,4.41,0,499,0.33,4.91,0,0,0.36,5.41,0,21,0.38,5.91,0,0,0.41,6.4,0,0,,6.9,0,0,,0.01,0.0,263.0,0.38,7.4,0.0,5.0,,0.01,0.0,774.0,0.42,8.4,0.0,0.0,,0.01,0.0,0.0,0.45,9.4,0.0,0.0,,0.01,0.0,30.0,0.48,10.4,0.0,0.0,
2023-06-29 16:00:00,13.0,7.5,0,0,,7.25,0,0,,7.0,0,0,,6.75,0,0,,6.5,0,0,,6.25,0,0,,6.0,0,30,,5.75,0,0,,5.5,0,0,,5.25,0,0,,5.0,0,240,,4.76,0,0,0.78,4.51,0,400,0.73,4.26,0,323,0.69,4.01,0,90,0.65,3.76,0,253,0.61,3.51,0,150,0.57,3.26,0,199,0.53,3.01,0,127,0.49,2.52,0,202,0.45,2.02,10,388,0.38,1.51,0,591,0.28,1.09,0,291,0.3,0.75,0,709,0.28,0.51,0,2100,0.27,0.34,30,3824,0.27,0.22,0,2282,0.27,0.14,200,2124,0.27,0.09,1,1572,0.27,0.06,0,1442,0.28,0.04,0,878,0.29,0.02,0,1458,0.28,0.01,0,1125,0.27,0.01,0,422,0.29,0.01,10,585,0.32,0.01,0,224,0.34,0.01,0,10,0.36,0.01,0,0,0.38,0.01,0,120,0.71,0.01,0,20,0.67,0.01,0,75,0.64,0.01,0,69,0.61,0.01,0,35,0.58,0.01,0,170,0.55,0.01,0,130,0.52,0.01,0,153,0.49,0.01,0,148,0.46,0.01,0,0,0.43,0.01,0,185,0.41,0.01,0,152,0.38,0.01,0,414,0.36,0.01,0,183,0.33,0.01,0,174,0.31,0.02,0,214,0.32,0.03,0,164,0.32,0.04,0,118,0.31,0.06,0,349,0.31,0.11,1,138,0.31,0.18,0,519,0.29,0.29,5,582,0.29,0.45,311,1892,0.28,0.65,5,1252,0.27,0.91,30,1161,0.25,1.24,0,780,0.25,1.63,5,2148,0.24,2.06,0,1302,0.21,2.52,0,1387,,3.0,0,411,,3.55,0,242,0.27,4.05,0,849,0.3,4.55,0,499,0.33,5.05,0,0,0.36,5.55,0,21,0.39,6.05,0,0,0.41,6.55,0,0,0.44,7.05,0,0,0.46,0.01,0.0,263.0,0.39,7.55,0.0,5.0,0.49,0.01,0.0,774.0,0.43,8.55,0.0,0.0,0.53,0.01,0.0,0.0,0.46,9.55,0.0,0.0,0.58,0.01,0.0,30.0,0.49,10.54,0.0,0.0,
2023-06-30 16:00:00,13.06,7.56,0,0,,7.31,0,0,,7.06,0,0,,6.81,0,0,,6.56,0,0,,6.31,0,0,,6.06,0,30,,5.81,0,0,,5.56,0,0,,5.31,0,0,,5.06,0,240,,4.81,0,0,,4.56,0,400,,4.31,0,323,,4.06,0,90,,3.81,0,253,,3.57,0,150,0.6,3.32,0,199,0.56,3.07,0,127,0.53,2.6,0,202,0.51,2.1,0,388,0.44,1.6,3,591,0.36,1.14,0,291,0.3,0.79,0,709,0.29,0.52,105,2130,0.27,0.35,52,3876,0.27,0.22,130,2282,0.26,0.14,200,2324,0.26,0.09,0,1572,0.27,0.05,0,1442,0.27,0.03,0,878,0.27,0.02,0,1458,0.28,0.01,0,1125,0.27,0.01,0,422,0.29,0.01,0,585,0.31,0.01,0,224,0.33,0.01,0,10,0.35,0.01,30,30,0.37,0.01,0,120,0.72,0.01,0,20,0.68,0.01,0,75,0.65,0.01,0,69,0.61,0.01,0,35,0.58,0.01,0,170,0.55,0.01,0,130,0.52,0.01,0,153,0.5,0.01,0,148,0.47,0.01,0,0,0.44,0.01,0,185,0.41,0.01,0,152,0.39,0.01,0,414,0.36,0.01,0,183,0.34,0.02,0,174,0.35,0.03,0,214,0.35,0.04,0,164,0.35,0.05,0,118,0.33,0.07,0,349,0.33,0.12,0,138,0.32,0.19,0,519,0.31,0.3,0,582,0.3,0.44,0,1892,0.28,0.62,0,1252,0.27,0.87,100,1111,0.25,1.19,16,796,0.24,1.57,57,2205,0.23,1.99,0,1302,,2.44,0,1387,,2.92,0,411,,3.49,0,242,,3.99,0,849,0.26,4.49,0,499,0.31,4.99,0,0,0.34,5.49,0,21,0.37,5.99,0,0,0.4,6.49,0,0,0.42,6.99,0,0,0.45,0.01,0.0,263.0,0.39,7.49,0.0,5.0,0.47,0.01,0.0,774.0,0.43,8.49,0.0,0.0,0.52,0.01,0.0,0.0,0.46,9.49,0.0,0.0,0.57,0.01,0.0,30.0,0.49,10.49,0.0,0.0,0.61
2023-07-03 16:00:00,13.5,8.0,0,0,,7.75,0,0,,7.5,0,0,,7.25,0,0,,7.0,0,0,,6.75,0,0,,6.5,0,30,,6.25,0,0,,6.0,0,0,,5.75,0,0,,5.5,0,240,,5.25,0,0,,5.0,0,400,,4.75,0,323,,4.5,0,90,,4.25,0,253,,4.0,0,150,,3.75,0,199,,3.5,0,127,,3.0,0,202,,2.5,0,388,,2.0,0,591,,1.51,1,290,0.32,1.08,0,709,0.3,0.76,0,2130,0.28,0.53,60,3906,0.28,0.36,16,2298,0.28,0.25,75,2349,0.28,0.17,652,1902,0.28,0.11,763,2003,0.28,0.07,40,881,0.29,0.05,0,1458,0.3,0.03,0,1125,0.29,0.02,0,422,0.3,0.01,0,585,0.29,0.01,0,224,0.31,0.01,0,10,0.33,0.01,0,30,0.35,0.01,0,120,0.75,0.01,0,20,0.72,0.01,0,75,0.68,0.01,0,69,0.65,0.01,0,35,0.62,0.01,0,170,0.59,0.01,0,130,0.56,0.01,0,153,0.53,0.01,0,148,0.5,0.01,0,0,0.47,0.01,0,185,0.45,0.01,0,152,0.42,0.01,0,414,0.4,0.01,0,183,0.37,0.01,0,174,0.35,0.01,0,214,0.32,0.01,0,164,0.3,0.02,0,118,0.31,0.03,0,349,0.31,0.06,0,138,0.31,0.1,0,519,0.29,0.18,0,582,0.29,0.29,34,1890,0.28,0.45,342,1142,0.27,0.66,11,1121,0.27,0.93,74,870,0.26,1.27,1,2204,0.26,1.65,0,1302,0.25,2.07,0,1387,0.22,2.54,0,411,,3.02,0,242,,3.56,0,849,0.3,4.06,0,499,0.33,4.56,0,0,0.36,5.06,0,21,0.39,5.56,0,0,0.41,6.06,0,0,0.44,6.56,0,0,0.47,0.01,0.0,263.0,0.37,7.05,0.0,5.0,,0.01,0.0,774.0,0.41,8.05,0.0,0.0,,0.01,0.0,0.0,0.44,9.05,0.0,0.0,,0.01,0.0,30.0,0.47,10.05,0.0,0.0,
2023-07-04 16:00:00,13.38,7.88,0,0,,7.63,0,0,,7.38,0,0,,7.13,0,0,,6.88,0,0,,6.63,0,0,,6.38,0,0,,6.13,0,0,,5.88,0,0,,5.63,0,0,,5.38,0,0,,5.13,0,0,,4.88,0,0,,4.63,0,0,,4.38,0,0,,4.13,0,0,,3.88,0,0,,3.63,0,0,,3.38,0,0,,2.88,0,0,,2.38,0,0,,1.88,0,0,,1.38,238,45,,0.95,0,709,0.28,0.67,7,2120,0.27,0.46,0,3906,0.27,0.31,1,2298,0.27,0.21,0,2349,0.27,0.14,0,1902,0.28,0.09,0,2003,0.28,0.06,0,881,0.29,0.04,0,1458,0.29,0.03,0,1125,0.3,0.02,0,422,0.31,0.01,0,585,0.3,0.01,0,224,0.32,0.01,0,10,0.34,0.01,0,30,0.36,0.01,0,120,0.75,0.01,0,20,0.72,0.01,0,75,0.68,0.01,0,69,0.65,0.01,0,35,0.62,0.01,0,170,0.58,0.01,0,130,0.55,0.01,0,153,0.53,0.01,0,148,0.5,0.01,0,0,0.47,0.01,0,185,0.44,0.01,0,152,0.42,0.01,0,414,0.39,0.01,0,183,0.37,0.01,0,174,0.34,0.01,0,214,0.32,0.01,0,164,0.3,0.01,0,118,0.28,0.02,0,349,0.28,0.05,0,128,0.29,0.09,2,519,0.27,0.16,0,582,0.27,0.28,0,1890,0.26,0.46,5,1139,0.26,0.69,50,1154,0.26,0.97,32,902,0.25,1.34,62,2234,0.25,1.75,0,1302,0.25,2.18,0,1387,0.22,2.65,0,411,,3.14,0,242,,3.68,0,849,0.32,4.18,0,499,0.35,4.68,0,0,0.38,5.18,0,21,0.4,5.68,0,0,0.43,6.18,0,0,0.46,6.68,0,0,0.48,0.01,0.0,263.0,0.38,7.18,0.0,5.0,0.51,0.01,0.0,774.0,0.42,8.18,0.0,0.0,0.55,0.01,0.0,0.0,0.45,9.18,0.0,0.0,0.6,0.01,0.0,30.0,0.48,10.18,0.0,0.0,0.64
2023-07-05 16:00:00,12.68,7.24,0,0,0.67,6.99,0,0,0.58,6.74,0,0,,6.49,0,0,,6.25,0,0,0.54,6.0,0,0,0.46,5.75,0,0,,5.5,0,0,,5.26,0,0,0.43,5.01,0,0,0.36,4.76,0,0,,4.51,0,0,,4.27,0,0,0.34,4.02,0,0,0.28,3.77,0,0,,3.53,0,0,0.29,3.29,0,0,0.3,3.04,0,0,0.27,2.86,30,30,0.37,2.39,0,0,0.34,1.94,0,0,0.31,1.51,0,0,0.29,1.13,62,94,0.27,0.83,120,769,0.27,0.59,0,2120,0.27,0.41,2572,6134,0.27,0.29,36,2292,0.28,0.19,0,2349,0.28,0.13,14,1908,0.29,0.09,0,2003,0.3,0.06,0,881,0.3,0.04,0,1458,0.3,0.03,10,1115,0.32,0.02,0,422,0.32,0.01,0,585,0.31,0.01,0,224,0.33,0.01,0,10,0.35,0.01,0,30,0.37,0.01,0,120,0.75,0.01,0,20,0.71,0.01,0,75,0.68,0.01,0,69,0.64,0.01,0,35,0.61,0.01,0,170,0.58,0.01,0,130,0.55,0.01,0,153,0.52,0.01,0,148,0.49,0.01,0,0,0.46,0.01,0,185,0.44,0.01,0,152,0.41,0.01,0,414,0.38,0.01,0,183,0.36,0.01,0,174,0.34,0.01,0,214,0.31,0.01,0,164,0.29,0.02,0,118,0.3,0.03,0,349,0.3,0.06,0,128,0.29,0.1,2,521,0.27,0.19,6,588,0.27,0.32,175,1891,0.27,0.51,2513,3469,0.26,0.77,15,1159,0.26,1.08,4,903,0.26,1.48,30,2204,0.27,1.91,0,1302,0.28,2.34,0,1387,0.27,2.83,0,411,0.29,3.32,0,149,,3.82,0,322,,4.32,0,120,,4.82,0,0,,5.32,0,0,,5.82,0,0,,6.32,0,0,,6.82,0,0,,0.01,0.0,263.0,0.39,7.32,0.0,0.0,,0.01,0.0,774.0,0.43,8.32,0.0,0.0,,0.01,0.0,0.0,0.46,9.32,0.0,0.0,,0.01,0.0,30.0,0.49,10.32,0.0,0.0,
2023-07-06 16:00:00,12.4,6.96,0,0,0.67,6.71,0,0,0.59,6.46,0,0,,6.21,0,0,,5.97,0,0,0.54,5.72,0,0,0.47,5.47,0,0,,5.22,0,0,,4.98,0,0,0.43,4.73,0,0,0.37,4.48,0,0,,4.23,0,0,,3.99,0,0,0.33,3.74,0,0,0.28,3.5,0,0,0.32,3.26,0,0,0.32,3.02,0,0,0.32,2.78,0,0,0.31,2.59,0,30,0.36,2.13,0,0,0.33,1.69,60,60,0.3,1.29,30,30,0.29,0.96,0,94,0.28,0.69,0,769,0.28,0.49,0,2120,0.28,0.34,1,6135,0.29,0.24,0,2292,0.3,0.17,5,2344,0.3,0.12,2,1909,0.31,0.08,0,2003,0.32,0.06,24,857,0.33,0.04,0,1458,0.33,0.03,0,1115,0.34,0.02,36,406,0.34,0.01,0,585,0.33,0.01,0,224,0.35,0.01,20,30,0.37,0.01,0,30,0.39,0.01,0,120,0.74,0.01,0,20,0.7,0.01,0,75,0.66,0.01,0,69,0.63,0.01,0,35,0.6,0.01,0,170,0.57,0.01,0,130,0.54,0.01,0,153,0.51,0.01,0,148,0.48,0.01,0,0,0.45,0.01,0,185,0.42,0.01,0,152,0.39,0.01,0,414,0.37,0.01,0,183,0.34,0.01,0,174,0.32,0.02,0,214,0.33,0.03,0,164,0.33,0.04,0,118,0.32,0.05,0,349,0.31,0.09,0,128,0.3,0.16,117,517,0.29,0.27,105,693,0.28,0.43,150,1899,0.28,0.66,50,3420,0.27,0.96,0,1159,0.28,1.32,0,903,0.28,1.72,18,2186,0.29,2.15,0,1302,0.28,2.62,0,1387,0.29,3.11,0,411,0.31,3.6,0,149,,4.1,0,322,,4.6,0,120,,5.1,0,0,,5.6,0,0,,6.1,0,0,,6.6,0,0,,7.1,0,0,,0.01,0.0,263.0,0.41,7.6,0.0,0.0,,0.01,0.0,774.0,0.45,8.6,0.0,0.0,,0.01,0.0,0.0,0.48,9.6,0.0,0.0,,0.01,0.0,30.0,0.51,10.6,0.0,0.0,
2023-07-07 16:00:00,12.1,6.65,0,0,,6.41,0,0,0.59,6.16,0,0,0.47,5.91,0,0,,5.66,0,0,,5.42,0,0,0.47,5.17,0,0,0.37,4.92,0,0,,4.68,0,0,0.42,4.43,0,0,0.37,4.18,0,0,0.29,3.94,0,0,0.37,3.7,0,0,0.38,3.45,0,0,0.34,3.21,0,0,0.34,2.97,0,0,0.33,2.74,0,0,0.34,2.55,0,0,0.38,2.32,0,30,0.36,1.87,0,0,0.33,1.48,0,60,0.32,1.11,90,120,0.31,0.79,160,246,0.29,0.56,200,921,0.29,0.38,109,2229,0.29,0.26,0,6135,0.29,0.17,61,2250,0.3,0.11,0,2344,0.3,0.07,42,1902,0.3,0.05,495,2003,0.31,0.03,0,857,0.31,0.02,0,1458,0.32,0.01,0,1115,0.31,0.01,0,406,0.33,0.01,0,585,0.35,0.01,0,224,0.37,0.01,0,30,0.39,0.01,0,30,0.41,0.01,0,120,0.72,0.01,0,20,0.69,0.01,0,75,0.65,0.01,0,69,0.62,0.01,0,35,0.58,0.01,0,170,0.55,0.01,0,130,0.52,0.01,0,153,0.49,0.01,0,148,0.46,0.01,0,0,0.43,0.01,0,185,0.4,0.01,0,152,0.38,0.01,0,414,0.35,0.01,0,183,0.33,0.02,0,174,0.34,0.03,0,214,0.34,0.04,0,164,0.33,0.06,0,118,0.33,0.08,0,349,0.32,0.14,0,128,0.31,0.23,106,622,0.3,0.36,1,694,0.29,0.54,53,1952,0.27,0.81,227,3398,0.27,1.13,0,1159,0.27,1.53,1,902,0.28,1.93,0,2186,0.25,2.41,0,1302,0.27,2.91,6,1381,0.31,3.4,0,411,,3.9,0,149,,4.4,0,322,,4.9,0,120,,5.4,0,0,,5.9,0,0,,6.4,0,0,,6.9,0,0,,7.4,0,0,,0.01,0.0,263.0,0.43,7.9,0.0,0.0,,0.01,0.0,774.0,0.47,8.9,0.0,0.0,,0.01,0.0,0.0,0.5,9.9,0.0,0.0,,0.01,0.0,30.0,0.54,10.9,0.0,0.0,
2023-07-10 16:00:00,12.04,6.59,0,0,,6.35,0,0,0.63,6.1,0,0,0.56,5.85,0,0,0.41,5.6,0,0,,5.35,0,0,,5.11,0,0,0.45,4.86,0,0,0.36,4.61,0,0,,4.37,0,0,0.4,4.12,0,0,0.35,3.87,0,0,0.29,3.63,0,0,0.35,3.38,0,0,0.31,3.14,0,0,0.32,2.9,0,0,0.32,2.66,0,0,0.31,2.46,0,0,0.35,2.23,0,30,0.34,1.79,0,0,0.32,1.35,0,60,0.28,1.01,0,120,0.28,0.73,0,246,0.29,0.5,201,1022,0.28,0.34,0,2229,0.29,0.23,1,6135,0.29,0.16,6,2256,0.3,0.1,0,2344,0.3,0.07,3,1902,0.31,0.04,8,2003,0.31,0.03,0,857,0.32,0.02,0,1458,0.33,0.01,0,1115,0.32,0.01,0,406,0.34,0.01,0,585,0.36,0.01,0,224,0.39,0.01,0,30,0.41,0.01,0,30,0.43,0.01,0,120,0.73,0.01,0,20,0.69,0.01,0,75,0.66,0.01,0,69,0.62,0.01,0,35,0.59,0.01,0,170,0.56,0.01,0,130,0.53,0.01,0,153,0.49,0.01,0,148,0.46,0.01,0,0,0.44,0.01,0,185,0.41,0.01,0,152,0.38,0.01,0,414,0.35,0.01,0,183,0.33,0.02,0,174,0.34,0.03,0,214,0.34,0.04,0,164,0.33,0.05,0,118,0.32,0.07,0,349,0.31,0.12,2,128,0.29,0.22,1,622,0.29,0.36,2,696,0.28,0.57,0,1952,0.28,0.85,9,3407,0.28,1.18,0,1159,0.28,1.61,6,902,0.3,2.05,0,2186,0.32,2.49,0,1302,0.31,2.98,0,1381,0.33,3.46,0,411,,3.96,0,149,,4.46,0,322,,4.96,0,120,,5.46,0,0,,5.96,0,0,,6.46,0,0,,6.96,0,0,,7.46,0,0,,0.01,0.0,263.0,0.45,7.96,0.0,0.0,,0.01,0.0,774.0,0.48,8.96,0.0,0.0,,0.01,0.0,0.0,0.52,9.96,0.0,0.0,,0.01,0.0,30.0,0.55,10.96,0.0,0.0,
2023-07-11 16:00:00,12.06,6.61,0,0,,6.36,0,0,,6.12,0,0,0.58,5.87,0,0,0.48,5.62,0,0,,5.37,0,0,,5.13,0,0,0.47,4.88,0,0,0.4,4.63,0,0,,4.38,0,0,,4.14,0,0,0.37,3.89,0,0,0.31,3.65,0,0,0.36,3.4,0,0,0.32,3.16,0,0,0.33,2.92,0,0,0.32,2.68,0,0,0.31,2.5,0,0,0.38,2.27,0,30,0.36,1.82,0,0,0.33,1.39,0,60,0.3,1.03,0,120,0.29,0.73,0,246,0.28,0.51,50,1072,0.29,0.35,100,2329,0.29,0.23,30,6135,0.29,0.15,5,2256,0.3,0.09,0,2344,0.29,0.06,0,1902,0.3,0.04,0,2003,0.31,0.03,0,857,0.32,0.02,0,1458,0.33,0.01,0,1115,0.32,0.01,0,406,0.34,0.01,0,585,0.36,0.01,0,224,0.39,0.01,0,30,0.41,0.01,0,30,0.43,0.01,0,120,0.74,0.01,0,20,0.7,0.01,0,75,0.66,0.01,0,69,0.63,0.01,0,35,0.59,0.01,0,170,0.56,0.01,0,130,0.53,0.01,0,153,0.5,0.01,0,148,0.47,0.01,0,0,0.44,0.01,0,185,0.41,0.01,0,152,0.38,0.01,0,414,0.36,0.01,0,183,0.33,0.02,0,174,0.34,0.03,0,214,0.34,0.04,0,164,0.33,0.05,0,118,0.32,0.06,0,349,0.3,0.12,0,128,0.3,0.21,0,622,0.29,0.35,0,696,0.28,0.54,12,1952,0.27,0.82,0,3407,0.27,1.14,30,1159,0.27,1.56,0,902,0.28,2.0,0,2186,0.29,2.44,0,1302,,2.94,0,1381,,3.44,0,411,,3.94,0,149,,4.44,0,322,,4.94,0,120,,5.44,0,0,,5.94,0,0,,6.44,0,0,,6.94,0,0,,7.44,0,0,,0.01,0.0,263.0,0.45,7.94,0.0,0.0,,0.01,0.0,774.0,0.48,8.94,0.0,0.0,,0.01,0.0,0.0,0.52,9.94,0.0,0.0,,0.01,0.0,30.0,0.55,10.94,0.0,0.0,
2023-07-12 16:00:00,12.26,6.81,0,0,,6.56,0,0,,6.32,0,0,0.61,6.07,0,0,0.52,5.82,0,0,,5.57,0,0,,5.33,0,0,0.49,5.08,0,0,0.43,4.83,0,0,,4.58,0,0,,4.34,0,0,0.39,4.09,0,0,0.34,3.84,0,0,0.27,3.59,0,0,,3.35,0,0,0.3,3.11,0,0,0.31,2.86,0,0,0.28,2.64,0,0,0.32,2.4,0,30,0.3,1.95,0,0,0.3,1.53,0,60,0.29,1.14,0,120,0.28,0.84,0,246,0.28,0.6,35,1072,0.29,0.41,30,2329,0.29,0.29,1,6135,0.3,0.19,0,2256,0.3,0.14,0,2344,0.31,0.09,0,1902,0.31,0.07,0,2003,0.33,0.05,0,857,0.34,0.04,0,1458,0.35,0.03,0,1115,0.36,0.02,0,406,0.37,0.01,0,585,0.35,0.01,0,224,0.38,0.01,0,30,0.4,0.01,0,30,0.42,0.01,0,120,0.75,0.01,0,20,0.72,0.01,0,75,0.68,0.01,0,69,0.64,0.01,0,35,0.61,0.01,0,170,0.58,0.01,0,130,0.55,0.01,0,153,0.52,0.01,0,148,0.49,0.01,0,0,0.46,0.01,0,185,0.43,0.01,0,152,0.4,0.01,0,414,0.37,0.01,0,183,0.35,0.01,0,174,0.32,0.01,0,214,0.3,0.02,0,164,0.31,0.03,0,118,0.3,0.04,0,349,0.29,0.09,0,128,0.29,0.17,0,622,0.29,0.29,0,696,0.28,0.47,85,2027,0.28,0.72,0,3407,0.28,1.06,124,1182,0.29,1.42,40,862,0.29,1.87,0,2186,0.32,2.32,0,1302,0.33,2.76,0,1381,0.31,3.25,0,411,0.34,3.74,0,0,,4.24,0,322,,4.74,0,120,,5.24,0,0,,5.74,0,0,,6.24,0,0,,6.74,0,0,,7.24,0,0,,0.01,0.0,263.0,0.44,7.74,0.0,0.0,,0.01,0.0,774.0,0.47,8.74,0.0,0.0,,0.01,0.0,0.0,0.51,9.74,0.0,0.0,,0.01,0.0,30.0,0.54,10.74,0.0,0.0,
2023-07-13 16:00:00,12.56,7.11,0,0,,6.86,0,0,,6.62,0,0,0.64,6.37,0,0,0.56,6.12,0,0,0.4,5.87,0,0,,5.62,0,0,,5.38,0,0,0.47,5.13,0,0,0.39,4.88,0,0,,4.63,0,0,,4.39,0,0,0.37,4.14,0,0,0.32,3.89,0,0,,3.65,0,0,0.33,3.41,0,0,0.34,3.16,0,0,0.31,2.93,0,0,0.33,2.73,0,30,0.37,2.26,0,0,0.34,1.82,0,60,0.32,1.43,0,120,0.31,1.07,4,245,0.3,0.79,0,1072,0.3,0.56,30,2359,0.3,0.39,12,6135,0.3,0.26,315,2552,0.3,0.17,103,2447,0.3,0.11,105,2007,0.3,0.07,0,2003,0.3,0.05,23,880,0.32,0.03,0,1458,0.31,0.02,0,1115,0.32,0.01,0,406,0.31,0.01,0,585,0.33,0.01,0,224,0.36,0.01,0,30,0.38,0.01,0,30,0.4,0.01,0,120,0.78,0.01,0,20,0.74,0.01,0,75,0.7,0.01,0,69,0.67,0.01,0,35,0.63,0.01,0,170,0.6,0.01,0,130,0.57,0.01,0,153,0.54,0.01,0,148,0.51,0.01,0,0,0.48,0.01,0,185,0.45,0.01,0,152,0.42,0.01,0,414,0.4,0.01,0,183,0.37,0.01,0,174,0.34,0.01,0,214,0.32,0.02,0,164,0.33,0.03,0,118,0.33,0.04,20,369,0.32,0.07,0,128,0.3,0.14,0,622,0.3,0.24,5,691,0.3,0.39,58,2067,0.29,0.58,15,3422,0.28,0.86,0,1182,0.28,1.19,0,862,0.28,1.57,0,2186,0.28,2.02,0,1302,0.3,2.48,150,1524,0.31,2.95,0,411,0.31,3.44,0,0,,3.94,0,322,,4.44,0,120,,4.94,0,0,,5.44,0,0,,5.94,0,0,,6.44,0,0,,6.94,0,0,,0.01,0.0,263.0,0.42,7.44,0.0,0.0,,0.01,0.0,774.0,0.46,8.44,0.0,0.0,,0.01,0.0,0.0,0.49,9.44,0.0,0.0,,0.01,0.0,30.0,0.53,10.44,0.0,0.0,
2023-07-14 16:00:00,12.5,7.05,0,0,,6.8,0,0,,6.55,0,0,,6.31,0,0,0.58,6.06,0,0,0.48,5.81,0,0,,5.56,0,0,,5.32,0,0,0.48,5.07,0,0,0.41,4.82,0,0,,4.57,0,0,,4.33,0,0,0.38,4.08,0,0,0.33,3.83,0,0,0.26,3.59,0,0,0.33,3.34,0,0,0.29,3.1,0,0,0.31,2.86,0,0,0.31,2.67,0,30,0.37,2.2,0,0,0.34,1.76,0,60,0.32,1.33,0,120,0.28,0.98,30,245,0.28,0.71,4,1072,0.28,0.5,30,2359,0.29,0.35,110,6135,0.29,0.24,2,2554,0.3,0.17,0,2447,0.31,0.12,0,2007,0.32,0.08,0,2003,0.32,0.06,0,880,0.34,0.04,1,1457,0.34,0.03,0,1115,0.35,0.02,0,406,0.35,0.01,0,585,0.34,0.01,0,224,0.36,0.01,0,30,0.39,0.01,0,30,0.41,0.01,0,120,0.78,0.01,0,20,0.74,0.01,0,75,0.7,0.01,0,69,0.67,0.01,0,35,0.63,0.01,0,170,0.6,0.01,0,130,0.57,0.01,0,153,0.54,0.01,0,148,0.51,0.01,0,0,0.48,0.01,0,185,0.45,0.01,0,152,0.42,0.01,0,414,0.39,0.01,0,183,0.37,0.01,0,174,0.34,0.01,0,214,0.32,0.02,0,164,0.33,0.03,0,118,0.33,0.04,0,369,0.32,0.07,4,128,0.3,0.13,30,642,0.29,0.23,120,811,0.29,0.38,538,2377,0.28,0.6,0,3422,0.28,0.89,0,1182,0.28,1.24,30,862,0.29,1.65,0,2186,0.3,2.07,0,1302,0.3,2.53,30,1554,0.31,3.01,0,411,0.32,3.5,0,0,,4.0,0,322,,4.5,0,120,,5.0,0,0,,5.5,0,0,,6.0,0,0,,6.5,0,0,,7.0,0,0,,0.01,0.0,263.0,0.43,7.5,0.0,0.0,,0.01,0.0,774.0,0.46,8.5,0.0,0.0,,0.01,0.0,0.0,0.5,9.5,0.0,0.0,,0.01,0.0,30.0,0.53,10.5,0.0,0.0,
2023-07-18 16:00:00,11.98,6.53,0,0,0.65,6.28,0,0,0.52,6.03,0,0,,5.78,0,0,,5.54,0,0,0.55,5.29,0,0,0.47,5.04,0,0,,4.79,0,0,,4.54,0,0,,4.3,0,0,0.39,4.05,0,0,0.32,3.8,0,0,,3.56,0,0,0.35,3.31,0,0,0.31,3.07,0,0,0.32,2.83,0,0,0.32,2.59,0,0,0.32,2.37,0,0,0.33,2.14,0,30,0.32,1.7,0,0,0.31,1.29,0,60,0.29,0.95,0,120,0.29,0.69,4,249,0.3,0.47,122,1072,0.3,0.32,0,2359,0.3,0.22,2,6135,0.31,0.15,100,2654,0.32,0.1,25,2427,0.33,0.07,0,2007,0.34,0.04,0,2003,0.33,0.03,1,879,0.34,0.02,0,1457,0.35,0.01,0,1115,0.34,0.01,0,406,0.37,0.01,0,585,0.39,0.01,30,254,0.41,0.01,0,30,0.43,0.01,0,30,0.45,0.01,0,120,0.77,0.01,0,20,0.73,0.01,0,75,0.69,0.01,0,69,0.65,0.01,0,35,0.62,0.01,0,170,0.58,0.01,0,130,0.55,0.01,0,153,0.52,0.01,0,148,0.48,0.01,0,0,0.45,0.01,0,185,0.42,0.01,0,152,0.4,0.01,0,414,0.37,0.01,0,183,0.34,0.01,0,174,0.32,0.02,0,214,0.32,0.03,0,164,0.32,0.05,0,118,0.33,0.07,0,369,0.32,0.12,231,274,0.3,0.23,300,942,0.3,0.38,411,922,0.3,0.6,947,2015,0.29,0.88,3,3422,0.29,1.26,0,1182,0.31,1.67,0,862,0.32,2.11,0,2186,0.34,2.59,0,1302,0.37,3.03,0,1554,0.33,3.52,0,411,,4.02,0,0,,4.52,0,322,,5.02,0,120,,5.52,0,0,,6.02,0,0,,6.52,0,0,,7.02,0,0,,7.52,0,0,,0.01,0.0,263.0,0.48,8.02,0.0,0.0,,0.01,0.0,774.0,0.51,9.02,0.0,0.0,,0.01,0.0,0.0,0.55,10.02,0.0,0.0,,0.01,0.0,30.0,0.59,11.02,0.0,0.0,
2023-07-19 16:00:00,11.64,6.19,0,0,0.65,5.94,0,0,0.55,5.69,0,0,,5.44,0,0,,5.2,0,0,0.54,4.95,0,0,0.48,4.7,0,0,0.38,4.45,0,0,,4.21,0,0,0.43,3.96,0,0,0.38,3.72,0,0,0.41,3.47,0,0,0.37,3.23,0,0,0.38,2.99,0,0,0.37,2.75,0,0,0.36,2.52,0,0,0.36,2.3,0,0,0.37,2.08,0,0,0.36,1.85,0,30,0.34,1.43,10,10,0.32,1.06,30,90,0.31,0.76,0,120,0.31,0.53,35,280,0.31,0.36,9,1073,0.31,0.24,546,2795,0.32,0.16,0,6135,0.32,0.11,35,2653,0.33,0.07,55,2417,0.34,0.05,12,2007,0.35,0.03,1,2002,0.35,0.02,0,879,0.35,0.01,0,1457,0.34,0.01,0,1115,0.37,0.01,0,406,0.39,0.01,0,585,0.42,0.01,0,254,0.44,0.01,0,30,0.46,0.01,0,30,0.48,0.01,0,120,0.75,0.01,0,20,0.71,0.01,0,75,0.67,0.01,0,69,0.63,0.01,0,35,0.6,0.01,0,170,0.56,0.01,0,130,0.53,0.01,0,153,0.49,0.01,0,148,0.46,0.01,0,0,0.43,0.01,0,185,0.4,0.01,0,152,0.37,0.02,0,414,0.39,0.03,0,183,0.38,0.04,30,204,0.37,0.05,0,214,0.36,0.07,6,164,0.35,0.09,1,119,0.34,0.12,32,369,0.34,0.2,297,571,0.32,0.33,200,1142,0.31,0.52,433,1130,0.3,0.79,32,2013,0.31,1.13,14,3425,0.31,1.52,5,1182,0.32,1.95,0,862,0.33,2.43,0,2186,0.36,2.87,0,1302,0.33,3.36,0,1554,,3.86,0,228,,4.36,0,0,,4.86,0,322,,5.36,0,120,,5.86,0,0,,6.36,0,0,,6.86,0,0,,7.36,0,0,,7.86,0,0,,0.01,0.0,263.0,0.5,8.36,0.0,0.0,,0.01,0.0,774.0,0.54,9.36,0.0,0.0,,0.01,0.0,0.0,0.58,10.36,0.0,0.0,,0.01,0.0,30.0,0.61,11.36,0.0,0.0,
2023-07-20 16:00:00,11.46,6.01,0,0,0.66,5.76,0,0,0.57,5.51,0,0,,5.26,0,0,,5.01,0,0,,4.77,0,0,0.48,4.52,0,0,0.41,4.27,0,0,,4.02,0,0,,3.78,0,0,0.38,3.53,0,0,0.33,3.29,0,0,0.37,3.04,0,0,0.33,2.8,0,0,0.33,2.57,0,0,0.35,2.33,0,0,0.33,2.12,0,0,0.35,1.89,0,0,0.33,1.7,0,30,0.35,1.28,30,40,0.32,0.93,0,90,0.31,0.65,31,151,0.31,0.44,0,280,0.31,0.3,0,1073,0.31,0.2,0,2795,0.32,0.13,3,6132,0.33,0.09,210,2649,0.34,0.06,0,2417,0.34,0.04,0,2007,0.35,0.03,0,2002,0.37,0.02,0,879,0.37,0.01,0,1457,0.36,0.01,0,1115,0.39,0.01,0,406,0.41,0.01,0,585,0.43,0.01,0,254,0.46,0.01,0,30,0.48,0.01,0,30,0.5,0.01,0,120,0.74,0.01,0,20,0.7,0.01,0,75,0.66,0.01,0,69,0.63,0.01,0,35,0.59,0.01,0,170,0.55,0.01,0,130,0.52,0.01,0,153,0.48,0.01,0,148,0.45,0.01,0,0,0.42,0.01,0,185,0.39,0.01,0,152,0.36,0.02,0,414,0.37,0.03,0,183,0.37,0.04,0,204,0.36,0.05,0,214,0.34,0.07,0,164,0.34,0.09,0,119,0.32,0.13,90,369,0.33,0.22,0,571,0.31,0.37,6,1148,0.3,0.59,0,1130,0.3,0.88,160,2173,0.3,1.24,0,3425,0.31,1.66,0,1182,0.32,2.11,0,862,0.34,2.58,70,2156,0.35,3.04,0,1302,,3.54,0,1541,,4.04,0,228,,4.54,0,0,,5.04,0,322,,5.54,0,120,,6.04,0,0,,6.54,0,0,,7.04,0,0,,7.54,0,0,,8.04,0,0,,0.01,0.0,263.0,0.52,8.54,0.0,0.0,,0.01,0.0,774.0,0.56,9.54,0.0,0.0,,0.01,0.0,0.0,0.6,10.54,0.0,0.0,,0.01,0.0,30.0,0.63,11.54,0.0,0.0,
2023-07-21 16:00:00,11.5,6.05,0,0,0.68,5.8,0,0,0.6,5.55,0,0,0.48,5.3,0,0,,5.05,0,0,,4.81,0,0,0.5,4.56,0,0,0.43,4.31,0,0,0.31,4.06,0,0,,3.82,0,0,0.4,3.57,0,0,0.35,3.32,0,0,0.3,3.08,0,0,0.34,2.84,0,0,0.34,2.6,0,0,0.33,2.37,0,0,0.34,2.15,0,0,0.35,1.94,0,0,0.35,1.7,0,30,0.32,1.28,0,40,0.3,0.93,0,90,0.3,0.65,0,151,0.3,0.44,40,320,0.3,0.29,2550,3573,0.3,0.19,10,2795,0.31,0.12,0,6132,0.32,0.08,0,2649,0.32,0.05,0,2417,0.33,0.03,0,2007,0.33,0.02,0,2002,0.34,0.01,0,879,0.33,0.01,0,1457,0.36,0.01,0,1115,0.39,0.01,0,406,0.41,0.01,0,585,0.43,0.01,0,254,0.46,0.01,0,30,0.48,0.01,0,30,0.5,0.01,0,120,0.75,0.01,0,20,0.71,0.01,0,75,0.67,0.01,0,69,0.63,0.01,0,35,0.59,0.01,0,170,0.56,0.01,0,130,0.52,0.01,0,153,0.49,0.01,0,148,0.46,0.01,0,0,0.43,0.01,0,185,0.4,0.01,0,152,0.37,0.01,0,414,0.34,0.02,0,183,0.35,0.03,0,204,0.34,0.04,0,214,0.33,0.06,0,164,0.33,0.08,0,119,0.32,0.11,0,369,0.32,0.2,227,798,0.3,0.35,2500,3648,0.3,0.56,100,1161,0.3,0.85,0,2173,0.3,1.21,0,3425,0.31,1.62,0,1182,0.32,2.07,0,862,0.33,2.54,0,2156,0.35,3.0,0,1302,,3.5,0,1422,,4.0,0,228,,4.5,0,0,,5.0,0,322,,5.5,0,120,,6.0,0,0,,6.5,0,0,,7.0,0,0,,7.5,0,0,,8.0,0,0,,0.01,0.0,263.0,0.52,8.5,0.0,0.0,,0.01,0.0,774.0,0.56,9.5,0.0,0.0,,0.01,0.0,0.0,0.6,10.5,0.0,0.0,,0.01,0.0,30.0,0.63,11.5,0.0,0.0,
2023-07-24 16:00:00,11.2,5.74,0,0,,5.5,0,0,0.63,5.25,0,0,0.56,5.0,0,0,0.46,4.75,0,0,,4.5,0,0,,4.26,0,0,0.46,4.01,0,0,0.4,3.76,0,0,0.33,3.51,0,0,,3.27,0,0,0.36,3.02,0,0,0.32,2.78,0,0,0.33,2.54,0,0,0.33,2.3,0,0,0.32,2.08,0,0,0.34,1.85,0,0,0.32,1.63,0,0,0.32,1.47,0,30,0.35,1.03,0,40,0.3,0.72,0,90,0.3,0.48,1,152,0.3,0.32,3,320,0.31,0.21,25,3573,0.31,0.14,1,2795,0.33,0.09,0,6132,0.33,0.06,0,2649,0.34,0.04,10,2427,0.35,0.03,0,2007,0.37,0.02,0,2002,0.38,0.01,0,879,0.37,0.01,0,1457,0.39,0.01,0,1115,0.42,0.01,0,406,0.44,0.01,0,585,0.47,0.01,0,254,0.49,0.01,0,30,0.52,0.01,0,30,0.54,0.01,0,120,0.74,0.01,0,20,0.7,0.01,0,75,0.66,0.01,0,69,0.62,0.01,0,35,0.58,0.01,0,170,0.55,0.01,0,130,0.51,0.01,0,153,0.48,0.01,0,148,0.44,0.01,0,0,0.41,0.01,0,185,0.38,0.01,0,152,0.35,0.02,100,414,0.36,0.03,0,183,0.36,0.04,0,204,0.34,0.06,30,244,0.34,0.08,80,170,0.33,0.11,0,119,0.32,0.15,30,388,0.32,0.27,4,802,0.31,0.45,250,3798,0.3,0.72,11,1162,0.31,1.06,12,2185,0.32,1.46,5,3421,0.33,1.89,5,1182,0.34,2.35,19,862,0.36,2.81,0,1808,0.34,3.3,0,1302,,3.8,0,1422,,4.3,0,228,,4.8,0,0,,5.3,0,322,,5.8,0,120,,6.3,0,0,,6.8,0,0,,7.3,0,0,,7.8,0,0,,8.3,0,0,,0.01,0.0,263.0,0.56,8.8,0.0,0.0,,0.01,0.0,774.0,0.6,9.8,0.0,0.0,,0.01,0.0,0.0,0.64,10.8,0.0,0.0,,0.01,0.0,30.0,0.67,11.8,0.0,0.0,
2023-07-25 16:00:00,12.12,6.66,0,0,,6.41,0,0,,6.17,0,0,0.64,5.92,0,0,0.55,5.67,0,0,,5.42,0,0,,5.17,0,0,,4.93,0,0,0.48,4.68,0,0,0.42,4.43,0,0,,4.18,0,0,,3.94,0,0,0.4,3.69,0,0,0.35,3.45,0,0,0.38,3.22,0,0,0.41,2.97,0,0,0.37,2.73,0,0,0.36,2.57,0,0,0.45,2.33,0,30,0.42,1.88,0,40,0.38,1.43,30,120,0.34,1.07,4,154,0.33,0.77,185,252,0.32,0.55,122,3599,0.33,0.38,85,2795,0.33,0.26,35,6157,0.33,0.18,105,2654,0.34,0.12,0,2427,0.35,0.08,100,2107,0.35,0.06,0,2002,0.37,0.04,0,879,0.37,0.03,0,1457,0.38,0.02,0,1115,0.39,0.01,0,406,0.37,0.01,0,585,0.4,0.01,0,254,0.42,0.01,0,30,0.45,0.01,0,30,0.47,0.01,0,120,0.82,0.01,0,20,0.77,0.01,0,75,0.73,0.01,0,69,0.7,0.01,0,35,0.66,0.01,0,170,0.62,0.01,0,130,0.59,0.01,0,153,0.55,0.01,0,148,0.52,0.01,0,0,0.49,0.01,0,185,0.46,0.01,0,152,0.43,0.01,0,414,0.4,0.01,0,183,0.37,0.02,0,204,0.38,0.03,0,244,0.38,0.04,0,170,0.37,0.05,0,119,0.36,0.07,12,400,0.35,0.12,0,802,0.33,0.21,32,3826,0.32,0.34,201,1340,0.31,0.53,6,2191,0.3,0.81,5,3416,0.31,1.15,0,1182,0.31,1.54,4,862,0.32,1.95,0,1808,0.31,2.4,0,1302,0.31,2.9,0,1422,0.35,3.38,0,228,,3.88,0,0,,4.38,0,322,,4.88,0,120,,5.38,0,0,,5.88,0,0,,6.38,0,0,,6.88,0,0,,7.38,0,0,,0.01,0.0,263.0,0.49,7.88,0.0,0.0,,0.01,0.0,774.0,0.53,8.88,0.0,0.0,,0.01,0.0,0.0,0.57,9.88,0.0,0.0,,0.01,0.0,30.0,0.61,10.88,0.0,0.0,
2023-07-26 16:00:00,12.16,6.7,0,0,,6.45,0,0,,6.21,0,0,0.66,5.96,0,0,0.58,5.71,0,0,0.44,5.46,0,0,,5.21,0,0,,4.97,0,0,0.5,4.72,0,0,0.44,4.47,0,0,0.36,4.22,0,0,,3.97,0,0,,3.73,0,0,0.37,3.48,0,0,0.32,3.24,0,0,0.35,2.99,0,0,0.31,2.75,0,0,0.32,2.55,0,0,0.39,2.33,0,30,0.39,1.88,0,40,0.36,1.44,0,120,0.32,1.07,0,154,0.31,0.79,30,222,0.32,0.54,8,3591,0.31,0.37,931,2964,0.32,0.25,0,6157,0.32,0.17,14,2668,0.33,0.11,0,2427,0.34,0.07,36,2113,0.34,0.05,6,2008,0.35,0.03,12,891,0.35,0.02,0,1457,0.36,0.01,0,1115,0.35,0.01,0,406,0.37,0.01,0,585,0.4,0.01,0,254,0.42,0.01,0,30,0.45,0.01,0,30,0.47,0.01,0,120,0.83,0.01,0,20,0.78,0.01,0,75,0.74,0.01,0,69,0.7,0.01,0,35,0.67,0.01,0,170,0.63,0.01,0,130,0.6,0.01,0,153,0.56,0.01,0,148,0.53,0.01,0,0,0.49,0.01,0,185,0.46,0.01,0,152,0.43,0.01,0,414,0.4,0.01,0,183,0.37,0.01,0,204,0.35,0.02,0,244,0.36,0.03,0,170,0.35,0.04,30,149,0.34,0.05,0,400,0.33,0.11,0,802,0.33,0.19,0,3826,0.32,0.32,0,1340,0.31,0.52,1,2192,0.31,0.78,0,3416,0.31,1.11,0,1182,0.31,1.48,5,862,0.31,1.93,15,1808,0.33,2.38,5,1307,0.33,2.84,0,1422,,3.34,0,228,,3.84,0,0,,4.34,0,322,,4.84,0,120,,5.34,0,0,,5.84,0,0,,6.34,0,0,,6.84,0,0,,7.34,0,0,,0.01,0.0,263.0,0.49,7.84,0.0,0.0,,0.01,0.0,774.0,0.53,8.84,0.0,0.0,,0.01,0.0,0.0,0.57,9.84,0.0,0.0,,0.01,0.0,30.0,0.61,10.84,0.0,0.0,
2023-07-27 16:00:00,12.68,7.22,0,0,,6.97,0,0,,6.73,0,0,0.71,6.48,0,0,0.64,6.23,0,0,0.55,5.98,0,0,,5.73,0,0,,5.48,0,0,,5.24,0,0,0.5,4.99,0,0,0.43,4.74,0,0,,4.49,0,0,,4.25,0,0,0.41,4.0,0,0,0.37,3.75,0,0,0.32,3.51,0,0,0.36,3.26,0,0,0.33,3.02,0,0,0.33,2.83,0,30,0.42,2.36,40,60,0.38,1.93,0,120,0.37,1.5,0,154,0.34,1.13,54,180,0.33,0.83,91,3592,0.32,0.59,190,3004,0.32,0.41,74,6201,0.32,0.28,235,2869,0.33,0.19,212,2348,0.33,0.13,34,2145,0.34,0.09,0,2008,0.35,0.06,10,891,0.35,0.04,0,1457,0.36,0.03,0,1115,0.37,0.02,0,406,0.37,0.01,0,585,0.36,0.01,0,254,0.39,0.01,0,30,0.41,0.01,0,30,0.43,0.01,0,120,0.87,0.01,0,20,0.82,0.01,0,75,0.78,0.01,0,69,0.74,0.01,0,35,0.71,0.01,0,170,0.67,0.01,0,130,0.64,0.01,0,153,0.6,0.01,0,148,0.57,0.01,0,0,0.54,0.01,0,185,0.51,0.01,0,152,0.48,0.01,0,414,0.45,0.01,0,183,0.42,0.01,0,204,0.39,0.01,0,244,0.36,0.01,0,170,0.34,0.02,0,149,0.35,0.03,0,400,0.34,0.06,2,800,0.33,0.11,2,3824,0.32,0.2,1,1339,0.32,0.34,56,2192,0.32,0.53,53,3426,0.31,0.79,30,1182,0.31,1.12,30,862,0.31,1.5,3,1811,0.32,1.9,0,1307,0.31,2.35,29,1422,0.31,2.82,0,228,,3.32,0,0,,3.82,0,322,,4.32,0,120,,4.82,0,0,,5.32,0,0,,5.82,0,0,,6.32,0,0,,6.82,0,0,,0.01,0.0,263.0,0.46,7.32,0.0,0.0,,0.01,0.0,774.0,0.5,8.32,0.0,0.0,,0.01,0.0,0.0,0.54,9.32,0.0,0.0,,0.01,0.0,30.0,0.58,10.32,0.0,0.0,
2023-07-28 16:00:00,13.48,8.02,0,0,,7.77,0,0,,7.52,0,0,,7.28,0,0,0.71,7.03,0,0,0.63,6.78,0,0,,6.53,0,0,,6.28,0,0,,6.04,0,0,0.56,5.79,0,0,0.5,5.54,0,0,0.42,5.29,0,0,,5.04,0,0,,4.8,0,0,0.44,4.55,0,0,0.39,4.3,0,0,0.33,4.05,0,0,,3.81,0,0,0.36,3.56,0,30,0.32,3.08,0,60,0.34,2.65,0,120,0.39,2.2,0,154,0.37,1.77,122,240,0.35,1.41,0,3592,0.35,1.06,85,2994,0.33,0.82,1050,6136,0.35,0.6,513,2961,0.35,0.46,715,2284,0.36,0.34,812,1860,0.37,0.25,260,2190,0.37,0.19,225,1101,0.39,0.14,553,1807,0.39,0.11,2,1117,0.41,0.08,1117,1003,0.41,0.06,0,585,0.42,0.05,0,254,0.43,0.04,0,30,0.44,0.03,0,30,0.45,0.01,0,120,0.93,0.01,0,20,0.88,0.01,0,75,0.84,0.01,0,69,0.8,0.01,0,35,0.77,0.01,0,170,0.73,0.01,0,130,0.69,0.01,0,153,0.66,0.01,0,148,0.63,0.01,0,0,0.6,0.01,0,185,0.57,0.01,0,152,0.54,0.01,0,414,0.51,0.01,0,183,0.48,0.01,0,204,0.45,0.01,0,244,0.42,0.01,0,170,0.4,0.01,0,149,0.37,0.02,21,400,0.38,0.03,1,799,0.36,0.06,10,3814,0.35,0.11,47,1307,0.34,0.19,441,2526,0.34,0.31,620,3755,0.33,0.48,384,1316,0.33,0.7,83,812,0.33,1.02,42,1811,0.34,1.36,60,1363,0.35,1.75,26,1422,0.36,2.18,0,228,0.37,2.63,0,0,0.39,3.08,0,322,0.39,3.56,0,120,0.41,4.04,0,0,0.41,4.53,0,0,0.43,5.02,0,0,,5.52,0,0,,6.02,0,0,,0.02,0.0,263.0,0.44,6.52,0.0,0.0,,0.01,0.0,774.0,0.45,7.52,0.0,0.0,,0.01,0.0,0.0,0.49,8.52,0.0,0.0,,0.01,0.0,30.0,0.52,9.52,0.0,0.0,
2023-07-31 16:00:00,13.6,8.14,0,0,0.76,7.89,0,0,,7.64,0,0,,7.39,0,0,,7.15,0,0,0.71,6.9,0,0,0.64,6.65,0,0,0.53,6.4,0,0,,6.15,0,0,,5.9,0,0,,5.66,0,0,0.51,5.41,0,0,0.45,5.16,0,0,,4.91,0,0,,4.66,0,0,,4.42,0,0,0.4,4.17,0,0,0.35,3.92,0,0,0.3,3.68,0,30,0.36,3.2,0,60,0.36,2.76,0,120,0.4,2.28,0,154,0.35,1.9,2,238,0.38,1.5,0,3592,0.36,1.18,641,2497,0.37,0.91,12,6142,0.37,0.7,3870,2373,0.38,0.53,4333,4948,0.38,0.42,844,2404,0.4,0.32,217,2397,0.41,0.25,45,1142,0.42,0.19,34,1809,0.43,0.15,160,1265,0.44,0.11,0,1003,0.44,0.09,82,597,0.46,0.07,0,254,0.46,0.06,0,30,0.48,0.05,0,30,0.49,0.01,0,120,0.96,0.01,0,20,0.91,0.01,0,75,0.87,0.01,0,69,0.83,0.01,0,35,0.79,0.01,0,170,0.76,0.01,0,130,0.72,0.01,0,153,0.68,0.01,0,148,0.65,0.01,0,0,0.62,0.01,0,185,0.59,0.01,0,152,0.56,0.01,0,414,0.53,0.01,0,183,0.5,0.01,0,204,0.47,0.01,0,244,0.44,0.01,0,170,0.41,0.01,0,149,0.39,0.01,0,400,0.36,0.03,0,799,0.37,0.06,0,3814,0.37,0.12,230,1146,0.37,0.19,113,2616,0.36,0.32,382,4102,0.36,0.49,211,1527,0.36,0.73,80,812,0.37,1.02,4,1809,0.38,1.36,60,1423,0.39,1.73,1,1422,0.4,2.16,0,228,0.42,2.59,0,0,0.44,3.04,0,322,0.45,3.5,0,120,0.46,3.98,0,0,0.48,4.46,0,0,0.5,4.92,0,0,0.48,5.41,0,0,0.49,5.9,0,0,,0.04,0.0,263.0,0.5,6.4,0.0,0.0,,0.03,0.0,774.0,0.53,7.4,0.0,0.0,,0.02,0.0,0.0,0.54,8.4,0.0,0.0,,0.01,0.0,30.0,0.53,9.4,0.0,0.0,
2023-08-01 16:00:00,13.52,8.06,0,0,0.79,7.81,0,0,0.56,7.56,0,0,,7.31,0,0,,7.07,0,0,0.73,6.82,0,0,0.66,6.57,0,0,0.58,6.32,0,0,,6.07,0,0,,5.82,0,0,,5.58,0,0,0.53,5.33,0,0,0.47,5.08,0,0,0.4,4.83,0,0,,4.58,0,0,,4.34,0,0,0.41,4.09,0,0,0.36,3.84,0,0,0.32,3.6,0,30,0.36,3.11,0,60,0.34,2.69,0,120,0.41,2.2,0,154,0.35,1.77,32,240,0.34,1.37,1,3591,0.32,1.06,1229,2313,0.33,0.8,143,6142,0.34,0.6,50,2372,0.35,0.45,30,4948,0.36,0.34,5,2404,0.38,0.26,0,2397,0.39,0.2,2,1144,0.4,0.16,0,1809,0.42,0.12,0,1265,0.43,0.1,0,1003,0.44,0.08,0,597,0.46,0.06,0,254,0.46,0.05,0,30,0.47,0.04,0,30,0.48,0.01,0,120,0.96,0.01,0,20,0.92,0.01,0,75,0.87,0.01,0,69,0.83,0.01,0,35,0.79,0.01,0,170,0.76,0.01,0,130,0.72,0.01,0,153,0.69,0.01,0,148,0.65,0.01,0,0,0.62,0.01,0,185,0.59,0.01,0,152,0.56,0.01,0,414,0.53,0.01,0,183,0.5,0.01,0,204,0.47,0.01,0,244,0.44,0.01,2,168,0.41,0.01,0,149,0.38,0.01,0,400,0.36,0.02,0,799,0.35,0.05,12,3822,0.35,0.1,100,1146,0.35,0.17,20,2626,0.34,0.29,249,4351,0.34,0.47,1145,2011,0.34,0.7,113,756,0.35,1.01,1,1810,0.36,1.37,0,1423,0.37,1.77,0,1422,0.39,2.19,0,228,0.41,2.63,0,0,0.42,3.1,0,322,0.45,3.54,0,120,0.43,4.02,0,0,0.45,4.5,0,0,0.45,4.99,0,0,0.47,5.49,0,0,0.5,5.98,0,0,,0.03,0.0,263.0,0.49,6.48,0.0,0.0,,0.02,0.0,774.0,0.5,7.48,0.0,0.0,,0.01,0.0,0.0,0.5,8.48,0.0,0.0,,0.01,0.0,30.0,0.54,9.48,0.0,0.0,
2023-08-02 16:00:00,13.36,7.9,0,0,0.68,7.65,0,0,,7.4,0,0,,7.16,0,0,0.76,6.91,0,0,0.69,6.66,0,0,0.6,6.41,0,0,,6.16,0,0,,5.91,0,0,,5.67,0,0,0.55,5.42,0,0,0.49,5.17,0,0,0.39,4.92,0,0,,4.67,0,0,,4.43,0,0,0.42,4.18,0,0,0.37,3.93,0,0,0.32,3.68,0,0,,3.44,0,30,0.34,2.95,0,60,0.32,2.49,0,120,0.34,2.02,0,154,0.31,1.63,35,274,0.33,1.25,0,3591,0.33,0.94,34,2292,0.33,0.7,33,6169,0.34,0.51,11,2372,0.34,0.38,0,4948,0.36,0.29,16,2389,0.37,0.22,1,2397,0.39,0.16,8,1144,0.4,0.13,0,1809,0.42,0.1,0,1265,0.43,0.07,36,972,0.43,0.06,0,597,0.45,0.05,0,254,0.46,0.04,0,30,0.47,0.03,0,30,0.48,0.01,0,120,0.96,0.01,0,20,0.91,0.01,0,75,0.87,0.01,0,69,0.83,0.01,0,35,0.79,0.01,0,170,0.75,0.01,0,130,0.72,0.01,0,153,0.68,0.01,0,148,0.65,0.01,0,0,0.61,0.01,0,185,0.58,0.01,0,152,0.55,0.01,0,414,0.52,0.01,0,183,0.49,0.01,0,204,0.46,0.01,0,244,0.43,0.01,0,168,0.4,0.01,0,149,0.38,0.01,0,400,0.35,0.02,0,799,0.34,0.05,0,3822,0.34,0.1,90,1226,0.33,0.19,10,2636,0.34,0.32,19,4362,0.33,0.51,3,2014,0.34,0.77,341,1052,0.35,1.1,1,1810,0.36,1.45,0,1423,0.37,1.88,0,1422,0.39,2.31,0,228,0.41,2.76,0,0,0.42,3.23,0,322,0.45,3.71,0,120,0.47,4.16,0,0,0.44,4.65,0,0,0.45,5.14,0,0,,5.64,0,0,,6.14,0,0,,0.02,0.0,263.0,0.47,6.64,0.0,0.0,,0.01,0.0,774.0,0.47,7.64,0.0,0.0,,0.01,0.0,0.0,0.52,8.64,0.0,0.0,,0.01,0.0,30.0,0.56,9.64,0.0,0.0,
2023-08-03 16:00:00,13.52,8.06,0,0,0.77,7.81,0,0,,7.56,0,0,,7.31,0,0,,7.07,0,0,0.72,6.82,0,0,0.64,6.57,0,0,0.52,6.32,0,0,,6.07,0,0,,5.82,0,0,,5.58,0,0,0.52,5.33,0,0,0.45,5.08,0,0,,4.83,0,0,,4.58,0,0,,4.34,0,0,0.4,4.09,0,0,0.35,3.84,0,0,0.29,3.6,0,30,0.36,3.11,0,60,0.34,2.66,0,120,0.38,2.2,0,154,0.35,1.76,1,273,0.34,1.39,0,3591,0.34,1.05,30,2292,0.34,0.79,450,6169,0.34,0.58,25,2395,0.35,0.43,16,4947,0.36,0.31,5,2389,0.37,0.23,294,2631,0.38,0.17,0,1144,0.39,0.12,0,1809,0.39,0.09,2,1267,0.4,0.07,0,972,0.42,0.05,0,597,0.42,0.03,0,254,0.41,0.02,0,30,0.41,0.01,0,30,0.4,0.01,0,120,0.98,0.01,0,20,0.93,0.01,0,75,0.89,0.01,0,69,0.85,0.01,0,35,0.81,0.01,0,170,0.77,0.01,0,130,0.73,0.01,0,153,0.7,0.01,0,148,0.66,0.01,0,0,0.63,0.01,0,185,0.6,0.01,0,152,0.57,0.01,0,414,0.54,0.01,0,183,0.51,0.01,30,234,0.48,0.01,0,244,0.45,0.01,0,168,0.42,0.01,0,149,0.39,0.01,0,400,0.37,0.02,0,799,0.35,0.05,0,3822,0.36,0.1,12,1232,0.36,0.17,15,2627,0.35,0.28,13,4364,0.34,0.46,19,2029,0.34,0.68,18,1052,0.34,0.98,0,1810,0.35,1.32,0,1423,0.36,1.71,0,1422,0.37,2.13,0,228,0.38,2.58,0,0,0.39,3.04,0,322,0.4,3.52,0,120,0.42,3.99,0,0,0.41,4.48,0,0,,4.98,0,0,,5.48,0,0,,5.98,0,0,,0.01,0.0,263.0,0.42,6.48,0.0,0.0,,0.01,0.0,774.0,0.47,7.48,0.0,0.0,,0.01,0.0,0.0,0.51,8.48,0.0,0.0,,0.01,0.0,30.0,0.55,9.48,0.0,0.0,
2023-08-04 16:00:00,13.8,8.34,0,0,0.83,8.09,0,0,,7.84,0,0,,7.59,0,0,,7.35,0,0,0.76,7.1,0,0,0.69,6.85,0,0,0.6,6.6,0,0,,6.35,0,0,,6.1,0,0,,5.86,0,0,0.56,5.61,0,0,0.5,5.36,0,0,0.42,5.11,0,0,,4.86,0,0,,4.62,0,0,0.44,4.37,0,0,0.39,4.12,0,0,0.34,3.88,0,30,0.39,3.39,0,60,0.37,2.91,0,120,0.35,2.46,0,154,0.37,2.03,1,272,0.36,1.64,0,3591,0.37,1.29,30,2292,0.36,0.97,133,6169,0.35,0.72,205,2579,0.35,0.53,257,4947,0.36,0.4,5,2388,0.37,0.29,219,2637,0.38,0.21,14,1158,0.38,0.16,21,1830,0.4,0.12,0,1267,0.41,0.09,1,973,0.42,0.07,0,597,0.43,0.05,0,254,0.43,0.04,0,30,0.44,0.03,0,30,0.45,0.01,0,120,1.01,0.01,0,20,0.96,0.01,0,75,0.92,0.01,0,69,0.87,0.01,0,35,0.83,0.01,0,170,0.8,0.01,0,130,0.76,0.01,0,153,0.72,0.01,0,148,0.69,0.01,0,0,0.66,0.01,0,185,0.62,0.01,0,152,0.59,0.01,0,414,0.56,0.01,0,183,0.53,0.01,0,234,0.5,0.01,0,244,0.47,0.01,0,168,0.44,0.01,0,149,0.42,0.01,0,400,0.39,0.02,0,799,0.38,0.04,0,3822,0.37,0.08,0,1232,0.37,0.14,165,2462,0.36,0.24,2,4363,0.36,0.37,115,2130,0.35,0.57,184,1201,0.35,0.82,30,1840,0.35,1.14,30,1452,0.36,1.51,0,1422,0.37,1.91,0,228,0.38,2.34,0,0,0.39,2.79,0,322,0.4,3.26,0,120,0.42,3.74,0,0,0.43,4.21,0,0,0.42,4.7,0,0,,5.2,0,0,,5.7,0,0,,0.02,0.0,263.0,0.45,6.2,0.0,0.0,,0.01,0.0,774.0,0.45,7.2,0.0,0.0,,0.01,0.0,0.0,0.49,8.2,0.0,0.0,,0.01,0.0,30.0,0.54,9.2,0.0,0.0,
2023-08-07 16:00:00,13.5,8.04,0,0,0.9,7.79,0,0,0.81,7.54,0,0,0.68,7.29,0,0,,7.04,0,0,,6.79,0,0,,6.55,0,0,0.68,6.3,0,0,0.61,6.05,0,0,0.51,5.8,0,0,,5.55,0,0,,5.3,0,0,,5.06,0,0,0.49,4.81,0,0,0.44,4.56,0,0,0.37,4.31,0,0,,4.06,0,0,,3.82,0,0,0.38,3.57,0,30,0.33,3.09,0,60,0.36,2.64,0,120,0.4,2.17,0,154,0.36,1.72,2,272,0.33,1.36,0,3591,0.35,1.03,0,2292,0.35,0.76,0,6169,0.35,0.54,263,2842,0.35,0.4,21,4947,0.36,0.29,10,2393,0.37,0.21,100,2683,0.38,0.15,120,1173,0.39,0.1,89,1741,0.39,0.07,45,1222,0.4,0.05,0,973,0.4,0.04,30,627,0.42,0.03,0,254,0.43,0.02,0,30,0.43,0.01,0,30,0.42,0.01,0,120,1.01,0.01,0,20,0.97,0.01,0,75,0.92,0.01,0,69,0.88,0.01,0,35,0.84,0.01,0,170,0.8,0.01,0,130,0.76,0.01,0,153,0.72,0.01,0,148,0.69,0.01,0,0,0.65,0.01,0,185,0.62,0.01,0,152,0.59,0.01,0,414,0.55,0.01,0,183,0.52,0.01,0,234,0.49,0.01,0,244,0.46,0.01,0,168,0.43,0.01,0,149,0.4,0.01,0,400,0.38,0.02,0,799,0.36,0.05,0,3822,0.37,0.09,0,1232,0.36,0.17,219,2345,0.36,0.28,110,4442,0.35,0.45,108,2179,0.35,0.69,84,1201,0.35,0.98,0,1840,0.36,1.32,0,1452,0.36,1.72,0,1422,0.38,2.15,0,228,0.39,2.6,0,0,0.41,3.07,0,322,0.43,3.54,0,120,0.43,4.0,0,0,,4.5,0,0,,5.0,0,0,,5.5,0,0,,6.0,0,0,,0.01,0.0,263.0,0.44,6.5,0.0,0.0,,0.01,0.0,774.0,0.49,7.5,0.0,0.0,,0.01,0.0,0.0,0.53,8.5,0.0,0.0,,0.01,0.0,30.0,0.57,9.5,0.0,0.0,
2023-08-08 16:00:00,13.22,7.76,0,0,0.91,7.51,0,0,0.83,7.26,0,0,0.73,7.01,0,0,,6.76,0,0,,6.51,0,0,,6.27,0,0,0.68,6.02,0,0,0.62,5.77,0,0,0.54,5.52,0,0,,5.27,0,0,,5.02,0,0,,4.78,0,0,0.49,4.53,0,0,0.44,4.28,0,0,0.39,4.03,0,0,0.3,3.78,0,0,,3.54,0,0,0.37,3.29,0,30,0.33,2.81,0,60,0.35,2.35,0,120,0.36,1.93,0,154,0.37,1.52,1,273,0.36,1.16,0,3591,0.35,0.86,0,2292,0.35,0.62,203,6196,0.35,0.45,399,3088,0.36,0.31,2,4949,0.36,0.22,0,2393,0.37,0.16,0,2683,0.39,0.11,0,1173,0.39,0.08,45,1696,0.4,0.06,0,1222,0.42,0.04,90,1063,0.42,0.03,10,627,0.43,0.02,0,254,0.43,0.01,0,30,0.42,0.01,0,30,0.44,0.01,0,120,1.0,0.01,0,20,0.96,0.01,0,75,0.91,0.01,0,69,0.87,0.01,0,35,0.83,0.01,0,170,0.78,0.01,0,130,0.75,0.01,0,153,0.71,0.01,0,148,0.67,0.01,0,0,0.64,0.01,0,185,0.61,0.01,0,152,0.57,0.01,0,414,0.54,0.01,0,183,0.51,0.01,0,234,0.48,0.01,0,244,0.44,0.01,0,168,0.42,0.01,0,149,0.39,0.02,0,400,0.4,0.03,24,803,0.37,0.06,21,3843,0.36,0.12,50,1282,0.36,0.21,88,2269,0.35,0.35,2,4443,0.35,0.54,6,2173,0.34,0.81,3,1201,0.35,1.15,0,1840,0.36,1.51,0,1452,0.36,1.93,0,1422,0.37,2.37,0,228,0.38,2.83,0,0,0.39,3.31,0,322,0.41,3.79,0,120,0.41,4.28,0,0,,4.78,0,0,,5.28,0,0,,5.78,0,0,,6.28,0,0,,0.01,0.0,263.0,0.47,6.78,0.0,0.0,,0.01,0.0,774.0,0.51,7.78,0.0,0.0,,0.01,0.0,0.0,0.56,8.78,0.0,0.0,,0.01,0.0,30.0,0.6,9.78,0.0,0.0,
2023-08-09 16:00:00,13.12,7.65,0,0,,7.41,0,0,0.85,7.16,0,0,0.76,6.91,0,0,0.63,6.66,0,0,,6.41,0,0,,6.16,0,0,,5.92,0,0,0.63,5.67,0,0,0.57,5.42,0,0,0.49,5.17,0,0,,4.92,0,0,,4.67,0,0,,4.43,0,0,0.45,4.18,0,0,0.4,3.93,0,0,0.35,3.68,0,0,,3.43,0,0,,3.19,0,30,0.33,2.67,0,60,,2.22,0,120,0.3,1.76,1,153,0.29,1.36,0,273,0.31,1.02,0,3591,0.32,0.74,350,2392,0.32,0.54,100,6196,0.34,0.39,100,3088,0.35,0.28,0,4949,0.37,0.2,0,2393,0.38,0.15,0,2683,0.4,0.1,4,1173,0.4,0.08,0,1696,0.42,0.06,135,1119,0.43,0.04,0,1063,0.43,0.03,10,627,0.44,0.02,0,254,0.44,0.01,0,30,0.43,0.01,0,30,0.45,0.01,0,120,1.01,0.01,0,20,0.96,0.01,0,75,0.91,0.01,0,69,0.87,0.01,0,35,0.83,0.01,0,170,0.79,0.01,0,130,0.75,0.01,0,153,0.71,0.01,0,148,0.67,0.01,0,0,0.64,0.01,0,185,0.6,0.01,0,152,0.57,0.01,0,414,0.54,0.01,0,183,0.5,0.01,0,234,0.47,0.01,0,244,0.44,0.01,0,168,0.41,0.01,0,149,0.38,0.01,0,400,0.35,0.02,2,803,0.34,0.05,0,3843,0.34,0.11,0,1282,0.34,0.21,130,2249,0.34,0.36,262,4568,0.34,0.58,230,2374,0.34,0.88,4,1201,0.36,1.24,0,1840,0.38,1.64,0,1452,0.4,2.06,0,1422,0.41,2.5,0,228,0.43,2.99,0,0,0.47,3.41,0,322,0.43,3.89,0,120,0.43,4.38,0,0,,4.88,0,0,,5.38,0,0,,5.88,0,0,,6.38,0,0,,0.01,30.0,263.0,0.48,6.88,0.0,0.0,,0.01,0.0,774.0,0.53,7.88,0.0,0.0,,0.01,0.0,0.0,0.57,8.88,0.0,0.0,,0.01,0.0,30.0,0.61,9.88,0.0,0.0,
2023-08-10 16:00:00,13.1,7.63,0,0,,7.39,0,0,0.87,7.14,0,0,0.79,6.89,0,0,0.69,6.64,0,0,,6.39,0,0,,6.14,0,0,,5.9,0,0,0.65,5.65,0,0,0.59,5.4,0,0,0.53,5.15,0,0,0.42,4.9,0,0,,4.65,0,0,,4.4,0,0,,4.16,0,0,0.42,3.91,0,0,0.37,3.66,0,0,0.31,3.42,0,0,0.38,3.17,0,30,0.34,2.66,0,60,,2.21,0,120,0.32,1.77,0,153,0.33,1.38,0,273,0.34,1.03,0,3591,0.34,0.75,20,2392,0.34,0.53,11,6201,0.34,0.37,69,3044,0.35,0.26,10,4949,0.36,0.18,2,2395,0.37,0.13,30,2713,0.38,0.09,114,1243,0.39,0.06,70,1766,0.4,0.04,160,1279,0.4,0.03,0,1063,0.42,0.02,0,627,0.42,0.01,0,254,0.41,0.01,0,30,0.43,0.01,0,30,0.46,0.01,0,120,1.01,0.01,0,20,0.97,0.01,0,75,0.92,0.01,0,69,0.88,0.01,0,35,0.83,0.01,0,170,0.79,0.01,0,130,0.75,0.01,0,153,0.71,0.01,0,148,0.68,0.01,0,0,0.64,0.01,0,185,0.61,0.01,0,152,0.57,0.01,0,414,0.54,0.01,0,183,0.51,0.01,0,234,0.47,0.01,0,244,0.44,0.01,0,168,0.41,0.01,30,179,0.38,0.02,0,400,0.4,0.03,0,803,0.36,0.07,0,3843,0.37,0.13,60,1312,0.36,0.23,60,2259,0.35,0.38,148,4606,0.35,0.59,362,2374,0.35,0.87,0,1201,0.35,1.23,0,1840,0.37,1.61,0,1452,0.37,2.05,0,1422,0.4,2.5,0,228,0.42,2.96,0,0,0.43,3.41,0,322,0.39,3.9,0,120,,4.4,0,0,,4.9,0,0,,5.4,0,0,,5.9,0,0,,6.4,0,0,,0.01,0.0,263.0,0.49,6.9,0.0,0.0,,0.01,0.0,774.0,0.53,7.9,0.0,0.0,,0.01,0.0,0.0,0.58,8.9,0.0,0.0,,0.01,0.0,30.0,0.62,9.9,0.0,0.0,
2023-08-11 16:00:00,12.66,7.19,0,0,,6.94,0,0,,6.7,0,0,0.79,6.45,0,0,0.71,6.2,0,0,0.59,5.95,0,0,,5.7,0,0,,5.45,0,0,,5.21,0,0,0.58,4.96,0,0,0.52,4.71,0,0,0.46,4.46,0,0,,4.21,0,0,,3.96,0,0,,3.72,0,0,0.41,3.47,0,0,0.36,3.23,0,0,0.39,2.98,0,0,0.35,2.73,0,30,0.32,2.26,0,60,0.34,1.82,0,120,0.35,1.41,0,153,0.34,1.05,8,269,0.34,0.76,200,3641,0.35,0.53,567,2478,0.35,0.37,0,6201,0.36,0.25,309,3139,0.36,0.17,0,4949,0.37,0.11,3,2395,0.38,0.07,75,2694,0.38,0.05,56,1187,0.39,0.03,99,1667,0.39,0.02,0,1279,0.4,0.01,0,1063,0.39,0.01,0,627,0.42,0.01,0,254,0.45,0.01,0,30,0.48,0.01,0,30,0.5,0.01,0,120,0.99,0.01,0,20,0.94,0.01,0,75,0.9,0.01,0,69,0.85,0.01,0,35,0.81,0.01,0,170,0.77,0.01,0,130,0.73,0.01,0,153,0.69,0.01,0,148,0.65,0.01,0,0,0.61,0.01,0,185,0.58,0.01,0,152,0.54,0.01,0,414,0.51,0.01,0,183,0.48,0.01,0,234,0.44,0.01,0,244,0.41,0.01,0,168,0.38,0.02,0,179,0.39,0.03,0,400,0.39,0.06,3,803,0.38,0.11,310,3643,0.36,0.2,189,1432,0.36,0.34,333,2363,0.35,0.54,0,4606,0.35,0.82,1,2373,0.36,1.16,30,1201,0.37,1.56,0,1840,0.39,1.96,0,1452,0.38,2.42,0,1422,0.4,2.9,0,228,0.44,3.35,0,0,0.4,3.84,0,322,,4.34,0,120,,4.84,0,0,,5.34,0,0,,5.84,0,0,,6.34,0,0,,6.84,0,0,,0.01,0.0,263.0,0.53,7.34,0.0,0.0,,0.01,0.0,774.0,0.58,8.34,0.0,0.0,,0.01,0.0,0.0,0.62,9.34,0.0,0.0,,0.01,0.0,30.0,0.66,10.34,0.0,0.0,
2023-08-14 16:00:00,12.3,6.83,0,0,,6.58,0,0,,6.33,0,0,,6.09,0,0,0.77,5.84,0,0,0.69,5.59,0,0,0.61,5.34,0,0,0.45,5.09,0,0,,4.84,0,0,,4.59,0,0,,4.35,0,0,0.51,4.1,0,0,0.45,3.85,0,0,0.39,3.6,0,0,0.28,3.36,0,0,0.42,3.11,0,0,0.37,2.87,0,0,0.39,2.61,0,0,0.29,2.37,0,30,0.31,1.92,0,60,0.35,1.5,0,120,0.35,1.12,0,153,0.35,0.81,300,250,0.35,0.56,775,4308,0.35,0.38,472,2480,0.36,0.26,0,6201,0.37,0.18,63,3109,0.39,0.12,63,4951,0.39,0.08,160,2395,0.4,0.05,0,2694,0.41,0.03,160,1156,0.41,0.02,0,1667,0.41,0.01,0,1279,0.41,0.01,0,1063,0.44,0.01,0,627,0.47,0.01,0,254,0.5,0.01,0,30,0.52,0.01,0,30,0.55,0.01,0,120,0.99,0.01,0,20,0.94,0.01,0,75,0.9,0.01,0,69,0.85,0.01,0,35,0.8,0.01,0,170,0.76,0.01,0,130,0.72,0.01,0,153,0.68,0.01,0,148,0.64,0.01,0,0,0.6,0.01,0,185,0.56,0.01,0,152,0.53,0.01,0,414,0.49,0.01,0,183,0.46,0.01,0,234,0.43,0.01,20,264,0.39,0.02,0,168,0.41,0.03,0,179,0.4,0.04,47,383,0.39,0.08,110,913,0.38,0.16,79,3722,0.37,0.28,835,2057,0.37,0.47,390,2201,0.37,0.72,52,4605,0.37,1.04,0,2373,0.38,1.42,0,1201,0.39,1.85,4,1844,0.41,2.3,0,1452,0.43,2.77,0,1422,0.46,3.21,0,228,0.41,3.7,0,0,,4.2,0,322,,4.7,0,120,,5.2,0,0,,5.7,0,0,,6.2,0,0,,6.7,0,0,,7.2,0,0,,0.01,0.0,263.0,0.58,7.7,0.0,0.0,,0.01,0.0,774.0,0.63,8.7,0.0,0.0,,0.01,0.0,0.0,0.67,9.7,0.0,0.0,,0.01,0.0,30.0,0.72,10.7,0.0,0.0,
2023-08-15 16:00:00,12.18,6.71,0,0,,6.46,0,0,,6.21,0,0,,5.96,0,0,,5.72,0,0,0.71,5.47,0,0,0.64,5.22,0,0,0.55,4.97,0,0,,4.72,0,0,,4.47,0,0,,4.22,0,0,,3.98,0,0,0.46,3.73,0,0,0.41,3.48,0,0,0.35,3.24,0,0,0.42,2.99,0,0,0.38,2.75,0,0,0.38,2.53,0,0,0.43,2.29,0,30,0.4,1.8,0,60,0.34,1.37,0,120,0.33,1.0,100,234,0.33,0.7,19,250,0.34,0.48,100,4408,0.35,0.33,569,2778,0.36,0.22,329,6289,0.37,0.14,158,3267,0.38,0.09,86,4970,0.38,0.06,0,2395,0.39,0.04,80,2734,0.41,0.03,0,1156,0.42,0.02,0,1667,0.43,0.01,0,1279,0.42,0.01,20,1063,0.45,0.01,0,627,0.48,0.01,0,254,0.51,0.01,0,30,0.54,0.01,0,30,0.57,0.01,0,120,1.0,0.01,0,20,0.94,0.01,0,75,0.9,0.01,0,69,0.85,0.01,0,35,0.8,0.01,0,170,0.76,0.01,0,130,0.72,0.01,0,153,0.68,0.01,0,148,0.64,0.01,0,0,0.6,0.01,0,185,0.56,0.01,0,152,0.52,0.01,0,414,0.49,0.01,0,183,0.45,0.01,0,234,0.42,0.01,0,264,0.39,0.02,0,168,0.4,0.03,0,179,0.39,0.04,0,383,0.38,0.09,0,913,0.38,0.16,381,3908,0.36,0.3,105,1952,0.36,0.49,225,2156,0.35,0.77,44,4641,0.37,1.11,0,2373,0.37,1.51,160,1268,0.39,1.94,200,1933,0.41,2.4,0,1452,0.43,2.84,0,1422,0.4,3.33,0,228,0.42,3.82,0,0,,4.32,0,322,,4.82,0,120,,5.32,0,0,,5.82,0,0,,6.32,0,0,,6.82,0,0,,7.32,0,0,,0.01,0.0,263.0,0.59,7.82,0.0,0.0,,0.01,0.0,774.0,0.64,8.82,0.0,0.0,,0.01,0.0,0.0,0.69,9.82,0.0,0.0,,0.01,0.0,30.0,0.74,10.82,0.0,0.0,
2023-08-16 16:00:00,11.84,6.37,0,0,0.57,6.12,0,0,,5.87,0,0,,5.62,0,0,,5.38,0,0,0.71,5.13,0,0,0.64,4.88,0,0,0.57,4.63,0,0,0.47,4.38,0,0,,4.13,0,0,,3.88,0,0,,3.64,0,0,0.45,3.39,0,0,0.4,3.14,0,0,0.35,2.9,0,0,0.4,2.66,0,0,0.4,2.42,0,0,0.39,2.19,0,0,0.39,1.95,0,30,0.37,1.5,0,60,0.35,1.12,0,120,0.35,0.79,4,230,0.35,0.52,15,256,0.34,0.34,2,4408,0.35,0.22,2,2779,0.36,0.14,13,6294,0.37,0.09,0,3267,0.38,0.06,0,4970,0.39,0.03,0,2395,0.38,0.02,0,2734,0.4,0.01,0,1156,0.39,0.01,0,1667,0.43,0.01,0,1279,0.46,0.01,0,1063,0.49,0.01,0,627,0.52,0.01,0,254,0.55,0.01,0,30,0.58,0.01,0,30,0.61,0.01,0,120,0.98,0.01,0,20,0.93,0.01,0,75,0.88,0.01,0,69,0.83,0.01,0,35,0.78,0.01,0,170,0.74,0.01,0,130,0.7,0.01,0,153,0.65,0.01,0,148,0.61,0.01,0,0,0.57,0.01,0,185,0.53,0.01,0,152,0.5,0.01,0,414,0.46,0.01,0,183,0.43,0.01,0,234,0.39,0.02,0,264,0.4,0.03,0,168,0.4,0.04,0,179,0.38,0.07,0,383,0.39,0.13,0,913,0.37,0.23,10,3918,0.36,0.4,20,1968,0.36,0.65,4,2160,0.36,0.96,0,4641,0.36,1.34,40,2353,0.37,1.77,0,1268,0.39,2.23,0,1933,0.41,2.7,0,1452,0.43,3.16,0,1422,,3.66,0,228,,4.16,0,0,,4.66,0,322,,5.16,0,120,,5.66,0,0,,6.16,0,0,,6.66,0,0,,7.16,0,0,,7.66,0,0,,0.01,0.0,263.0,0.63,8.16,0.0,0.0,,0.01,0.0,774.0,0.68,9.16,0.0,0.0,,0.01,0.0,0.0,0.73,10.16,0.0,0.0,,0.01,0.0,30.0,0.78,11.16,0.0,0.0,
2023-08-17 16:00:00,11.64,6.17,0,0,0.73,5.92,0,0,,5.67,0,0,,5.42,0,0,,5.17,0,0,,4.93,0,0,0.65,4.68,0,0,0.58,4.43,0,0,0.51,4.18,0,0,0.37,3.93,0,0,,3.69,0,0,0.5,3.44,0,0,0.45,3.19,0,0,0.4,2.95,0,0,0.43,2.71,0,0,0.43,2.47,0,0,0.42,2.24,0,0,0.42,2.02,0,0,0.43,1.79,0,30,0.41,1.37,0,60,0.39,1.0,10,120,0.38,0.69,2,230,0.37,0.45,353,482,0.36,0.3,437,4725,0.37,0.18,42,2811,0.37,0.11,40,6294,0.38,0.07,55,3224,0.39,0.04,7,4968,0.39,0.02,1168,3018,0.38,0.01,13,2721,0.38,0.01,0,1156,0.42,0.01,0,1667,0.45,0.01,0,1279,0.49,0.01,0,1063,0.52,0.01,0,627,0.55,0.01,0,254,0.58,0.01,0,30,0.61,0.01,0,30,0.63,0.01,0,120,0.97,0.01,0,20,0.92,0.01,0,75,0.87,0.01,0,69,0.82,0.01,0,35,0.78,0.01,0,170,0.73,0.01,0,130,0.68,0.01,0,153,0.64,0.01,0,148,0.6,0.01,0,0,0.56,0.01,0,185,0.52,0.01,0,152,0.48,0.01,0,414,0.45,0.02,0,183,0.46,0.03,0,234,0.45,0.04,0,264,0.44,0.05,0,168,0.42,0.07,120,229,0.41,0.09,250,617,0.4,0.17,449,1312,0.39,0.29,0,3918,0.37,0.49,116,1966,0.37,0.76,26,2160,0.37,1.08,2,4641,0.36,1.48,3,2356,0.36,1.93,162,1106,0.38,2.4,300,1900,0.41,2.86,0,1452,,3.36,0,1422,,3.86,0,228,,4.36,0,0,,4.86,0,322,,5.36,0,120,,5.86,0,0,,6.36,0,0,,6.86,0,0,,7.36,0,0,,7.86,0,0,,0.01,0.0,263.0,0.66,8.36,0.0,0.0,,0.01,0.0,774.0,0.71,9.36,0.0,0.0,,0.01,0.0,0.0,0.76,10.36,0.0,0.0,,0.01,0.0,30.0,0.8,11.36,0.0,0.0,
2023-08-18 16:00:00,11.58,6.11,0,0,0.78,5.86,0,0,0.6,5.61,0,0,,5.36,0,0,,5.11,0,0,,4.87,0,0,0.66,4.62,0,0,0.6,4.37,0,0,0.54,4.12,0,0,0.46,3.87,0,0,,3.63,0,0,0.51,3.38,0,0,0.46,3.14,0,0,0.48,2.89,0,0,0.43,2.65,0,0,0.43,2.42,0,0,0.44,2.19,0,0,0.44,1.97,0,0,0.44,1.75,0,30,0.43,1.32,0,60,0.39,0.98,30,120,0.4,0.66,100,180,0.38,0.43,575,859,0.37,0.28,5,4720,0.38,0.18,240,2871,0.39,0.11,4,6298,0.39,0.06,1,3224,0.39,0.04,10,4968,0.4,0.02,20,3018,0.4,0.01,0,2721,0.39,0.01,0,1156,0.43,0.01,0,1667,0.46,0.01,0,1279,0.5,0.01,0,1063,0.53,0.01,0,627,0.56,0.01,0,254,0.59,0.01,0,30,0.62,0.01,0,30,0.65,0.01,0,120,0.98,0.01,0,20,0.92,0.01,0,75,0.87,0.01,0,69,0.83,0.01,0,35,0.78,0.01,0,170,0.73,0.01,0,130,0.69,0.01,0,153,0.64,0.01,0,148,0.6,0.01,0,0,0.56,0.01,0,185,0.52,0.01,0,152,0.48,0.01,0,414,0.45,0.02,0,183,0.46,0.03,0,234,0.45,0.04,0,264,0.44,0.06,0,168,0.44,0.07,0,229,0.41,0.1,0,617,0.4,0.19,0,1312,0.4,0.32,4,3918,0.38,0.51,103,1913,0.37,0.79,80,2113,0.37,1.13,0,4641,0.37,1.54,2,2354,0.38,1.98,0,1106,0.39,2.45,0,1900,0.4,2.92,0,1452,,3.42,0,1422,,3.92,0,228,,4.42,0,0,,4.92,0,322,,5.42,0,120,,5.92,0,0,,6.42,0,0,,6.92,0,0,,7.42,0,0,,7.92,0,0,,0.01,0.0,263.0,0.67,8.42,0.0,0.0,,0.01,0.0,774.0,0.73,9.42,0.0,0.0,,0.01,0.0,0.0,0.77,10.42,0.0,0.0,,0.01,0.0,30.0,0.82,11.42,0.0,0.0,
2023-08-21 16:00:00,11.12,5.65,0,0,0.85,5.4,0,0,0.77,5.15,0,0,0.67,4.9,0,0,,4.65,0,0,,4.4,0,0,,4.16,0,0,0.62,3.91,0,0,0.56,3.66,0,0,0.51,3.42,0,0,0.55,3.18,0,0,0.56,2.93,0,0,0.51,2.69,0,0,0.5,2.46,0,0,0.5,2.25,50,50,0.53,2.02,0,0,0.51,1.8,0,0,0.49,1.58,0,0,0.47,1.37,0,30,0.45,0.99,0,60,0.42,0.68,335,455,0.41,0.44,776,640,0.4,0.28,297,1071,0.4,0.17,3120,4561,0.4,0.1,7,2871,0.41,0.05,0,6298,0.4,0.03,600,3224,0.41,0.02,30,4968,0.42,0.01,0,3018,0.42,0.01,0,2721,0.46,0.01,0,1156,0.5,0.01,0,1667,0.53,0.01,500,1038,0.57,0.01,0,1063,0.6,0.01,0,627,0.63,0.01,0,254,0.66,0.01,0,30,0.69,0.01,0,30,0.72,0.01,0,120,0.97,0.01,0,20,0.92,0.01,40,35,0.86,0.01,40,40,0.81,0.01,0,35,0.76,0.01,0,170,0.71,0.01,0,130,0.66,0.01,0,153,0.62,0.01,0,148,0.57,0.01,0,0,0.53,0.02,0,185,0.55,0.03,0,152,0.54,0.04,0,414,0.53,0.05,3,183,0.51,0.06,180,414,0.48,0.08,110,374,0.47,0.11,176,304,0.46,0.15,135,320,0.45,0.19,194,751,0.44,0.31,387,1606,0.42,0.49,280,4044,0.4,0.76,2,1911,0.39,1.09,10,2113,0.39,1.49,2506,4641,0.39,1.93,2,2356,0.39,2.4,0,1106,0.4,2.88,0,1900,,3.38,0,1452,,3.88,0,1422,,4.38,0,228,,4.88,0,0,,5.38,0,322,,5.88,0,120,,6.38,0,0,,6.88,0,0,,7.38,0,0,,7.88,0,0,,8.38,0,0,,0.01,0.0,263.0,0.75,8.88,0.0,0.0,,0.01,0.0,774.0,0.8,9.88,0.0,0.0,,0.01,0.0,0.0,0.85,10.88,0.0,0.0,,0.01,0.0,30.0,0.9,11.88,0.0,0.0,
2023-08-22 16:00:00,11.22,5.75,0,0,0.89,5.5,0,0,0.81,5.25,0,0,0.72,5.0,0,0,0.62,4.75,0,0,,4.5,0,0,,4.28,165,165,0.8,4.0,0,0,,3.76,0,0,0.54,3.51,0,0,0.48,3.26,0,0,0.42,3.02,0,0,0.48,2.77,0,0,0.43,2.53,0,0,0.43,2.29,0,50,0.42,2.08,0,0,0.47,1.85,0,0,0.45,1.63,0,0,0.44,1.41,0,30,0.42,1.03,0,60,0.41,0.7,20,455,0.39,0.45,0,640,0.38,0.28,44,1110,0.38,0.17,627,4962,0.39,0.1,11,2872,0.39,0.06,6,6298,0.4,0.04,10,3224,0.42,0.02,14,4968,0.42,0.01,0,3018,0.41,0.01,35,2695,0.45,0.01,0,1156,0.49,0.01,0,1667,0.53,0.01,0,1038,0.56,0.01,0,1063,0.6,0.01,0,627,0.63,0.01,0,254,0.66,0.01,0,30,0.69,0.01,0,30,0.72,0.01,0,120,0.99,0.01,0,20,0.94,0.01,0,35,0.88,0.01,0,40,0.83,0.01,0,35,0.78,0.01,0,170,0.73,0.01,0,130,0.68,0.01,0,153,0.64,0.01,0,148,0.59,0.01,0,0,0.55,0.01,0,185,0.51,0.01,0,152,0.47,0.02,0,414,0.48,0.03,0,183,0.47,0.04,0,414,0.46,0.05,0,374,0.43,0.08,0,304,0.44,0.11,0,320,0.43,0.14,0,751,0.41,0.25,0,1606,0.39,0.42,488,4400,0.38,0.68,74,1872,0.38,1.01,8,2111,0.38,1.4,3,4644,0.38,1.85,0,2356,0.41,2.3,3,1103,0.39,2.79,0,1900,0.42,3.28,0,1452,,3.78,0,1422,,4.28,0,228,,4.78,0,0,,5.28,0,322,,5.78,0,120,,6.28,0,0,,6.78,0,0,,7.28,0,0,,7.78,0,0,,8.28,0,0,,0.01,0.0,263.0,0.75,8.78,0.0,0.0,,0.01,0.0,774.0,0.8,9.78,0.0,0.0,,0.01,0.0,0.0,0.85,10.78,0.0,0.0,,0.01,0.0,30.0,0.9,11.78,0.0,0.0,
2023-08-23 16:00:00,11.3,5.83,0,0,0.93,5.58,0,0,0.85,5.33,0,0,0.77,5.08,0,0,0.68,4.83,0,0,0.56,4.58,0,0,,4.34,200,365,0.68,4.08,0,0,,3.84,0,0,0.57,3.59,0,0,0.51,3.34,0,0,0.45,3.09,0,0,0.4,2.85,0,0,0.45,2.6,0,0,0.4,2.36,0,50,0.41,2.13,0,0,0.42,1.89,0,0,0.4,1.66,0,0,0.38,1.44,0,30,0.38,1.03,0,60,0.36,0.69,80,420,0.35,0.44,18,650,0.35,0.27,16,1115,0.36,0.17,178,5042,0.38,0.1,50,2872,0.38,0.07,2,6296,0.41,0.05,0,3224,0.44,0.03,0,4968,0.44,0.02,0,3018,0.46,0.01,0,2695,0.45,0.01,0,1156,0.49,0.01,20,1687,0.53,0.01,0,1038,0.56,0.01,0,1063,0.6,0.01,0,627,0.63,0.01,0,254,0.66,0.01,0,30,0.69,0.01,0,30,0.72,0.01,0,120,1.02,0.01,0,20,0.96,0.01,0,35,0.9,0.01,0,40,0.85,0.01,0,35,0.8,0.01,0,170,0.75,0.01,0,130,0.7,0.01,0,153,0.65,0.01,0,148,0.61,0.01,0,0,0.57,0.01,0,185,0.52,0.01,0,152,0.48,0.01,0,414,0.44,0.02,0,183,0.45,0.03,0,414,0.45,0.04,0,374,0.43,0.06,0,304,0.42,0.08,0,320,0.41,0.11,20,771,0.4,0.21,0,1606,0.38,0.38,0,4400,0.38,0.6,1,1872,0.36,0.93,0,2111,0.36,1.33,0,4644,0.38,1.77,30,2386,0.4,2.24,0,1103,0.42,2.72,0,1900,0.44,3.2,0,1452,,3.7,0,1422,,4.2,0,228,,4.7,0,0,,5.2,0,322,,5.7,0,120,,6.2,0,0,,6.7,0,0,,7.2,0,0,,7.7,0,0,,8.2,0,0,,0.01,0.0,263.0,0.75,8.7,0.0,0.0,,0.01,0.0,774.0,0.8,9.7,0.0,0.0,,0.01,0.0,0.0,0.86,10.7,0.0,0.0,,0.01,0.0,30.0,0.91,11.7,0.0,0.0,
2023-08-24 16:00:00,11.4,5.92,0,0,,5.68,0,0,0.89,5.43,0,0,0.81,5.18,0,0,0.73,4.93,0,0,0.64,4.68,0,0,0.46,4.43,115,265,,4.18,0,0,,3.93,0,0,,3.69,0,0,0.54,3.44,0,0,0.49,3.19,0,0,0.43,2.94,0,0,0.38,2.7,0,0,0.43,2.48,0,50,0.49,2.22,0,0,0.42,1.97,0,0,0.37,1.78,0,0,0.44,1.57,0,30,0.44,1.11,0,60,0.37,0.76,10,430,0.36,0.47,37,650,0.35,0.28,92,1036,0.35,0.16,220,5051,0.35,0.09,6,2872,0.36,0.05,2,6294,0.37,0.03,10,3224,0.38,0.02,10,4968,0.41,0.01,10,3018,0.41,0.01,25,2670,0.45,0.01,0,1156,0.49,0.01,0,1687,0.52,0.01,0,1038,0.56,0.01,0,1063,0.59,0.01,0,627,0.63,0.01,0,254,0.66,0.01,0,30,0.69,0.01,0,30,0.72,0.01,0,120,1.04,0.01,0,20,0.98,0.01,0,35,0.93,0.01,0,40,0.87,0.01,0,35,0.82,0.01,0,170,0.77,0.01,0,130,0.72,0.01,0,153,0.68,0.01,0,148,0.63,0.01,0,0,0.59,0.01,0,185,0.54,0.01,0,152,0.5,0.01,0,414,0.46,0.01,150,333,0.42,0.02,0,414,0.43,0.03,0,374,0.42,0.04,0,304,0.4,0.05,0,320,0.38,0.08,0,771,0.38,0.16,1,1605,0.36,0.29,24,4424,0.34,0.49,35,1892,0.32,0.8,90,2111,0.32,1.18,0,4644,0.31,1.63,0,2386,0.33,2.11,0,1103,0.35,2.62,0,1900,0.43,3.1,0,1336,,3.6,0,1422,,4.1,0,228,,4.61,0,0,0.61,5.1,0,322,,5.6,0,120,,6.1,0,0,,6.6,0,0,,7.1,0,0,,7.6,0,0,,8.1,0,0,,0.01,0.0,263.0,0.75,8.6,0.0,0.0,,0.01,0.0,774.0,0.81,9.6,0.0,0.0,,0.01,0.0,0.0,0.86,10.6,0.0,0.0,,0.01,0.0,30.0,0.91,11.6,0.0,0.0,
2023-08-25 16:00:00,11.42,5.94,0,0,,5.69,0,0,,5.45,0,0,0.84,5.2,0,0,0.77,4.95,0,0,0.69,4.7,0,0,0.6,4.44,39,265,,4.2,0,0,,3.95,0,0,,3.7,0,0,,3.46,0,0,0.51,3.21,0,0,0.46,2.96,0,0,0.4,2.71,0,0,0.35,2.47,0,50,0.4,2.23,0,0,0.4,2.0,0,0,0.41,1.75,0,0,0.36,1.53,0,30,0.37,1.11,0,60,0.36,0.74,0,430,0.34,0.46,17,657,0.34,0.27,0,1036,0.34,0.16,10,5059,0.35,0.1,3,2872,0.37,0.06,0,6294,0.39,0.04,0,3224,0.41,0.02,0,4968,0.41,0.01,10,3018,0.41,0.01,8,2662,0.45,0.01,0,1156,0.49,0.01,0,1687,0.53,0.01,0,1038,0.57,0.01,0,1063,0.6,0.01,0,627,0.64,0.01,0,254,0.67,0.01,0,30,0.7,0.01,0,30,0.73,0.01,0,120,1.06,0.01,0,20,1.0,0.01,0,35,0.94,0.01,0,40,0.89,0.01,0,35,0.84,0.01,0,170,0.79,0.01,0,130,0.74,0.01,0,153,0.69,0.01,0,148,0.64,0.01,0,0,0.6,0.01,0,185,0.55,0.01,0,152,0.51,0.01,0,414,0.47,0.01,0,333,0.43,0.01,0,414,0.39,0.02,0,374,0.4,0.03,0,304,0.39,0.05,0,320,0.39,0.07,10,781,0.37,0.14,0,1605,0.35,0.28,124,4475,0.34,0.5,10,1902,0.34,0.83,212,2322,0.36,1.2,0,4644,0.35,1.65,20,2406,0.38,2.11,5,1098,0.4,2.6,0,1900,0.44,3.08,0,1336,,3.58,0,1422,,4.08,0,228,,4.58,0,0,,5.08,0,322,,5.58,0,120,,6.08,0,0,,6.58,0,0,,7.08,0,0,,7.58,0,0,,8.08,0,0,,0.01,0.0,263.0,0.76,8.58,0.0,0.0,,0.01,0.0,774.0,0.82,9.58,0.0,0.0,,0.01,0.0,0.0,0.87,10.58,0.0,0.0,,0.01,0.0,30.0,0.92,11.58,0.0,0.0,
2023-08-28 16:00:00,11.52,6.04,0,0,,5.79,0,0,,5.54,0,0,,5.29,0,0,,5.05,0,0,0.8,4.8,0,0,0.73,4.55,60,265,0.66,4.3,0,0,0.58,4.05,0,0,0.49,3.8,0,0,,3.55,0,0,,3.3,0,0,,3.05,0,0,,2.81,0,0,0.42,2.56,0,50,0.38,2.32,0,0,0.4,2.08,0,0,0.39,1.84,0,0,0.38,1.61,0,30,0.37,1.18,2,62,0.36,0.8,10,432,0.35,0.51,94,653,0.35,0.3,370,1055,0.35,0.17,22,5080,0.36,0.1,145,2892,0.37,0.06,202,6324,0.39,0.03,17,3224,0.39,0.02,0,4968,0.42,0.01,0,3018,0.42,0.01,0,2662,0.46,0.01,0,1156,0.5,0.01,0,1687,0.54,0.01,0,1038,0.58,0.01,0,1063,0.62,0.01,0,627,0.65,0.01,0,254,0.69,0.01,0,30,0.72,0.01,0,30,0.75,0.01,0,120,1.12,0.01,0,20,1.06,0.01,0,35,1.0,0.01,0,40,0.94,0.01,0,35,0.89,0.01,0,170,0.83,0.01,0,130,0.78,0.01,0,153,0.73,0.01,0,148,0.68,0.01,0,0,0.64,0.01,0,185,0.59,0.01,0,152,0.55,0.01,0,414,0.5,0.01,0,333,0.46,0.01,0,414,0.42,0.01,0,374,0.38,0.02,0,304,0.38,0.04,0,320,0.4,0.06,43,790,0.39,0.12,5,1604,0.36,0.24,235,4295,0.35,0.44,154,1769,0.35,0.73,2,2322,0.35,1.11,187,4831,0.36,1.55,0,2406,0.38,2.02,0,1098,0.41,2.49,0,1900,0.41,2.99,0,1336,0.46,3.49,0,1422,0.52,3.99,0,228,0.57,4.49,0,0,0.62,4.99,0,322,0.67,5.49,0,120,0.71,5.99,0,0,0.76,6.49,0,0,0.8,6.99,0,0,0.84,7.49,0,0,0.88,7.99,0,0,0.92,0.01,0.0,263.0,0.78,8.49,0.0,0.0,0.96,0.01,0.0,774.0,0.84,9.49,0.0,0.0,1.03,0.01,0.0,0.0,0.9,10.49,0.0,0.0,1.1,0.01,0.0,30.0,0.95,11.49,0.0,0.0,1.16
2023-08-29 16:00:00,11.86,6.38,0,0,,6.13,0,0,,5.88,0,0,,5.63,0,0,,5.38,0,0,,5.14,0,0,0.79,4.86,111,265,,4.64,0,0,0.66,4.39,0,0,0.58,4.14,0,0,0.49,3.89,0,0,,3.64,0,0,,3.4,0,0,0.53,3.15,0,0,0.48,2.9,0,50,0.43,2.66,0,0,0.46,2.41,0,0,0.41,2.17,0,0,0.4,1.94,0,30,0.41,1.47,0,62,0.37,1.04,0,432,0.34,0.68,58,683,0.33,0.37,56,1056,0.3,0.23,5,5080,0.33,0.15,366,2911,0.37,0.09,3,6321,0.38,0.07,348,3564,0.43,0.04,123,4968,0.43,0.03,0,3018,0.46,0.02,247,2478,0.48,0.01,362,1518,0.47,0.01,0,1687,0.51,0.01,0,1038,0.55,0.01,0,1063,0.59,0.01,0,627,0.63,0.01,0,254,0.66,0.01,0,30,0.69,0.01,0,30,0.73,0.01,0,120,1.17,0.01,0,20,1.11,0.01,0,35,1.05,0.01,0,40,0.99,0.01,0,35,0.94,0.01,0,170,0.89,0.01,0,130,0.83,0.01,0,153,0.78,0.01,0,148,0.73,0.01,0,0,0.69,0.01,0,185,0.64,0.01,0,152,0.6,0.01,0,414,0.55,0.01,60,393,0.51,0.01,110,414,0.47,0.01,200,574,0.43,0.02,0,304,0.44,0.03,0,320,0.43,0.04,0,790,0.41,0.08,0,1604,0.38,0.15,6,4289,0.35,0.29,85,1740,0.34,0.5,20,2329,0.32,0.86,18,4841,0.36,1.25,30,2416,0.36,1.7,20,1098,0.39,2.17,10,1900,0.41,2.66,0,1336,0.45,3.17,0,1422,0.54,3.65,0,228,0.53,4.15,0,0,0.58,4.65,0,322,0.63,5.15,0,120,0.68,5.65,0,0,0.72,6.15,0,0,0.76,6.65,0,0,0.81,7.15,0,0,0.85,7.65,0,0,0.89,0.01,0.0,263.0,0.76,8.15,0.0,0.0,0.92,0.01,0.0,774.0,0.82,9.15,0.0,0.0,1.0,0.01,0.0,0.0,0.88,10.15,0.0,0.0,1.07,0.01,0.0,30.0,0.93,11.15,0.0,0.0,1.13
2023-08-30 16:00:00,11.9,6.42,0,0,,6.17,0,0,,5.92,0,0,,5.67,0,0,,5.42,0,0,,5.17,0,0,,4.92,40,265,,4.68,0,0,0.69,4.43,0,0,0.63,4.18,0,0,0.56,3.93,0,0,0.47,3.68,0,0,,3.43,0,0,,3.18,0,0,,2.94,0,50,0.46,2.69,0,0,0.41,2.44,0,0,0.36,2.2,0,0,0.38,1.96,0,30,0.37,1.51,0,62,0.38,1.08,0,432,0.36,0.69,39,683,0.33,0.41,17,1061,0.32,0.24,120,5085,0.34,0.13,42,2931,0.34,0.08,70,6371,0.37,0.04,48,3542,0.37,0.02,18,4968,0.38,0.01,0,3018,0.38,0.01,0,2478,0.43,0.01,0,1518,0.47,0.01,0,1687,0.52,0.01,0,1038,0.56,0.01,0,1063,0.59,0.01,0,627,0.63,0.01,0,254,0.67,0.01,0,30,0.7,0.01,0,30,0.74,0.01,0,120,1.2,0.01,0,20,1.13,0.01,0,35,1.07,0.01,0,40,1.01,0.01,0,35,0.96,0.01,0,170,0.91,0.01,0,130,0.85,0.01,0,153,0.8,0.01,0,148,0.75,0.01,0,0,0.7,0.01,0,185,0.66,0.01,0,152,0.61,0.01,0,414,0.57,0.01,0,393,0.52,0.01,80,424,0.48,0.01,0,574,0.44,0.01,0,304,0.4,0.02,0,320,0.41,0.03,0,790,0.39,0.06,11,1593,0.36,0.13,51,4309,0.35,0.25,237,1783,0.33,0.48,149,2343,0.33,0.78,30,4871,0.32,1.2,30,2421,0.35,1.65,0,1098,0.37,2.11,0,1900,0.36,2.6,0,1336,,3.1,0,1422,,3.6,0,228,,4.1,0,0,,4.6,0,322,,5.1,0,120,,5.6,0,0,,6.1,0,0,,6.6,0,0,,7.1,0,0,,7.6,0,0,,0.01,0.0,263.0,0.77,8.1,0.0,0.0,,0.01,0.0,774.0,0.83,9.1,0.0,0.0,,0.01,0.0,0.0,0.89,10.1,0.0,0.0,,0.01,0.0,30.0,0.94,11.1,0.0,0.0,
2023-08-31 16:00:00,11.9,6.42,0,0,0.89,6.17,0,0,,5.92,0,0,,5.67,0,0,,5.42,0,0,,5.17,0,0,,4.92,0,265,,4.68,0,0,0.73,4.43,0,0,0.66,4.18,0,0,0.6,3.93,0,0,0.53,3.68,0,0,0.46,3.43,0,0,,3.18,0,0,,2.93,0,50,,2.69,0,0,0.43,2.44,0,0,0.38,2.19,0,0,0.33,1.95,0,30,0.35,1.45,0,62,0.26,1.05,30,432,0.33,0.67,41,682,0.31,0.38,249,1270,0.3,0.2,1059,5905,0.31,0.11,1221,3910,0.33,0.06,16,6387,0.34,0.04,10,3542,0.38,0.02,0,4968,0.38,0.01,25,3018,0.39,0.01,0,2478,0.44,0.01,0,1518,0.48,0.01,0,1687,0.53,0.01,0,1038,0.57,0.01,0,1063,0.61,0.01,0,627,0.64,0.01,0,254,0.68,0.01,0,30,0.71,0.01,0,30,0.75,0.01,0,120,1.22,0.01,0,20,1.15,0.01,0,35,1.09,0.01,0,40,1.03,0.01,0,35,0.98,0.01,0,170,0.92,0.01,0,130,0.87,0.01,0,153,0.82,0.01,0,148,0.76,0.01,0,0,0.71,0.01,0,185,0.67,0.01,0,152,0.62,0.01,0,414,0.58,0.01,0,393,0.53,0.01,0,424,0.49,0.01,0,574,0.45,0.01,0,304,0.41,0.01,0,320,0.37,0.02,0,790,0.37,0.05,34,1589,0.35,0.1,17,4304,0.32,0.22,28,1773,0.31,0.43,33,2310,0.3,0.75,0,4871,0.3,1.2,0,2421,0.35,1.63,0,1098,0.34,2.11,0,1900,0.37,2.6,0,1336,,3.1,0,1422,,3.6,0,228,,4.1,0,0,,4.6,0,322,,5.1,0,120,,5.6,0,0,,6.1,0,0,,6.6,0,0,,7.1,0,0,,7.6,0,0,,0.01,0.0,263.0,0.78,8.1,0.0,0.0,,0.01,0.0,774.0,0.84,9.1,0.0,0.0,,0.01,0.0,0.0,0.9,10.1,0.0,0.0,,0.01,0.0,30.0,0.96,11.1,0.0,0.0,
2023-09-04 16:00:00,12.86,7.38,0,0,1.26,7.13,0,0,1.17,6.88,0,0,1.07,6.63,0,0,0.98,6.38,0,0,0.86,6.13,0,0,,5.88,35,265,,5.63,0,0,,5.38,0,0,,5.13,0,0,,4.88,0,0,,4.63,0,0,,4.39,0,0,0.67,4.14,0,0,0.61,3.88,50,50,,3.64,0,0,0.5,3.39,0,0,0.44,3.14,0,0,0.38,2.89,0,30,0.28,2.4,0,62,0.39,1.91,20,432,0.35,1.44,6,680,0.33,1.04,171,1302,0.36,0.66,685,6034,0.33,0.41,464,3918,0.34,0.24,4414,4482,0.35,0.13,1249,4462,0.36,0.07,364,4968,0.37,0.04,353,3192,0.39,0.02,25,2503,0.39,0.01,0,1518,0.4,0.01,0,1687,0.45,0.01,0,1038,0.49,0.01,1,1064,0.53,0.01,0,627,0.58,0.01,0,254,0.62,0.01,0,30,0.66,0.01,0,30,0.69,0.01,0,120,1.42,0.01,0,20,1.35,0.01,0,35,1.29,0.01,0,40,1.22,0.01,0,35,1.16,0.01,0,170,1.1,0.01,0,130,1.05,0.01,0,153,0.99,0.01,0,148,0.94,0.01,0,0,0.89,0.01,0,185,0.84,0.01,0,152,0.79,0.01,0,414,0.74,0.01,0,393,0.69,0.01,0,424,0.65,0.01,0,574,0.6,0.01,0,304,0.56,0.01,0,320,0.52,0.01,20,790,0.48,0.01,5,1588,0.4,0.02,2558,1799,0.36,0.05,171,1663,0.34,0.13,1541,2791,0.34,0.27,445,4916,0.33,0.5,104,2324,0.33,0.82,202,1054,0.33,1.22,5,1895,0.34,1.68,5,1331,0.37,2.15,0,1422,0.37,2.64,0,228,,3.14,0,0,,3.64,0,322,,4.14,0,120,,4.64,0,0,,5.14,0,0,,5.64,0,0,,6.14,0,0,,6.64,0,0,,0.01,0.0,263.0,0.73,7.14,0.0,0.0,,0.01,0.0,774.0,0.8,8.14,0.0,0.0,,0.01,0.0,0.0,0.86,9.14,0.0,0.0,,0.01,0.0,30.0,0.92,10.14,0.0,0.0,
2023-09-05 16:00:00,12.44,6.96,0,0,1.27,6.71,0,0,1.18,6.46,0,0,1.09,6.21,0,0,1.0,5.96,0,0,0.91,5.71,0,0,0.8,5.46,0,265,,5.21,0,0,,4.96,0,0,,4.71,0,0,,4.46,0,0,,4.21,0,0,,3.96,0,0,,3.72,0,0,0.6,3.47,0,50,0.54,3.22,0,0,0.49,2.97,0,0,0.44,2.72,0,0,0.38,2.47,0,30,0.33,1.98,0,62,0.35,1.56,10,412,0.45,1.06,50,710,0.33,0.69,37,1277,0.33,0.41,68,6072,0.33,0.24,1551,4291,0.35,0.13,234,4356,0.36,0.07,24,4442,0.38,0.04,0,4968,0.4,0.03,0,3192,0.44,0.02,0,2503,0.46,0.01,20,1538,0.46,0.01,0,1687,0.51,0.01,0,1038,0.56,0.01,0,1064,0.6,0.01,0,627,0.64,0.01,0,254,0.68,0.01,0,30,0.72,0.01,0,30,0.76,0.01,0,120,1.4,0.01,0,20,1.33,0.01,0,35,1.27,0.01,0,40,1.2,0.01,0,35,1.14,0.01,0,170,1.08,0.01,0,130,1.02,0.01,0,153,0.97,0.01,0,148,0.91,0.01,0,0,0.86,0.01,0,185,0.8,0.01,0,152,0.75,0.01,0,414,0.7,0.01,0,393,0.66,0.01,0,424,0.61,0.01,0,574,0.56,0.01,0,304,0.52,0.01,0,320,0.48,0.01,0,790,0.43,0.02,0,1588,0.39,0.04,0,1799,0.36,0.1,0,1663,0.34,0.22,855,3438,0.33,0.45,3,4917,0.34,0.77,6,2321,0.35,1.16,25,1054,0.36,1.61,0,1895,0.39,2.08,0,1331,0.4,2.56,0,1422,,3.06,0,228,,3.56,0,0,,4.06,0,322,,4.56,0,120,,5.06,0,0,,5.56,0,0,,6.06,0,0,,6.56,0,0,,7.06,0,0,,0.01,0.0,263.0,0.8,7.56,0.0,0.0,,0.01,0.0,774.0,0.86,8.56,0.0,0.0,,0.01,0.0,0.0,0.93,9.56,0.0,0.0,,0.01,0.0,30.0,0.99,10.56,0.0,0.0,
2023-09-06 16:00:00,12.48,7.0,0,0,1.32,6.75,0,0,1.23,6.5,0,0,1.15,6.25,0,0,1.06,6.0,0,0,0.98,5.75,0,0,0.89,5.5,0,265,0.79,5.25,0,0,0.64,5.0,0,0,,4.75,0,0,,4.5,0,0,,4.25,0,0,,4.0,0,0,,3.75,0,0,,3.5,0,50,,3.26,0,0,0.52,3.01,0,0,0.47,2.76,0,0,0.42,2.51,0,30,0.37,2.02,0,62,0.37,1.53,0,412,0.32,1.1,30,725,0.35,0.71,19,1273,0.33,0.41,128,6079,0.32,0.22,326,4326,0.33,0.12,64,4368,0.35,0.06,0,4442,0.36,0.04,0,4968,0.4,0.02,0,3192,0.41,0.01,0,2503,0.42,0.01,5,1543,0.47,0.01,0,1687,0.52,0.01,0,1038,0.56,0.01,0,1064,0.61,0.01,0,627,0.65,0.01,0,254,0.69,0.01,0,30,0.73,0.01,0,30,0.77,0.01,0,120,1.44,0.01,0,20,1.37,0.01,0,35,1.3,0.01,0,40,1.23,0.01,0,35,1.17,0.01,0,170,1.11,0.01,0,130,1.05,0.01,0,153,0.99,0.01,0,148,0.94,0.01,0,0,0.88,0.01,0,185,0.83,0.01,0,152,0.78,0.01,0,414,0.73,0.01,0,393,0.68,0.01,0,424,0.63,0.01,0,574,0.58,0.01,0,304,0.54,0.01,0,320,0.49,0.01,0,790,0.45,0.02,0,1588,0.41,0.04,0,1799,0.37,0.09,0,1663,0.35,0.2,126,3449,0.33,0.41,11,4917,0.33,0.72,6,2317,0.34,1.12,5,1054,0.36,1.56,0,1895,0.37,2.03,0,1331,0.37,2.52,0,1422,,3.02,0,228,,3.52,0,0,,4.02,0,322,,4.52,0,120,,5.02,0,0,,5.52,0,0,,6.02,0,0,,6.52,0,0,,7.02,0,0,,0.01,0.0,263.0,0.81,7.52,0.0,0.0,,0.01,0.0,774.0,0.88,8.52,0.0,0.0,,0.01,0.0,0.0,0.95,9.52,0.0,0.0,,0.01,0.0,30.0,1.01,10.52,0.0,0.0,
2023-09-07 16:00:00,12.26,6.77,0,0,,6.53,0,0,1.26,6.28,0,0,1.17,6.03,0,0,1.09,5.78,0,0,1.01,5.53,0,0,0.93,5.28,15,265,0.85,5.03,0,0,0.76,4.78,0,0,0.65,4.53,0,0,,4.28,0,0,,4.03,0,0,,3.78,0,0,,3.53,0,0,,3.28,0,50,,3.04,0,0,0.52,2.79,0,0,0.47,2.54,0,0,0.42,2.29,0,30,0.37,1.81,0,62,0.39,1.39,0,412,0.45,0.92,10,715,0.36,0.56,24,1252,0.34,0.3,385,5959,0.33,0.16,83,4292,0.35,0.08,90,4328,0.36,0.04,0,4442,0.37,0.03,0,4968,0.42,0.02,0,3192,0.45,0.01,0,2503,0.46,0.01,0,1543,0.51,0.01,0,1687,0.56,0.01,0,1038,0.61,0.01,0,1064,0.65,0.01,0,627,0.7,0.01,0,254,0.74,0.01,0,30,0.78,0.01,0,30,0.82,0.01,0,120,1.45,0.01,0,20,1.37,0.01,0,35,1.3,0.01,0,40,1.24,0.01,0,35,1.17,0.01,0,170,1.11,0.01,0,130,1.05,0.01,0,153,0.99,0.01,0,148,0.93,0.01,0,0,0.87,0.01,0,185,0.82,0.01,0,152,0.76,0.01,0,414,0.71,0.01,0,393,0.66,0.01,0,424,0.61,0.01,0,574,0.57,0.01,0,304,0.52,0.01,0,320,0.47,0.01,0,790,0.43,0.02,10,1598,0.38,0.05,250,1599,0.36,0.13,916,2196,0.35,0.27,253,3352,0.34,0.51,253,4958,0.33,0.87,134,2183,0.34,1.26,0,1054,0.29,1.76,0,1895,0.37,2.25,0,1331,0.42,2.74,0,1422,,3.24,0,228,,3.74,0,0,,4.24,0,322,,4.74,0,120,,5.24,0,0,,5.74,0,0,,6.24,0,0,,6.74,0,0,,7.24,0,0,,0.01,0.0,263.0,0.86,7.74,0.0,0.0,,0.01,0.0,774.0,0.93,8.74,0.0,0.0,,0.01,0.0,0.0,1.0,9.74,0.0,0.0,,0.01,0.0,30.0,1.06,10.74,0.0,0.0,
2023-09-11 16:00:00,12.36,6.87,0,0,,6.62,0,0,,6.37,0,0,,6.12,0,0,,5.87,0,0,,5.62,0,0,,5.37,0,206,,5.13,0,0,1.0,4.88,0,0,0.93,4.63,0,0,0.86,4.38,0,0,0.79,4.13,0,0,0.73,3.88,0,0,0.66,3.63,0,0,0.59,3.38,0,50,0.52,3.13,0,0,0.44,2.88,0,0,,2.63,0,0,,2.38,0,30,,1.89,0,62,0.38,1.46,0,412,0.48,0.97,0,715,0.36,0.6,0,1252,0.35,0.32,55,5954,0.34,0.15,311,4175,0.34,0.08,444,4166,0.37,0.04,30,4426,0.4,0.02,60,4968,0.41,0.01,0,3192,0.43,0.01,5,2503,0.49,0.01,0,1543,0.55,0.01,0,1687,0.61,0.01,0,1038,0.66,0.01,0,1064,0.71,0.01,0,627,0.76,0.01,0,254,0.81,0.01,0,30,0.85,0.01,0,30,0.9,0.01,0,120,1.62,0.01,0,20,1.54,0.01,0,35,1.46,0.01,0,40,1.39,0.01,0,35,1.31,0.01,0,170,1.24,0.01,0,130,1.18,0.01,0,153,1.11,0.01,0,148,1.05,0.01,0,0,0.99,0.01,0,185,0.92,0.01,0,152,0.86,0.01,0,414,0.81,0.01,0,393,0.75,0.01,0,424,0.7,0.01,0,574,0.64,0.01,0,304,0.59,0.01,0,320,0.54,0.01,0,790,0.49,0.02,0,1598,0.44,0.03,0,1599,0.37,0.09,10,2196,0.36,0.21,12,3347,0.35,0.42,0,4958,0.33,0.76,5,2178,0.34,1.17,0,1054,0.32,1.66,0,1895,0.39,2.14,0,1331,,2.64,0,1422,,3.14,0,228,,3.64,0,0,,4.14,0,322,,4.64,0,120,,5.14,0,0,,5.64,0,0,,6.14,0,0,,6.64,0,0,,7.14,0,0,,0.01,0.0,263.0,0.94,7.64,0.0,0.0,,0.01,0.0,774.0,1.02,8.64,0.0,0.0,,0.01,0.0,0.0,1.1,9.64,0.0,0.0,,0.01,0.0,30.0,1.17,10.64,0.0,0.0,
2023-09-12 16:00:00,12.14,6.65,0,0,,6.4,0,0,,6.15,0,0,,5.9,0,0,,5.65,0,0,,5.4,0,0,,5.15,0,206,,4.9,0,0,,4.65,0,0,,4.41,0,0,0.88,4.16,0,0,0.81,3.91,0,0,0.75,3.66,0,0,0.68,3.41,0,0,0.62,3.16,0,50,0.56,2.91,0,0,0.49,2.66,0,0,0.43,2.41,0,0,0.37,2.17,0,30,0.47,1.68,0,62,0.41,1.25,1,412,0.46,0.78,0,715,0.35,0.43,20,1252,0.33,0.21,83,5984,0.34,0.09,149,4164,0.34,0.04,70,4156,0.36,0.02,0,4426,0.39,0.01,0,4968,0.42,0.01,0,3192,0.48,0.01,0,2503,0.54,0.01,0,1543,0.6,0.01,0,1687,0.66,0.01,0,1038,0.72,0.01,0,1064,0.77,0.01,0,627,0.82,0.01,0,254,0.87,0.01,0,30,0.91,0.01,0,30,0.96,0.01,0,120,1.64,0.01,0,20,1.56,0.01,0,35,1.48,0.01,0,40,1.4,0.01,0,35,1.32,0.01,0,170,1.25,0.01,0,130,1.18,0.01,0,153,1.11,0.01,0,148,1.05,0.01,0,0,0.98,0.01,0,185,0.92,0.01,0,152,0.86,0.01,0,414,0.8,0.01,0,393,0.74,0.01,0,424,0.68,0.01,0,574,0.63,0.01,0,304,0.58,0.01,0,320,0.52,0.01,0,790,0.47,0.02,0,1598,0.42,0.04,0,1599,0.36,0.11,0,2196,0.34,0.25,27,3352,0.32,0.53,0,4958,0.32,0.92,0,2178,0.33,1.38,0,1054,0.35,1.86,0,1895,,2.36,0,1331,,2.86,0,1422,,3.36,0,228,,3.86,0,0,,4.36,0,322,,4.86,0,120,,5.36,0,0,,5.86,0,0,,6.36,0,0,,6.86,0,0,,7.36,0,0,,0.01,0.0,263.0,1.0,7.86,0.0,0.0,,0.01,0.0,774.0,1.08,8.86,0.0,0.0,,0.01,0.0,0.0,1.16,9.86,0.0,0.0,,0.01,0.0,30.0,1.24,10.86,0.0,0.0,
2023-09-13 16:00:00,12.06,6.57,0,0,,6.32,0,0,,6.07,0,0,,5.82,0,0,,5.57,0,0,,5.32,0,0,,5.07,0,206,,4.82,0,0,,4.57,0,0,,4.32,0,0,,4.07,0,0,,3.83,0,0,0.78,3.58,0,0,0.72,3.33,0,0,0.66,3.08,0,50,0.59,2.83,0,0,0.53,2.58,0,0,0.47,2.33,0,0,0.42,2.08,0,30,0.36,1.6,0,62,0.42,1.16,40,452,0.44,0.7,30,745,0.34,0.36,20,1232,0.32,0.16,80,5954,0.32,0.07,350,4164,0.35,0.03,581,4078,0.37,0.01,0,4426,0.37,0.01,0,4968,0.44,0.01,0,3192,0.51,0.01,0,2503,0.58,0.01,0,1543,0.64,0.01,0,1687,0.7,0.01,0,1038,0.75,0.01,0,1064,0.81,0.01,0,627,0.86,0.01,0,254,0.91,0.01,0,30,0.96,0.01,0,30,1.0,0.01,0,120,1.68,0.01,0,20,1.6,0.01,0,35,1.51,0.01,0,40,1.43,0.01,0,35,1.35,0.01,0,170,1.28,0.01,0,130,1.21,0.01,0,153,1.14,0.01,0,148,1.07,0.01,0,0,1.0,0.01,0,185,0.94,0.01,0,152,0.87,0.01,0,414,0.81,0.01,0,393,0.75,0.01,0,424,0.69,0.01,0,574,0.64,0.01,0,304,0.58,0.01,0,320,0.53,0.01,0,790,0.47,0.02,0,1598,0.42,0.04,6,1599,0.36,0.11,0,2196,0.33,0.27,26,3353,0.31,0.57,30,4938,0.31,0.98,100,2166,0.32,1.45,0,1054,0.35,1.94,5,1895,,2.44,0,968,,2.94,0,1422,,3.44,0,228,,3.94,0,0,,4.44,0,322,,4.94,0,120,,5.44,0,0,,5.94,0,0,,6.44,0,0,,6.94,0,0,,7.44,0,0,,0.01,0.0,263.0,1.05,7.94,0.0,0.0,,0.01,0.0,774.0,1.13,8.94,0.0,0.0,,0.01,0.0,0.0,1.21,9.94,0.0,0.0,,0.01,0.0,30.0,1.29,10.94,0.0,0.0,
2023-09-14 16:00:00,12.12,6.63,0,0,1.26,6.38,0,0,,6.13,0,0,,5.88,0,0,,5.63,0,0,,5.38,0,0,,5.13,0,206,,4.88,0,0,,4.63,0,0,,4.38,0,0,,4.13,0,0,,3.88,0,0,,3.63,0,0,,3.39,0,0,0.71,3.14,0,50,0.65,2.89,0,0,0.59,2.64,0,0,0.53,2.39,0,0,0.47,2.14,0,30,0.41,1.64,0,62,0.3,1.18,0,452,0.39,0.72,0,745,0.32,0.36,6,1233,0.3,0.16,438,5954,0.31,0.06,578,3925,0.32,0.03,232,4096,0.37,0.01,0,4426,0.37,0.01,0,4968,0.45,0.01,0,3192,0.52,0.01,0,2503,0.59,0.01,0,1543,0.65,0.01,0,1687,0.71,0.01,0,1038,0.77,0.01,0,1064,0.82,0.01,0,627,0.88,0.01,0,254,0.93,0.01,0,30,0.98,0.01,0,30,1.03,0.01,0,120,1.75,0.01,0,20,1.66,0.01,0,35,1.57,0.01,0,40,1.49,0.01,0,35,1.41,0.01,0,170,1.33,0.01,0,130,1.26,0.01,0,153,1.19,0.01,0,148,1.12,0.01,0,0,1.05,0.01,0,185,0.98,0.01,0,152,0.91,0.01,0,414,0.85,0.01,0,393,0.79,0.01,0,424,0.73,0.01,0,574,0.67,0.01,0,304,0.61,0.01,0,320,0.56,0.01,0,790,0.5,0.01,0,1598,0.39,0.02,20,1619,0.32,0.08,24,2188,0.32,0.22,55,3298,0.3,0.52,0,4938,0.31,0.92,0,2166,0.32,1.39,10,1044,0.34,1.88,0,1895,,2.38,0,968,,2.88,0,1422,,3.38,0,228,,3.88,0,0,,4.38,0,322,,4.88,0,120,,5.38,0,0,,5.88,0,0,,6.38,0,0,,6.88,0,0,,7.38,0,0,,0.01,0.0,263.0,1.07,7.88,0.0,0.0,,0.01,0.0,774.0,1.16,8.88,0.0,0.0,,0.01,0.0,0.0,1.25,9.88,0.0,0.0,,0.01,0.0,30.0,1.32,10.88,0.0,0.0,
2023-09-15 16:00:00,12.1,6.61,0,0,1.42,6.36,0,0,1.29,6.11,0,0,1.14,5.86,0,0,,5.61,0,0,,5.36,0,0,,5.11,0,206,,4.86,0,0,,4.61,0,0,,4.36,0,0,,4.11,0,0,,3.86,0,0,,3.61,0,0,,3.36,0,0,,3.12,0,50,0.69,2.87,0,0,0.63,2.62,0,0,0.56,2.37,0,0,0.5,2.12,0,30,0.44,1.63,0,62,0.42,1.18,0,452,0.45,0.71,1,746,0.34,0.31,160,1193,0.27,0.14,226,5918,0.31,0.07,12,3917,0.36,0.04,0,4096,0.41,0.02,0,4426,0.44,0.01,1000,5168,0.47,0.01,0,3192,0.54,0.01,0,2503,0.61,0.01,0,1543,0.68,0.01,0,1687,0.74,0.01,0,1038,0.8,0.01,0,1064,0.86,0.01,0,627,0.92,0.01,0,254,0.97,0.01,0,30,1.02,0.01,0,30,1.07,0.01,0,120,1.82,0.01,0,20,1.72,0.01,0,35,1.63,0.01,0,40,1.54,0.01,0,35,1.46,0.01,0,170,1.38,0.01,0,130,1.3,0.01,0,153,1.23,0.01,0,148,1.15,0.01,0,0,1.08,0.01,0,185,1.01,0.01,0,152,0.94,0.01,0,414,0.88,0.01,0,393,0.81,0.01,0,424,0.75,0.01,0,574,0.69,0.01,0,304,0.63,0.01,0,320,0.57,0.01,0,790,0.51,0.01,0,1598,0.4,0.02,0,1619,0.33,0.07,3,2191,0.3,0.19,10,3298,0.26,0.51,21,4917,0.29,0.96,5,2166,0.37,1.43,0,1044,0.42,1.92,0,1895,0.49,2.41,0,968,0.54,2.91,6,1422,0.62,3.4,0,228,,3.9,0,0,,4.4,0,322,,4.9,0,120,,5.4,0,0,,5.9,0,0,,6.4,0,0,,6.9,0,0,,7.4,0,0,,0.01,0.0,263.0,1.12,7.9,0.0,0.0,,0.01,0.0,774.0,1.21,8.9,0.0,0.0,,0.01,0.0,0.0,1.3,9.9,0.0,0.0,,0.01,0.0,30.0,1.38,10.91,0.0,0.0,1.55
2023-09-18 16:00:00,11.98,6.49,0,0,1.78,6.24,0,0,1.67,5.99,0,0,1.56,5.74,0,0,1.45,5.49,0,0,1.35,5.24,0,0,1.25,4.99,5,206,1.15,4.74,0,0,1.05,4.49,0,0,0.95,4.24,0,0,0.84,3.99,0,0,0.62,3.74,0,0,,3.49,0,0,,3.24,0,0,,2.99,0,50,,2.74,0,0,,2.49,0,0,,2.24,0,0,,2.0,0,30,0.53,1.5,0,62,0.4,1.06,0,452,0.48,0.61,1,745,0.38,0.26,1,1194,0.33,0.09,146,5898,0.33,0.03,10,3907,0.35,0.01,0,4096,0.38,0.01,2,4424,0.47,0.01,540,5708,0.56,0.01,0,3192,0.65,0.01,0,2503,0.72,0.01,0,1543,0.8,0.01,0,1687,0.87,0.01,0,1038,0.94,0.01,0,1064,1.01,0.01,0,627,1.07,0.01,0,254,1.13,0.01,0,30,1.19,0.01,0,30,1.25,0.01,0,120,2.05,0.01,0,20,1.94,0.01,0,35,1.84,0.01,0,40,1.74,0.01,0,35,1.64,0.01,0,170,1.55,0.01,0,130,1.47,0.01,0,153,1.38,0.01,0,148,1.29,0.01,0,0,1.21,0.01,0,185,1.13,0.01,0,152,1.05,0.01,0,414,0.98,0.01,0,393,0.9,0.01,0,424,0.83,0.01,0,574,0.77,0.01,0,304,0.7,0.01,0,320,0.63,0.01,0,790,0.56,0.01,0,1598,0.43,0.03,10,1619,0.38,0.1,0,2191,0.36,0.26,50,3269,0.32,0.58,10,4907,0.3,1.03,12,2154,0.32,1.52,0,1044,,2.02,0,1695,,2.52,0,968,,3.02,0,1422,,3.52,0,228,,4.02,0,0,,4.52,0,322,,5.02,0,120,,5.52,0,0,,6.02,0,0,,6.52,0,0,,7.02,0,0,,7.52,0,0,,0.01,0.0,263.0,1.3,8.02,0.0,0.0,,0.01,0.0,774.0,1.4,9.02,0.0,0.0,,0.01,0.0,0.0,1.5,10.02,0.0,0.0,,0.01,0.0,30.0,1.6,11.02,0.0,0.0,
2023-09-19 16:00:00,12.08,6.59,0,0,1.94,6.34,0,0,1.82,6.09,0,0,1.71,5.84,0,0,1.6,5.59,0,0,1.49,5.34,0,0,1.39,5.09,0,206,1.3,4.84,0,0,1.2,4.59,0,0,1.11,4.34,0,0,1.02,4.09,0,0,0.93,3.84,0,0,0.84,3.59,0,0,0.74,3.34,0,0,0.63,3.09,0,50,,2.84,0,0,,2.59,0,0,,2.34,0,0,,2.09,0,30,,1.59,0,62,,1.1,30,452,0.32,0.62,0,745,0.26,0.26,0,1194,0.27,0.1,206,5867,0.32,0.03,10,3897,0.34,0.02,10,4106,0.43,0.01,0,4424,0.48,0.01,0,5708,0.57,0.01,0,3192,0.66,0.01,0,2503,0.74,0.01,0,1543,0.82,0.01,0,1687,0.9,0.01,0,1038,0.97,0.01,0,1064,1.04,0.01,0,627,1.11,0.01,0,254,1.17,0.01,0,30,1.23,0.01,0,30,1.29,0.01,0,120,2.18,0.01,0,20,2.06,0.01,0,35,1.96,0.01,0,40,1.85,0.01,0,35,1.75,0.01,0,170,1.66,0.01,0,130,1.56,0.01,0,153,1.47,0.01,0,148,1.38,0.01,0,0,1.3,0.01,0,185,1.21,0.01,0,152,1.13,0.01,0,414,1.05,0.01,0,393,0.97,0.01,0,424,0.9,0.01,0,574,0.83,0.01,0,304,0.76,0.01,0,320,0.68,0.01,0,790,0.61,0.01,0,1598,0.48,0.02,0,1619,0.39,0.06,0,2191,0.34,0.18,522,3236,0.29,0.53,0,4907,0.36,0.98,0,2154,0.45,1.47,0,1044,0.57,1.92,0,1665,,2.42,0,740,,2.92,0,1422,,3.42,0,228,,3.92,0,0,,4.42,0,322,,4.92,0,120,,5.42,0,0,,5.92,0,0,,6.42,0,0,,6.92,0,0,,7.42,0,0,,0.01,0.0,263.0,1.35,7.92,0.0,0.0,,0.01,0.0,774.0,1.46,8.92,0.0,0.0,,0.01,0.0,0.0,1.56,9.92,0.0,0.0,,0.01,0.0,30.0,1.66,10.92,0.0,0.0,
2023-09-20 16:00:00,12.2,6.71,0,0,2.12,6.46,0,0,1.99,6.21,0,0,1.88,5.96,0,0,1.76,5.71,0,0,1.65,5.46,0,0,1.55,5.21,0,206,1.45,4.96,0,0,1.35,4.71,0,0,1.26,4.46,0,0,1.16,4.21,0,0,1.08,3.96,0,0,0.99,3.71,0,0,0.91,3.46,0,0,0.82,3.21,0,50,0.74,2.96,0,0,0.66,2.71,0,0,0.58,2.46,0,0,0.49,2.21,0,30,0.35,1.71,0,62,,1.22,0,452,0.38,0.74,0,745,0.32,0.33,94,1168,0.28,0.12,1363,7122,0.32,0.04,311,4208,0.36,0.01,65,4111,0.37,0.01,0,4424,0.48,0.01,0,5708,0.58,0.01,0,3192,0.67,0.01,0,2503,0.76,0.01,0,1543,0.85,0.01,0,1687,0.93,0.01,0,1038,1.0,0.01,0,1064,1.08,0.01,0,627,1.15,0.01,0,254,1.22,0.01,0,30,1.28,0.01,0,30,1.35,0.01,0,120,2.33,0.01,0,20,2.21,0.01,0,35,2.1,0.01,0,40,1.99,0.01,0,35,1.88,0.01,0,170,1.78,0.01,0,130,1.68,0.01,0,153,1.59,0.01,0,148,1.49,0.01,0,0,1.4,0.01,0,185,1.31,0.01,0,152,1.23,0.01,0,414,1.14,0.01,0,393,1.06,0.01,0,424,0.98,0.01,0,574,0.9,0.01,0,304,0.83,0.01,0,320,0.75,0.01,0,790,0.68,0.01,0,1598,0.53,0.01,0,1619,0.39,0.04,67,2175,0.35,0.12,245,3113,0.29,0.4,10,4907,0.3,0.83,45,2119,0.35,1.35,0,1044,0.56,1.8,0,1653,,2.3,0,740,,2.8,0,1422,,3.3,0,228,,3.8,0,0,,4.3,0,322,,4.8,0,120,,5.3,0,0,,5.8,0,0,,6.3,0,0,,6.8,0,0,,7.3,0,0,,0.01,0.0,263.0,1.41,7.8,0.0,0.0,,0.01,0.0,774.0,1.52,8.8,0.0,0.0,,0.01,0.0,0.0,1.64,9.8,0.0,0.0,,0.01,0.0,30.0,1.74,10.8,0.0,0.0,
2023-09-21 16:00:00,12.24,6.74,0,0,,6.5,0,0,2.18,6.25,0,0,2.05,6.0,0,0,1.93,5.75,0,0,1.82,5.5,0,0,1.71,5.25,0,206,1.6,5.0,0,0,1.5,4.75,0,0,1.4,4.5,0,0,1.3,4.25,0,0,1.21,4.0,0,0,1.12,3.75,0,0,1.03,3.5,0,0,0.95,3.25,0,50,0.87,3.0,0,0,0.79,2.75,0,0,0.71,2.5,0,0,0.63,2.25,0,30,0.56,1.75,0,62,0.42,1.25,0,452,0.28,0.77,0,745,0.32,0.35,0,1168,0.29,0.11,303,7187,0.3,0.04,10,4202,0.37,0.02,0,4111,0.44,0.01,0,4424,0.5,0.01,0,5708,0.61,0.01,0,3192,0.71,0.01,0,2503,0.8,0.01,0,1543,0.89,0.01,0,1687,0.98,0.01,0,1038,1.06,0.01,0,1064,1.14,0.01,0,627,1.22,0.01,0,254,1.29,0.01,0,30,1.36,0.01,0,30,1.43,0.01,0,120,2.5,0.01,0,20,2.37,0.01,0,35,2.25,0.01,0,40,2.13,0.01,0,35,2.02,0.01,0,170,1.91,0.01,0,130,1.81,0.01,0,153,1.71,0.01,0,148,1.61,0.01,0,0,1.51,0.01,0,185,1.41,0.01,0,152,1.32,0.01,0,414,1.23,0.01,0,393,1.14,0.01,0,424,1.06,0.01,0,574,0.98,0.01,0,304,0.9,0.01,0,320,0.82,0.01,0,790,0.74,0.01,0,1598,0.58,0.01,2,1617,0.43,0.02,16,2175,0.32,0.1,323,3150,0.29,0.38,123,4836,0.34,0.78,15,2104,0.33,1.31,0,1044,0.58,1.76,0,1653,,2.26,0,740,,2.76,0,1422,,3.26,0,228,,3.76,0,0,,4.26,0,322,,4.76,0,120,,5.26,0,0,,5.76,0,0,,6.26,0,0,,6.76,0,0,,7.26,0,0,,0.01,0.0,263.0,1.5,7.76,0.0,0.0,,0.01,0.0,774.0,1.62,8.76,0.0,0.0,,0.01,0.0,0.0,1.74,9.76,0.0,0.0,,0.01,0.0,30.0,1.85,10.76,0.0,0.0,
2023-09-22 16:00:00,12.44,6.94,0,0,,6.69,0,0,,6.44,0,0,,6.19,0,0,,5.94,0,0,,5.7,0,0,1.93,5.45,105,206,1.81,5.2,0,0,1.7,4.95,0,0,1.6,4.7,0,0,1.49,4.45,0,0,1.4,4.2,0,0,1.3,3.95,0,0,1.21,3.7,0,0,1.12,3.45,0,50,1.03,3.2,0,0,0.94,2.95,0,0,0.86,2.7,0,0,0.78,2.45,0,30,0.7,1.95,0,62,0.55,1.45,0,452,0.4,0.96,6,751,0.37,0.5,722,1564,0.32,0.17,1156,7792,0.3,0.05,1705,4385,0.34,0.02,45,4066,0.41,0.01,4,4424,0.49,0.01,0,5708,0.6,0.01,0,3192,0.71,0.01,0,2503,0.82,0.01,0,1543,0.92,0.01,0,1687,1.01,0.01,0,1038,1.1,0.01,0,1064,1.18,0.01,12,627,1.27,0.01,0,254,1.35,0.01,0,30,1.42,0.01,0,30,1.5,0.01,0,120,2.75,0.01,0,20,2.61,0.01,0,35,2.48,0.01,0,40,2.35,0.01,0,35,2.23,0.01,0,170,2.11,0.01,0,130,2.0,0.01,0,153,1.89,0.01,0,148,1.78,0.01,0,0,1.68,0.01,0,185,1.57,0.01,0,152,1.47,0.01,0,414,1.38,0.01,0,393,1.28,0.01,0,424,1.19,0.01,0,574,1.1,0.01,0,304,1.02,0.01,0,320,0.93,0.01,0,790,0.85,0.01,0,1598,0.68,0.01,0,1617,0.52,0.01,244,2189,0.36,0.06,692,3260,0.34,0.23,386,4654,0.31,0.6,40,2089,0.34,1.1,5,1039,0.52,1.57,4,1653,0.53,2.06,0,740,,2.56,0,1422,,3.06,0,228,,3.56,0,0,,4.06,0,322,,4.56,0,120,,5.06,0,0,,5.56,0,0,,6.06,0,0,,6.56,0,0,,7.06,0,0,,0.01,0.0,263.0,1.57,7.56,0.0,0.0,,0.01,0.0,774.0,1.7,8.56,0.0,0.0,,0.01,0.0,0.0,1.83,9.56,0.0,0.0,,0.01,0.0,30.0,1.95,10.56,0.0,0.0,
2023-09-25 16:00:00,12.32,6.85,0,0,4.45,6.6,0,0,4.22,6.35,0,0,4.01,6.1,0,0,3.8,5.85,0,0,3.6,5.6,0,0,3.41,5.35,0,206,3.22,5.1,0,0,3.04,4.85,0,0,2.87,4.6,0,0,2.7,4.35,0,0,2.54,4.1,0,0,2.38,3.85,0,0,2.23,3.6,0,0,2.08,3.35,0,50,1.93,3.1,0,0,1.78,2.85,0,0,1.64,2.6,0,0,1.5,2.35,0,30,1.37,1.85,0,62,1.1,1.33,0,452,0.63,0.84,0,751,0.5,0.38,3,1563,0.38,0.08,323,7532,0.33,0.02,0,4385,0.43,0.01,0,4066,0.56,0.01,0,4424,0.74,0.01,0,5708,0.9,0.01,0,3192,1.06,0.01,0,2503,1.2,0.01,0,1543,1.34,0.01,0,1687,1.47,0.01,0,1038,1.6,0.01,0,1064,1.72,0.01,0,627,1.84,0.01,0,254,1.95,0.01,0,30,2.06,0.01,0,30,2.16,0.01,0,120,3.85,0.01,0,20,3.65,0.01,0,35,3.46,0.01,0,40,3.28,0.01,0,35,3.11,0.01,0,170,2.95,0.01,0,130,2.79,0.01,0,153,2.63,0.01,0,148,2.48,0.01,0,0,2.33,0.01,0,185,2.19,0.01,0,152,2.04,0.01,0,414,1.91,0.01,0,393,1.77,0.01,0,424,1.64,0.01,0,574,1.52,0.01,0,304,1.4,0.01,0,320,1.28,0.01,0,790,1.16,0.01,0,1598,0.92,0.01,5,1612,0.69,0.02,0,2189,0.53,0.07,195,3245,0.43,0.25,11,4646,0.32,0.69,0,2089,0.39,1.18,0,1039,,1.68,1,1653,,2.18,0,740,,2.68,8,1422,,3.18,0,228,,3.68,0,0,,4.18,0,322,,4.68,0,120,,5.18,0,0,,5.68,0,0,,6.18,0,0,,6.68,0,0,,7.18,0,0,,0.01,0.0,263.0,2.26,7.68,0.0,0.0,,0.01,0.0,774.0,2.45,8.68,0.0,0.0,,0.01,0.0,0.0,2.64,9.68,0.0,0.0,,0.01,0.0,30.0,2.81,10.68,0.0,0.0,
2023-09-26 16:00:00,11.96,6.47,0,0,4.48,6.22,0,0,4.24,5.97,0,0,4.01,5.72,0,0,3.78,5.47,0,0,3.57,5.22,0,0,3.37,4.97,0,206,3.17,4.72,0,0,2.98,4.47,0,0,2.79,4.22,0,0,2.61,3.97,0,0,2.44,3.72,0,0,2.27,3.48,0,0,2.38,3.23,0,0,2.2,2.98,0,50,2.03,2.73,0,0,1.86,2.48,0,0,1.69,2.25,0,0,1.78,2.0,0,30,1.6,1.5,0,62,1.25,0.98,69,441,0.74,0.49,116,781,0.47,0.13,5,1563,0.41,0.02,451,7222,0.46,0.01,0,4385,0.64,0.01,0,4066,0.87,0.01,0,4424,1.08,0.01,0,5708,1.28,0.01,0,3192,1.47,0.01,0,2503,1.64,0.01,0,1543,1.81,0.01,0,1687,1.97,0.01,0,1038,2.12,0.01,0,1064,2.27,0.01,0,627,2.41,0.01,0,254,2.55,0.01,0,30,2.68,0.01,0,30,2.8,0.01,0,120,4.57,0.01,0,20,4.33,0.01,0,35,4.1,0.01,0,40,3.88,0.01,0,35,3.67,0.01,0,170,3.46,0.01,0,130,3.27,0.01,0,153,3.08,0.01,0,148,2.88,0.01,0,0,2.7,0.01,0,185,2.52,0.01,0,152,2.35,0.01,0,414,2.18,0.01,0,393,2.01,0.01,0,424,1.86,0.01,0,574,1.7,0.01,0,304,1.55,0.01,0,320,1.4,0.01,0,790,1.24,0.01,0,1598,0.95,0.02,0,1612,0.76,0.04,0,2189,0.54,0.15,399,3594,0.36,0.55,158,4556,0.4,1.04,70,2079,,1.54,0,1039,,2.04,0,312,,2.54,0,740,,3.04,2,1422,,3.54,0,228,,4.04,0,0,,4.54,0,322,,5.04,0,120,,5.54,0,0,,6.04,0,0,,6.54,0,0,,7.04,0,0,,7.54,0,0,,0.01,0.0,263.0,2.93,8.04,0.0,0.0,,0.01,0.0,774.0,3.16,9.04,0.0,0.0,,0.01,0.0,0.0,3.38,10.04,0.0,0.0,,0.01,0.0,30.0,3.59,11.04,0.0,0.0,
2023-09-27 16:00:00,12.16,6.66,0,0,,6.41,0,0,,6.16,0,0,,5.91,0,0,,5.66,0,0,,5.41,0,0,,5.16,0,206,,4.91,0,0,,4.66,0,0,,4.41,0,0,,4.16,0,0,,3.91,0,0,,3.66,0,0,,3.41,0,0,,3.16,0,50,,2.91,0,0,,2.66,0,0,,2.41,0,0,,2.16,0,30,,1.66,0,62,,1.16,0,441,,0.66,90,871,,0.19,46,1555,0.34,0.05,665,7095,0.65,0.03,0,4385,0.98,0.02,0,4066,1.25,0.01,0,4424,1.4,0.01,0,5708,1.68,0.01,0,3192,1.94,0.01,0,2503,2.19,0.01,0,1543,2.43,0.01,0,1687,2.66,0.01,0,1038,2.88,0.01,0,1064,3.09,0.01,0,627,3.29,0.01,0,254,3.48,0.01,0,30,3.67,0.01,0,30,3.85,0.01,0,120,6.58,0.01,0,20,6.24,0.01,0,35,5.91,0.01,0,40,5.6,0.01,0,35,5.3,0.01,0,170,5.01,0.01,0,130,4.74,0.01,0,153,4.47,0.01,0,148,4.2,0.01,0,0,3.94,0.01,0,185,3.69,0.01,0,152,3.44,0.01,0,414,3.21,0.01,0,393,2.98,0.01,0,424,2.75,0.01,0,574,2.53,0.01,0,304,2.32,0.01,0,320,2.11,0.01,0,790,1.9,0.01,0,1598,1.48,0.01,0,1612,1.08,0.01,200,2189,0.67,0.04,119,3587,0.39,0.4,41,4565,0.7,0.89,190,686,1.14,1.37,0,440,1.38,1.87,0,312,1.74,2.37,0,740,2.07,2.87,0,1422,2.37,3.39,0,228,2.94,3.89,0,0,3.23,4.39,0,322,3.5,4.89,0,120,3.76,5.39,0,0,4.01,5.89,0,0,4.25,6.39,0,0,4.49,6.89,0,0,4.72,7.39,0,0,4.93,0.01,0.0,263.0,4.02,7.89,0.0,0.0,5.13,0.01,0.0,774.0,4.35,8.89,0.0,0.0,5.52,0.01,0.0,0.0,4.66,9.89,0.0,0.0,5.88,0.01,0.0,30.0,4.96,10.89,0.0,0.0,6.24
2023-09-28 16:00:00,11.96,6.46,0,0,,6.21,0,0,,5.96,0,0,,5.71,0,0,,5.46,0,0,,5.21,0,0,,4.96,0,0,,4.71,0,0,,4.46,0,0,,4.21,0,0,,3.96,0,0,,3.71,0,0,,3.46,0,0,,3.21,0,0,,2.96,0,0,,2.71,0,0,,2.46,0,0,,2.21,0,0,,1.96,0,0,,1.46,2,0,,0.96,31,0,,0.46,61,0,,0.00,8,1557,,0.00,0,7095,,0.00,1,4384,,0.00,0,4066,,0.00,0,4424,,0.00,0,5708,,0.00,0,3192,,0.00,0,2503,,0.00,0,1543,,0.00,0,1687,,0.00,0,1038,,0.00,0,1064,,0.00,0,627,,0.00,0,254,,0.00,0,30,,0.00,0,30,,0.00,0,120,,0.00,0,20,,0.00,0,35,,0.00,0,40,,0.00,0,35,,0.00,0,170,,0.00,0,130,,0.00,0,153,,0.00,0,148,,0.00,0,0,,0.00,0,185,,0.00,0,152,,0.00,0,414,,0.00,0,393,,0.00,0,424,,0.00,0,574,,0.00,0,304,,0.00,0,320,,0.00,0,790,,0.00,0,1598,,0.00,0,1612,,0.00,0,2189,,0.04,414,8,,0.54,82,0,,1.04,13,0,,1.54,0,0,,2.04,0,0,,2.54,0,0,,3.04,0,0,,3.54,0,0,,4.04,0,0,,4.54,0,0,,5.04,0,0,,5.54,0,0,,6.04,0,0,,6.54,0,0,,7.04,0,0,,7.54,0,0,,0.00,0,263,,8.04,0,0,,0.00,0,774,,9.04,0,0,,0.00,0,0,,10.04,0,0,,0.00,0,30,,11.04,0,0,
