time,C,C,C,C,C,C,C,C,C,C,C,C,C,C,C,C,C,C,C,C,C,C,C,C,C,C,C,C,C,C,C,C,C,C,C,C,C,C,C,C,C,C,C,C,C,C,C,C,C,C,C,C,C,C,C,C,C,C,C,C,C,C,C,C,C,C,C,C,C,C,C,C,C,C,C,C,C,C,C,C,C,C,C,C,C,C,C,C,C,C,C,C,C,C,C,C,C,C,C,C,C,C,C,C,C,C,C,C,C,C,C,C,C,C,C,C,C,C,C,C,C,C,C,C,C,C,C,C,C,C,C,C,C,C,C,C,C,C,C,C,C,C,C,C,C,C,C,C,C,C,C,C,C,C,C,C,C,C,C,C,C,C,C,C,C,C,C,C,C,C,C,C,C,C,C,C,C,C,C,C,C,C,C,C,C,C,C,C,C,C,C,C,C,C,C,C,C,C,C,C,C,C,C,C,C,C,C,C,C,C,C,C,C,C,C,C,C,C,C,C,C,C,C,C,C,C,C,C,C,C,C,C,C,C,C,C,C,C,C,C,C,C,C,C,C,C,C,C,C,C,C,C,C,C,C,C,C,C,C,C,C,C,C,C,C,C,C,C,C,C,C,C,C,C,C,C,C,C,C,C,C,C,C,C,C,C,C,C,C,C,C,C,C,C,C,C,C,C,C,C,C,C,C,C,C,C,C,C,C,C,C,C,C,C,C,C,C,C,C,C,C,C,C,C,C,C,C,C,C,C,C,C,C,C,C,C,C,C,C,C,C,C,C,C,C,C,C,C,C,C,C,C,C,C,C,C,C,C,C,C,C,C,C,C,C,C,C,C,C,C,C,C,C,C,C,C,C,C,C,C,C,C,C,C,C,C,C,C,C,C,C,C,P,P,P,P,P,P,P,P,P,P,P,P,P,P,P,P,P,P,P,P,P,P,P,P,P,P,P,P,P,P,P,P,P,P,P,P,P,P,P,P,P,P,P,P,P,P,P,P,P,P,P,P,P,P,P,P,P,P,P,P,P,P,P,P,P,P,P,P,P,P,P,P,P,P,P,P,P,P,P,P,P,P,P,P,P,P,P,P,P,P,P,P,P,P,P,P,P,P,P,P,P,P,P,P,P,P,P,P,P,P,P,P,P,P,P,P,P,P,P,P,P,P,P,P,P,P,P,P,P,P,P,P,P,P,P,P,P,P,P,P,P,P,P,P,P,P,P,P,P,P,P,P,P,P,P,P,P,P,P,P,P,P,P,P,P,P,P,P,P,P,P,P,P,P,P,P,P,P,P,P,P,P,P,P,P,P,P,P,P,P,P,P,P,P,P,P,P,P,P,P,P,P,P,P,P,P,P,P,P,P,P,P,P,P,P,P,P,P,P,P,P,P,P,P,P,P,P,P,P,P,P,P,P,P,P,P,P,P,P,P,P,P,P,P,P,P,P,P,P,P,P,P,P,P,P,P,P,P,P,P,P,P,P,P,P,P,P,P,P,P,P,P,P,P,P,P,P,P,P,P,P,P,P,P,P,P,P,P,P,P,P,P,P,P,P,P,P,P,P,P,P,P,P,P,P,P,P,P,P,P,P,P,P,P,P,P,P,P,P,P,P,P,P,P,P,P,P,P,P,P,P,P,P,P,P,P,P,P,P,P,P,P,P,P,P,P,P,P,P,P,P,P,P,P,P,P,P,P,P,P,P,P,P,P,P,P,P,P,P,P,P,P,P,P,P,P,P,P,P,P,P,P,P,P,P,P,P,P,P,P,P,P,C,C,C,C,C,C,C,C,C,C,C,C,C,C,P,P,P,P,P,P,P,P,P,P,P,P,P,P,C,C,C,C,C,C,C,C,C,C,C,C,C,C,C,C,C,C,C,C,C,C,C,C,C,C,C,C,P,P,P,P,P,P,P,P,P,P,P,P,P,P,P,P,P,P,P,P,P,P,P,P,P,P,P,P,C,C,C,C,C,C,C,C,C,C,C,C,C,C,P,P,P,P,P,P,P,P,P,P,P,P,P,P,C,C,C,C,C,C,C,C,C,C,C,C,C,C,C,C,C,C,C,C,C,C,C,C,C,C,C,C,P,P,P,P,P,P,P,P,P,P,P,P,P,P,P,P,P,P,P,P,P,P,P,P,P,P,P,P,C,C,C,C,C,C,C,C,C,C,C,C,C,C,C,C,C,C,C,C,C,C,C,C,C,C,C,C,P,P,P,P,P,P,P,P,P,P,P,P,P,P,P,P,P,P,P,P,P,P,P,P,P,P,P,P,C,C,C,C,C,C,C,C,C,C,C,C,C,C,C,C,C,C,C,C,C,C,C,C,C,C,C,C,P,P,P,P,P,P,P,P,P,P,P,P,P,P,P,P,P,P,P,P,P,P,P,P,P,P,P,P,C,C,C,C,C,C,C,C,C,C,C,C,C,C,C,C,C,C,C,C,C,C,C,C,C,C,C,C,C,C,C,C,C,C,C,C,C,C,C,C,C,C,P,P,P,P,P,P,P,P,P,P,P,P,P,P,P,P,P,P,P,P,P,P,P,P,P,P,P,P,P,P,P,P,P,P,P,P,P,P,P,P,P,P,C,C,C,C,C,C,C,C,C,C,C,C,C,C,P,P,P,P,P,P,P,P,P,P,P,P,P,P,C,C,C,C,C,C,C,C,C,C,C,C,C,C,C,C,C,C,C,C,C,C,C,C,C,C,C,C,C,C,C,C,C,C,C,C,C,C,C,C,C,C,P,P,P,P,P,P,P,P,P,P,P,P,P,P,P,P,P,P,P,P,P,P,P,P,P,P,P,P,P,P,P,P,P,P,P,P,P,P,P,P,P,P,C,C,C,C,C,C,C,C,C,C,C,C,C,C,C,C,C,C,C,C,C,C,C,C,C,C,C,C,C,C,C,C,C,C,C,C,C,C,C,C,C,C,P,P,P,P,P,P,P,P,P,P,P,P,P,P,P,P,P,P,P,P,P,P,P,P,P,P,P,P,P,P,P,P,P,P,P,P,P,P,P,P,P,P
time,2125,2125,2125,2125,2125,2125,2125,2125,2125,2125,2125,2125,2125,2125,2150,2150,2150,2150,2150,2150,2150,2150,2150,2150,2150,2150,2150,2150,2175,2175,2175,2175,2175,2175,2175,2175,2175,2175,2175,2175,2175,2175,2200,2200,2200,2200,2200,2200,2200,2200,2200,2200,2200,2200,2200,2200,2225,2225,2225,2225,2225,2225,2225,2225,2225,2225,2225,2225,2225,2225,2250,2250,2250,2250,2250,2250,2250,2250,2250,2250,2250,2250,2250,2250,2275,2275,2275,2275,2275,2275,2275,2275,2275,2275,2275,2275,2275,2275,2300,2300,2300,2300,2300,2300,2300,2300,2300,2300,2300,2300,2300,2300,2325,2325,2325,2325,2325,2325,2325,2325,2325,2325,2325,2325,2325,2325,2350,2350,2350,2350,2350,2350,2350,2350,2350,2350,2350,2350,2350,2350,2375,2375,2375,2375,2375,2375,2375,2375,2375,2375,2375,2375,2375,2375,2400,2400,2400,2400,2400,2400,2400,2400,2400,2400,2400,2400,2400,2400,2425,2425,2425,2425,2425,2425,2425,2425,2425,2425,2425,2425,2425,2425,2450,2450,2450,2450,2450,2450,2450,2450,2450,2450,2450,2450,2450,2450,2475,2475,2475,2475,2475,2475,2475,2475,2475,2475,2475,2475,2475,2475,2500,2500,2500,2500,2500,2500,2500,2500,2500,2500,2500,2500,2500,2500,2550,2550,2550,2550,2550,2550,2550,2550,2550,2550,2550,2550,2550,2550,2600,2600,2600,2600,2600,2600,2600,2600,2600,2600,2600,2600,2600,2600,2650,2650,2650,2650,2650,2650,2650,2650,2650,2650,2650,2650,2650,2650,2700,2700,2700,2700,2700,2700,2700,2700,2700,2700,2700,2700,2700,2700,2750,2750,2750,2750,2750,2750,2750,2750,2750,2750,2750,2750,2750,2750,2800,2800,2800,2800,2800,2800,2800,2800,2800,2800,2800,2800,2800,2800,2850,2850,2850,2850,2850,2850,2850,2850,2850,2850,2850,2850,2850,2850,2900,2900,2900,2900,2900,2900,2900,2900,2900,2900,2900,2900,2900,2900,2950,2950,2950,2950,2950,2950,2950,2950,2950,2950,2950,2950,2950,2950,3000,3000,3000,3000,3000,3000,3000,3000,3000,3000,3000,3000,3000,3000,3050,3050,3050,3050,3050,3050,3050,3050,3050,3050,3050,3050,3050,3050,3100,3100,3100,3100,3100,3100,3100,3100,3100,3100,3100,3100,3100,3100,2125,2125,2125,2125,2125,2125,2125,2125,2125,2125,2125,2125,2125,2125,2150,2150,2150,2150,2150,2150,2150,2150,2150,2150,2150,2150,2150,2150,2175,2175,2175,2175,2175,2175,2175,2175,2175,2175,2175,2175,2175,2175,2200,2200,2200,2200,2200,2200,2200,2200,2200,2200,2200,2200,2200,2200,2225,2225,2225,2225,2225,2225,2225,2225,2225,2225,2225,2225,2225,2225,2250,2250,2250,2250,2250,2250,2250,2250,2250,2250,2250,2250,2250,2250,2275,2275,2275,2275,2275,2275,2275,2275,2275,2275,2275,2275,2275,2275,2300,2300,2300,2300,2300,2300,2300,2300,2300,2300,2300,2300,2300,2300,2325,2325,2325,2325,2325,2325,2325,2325,2325,2325,2325,2325,2325,2325,2350,2350,2350,2350,2350,2350,2350,2350,2350,2350,2350,2350,2350,2350,2375,2375,2375,2375,2375,2375,2375,2375,2375,2375,2375,2375,2375,2375,2400,2400,2400,2400,2400,2400,2400,2400,2400,2400,2400,2400,2400,2400,2425,2425,2425,2425,2425,2425,2425,2425,2425,2425,2425,2425,2425,2425,2450,2450,2450,2450,2450,2450,2450,2450,2450,2450,2450,2450,2450,2450,2475,2475,2475,2475,2475,2475,2475,2475,2475,2475,2475,2475,2475,2475,2500,2500,2500,2500,2500,2500,2500,2500,2500,2500,2500,2500,2500,2500,2550,2550,2550,2550,2550,2550,2550,2550,2550,2550,2550,2550,2550,2550,2600,2600,2600,2600,2600,2600,2600,2600,2600,2600,2600,2600,2600,2600,2650,2650,2650,2650,2650,2650,2650,2650,2650,2650,2650,2650,2650,2650,2700,2700,2700,2700,2700,2700,2700,2700,2700,2700,2700,2700,2700,2700,2750,2750,2750,2750,2750,2750,2750,2750,2750,2750,2750,2750,2750,2750,2800,2800,2800,2800,2800,2800,2800,2800,2800,2800,2800,2800,2800,2800,2850,2850,2850,2850,2850,2850,2850,2850,2850,2850,2850,2850,2850,2850,2900,2900,2900,2900,2900,2900,2900,2900,2900,2900,2900,2900,2900,2900,2950,2950,2950,2950,2950,2950,2950,2950,2950,2950,2950,2950,2950,2950,3000,3000,3000,3000,3000,3000,3000,3000,3000,3000,3000,3000,3000,3000,3050,3050,3050,3050,3050,3050,3050,3050,3050,3050,3050,3050,3050,3050,3100,3100,3100,3100,3100,3100,3100,3100,3100,3100,3100,3100,3100,3100,3150,3150,3150,3150,3150,3150,3150,3150,3150,3150,3150,3150,3150,3150,3150,3150,3150,3150,3150,3150,3150,3150,3150,3150,3150,3150,3150,3150,3200,3200,3200,3200,3200,3200,3200,3200,3200,3200,3200,3200,3200,3200,3250,3250,3250,3250,3250,3250,3250,3250,3250,3250,3250,3250,3250,3250,3200,3200,3200,3200,3200,3200,3200,3200,3200,3200,3200,3200,3200,3200,3250,3250,3250,3250,3250,3250,3250,3250,3250,3250,3250,3250,3250,3250,3300,3300,3300,3300,3300,3300,3300,3300,3300,3300,3300,3300,3300,3300,3300,3300,3300,3300,3300,3300,3300,3300,3300,3300,3300,3300,3300,3300,3350,3350,3350,3350,3350,3350,3350,3350,3350,3350,3350,3350,3350,3350,3400,3400,3400,3400,3400,3400,3400,3400,3400,3400,3400,3400,3400,3400,3350,3350,3350,3350,3350,3350,3350,3350,3350,3350,3350,3350,3350,3350,3400,3400,3400,3400,3400,3400,3400,3400,3400,3400,3400,3400,3400,3400,3450,3450,3450,3450,3450,3450,3450,3450,3450,3450,3450,3450,3450,3450,3500,3500,3500,3500,3500,3500,3500,3500,3500,3500,3500,3500,3500,3500,3450,3450,3450,3450,3450,3450,3450,3450,3450,3450,3450,3450,3450,3450,3500,3500,3500,3500,3500,3500,3500,3500,3500,3500,3500,3500,3500,3500,3550,3550,3550,3550,3550,3550,3550,3550,3550,3550,3550,3550,3550,3550,3600,3600,3600,3600,3600,3600,3600,3600,3600,3600,3600,3600,3600,3600,3550,3550,3550,3550,3550,3550,3550,3550,3550,3550,3550,3550,3550,3550,3600,3600,3600,3600,3600,3600,3600,3600,3600,3600,3600,3600,3600,3600,3650,3650,3650,3650,3650,3650,3650,3650,3650,3650,3650,3650,3650,3650,3700,3700,3700,3700,3700,3700,3700,3700,3700,3700,3700,3700,3700,3700,3750,3750,3750,3750,3750,3750,3750,3750,3750,3750,3750,3750,3750,3750,3650,3650,3650,3650,3650,3650,3650,3650,3650,3650,3650,3650,3650,3650,3700,3700,3700,3700,3700,3700,3700,3700,3700,3700,3700,3700,3700,3700,3750,3750,3750,3750,3750,3750,3750,3750,3750,3750,3750,3750,3750,3750,3800,3800,3800,3800,3800,3800,3800,3800,3800,3800,3800,3800,3800,3800,3800,3800,3800,3800,3800,3800,3800,3800,3800,3800,3800,3800,3800,3800,3850,3850,3850,3850,3850,3850,3850,3850,3850,3850,3850,3850,3850,3850,3900,3900,3900,3900,3900,3900,3900,3900,3900,3900,3900,3900,3900,3900,3950,3950,3950,3950,3950,3950,3950,3950,3950,3950,3950,3950,3950,3950,3850,3850,3850,3850,3850,3850,3850,3850,3850,3850,3850,3850,3850,3850,3900,3900,3900,3900,3900,3900,3900,3900,3900,3900,3900,3900,3900,3900,3950,3950,3950,3950,3950,3950,3950,3950,3950,3950,3950,3950,3950,3950,4000,4000,4000,4000,4000,4000,4000,4000,4000,4000,4000,4000,4000,4000,4050,4050,4050,4050,4050,4050,4050,4050,4050,4050,4050,4050,4050,4050,4100,4100,4100,4100,4100,4100,4100,4100,4100,4100,4100,4100,4100,4100,4000,4000,4000,4000,4000,4000,4000,4000,4000,4000,4000,4000,4000,4000,4050,4050,4050,4050,4050,4050,4050,4050,4050,4050,4050,4050,4050,4050,4100,4100,4100,4100,4100,4100,4100,4100,4100,4100,4100,4100,4100,4100
time,open,high,low,close,volume,oi,settle,exercise,imp_vol_h,imp_vol_l,imp_vol_c,delta_h,delta_l,delta_c,open,high,low,close,volume,oi,settle,exercise,imp_vol_h,imp_vol_l,imp_vol_c,delta_h,delta_l,delta_c,open,high,low,close,volume,oi,settle,exercise,imp_vol_h,imp_vol_l,imp_vol_c,delta_h,delta_l,delta_c,open,high,low,close,volume,oi,settle,exercise,imp_vol_h,imp_vol_l,imp_vol_c,delta_h,delta_l,delta_c,open,high,low,close,volume,oi,settle,exercise,imp_vol_h,imp_vol_l,imp_vol_c,delta_h,delta_l,delta_c,open,high,low,close,volume,oi,settle,exercise,imp_vol_h,imp_vol_l,imp_vol_c,delta_h,delta_l,delta_c,open,high,low,close,volume,oi,settle,exercise,imp_vol_h,imp_vol_l,imp_vol_c,delta_h,delta_l,delta_c,open,high,low,close,volume,oi,settle,exercise,imp_vol_h,imp_vol_l,imp_vol_c,delta_h,delta_l,delta_c,open,high,low,close,volume,oi,settle,exercise,imp_vol_h,imp_vol_l,imp_vol_c,delta_h,delta_l,delta_c,open,high,low,close,volume,oi,settle,exercise,imp_vol_h,imp_vol_l,imp_vol_c,delta_h,delta_l,delta_c,open,high,low,close,volume,oi,settle,exercise,imp_vol_h,imp_vol_l,imp_vol_c,delta_h,delta_l,delta_c,open,high,low,close,volume,oi,settle,exercise,imp_vol_h,imp_vol_l,imp_vol_c,delta_h,delta_l,delta_c,open,high,low,close,volume,oi,settle,exercise,imp_vol_h,imp_vol_l,imp_vol_c,delta_h,delta_l,delta_c,open,high,low,close,volume,oi,settle,exercise,imp_vol_h,imp_vol_l,imp_vol_c,delta_h,delta_l,delta_c,open,high,low,close,volume,oi,settle,exercise,imp_vol_h,imp_vol_l,imp_vol_c,delta_h,delta_l,delta_c,open,high,low,close,volume,oi,settle,exercise,imp_vol_h,imp_vol_l,imp_vol_c,delta_h,delta_l,delta_c,open,high,low,close,volume,oi,settle,exercise,imp_vol_h,imp_vol_l,imp_vol_c,delta_h,delta_l,delta_c,open,high,low,close,volume,oi,settle,exercise,imp_vol_h,imp_vol_l,imp_vol_c,delta_h,delta_l,delta_c,open,high,low,close,volume,oi,settle,exercise,imp_vol_h,imp_vol_l,imp_vol_c,delta_h,delta_l,delta_c,open,high,low,close,volume,oi,settle,exercise,imp_vol_h,imp_vol_l,imp_vol_c,delta_h,delta_l,delta_c,open,high,low,close,volume,oi,settle,exercise,imp_vol_h,imp_vol_l,imp_vol_c,delta_h,delta_l,delta_c,open,high,low,close,volume,oi,settle,exercise,imp_vol_h,imp_vol_l,imp_vol_c,delta_h,delta_l,delta_c,open,high,low,close,volume,oi,settle,exercise,imp_vol_h,imp_vol_l,imp_vol_c,delta_h,delta_l,delta_c,open,high,low,close,volume,oi,settle,exercise,imp_vol_h,imp_vol_l,imp_vol_c,delta_h,delta_l,delta_c,open,high,low,close,volume,oi,settle,exercise,imp_vol_h,imp_vol_l,imp_vol_c,delta_h,delta_l,delta_c,open,high,low,close,volume,oi,settle,exercise,imp_vol_h,imp_vol_l,imp_vol_c,delta_h,delta_l,delta_c,open,high,low,close,volume,oi,settle,exercise,imp_vol_h,imp_vol_l,imp_vol_c,delta_h,delta_l,delta_c,open,high,low,close,volume,oi,settle,exercise,imp_vol_h,imp_vol_l,imp_vol_c,delta_h,delta_l,delta_c,open,high,low,close,volume,oi,settle,exercise,imp_vol_h,imp_vol_l,imp_vol_c,delta_h,delta_l,delta_c,open,high,low,close,volume,oi,settle,exercise,imp_vol_h,imp_vol_l,imp_vol_c,delta_h,delta_l,delta_c,open,high,low,close,volume,oi,settle,exercise,imp_vol_h,imp_vol_l,imp_vol_c,delta_h,delta_l,delta_c,open,high,low,close,volume,oi,settle,exercise,imp_vol_h,imp_vol_l,imp_vol_c,delta_h,delta_l,delta_c,open,high,low,close,volume,oi,settle,exercise,imp_vol_h,imp_vol_l,imp_vol_c,delta_h,delta_l,delta_c,open,high,low,close,volume,oi,settle,exercise,imp_vol_h,imp_vol_l,imp_vol_c,delta_h,delta_l,delta_c,open,high,low,close,volume,oi,settle,exercise,imp_vol_h,imp_vol_l,imp_vol_c,delta_h,delta_l,delta_c,open,high,low,close,volume,oi,settle,exercise,imp_vol_h,imp_vol_l,imp_vol_c,delta_h,delta_l,delta_c,open,high,low,close,volume,oi,settle,exercise,imp_vol_h,imp_vol_l,imp_vol_c,delta_h,delta_l,delta_c,open,high,low,close,volume,oi,settle,exercise,imp_vol_h,imp_vol_l,imp_vol_c,delta_h,delta_l,delta_c,open,high,low,close,volume,oi,settle,exercise,imp_vol_h,imp_vol_l,imp_vol_c,delta_h,delta_l,delta_c,open,high,low,close,volume,oi,settle,exercise,imp_vol_h,imp_vol_l,imp_vol_c,delta_h,delta_l,delta_c,open,high,low,close,volume,oi,settle,exercise,imp_vol_h,imp_vol_l,imp_vol_c,delta_h,delta_l,delta_c,open,high,low,close,volume,oi,settle,exercise,imp_vol_h,imp_vol_l,imp_vol_c,delta_h,delta_l,delta_c,open,high,low,close,volume,oi,settle,exercise,imp_vol_h,imp_vol_l,imp_vol_c,delta_h,delta_l,delta_c,open,high,low,close,volume,oi,settle,exercise,imp_vol_h,imp_vol_l,imp_vol_c,delta_h,delta_l,delta_c,open,high,low,close,volume,oi,settle,exercise,imp_vol_h,imp_vol_l,imp_vol_c,delta_h,delta_l,delta_c,open,high,low,close,volume,oi,settle,exercise,imp_vol_h,imp_vol_l,imp_vol_c,delta_h,delta_l,delta_c,open,high,low,close,volume,oi,settle,exercise,imp_vol_h,imp_vol_l,imp_vol_c,delta_h,delta_l,delta_c,open,high,low,close,volume,oi,settle,exercise,imp_vol_h,imp_vol_l,imp_vol_c,delta_h,delta_l,delta_c,open,high,low,close,volume,oi,settle,exercise,imp_vol_h,imp_vol_l,imp_vol_c,delta_h,delta_l,delta_c,open,high,low,close,volume,oi,settle,exercise,imp_vol_h,imp_vol_l,imp_vol_c,delta_h,delta_l,delta_c,open,high,low,close,volume,oi,settle,exercise,imp_vol_h,imp_vol_l,imp_vol_c,delta_h,delta_l,delta_c,open,high,low,close,volume,oi,settle,exercise,imp_vol_h,imp_vol_l,imp_vol_c,delta_h,delta_l,delta_c,open,high,low,close,volume,oi,settle,exercise,imp_vol_h,imp_vol_l,imp_vol_c,delta_h,delta_l,delta_c,open,high,low,close,volume,oi,settle,exercise,imp_vol_h,imp_vol_l,imp_vol_c,delta_h,delta_l,delta_c,open,high,low,close,volume,oi,settle,exercise,imp_vol_h,imp_vol_l,imp_vol_c,delta_h,delta_l,delta_c,open,high,low,close,volume,oi,settle,exercise,imp_vol_h,imp_vol_l,imp_vol_c,delta_h,delta_l,delta_c,open,high,low,close,volume,oi,settle,exercise,imp_vol_h,imp_vol_l,imp_vol_c,delta_h,delta_l,delta_c,open,high,low,close,volume,oi,settle,exercise,imp_vol_h,imp_vol_l,imp_vol_c,delta_h,delta_l,delta_c,open,high,low,close,volume,oi,settle,exercise,imp_vol_h,imp_vol_l,imp_vol_c,delta_h,delta_l,delta_c,open,high,low,close,volume,oi,settle,exercise,imp_vol_h,imp_vol_l,imp_vol_c,delta_h,delta_l,delta_c,open,high,low,close,volume,oi,settle,exercise,imp_vol_h,imp_vol_l,imp_vol_c,delta_h,delta_l,delta_c,open,high,low,close,volume,oi,settle,exercise,imp_vol_h,imp_vol_l,imp_vol_c,delta_h,delta_l,delta_c,open,high,low,close,volume,oi,settle,exercise,imp_vol_h,imp_vol_l,imp_vol_c,delta_h,delta_l,delta_c,open,high,low,close,volume,oi,settle,exercise,imp_vol_h,imp_vol_l,imp_vol_c,delta_h,delta_l,delta_c,open,high,low,close,volume,oi,settle,exercise,imp_vol_h,imp_vol_l,imp_vol_c,delta_h,delta_l,delta_c,open,high,low,close,volume,oi,settle,exercise,imp_vol_h,imp_vol_l,imp_vol_c,delta_h,delta_l,delta_c,open,high,low,close,volume,oi,settle,exercise,imp_vol_h,imp_vol_l,imp_vol_c,delta_h,delta_l,delta_c,open,high,low,close,volume,oi,settle,exercise,imp_vol_h,imp_vol_l,imp_vol_c,delta_h,delta_l,delta_c,open,high,low,close,volume,oi,settle,exercise,imp_vol_h,imp_vol_l,imp_vol_c,delta_h,delta_l,delta_c,open,high,low,close,volume,oi,settle,exercise,imp_vol_h,imp_vol_l,imp_vol_c,delta_h,delta_l,delta_c,open,high,low,close,volume,oi,settle,exercise,imp_vol_h,imp_vol_l,imp_vol_c,delta_h,delta_l,delta_c,open,high,low,close,volume,oi,settle,exercise,imp_vol_h,imp_vol_l,imp_vol_c,delta_h,delta_l,delta_c,open,high,low,close,volume,oi,settle,exercise,imp_vol_h,imp_vol_l,imp_vol_c,delta_h,delta_l,delta_c,open,high,low,close,volume,oi,settle,exercise,imp_vol_h,imp_vol_l,imp_vol_c,delta_h,delta_l,delta_c,open,high,low,close,volume,oi,settle,exercise,imp_vol_h,imp_vol_l,imp_vol_c,delta_h,delta_l,delta_c,open,high,low,close,volume,oi,settle,exercise,imp_vol_h,imp_vol_l,imp_vol_c,delta_h,delta_l,delta_c,open,high,low,close,volume,oi,settle,exercise,imp_vol_h,imp_vol_l,imp_vol_c,delta_h,delta_l,delta_c,open,high,low,close,volume,oi,settle,exercise,imp_vol_h,imp_vol_l,imp_vol_c,delta_h,delta_l,delta_c,open,high,low,close,volume,oi,settle,exercise,imp_vol_h,imp_vol_l,imp_vol_c,delta_h,delta_l,delta_c,open,high,low,close,volume,oi,settle,exercise,imp_vol_h,imp_vol_l,imp_vol_c,delta_h,delta_l,delta_c,open,high,low,close,volume,oi,settle,exercise,imp_vol_h,imp_vol_l,imp_vol_c,delta_h,delta_l,delta_c,open,high,low,close,volume,oi,settle,exercise,imp_vol_h,imp_vol_l,imp_vol_c,delta_h,delta_l,delta_c,open,high,low,close,volume,oi,settle,exercise,imp_vol_h,imp_vol_l,imp_vol_c,delta_h,delta_l,delta_c,open,high,low,close,volume,oi,settle,exercise,imp_vol_h,imp_vol_l,imp_vol_c,delta_h,delta_l,delta_c,open,high,low,close,volume,oi,settle,exercise,imp_vol_h,imp_vol_l,imp_vol_c,delta_h,delta_l,delta_c,open,high,low,close,volume,oi,settle,exercise,imp_vol_h,imp_vol_l,imp_vol_c,delta_h,delta_l,delta_c,open,high,low,close,volume,oi,settle,exercise,imp_vol_h,imp_vol_l,imp_vol_c,delta_h,delta_l,delta_c,open,high,low,close,volume,oi,settle,exercise,imp_vol_h,imp_vol_l,imp_vol_c,delta_h,delta_l,delta_c,open,high,low,close,volume,oi,settle,exercise,imp_vol_h,imp_vol_l,imp_vol_c,delta_h,delta_l,delta_c,open,high,low,close,volume,oi,settle,exercise,imp_vol_h,imp_vol_l,imp_vol_c,delta_h,delta_l,delta_c,open,high,low,close,volume,oi,settle,exercise,imp_vol_h,imp_vol_l,imp_vol_c,delta_h,delta_l,delta_c,open,high,low,close,volume,oi,settle,exercise,imp_vol_h,imp_vol_l,imp_vol_c,delta_h,delta_l,delta_c,open,high,low,close,volume,oi,settle,exercise,imp_vol_h,imp_vol_l,imp_vol_c,delta_h,delta_l,delta_c,open,high,low,close,volume,oi,settle,exercise,imp_vol_h,imp_vol_l,imp_vol_c,delta_h,delta_l,delta_c,open,high,low,close,volume,oi,settle,exercise,imp_vol_h,imp_vol_l,imp_vol_c,delta_h,delta_l,delta_c,open,high,low,close,volume,oi,settle,exercise,imp_vol_h,imp_vol_l,imp_vol_c,delta_h,delta_l,delta_c
2021-07-08,0.0,0.0,0.0,0.0,0.0,0.0,459.5,0.0,0,0,0,0,0,0,0.0,0.0,0.0,0.0,0.0,9.0,436.5,0.0,0,0,0,0,0,0,0.0,0.0,0.0,0.0,0.0,6.0,413.5,0.0,0,0,0,0,0,0,0.0,0.0,0.0,0.0,0.0,6.0,391.0,0.0,0,0,0,0,0,0,0.0,0.0,0.0,0.0,0.0,6.0,369.5,0.0,0,0,0,0,0,0,0.0,0.0,0.0,0.0,0.0,6.0,348.0,0.0,0,0,0,0,0,0,0.0,0.0,0.0,0.0,0.0,3.0,327.0,0.0,0,0,0,0,0,0,0.0,0.0,0.0,0.0,0.0,3.0,307.0,0.0,0,0,0,0,0,0,0.0,0.0,0.0,0.0,0.0,3.0,287.0,0.0,0,0,0,0,0,0,0.0,0.0,0.0,0.0,0.0,3.0,268.0,0.0,0,0,0,0,0,0,0.0,0.0,0.0,0.0,0.0,6.0,249.5,0.0,0,0,0,0,0,0,0.0,0.0,0.0,0.0,0.0,18.0,232.0,0.0,0,0,0,0,0,0,0.0,0.0,0.0,0.0,0.0,19.0,215.5,0.0,0.0,0.0,0.0,0.0,0.0,0.0,201.0,201.0,186.5,195.5,59.0,37.0,199.0,0.0,0.19037,0.22891,0.21831,0.7624,0.6797,0.71,186.5,186.5,186.0,186.0,30.0,37.0,184.0,0.0,0.19761,0.25932,0.23245,0.7229,0.6371,0.6707,172.5,172.5,159.5,159.5,26.0,40.0,169.5,0.0,0.2032,0.23486,0.20945,0.6851,0.6143,0.6497,147.0,147.0,136.0,140.5,71.0,31.0,144.0,0.0,0.21269,0.24077,0.22774,0.6118,0.5504,0.5767,124.0,125.0,114.0,116.5,49.0,35.0,121.0,0.0,0.22125,0.24332,0.22907,0.5425,0.4886,0.5113,110.0,110.0,99.0,99.5,68.0,40.0,101.5,0.0,0.23636,0.25364,0.23762,0.4803,0.4332,0.4505,88.5,88.5,80.0,80.0,75.0,44.0,85.0,0.0,0.23344,0.25096,0.23575,0.4179,0.3759,0.3895,75.0,75.0,69.5,69.5,72.0,53.0,71.5,0.0,0.24054,0.26055,0.24656,0.3647,0.3311,0.3418,63.5,63.5,55.0,55.0,49.0,50.0,59.5,0.0,0.24708,0.25718,0.24445,0.3173,0.2808,0.2893,56.5,56.5,45.5,50.0,63.0,67.0,50.5,0.0,0.25933,0.26043,0.25927,0.2812,0.2408,0.2581,47.0,47.0,40.5,40.5,88.0,76.0,42.5,0.0,0.26258,0.27137,0.26018,0.2422,0.2134,0.2188,41.0,41.0,32.5,32.5,82.0,64.0,36.0,0.0,0.27088,0.2712,0.26076,0.2129,0.1794,0.1836,34.0,34.0,27.5,30.5,105.0,96.0,30.5,0.0,0.27354,0.27624,0.27556,0.1823,0.1546,0.1674,29.0,29.0,23.5,23.5,96.0,90.0,26.5,0.0,0.27879,0.28181,0.27238,0.1581,0.1339,0.1366,26.5,27.0,20.0,20.0,144.0,112.0,22.5,0.0,0.29134,0.28672,0.27769,0.1442,0.1157,0.1179,11.5,11.5,11.5,11.5,10.0,82.0,10.5,0.0,0.2813,0.26408,0.27198,-0.066,-0.0708,-0.0686,13.0,14.0,13.0,14.0,5.0,77.0,12.5,0.0,0.27701,0.26434,0.27256,-0.0742,-0.0835,-0.0807,15.0,16.0,14.5,16.0,39.0,55.0,15.0,0.0,0.27183,0.26057,0.26905,-0.0827,-0.0944,-0.0912,18.5,18.5,18.5,18.5,2.0,28.0,17.5,0.0,0.27692,0.25782,0.26659,-0.0995,-0.1074,-0.1037,0.0,0.0,0.0,0.0,0.0,37.0,20.5,0.0,0.0,0.0,0.0,0.0,0.0,0.0,0.0,0.0,0.0,0.0,0.0,31.0,24.0,0.0,0.0,0.0,0.0,0.0,0.0,0.0,0.0,0.0,0.0,0.0,0.0,22.0,28.0,0.0,0.0,0.0,0.0,0.0,0.0,0.0,29.5,34.5,29.5,32.5,234.0,172.0,32.5,0.0,0.26077,0.2538,0.25815,-0.153,-0.1795,-0.1678,34.5,39.0,34.0,38.0,133.0,109.0,37.5,0.0,0.25955,0.25063,0.25859,-0.1719,-0.1995,-0.1894,41.0,48.0,41.0,44.0,118.0,83.0,43.5,0.0,0.26374,0.25766,0.2587,-0.1962,-0.2287,-0.212,49.0,51.0,48.0,50.5,66.0,47.0,50.0,0.0,0.26585,0.24794,0.25847,-0.2201,-0.2469,-0.2357,56.0,62.5,56.0,57.0,21.0,23.0,57.5,0.0,0.26862,0.25698,0.25672,-0.2452,-0.2791,-0.2595,62.0,66.0,61.5,66.0,83.0,26.0,65.5,0.0,0.26398,0.24623,0.25917,-0.2666,-0.3003,-0.2869,70.5,80.0,70.5,80.0,64.0,42.0,73.5,0.0,0.26591,0.25681,0.27053,-0.2931,-0.3337,-0.3189,81.0,90.0,80.5,90.0,89.0,26.0,84.0,0.0,0.26836,0.25705,0.27148,-0.3202,-0.3622,-0.3457,93.0,101.0,91.5,95.5,49.0,27.0,94.0,0.0,0.27127,0.25779,0.262,-0.3477,-0.3912,-0.3701,115.5,127.0,115.0,118.0,54.0,47.0,118.0,0.0,0.27557,0.26263,0.26218,-0.4021,-0.4495,-0.4268,147.0,153.5,143.0,147.5,49.0,48.0,145.0,0.0,0.28294,0.26277,0.27017,-0.4555,-0.5067,-0.4827,177.5,182.5,173.0,178.0,31.0,35.0,175.0,0.0,0.28894,0.26236,0.27478,-0.5063,-0.5629,-0.5358,210.5,218.0,210.5,218.0,12.0,17.0,208.5,0.0,0.30445,0.26959,0.2929,-0.5504,-0.6123,-0.579,246.0,248.5,242.5,248.0,53.0,38.0,244.5,0.0,0.30545,0.26191,0.28739,-0.5958,-0.6678,-0.6294,280.5,286.5,280.5,286.5,52.0,45.0,282.0,0.0,0.31425,0.26497,0.29466,-0.6341,-0.7121,-0.669,0.0,0.0,0.0,0.0,0.0,6.0,322.5,0.0,0.0,0.0,0.0,0.0,0.0,0.0,0.0,0.0,0.0,0.0,0.0,0.0,364.5,0.0,0.0,0.0,0.0,0.0,0.0,0.0,0.0,0.0,0.0,0.0,0.0,0.0,408.0,0.0,0.0,0.0,0.0,0.0,0.0,0.0,0.0,0.0,0.0,0.0,0.0,3.0,452.0,0.0,0.0,0.0,0.0,0.0,0.0,0.0,0.0,0.0,0.0,0.0,0.0,0.0,497.5,0.0,0.0,0.0,0.0,0.0,0.0,0.0,0.0,0.0,0.0,0.0,0.0,0.0,543.5,0.0,0.0,0.0,0.0,0.0,0.0,0.0,,,,,,,,,,,,,,,,,,,,,,,,,,,,,,,,,,,,,,,,,,,,,,,,,,,,,,,,,,,,,,,,,,,,,,,,,,,,,,,,,,,,,,,,,,,,,,,,,,,,,,,,,,,,,,,,,,,,,,,,,,,,,,,,,,,,,,,,,,,,,,,,,,,,,,,,,,,,,,,,,,,,,,,,,,,,,,,,,,,,,,,,,,,,,,,,,,,,,,,,,,,,,,,,,,,,,,,,,,,,,,,,,,,,,,,,,,,,,,,,,,,,,,,,,,,,,,,,,,,,,,,,,,,,,,,,,,,,,,,,,,,,,,,,,,,,,,,,,,,,,,,,,,,,,,,,,,,,,,,,,,,,,,,,,,,,,,,,,,,,,,,,,,,,,,,,,,,,,,,,,,,,,,,,,,,,,,,,,,,,,,,,,,,,,,,,,,,,,,,,,,,,,,,,,,,,,,,,,,,,,,,,,,,,,,,,,,,,,,,,,,,,,,,,,,,,,,,,,,,,,,,,,,,,,,,,,,,,,,,,,,,,,,,,,,,,,,,,,,,,,,,,,,,,,,,,,,,,,,,,,,,,,,,,,,,,,,,,,,,,,,,,,,,,,,,,,,,,,,,,
2021-07-09,0.0,0.0,0.0,0.0,0.0,0.0,462.5,0.0,0,0,0,0,0,0,0.0,0.0,0.0,0.0,0.0,9.0,439.0,0.0,0,0,0,0,0,0,0.0,0.0,0.0,0.0,0.0,6.0,416.5,0.0,0,0,0,0,0,0,0.0,0.0,0.0,0.0,0.0,6.0,394.0,0.0,0,0,0,0,0,0,0.0,0.0,0.0,0.0,0.0,6.0,372.0,0.0,0,0,0,0,0,0,0.0,0.0,0.0,0.0,0.0,6.0,350.5,0.0,0,0,0,0,0,0,0.0,0.0,0.0,0.0,0.0,3.0,329.0,0.0,0,0,0,0,0,0,0.0,0.0,0.0,0.0,0.0,3.0,309.0,0.0,0,0,0,0,0,0,0.0,0.0,0.0,0.0,0.0,3.0,289.0,0.0,0,0,0,0,0,0,0.0,0.0,0.0,0.0,0.0,3.0,269.5,0.0,0,0,0,0,0,0,0.0,0.0,0.0,0.0,0.0,6.0,251.0,0.0,0,0,0,0,0,0,0.0,0.0,0.0,0.0,0.0,18.0,233.0,0.0,0,0,0,0,0,0,0.0,0.0,0.0,0.0,0.0,19.0,216.5,0.0,0.0,0.0,0.0,0.0,0.0,0.0,192.5,192.5,192.5,192.5,1.0,38.0,200.0,0.0,0.08576,0.22998,0.1038,0.9591,0.6902,0.9228,210.5,210.5,210.5,210.5,2.0,37.0,185.0,0.0,0.2084,0.29907,0.21355,0.747,0.6355,0.7393,164.0,194.5,164.0,194.5,3.0,40.0,170.5,0.0,0.21119,0.23411,0.21583,0.7138,0.6259,0.7069,154.0,165.0,154.0,165.0,6.0,31.0,144.0,0.0,0.21601,0.26734,0.21987,0.6463,0.5605,0.6407,117.5,140.0,117.5,138.5,71.0,65.0,121.0,0.0,0.22233,0.24293,0.22276,0.5781,0.4992,0.5741,98.5,117.5,98.5,117.5,70.0,63.0,101.0,0.0,0.22667,0.24651,0.22954,0.5124,0.4399,0.509,82.5,93.0,82.5,93.0,13.0,53.0,84.5,0.0,0.22117,0.25054,0.22368,0.4459,0.3849,0.443,68.5,82.5,68.5,82.5,19.0,60.0,71.0,0.0,0.23655,0.25362,0.23883,0.3931,0.334,0.3909,57.5,57.5,56.0,56.0,30.0,46.0,59.0,0.0,0.21785,0.25512,0.21671,0.3205,0.2865,0.3157,48.0,58.5,47.5,58.5,28.0,77.0,49.5,0.0,0.24809,0.2614,0.25,0.2965,0.2485,0.2952,40.5,44.0,40.0,44.0,23.0,80.0,41.5,0.0,0.24118,0.26651,0.24292,0.2438,0.2144,0.2427,36.5,42.0,36.5,42.0,7.0,62.0,35.0,0.0,0.25997,0.27934,0.26164,0.2226,0.1927,0.2218,29.0,30.5,29.0,30.5,25.0,84.0,29.5,0.0,0.2512,0.27802,0.25272,0.1774,0.1608,0.1767,26.0,29.0,26.0,29.0,14.0,100.0,25.0,0.0,0.26703,0.28769,0.26851,0.1626,0.1434,0.1621,21.0,25.0,20.0,25.0,54.0,122.0,21.5,0.0,0.27351,0.2842,0.27492,0.1416,0.1166,0.1411,0.0,0.0,0.0,0.0,0.0,82.0,9.5,0.0,0.0,0.0,0.0,0.0,0.0,0.0,0.0,0.0,0.0,0.0,0.0,77.0,11.5,0.0,0.0,0.0,0.0,0.0,0.0,0.0,0.0,0.0,0.0,0.0,0.0,55.0,13.5,0.0,0.0,0.0,0.0,0.0,0.0,0.0,16.0,17.0,16.0,17.0,14.0,35.0,16.0,0.0,0.27838,0.2567,0.28176,-0.0875,-0.1008,-0.0911,0.0,0.0,0.0,0.0,0.0,37.0,19.0,0.0,0.0,0.0,0.0,0.0,0.0,0.0,0.0,0.0,0.0,0.0,0.0,31.0,22.5,0.0,0.0,0.0,0.0,0.0,0.0,0.0,0.0,0.0,0.0,0.0,0.0,22.0,26.0,0.0,0.0,0.0,0.0,0.0,0.0,0.0,32.5,32.5,24.5,24.5,20.0,173.0,30.5,0.0,0.25822,0.25379,0.25683,-0.1324,-0.1716,-0.1332,37.0,37.0,28.0,28.0,10.0,109.0,35.5,0.0,0.25565,0.25118,0.25422,-0.1487,-0.1915,-0.1495,42.0,42.0,42.0,42.0,2.0,83.0,41.5,0.0,0.28197,0.24857,0.28041,-0.1885,-0.213,-0.1895,49.5,49.5,49.5,49.5,12.0,55.0,47.5,0.0,0.28587,0.25081,0.28423,-0.2115,-0.2396,-0.2127,56.5,56.5,52.0,52.0,12.0,33.0,54.5,0.0,0.27566,0.25004,0.27398,-0.2263,-0.2652,-0.2276,64.5,64.5,52.0,52.0,14.0,33.0,62.5,0.0,0.25894,0.24997,0.25722,-0.238,-0.2923,-0.2395,73.5,73.5,73.5,73.5,17.0,45.0,71.0,0.0,0.29079,0.25049,0.28893,-0.2806,-0.3207,-0.2823,83.5,84.5,77.5,77.5,32.0,41.0,80.5,0.0,0.28102,0.25356,0.27909,-0.2996,-0.3507,-0.3015,94.5,95.5,81.5,81.5,57.0,48.0,91.0,0.0,0.27052,0.25494,0.26852,-0.32,-0.3802,-0.3221,118.5,118.5,111.5,111.5,45.0,72.0,114.5,0.0,0.29057,0.25514,0.28834,-0.3774,-0.4392,-0.3799,138.0,138.0,121.0,121.0,36.0,59.0,141.0,0.0,0.26512,0.24295,0.26268,-0.4265,-0.5008,-0.4296,176.0,176.0,148.0,148.0,2.0,36.0,170.5,0.0,0.26839,0.26066,0.26568,-0.4817,-0.5541,-0.4854,212.5,212.5,181.0,181.0,4.0,20.0,204.0,0.0,0.27778,0.2707,0.27477,-0.5328,-0.6029,-0.537,0.0,0.0,0.0,0.0,0.0,38.0,239.5,0.0,0.0,0.0,0.0,0.0,0.0,0.0,0.0,0.0,0.0,0.0,0.0,45.0,277.5,0.0,0.0,0.0,0.0,0.0,0.0,0.0,0.0,0.0,0.0,0.0,0.0,6.0,317.5,0.0,0.0,0.0,0.0,0.0,0.0,0.0,0.0,0.0,0.0,0.0,0.0,0.0,359.5,0.0,0.0,0.0,0.0,0.0,0.0,0.0,0.0,0.0,0.0,0.0,0.0,0.0,402.5,0.0,0.0,0.0,0.0,0.0,0.0,0.0,0.0,0.0,0.0,0.0,0.0,3.0,447.0,0.0,0.0,0.0,0.0,0.0,0.0,0.0,0.0,0.0,0.0,0.0,0.0,0.0,492.5,0.0,0.0,0.0,0.0,0.0,0.0,0.0,0.0,0.0,0.0,0.0,0.0,0.0,538.5,0.0,0.0,0.0,0.0,0.0,0.0,0.0,,,,,,,,,,,,,,,,,,,,,,,,,,,,,,,,,,,,,,,,,,,,,,,,,,,,,,,,,,,,,,,,,,,,,,,,,,,,,,,,,,,,,,,,,,,,,,,,,,,,,,,,,,,,,,,,,,,,,,,,,,,,,,,,,,,,,,,,,,,,,,,,,,,,,,,,,,,,,,,,,,,,,,,,,,,,,,,,,,,,,,,,,,,,,,,,,,,,,,,,,,,,,,,,,,,,,,,,,,,,,,,,,,,,,,,,,,,,,,,,,,,,,,,,,,,,,,,,,,,,,,,,,,,,,,,,,,,,,,,,,,,,,,,,,,,,,,,,,,,,,,,,,,,,,,,,,,,,,,,,,,,,,,,,,,,,,,,,,,,,,,,,,,,,,,,,,,,,,,,,,,,,,,,,,,,,,,,,,,,,,,,,,,,,,,,,,,,,,,,,,,,,,,,,,,,,,,,,,,,,,,,,,,,,,,,,,,,,,,,,,,,,,,,,,,,,,,,,,,,,,,,,,,,,,,,,,,,,,,,,,,,,,,,,,,,,,,,,,,,,,,,,,,,,,,,,,,,,,,,,,,,,,,,,,,,,,,,,,,,,,,,,,,,,,,,,,,,,,,,,
2021-07-12,0.0,0.0,0.0,0.0,0.0,0.0,527.0,0.0,0,0,0,0,0,0,0.0,0.0,0.0,0.0,0.0,9.0,503.0,0.0,0,0,0,0,0,0,0.0,0.0,0.0,0.0,0.0,6.0,479.5,0.0,0,0,0,0,0,0,0.0,0.0,0.0,0.0,0.0,6.0,456.0,0.0,0,0,0,0,0,0,0.0,0.0,0.0,0.0,0.0,6.0,433.0,0.0,0,0,0,0,0,0,0.0,0.0,0.0,0.0,0.0,6.0,410.5,0.0,0,0,0,0,0,0,0.0,0.0,0.0,0.0,0.0,3.0,388.0,0.0,0,0,0,0,0,0,0.0,0.0,0.0,0.0,0.0,3.0,366.5,0.0,0,0,0,0,0,0,0.0,0.0,0.0,0.0,0.0,3.0,345.0,0.0,0,0,0,0,0,0,0.0,0.0,0.0,0.0,0.0,3.0,324.0,0.0,0,0,0,0,0,0,0.0,0.0,0.0,0.0,0.0,6.0,304.0,0.0,0,0,0,0,0,0,0.0,0.0,0.0,0.0,0.0,18.0,284.0,0.0,0,0,0,0,0,0,0.0,0.0,0.0,0.0,0.0,19.0,265.5,0.0,0.0,0.0,0.0,0.0,0.0,0.0,243.5,248.5,243.5,248.5,4.0,42.0,247.0,0.0,0.1684,0.24373,0.22171,0.8687,0.7527,0.7883,239.0,239.0,239.0,239.0,6.0,37.0,229.5,0.0,0.20057,0.27243,0.24282,0.8038,0.7091,0.7447,223.0,223.0,223.0,223.0,2.0,40.0,213.0,0.0,0.20763,0.27259,0.24533,0.7683,0.6834,0.716,0.0,0.0,0.0,0.0,0.0,31.0,182.0,0.0,0.0,0.0,0.0,0.0,0.0,0.0,152.0,152.0,152.0,152.0,3.0,65.0,154.5,0.0,0.19865,0.24632,0.22569,0.6442,0.5785,0.6046,131.5,139.5,124.0,124.0,30.0,69.0,130.5,0.0,0.22855,0.24023,0.22225,0.5674,0.5169,0.5388,103.0,103.0,103.0,103.0,6.0,53.0,110.0,0.0,0.20581,0.24169,0.22584,0.4985,0.4559,0.4734,0.0,0.0,0.0,0.0,0.0,60.0,93.0,0.0,0.0,0.0,0.0,0.0,0.0,0.0,80.5,83.0,80.0,80.0,10.0,46.0,78.0,0.0,0.2424,0.26604,0.25288,0.3881,0.3593,0.3698,64.0,64.0,64.0,64.0,25.0,79.0,66.0,0.0,0.23564,0.26238,0.25042,0.3281,0.3081,0.3166,57.0,57.0,57.0,57.0,1.0,79.0,55.5,0.0,0.24889,0.27393,0.26271,0.2899,0.274,0.2808,48.0,52.0,43.0,47.0,35.0,64.0,47.0,0.0,0.2636,0.26528,0.26479,0.2596,0.2258,0.241,42.0,44.5,37.5,37.5,39.0,83.0,40.5,0.0,0.26973,0.27358,0.26389,0.2265,0.1983,0.2026,34.5,35.0,33.0,33.0,45.0,110.0,34.0,0.0,0.2671,0.28208,0.27284,0.1888,0.1751,0.1785,29.5,31.5,27.5,28.0,51.0,153.0,29.5,0.0,0.27767,0.28498,0.27782,0.1686,0.1499,0.1543,9.5,9.5,9.5,9.5,1.0,82.0,6.5,0.0,0.30069,0.2859,0.29261,-0.0527,-0.0558,-0.0544,7.5,7.5,7.5,7.5,2.0,76.0,7.5,0.0,0.27422,0.25978,0.26633,-0.0467,-0.0497,-0.0483,0.0,0.0,0.0,0.0,0.0,55.0,9.0,0.0,0.0,0.0,0.0,0.0,0.0,0.0,0.0,0.0,0.0,0.0,0.0,35.0,10.5,0.0,0.0,0.0,0.0,0.0,0.0,0.0,0.0,0.0,0.0,0.0,0.0,37.0,12.5,0.0,0.0,0.0,0.0,0.0,0.0,0.0,12.0,15.0,12.0,15.0,62.0,61.0,15.0,0.0,0.25437,0.25285,0.26037,-0.0745,-0.0914,-0.0886,17.0,17.0,17.0,17.0,8.0,18.0,17.0,0.0,0.26554,0.24847,0.25622,-0.096,-0.1029,-0.0997,21.0,21.0,18.5,19.0,168.0,181.0,20.5,0.0,0.25867,0.25075,0.25111,-0.1053,-0.1214,-0.1111,22.0,23.5,22.0,23.0,37.0,105.0,24.0,0.0,0.25874,0.24576,0.25238,-0.1212,-0.1353,-0.1293,29.0,29.0,27.0,27.0,10.0,81.0,28.0,0.0,0.26223,0.24939,0.25178,-0.1414,-0.1581,-0.1473,32.5,32.5,32.5,32.5,1.0,56.0,32.5,0.0,0.26508,0.24497,0.25413,-0.1624,-0.1756,-0.1694,37.5,37.5,37.5,37.5,4.0,33.0,37.5,0.0,0.26457,0.24359,0.25315,-0.182,-0.1972,-0.1901,45.0,45.0,45.0,45.0,3.0,32.0,44.0,0.0,0.26918,0.24709,0.25716,-0.2067,-0.2242,-0.2159,52.5,52.5,48.5,49.0,16.0,41.0,50.0,0.0,0.26188,0.24856,0.25066,-0.2239,-0.2507,-0.2352,0.0,0.0,0.0,0.0,0.0,41.0,57.5,0.0,0.0,0.0,0.0,0.0,0.0,0.0,0.0,0.0,0.0,0.0,0.0,48.0,66.0,0.0,0.0,0.0,0.0,0.0,0.0,0.0,88.0,88.0,87.0,87.5,33.0,70.0,85.0,0.0,0.27606,0.24995,0.26186,-0.3302,-0.3627,-0.3472,108.0,108.0,106.5,106.5,13.0,59.0,107.0,0.0,0.27445,0.24623,0.25767,-0.3819,-0.4215,-0.4023,131.5,138.5,131.5,134.5,9.0,37.0,132.5,0.0,0.27822,0.25684,0.26529,-0.4355,-0.481,-0.4596,164.0,164.0,164.0,164.0,2.0,22.0,162.0,0.0,0.29086,0.25229,0.27024,-0.4865,-0.5402,-0.5141,193.5,203.0,186.5,203.0,20.0,40.0,194.0,0.0,0.27998,0.26844,0.28828,-0.5401,-0.5881,-0.5599,230.0,237.5,223.5,237.5,5.0,50.0,229.0,0.0,0.29181,0.27144,0.29357,-0.5845,-0.6371,-0.6054,0.0,0.0,0.0,0.0,0.0,6.0,266.5,0.0,0.0,0.0,0.0,0.0,0.0,0.0,0.0,0.0,0.0,0.0,0.0,0.0,306.0,0.0,0.0,0.0,0.0,0.0,0.0,0.0,0.0,0.0,0.0,0.0,0.0,0.0,347.0,0.0,0.0,0.0,0.0,0.0,0.0,0.0,0.0,0.0,0.0,0.0,0.0,3.0,390.0,0.0,0.0,0.0,0.0,0.0,0.0,0.0,0.0,0.0,0.0,0.0,0.0,0.0,433.5,0.0,0.0,0.0,0.0,0.0,0.0,0.0,0.0,0.0,0.0,0.0,0.0,0.0,479.0,0.0,0.0,0.0,0.0,0.0,0.0,0.0,,,,,,,,,,,,,,,,,,,,,,,,,,,,,,,,,,,,,,,,,,,,,,,,,,,,,,,,,,,,,,,,,,,,,,,,,,,,,,,,,,,,,,,,,,,,,,,,,,,,,,,,,,,,,,,,,,,,,,,,,,,,,,,,,,,,,,,,,,,,,,,,,,,,,,,,,,,,,,,,,,,,,,,,,,,,,,,,,,,,,,,,,,,,,,,,,,,,,,,,,,,,,,,,,,,,,,,,,,,,,,,,,,,,,,,,,,,,,,,,,,,,,,,,,,,,,,,,,,,,,,,,,,,,,,,,,,,,,,,,,,,,,,,,,,,,,,,,,,,,,,,,,,,,,,,,,,,,,,,,,,,,,,,,,,,,,,,,,,,,,,,,,,,,,,,,,,,,,,,,,,,,,,,,,,,,,,,,,,,,,,,,,,,,,,,,,,,,,,,,,,,,,,,,,,,,,,,,,,,,,,,,,,,,,,,,,,,,,,,,,,,,,,,,,,,,,,,,,,,,,,,,,,,,,,,,,,,,,,,,,,,,,,,,,,,,,,,,,,,,,,,,,,,,,,,,,,,,,,,,,,,,,,,,,,,,,,,,,,,,,,,,,,,,,,,,,,,,,,,,
2021-07-13,0.0,0.0,0.0,0.0,0.0,0.0,537.0,0.0,0,0,0,0,0,0,0.0,0.0,0.0,0.0,0.0,9.0,513.0,0.0,0,0,0,0,0,0,0.0,0.0,0.0,0.0,0.0,6.0,489.5,0.0,0,0,0,0,0,0,0.0,0.0,0.0,0.0,0.0,6.0,466.0,0.0,0,0,0,0,0,0,0.0,0.0,0.0,0.0,0.0,6.0,442.5,0.0,0,0,0,0,0,0,0.0,0.0,0.0,0.0,0.0,6.0,419.5,0.0,0,0,0,0,0,0,0.0,0.0,0.0,0.0,0.0,3.0,397.0,0.0,0,0,0,0,0,0,0.0,0.0,0.0,0.0,0.0,3.0,375.0,0.0,0,0,0,0,0,0,0.0,0.0,0.0,0.0,0.0,3.0,353.5,0.0,0,0,0,0,0,0,0.0,0.0,0.0,0.0,0.0,3.0,332.0,0.0,0,0,0,0,0,0,0.0,0.0,0.0,0.0,0.0,6.0,312.0,0.0,0,0,0,0,0,0,0.0,0.0,0.0,0.0,0.0,18.0,292.0,0.0,0,0,0,0,0,0,0.0,0.0,0.0,0.0,0.0,19.0,272.5,0.0,0.0,0.0,0.0,0.0,0.0,0.0,0.0,0.0,0.0,0.0,0.0,42.0,254.5,0.0,0.0,0.0,0.0,0.0,0.0,0.0,229.0,229.0,229.0,229.0,1.0,37.0,236.5,0.0,0.15118,0.22787,0.17859,0.8749,0.7526,0.8274,212.5,212.5,212.5,212.5,1.0,40.0,220.0,0.0,0.16459,0.22989,0.18662,0.8265,0.7225,0.7881,181.5,181.5,181.5,181.5,1.0,31.0,188.5,0.0,0.18151,0.2327,0.1978,0.7399,0.6608,0.7123,154.0,154.0,154.0,154.0,1.0,65.0,160.5,0.0,0.1935,0.23575,0.20656,0.6586,0.5973,0.6379,130.0,130.0,130.0,130.0,1.0,68.0,136.0,0.0,0.20313,0.23915,0.21407,0.5818,0.534,0.5661,0.0,0.0,0.0,0.0,0.0,53.0,115.0,0.0,0.0,0.0,0.0,0.0,0.0,0.0,98.0,98.0,98.0,98.0,2.0,59.0,97.0,0.0,0.23073,0.25898,0.23916,0.45,0.4218,0.441,0.0,0.0,0.0,0.0,0.0,46.0,81.0,0.0,0.0,0.0,0.0,0.0,0.0,0.0,71.0,71.0,71.0,71.0,3.0,79.0,68.5,0.0,0.24589,0.26938,0.25285,0.3443,0.3266,0.3387,0.0,0.0,0.0,0.0,0.0,79.0,57.5,0.0,0.0,0.0,0.0,0.0,0.0,0.0,49.5,50.0,46.5,48.0,13.0,59.0,48.5,0.0,0.25575,0.26746,0.25701,0.2579,0.2385,0.2498,43.0,43.0,43.0,43.0,10.0,93.0,41.0,0.0,0.26309,0.28207,0.26868,0.2249,0.2159,0.2221,0.0,0.0,0.0,0.0,0.0,110.0,34.5,0.0,0.0,0.0,0.0,0.0,0.0,0.0,28.0,30.5,28.0,29.0,33.0,161.0,29.5,0.0,0.2723,0.28139,0.27272,0.167,0.1536,0.1606,0.0,0.0,0.0,0.0,0.0,82.0,4.0,0.0,0.0,0.0,0.0,0.0,0.0,0.0,0.0,0.0,0.0,0.0,0.0,76.0,5.5,0.0,0.0,0.0,0.0,0.0,0.0,0.0,0.0,0.0,0.0,0.0,0.0,55.0,6.5,0.0,0.0,0.0,0.0,0.0,0.0,0.0,0.0,0.0,0.0,0.0,0.0,35.0,8.0,0.0,0.0,0.0,0.0,0.0,0.0,0.0,0.0,0.0,0.0,0.0,0.0,37.0,9.5,0.0,0.0,0.0,0.0,0.0,0.0,0.0,0.0,0.0,0.0,0.0,0.0,61.0,11.5,0.0,0.0,0.0,0.0,0.0,0.0,0.0,0.0,0.0,0.0,0.0,0.0,18.0,14.0,0.0,0.0,0.0,0.0,0.0,0.0,0.0,0.0,0.0,0.0,0.0,0.0,181.0,17.0,0.0,0.0,0.0,0.0,0.0,0.0,0.0,22.5,22.5,20.5,21.5,68.0,109.0,20.5,0.0,0.25795,0.25,0.25729,-0.115,-0.1288,-0.1202,26.5,26.5,22.5,22.5,21.0,86.0,24.0,0.0,0.25169,0.24947,0.24712,-0.1267,-0.1471,-0.1291,30.5,30.5,26.5,26.5,11.0,66.0,28.5,0.0,0.25136,0.24735,0.24659,-0.1447,-0.1657,-0.1475,36.0,36.0,31.5,31.5,11.0,32.0,33.5,0.0,0.25247,0.24811,0.24748,-0.1654,-0.1883,-0.1687,42.0,42.0,36.5,40.5,9.0,34.0,39.0,0.0,0.25183,0.24844,0.25751,-0.1861,-0.2118,-0.1986,46.5,46.5,44.5,44.5,4.0,39.0,46.0,0.0,0.25747,0.24343,0.25196,-0.213,-0.2328,-0.2174,0.0,0.0,0.0,0.0,0.0,41.0,52.5,0.0,0.0,0.0,0.0,0.0,0.0,0.0,0.0,0.0,0.0,0.0,0.0,48.0,61.0,0.0,0.0,0.0,0.0,0.0,0.0,0.0,79.5,79.5,79.5,79.5,4.0,74.0,79.5,0.0,0.26721,0.2439,0.2605,-0.3182,-0.3442,-0.3253,96.0,96.0,96.0,96.0,3.0,59.0,100.5,0.0,0.26101,0.23525,0.25363,-0.3698,-0.4026,-0.3788,119.0,119.0,119.0,119.0,1.0,37.0,126.0,0.0,0.26233,0.23353,0.25412,-0.4261,-0.4663,-0.437,145.0,147.5,145.0,147.5,10.0,19.0,155.0,0.0,0.26387,0.23624,0.2594,-0.4823,-0.5291,-0.4944,186.5,186.5,186.5,186.5,3.0,43.0,186.0,0.0,0.28931,0.25347,0.27921,-0.5295,-0.581,-0.5432,0.0,0.0,0.0,0.0,0.0,50.0,220.0,0.0,0.0,0.0,0.0,0.0,0.0,0.0,0.0,0.0,0.0,0.0,0.0,6.0,257.0,0.0,0.0,0.0,0.0,0.0,0.0,0.0,0.0,0.0,0.0,0.0,0.0,0.0,296.0,0.0,0.0,0.0,0.0,0.0,0.0,0.0,0.0,0.0,0.0,0.0,0.0,0.0,336.5,0.0,0.0,0.0,0.0,0.0,0.0,0.0,0.0,0.0,0.0,0.0,0.0,3.0,379.0,0.0,0.0,0.0,0.0,0.0,0.0,0.0,0.0,0.0,0.0,0.0,0.0,0.0,422.0,0.0,0.0,0.0,0.0,0.0,0.0,0.0,0.0,0.0,0.0,0.0,0.0,0.0,467.0,0.0,0.0,0.0,0.0,0.0,0.0,0.0,,,,,,,,,,,,,,,,,,,,,,,,,,,,,,,,,,,,,,,,,,,,,,,,,,,,,,,,,,,,,,,,,,,,,,,,,,,,,,,,,,,,,,,,,,,,,,,,,,,,,,,,,,,,,,,,,,,,,,,,,,,,,,,,,,,,,,,,,,,,,,,,,,,,,,,,,,,,,,,,,,,,,,,,,,,,,,,,,,,,,,,,,,,,,,,,,,,,,,,,,,,,,,,,,,,,,,,,,,,,,,,,,,,,,,,,,,,,,,,,,,,,,,,,,,,,,,,,,,,,,,,,,,,,,,,,,,,,,,,,,,,,,,,,,,,,,,,,,,,,,,,,,,,,,,,,,,,,,,,,,,,,,,,,,,,,,,,,,,,,,,,,,,,,,,,,,,,,,,,,,,,,,,,,,,,,,,,,,,,,,,,,,,,,,,,,,,,,,,,,,,,,,,,,,,,,,,,,,,,,,,,,,,,,,,,,,,,,,,,,,,,,,,,,,,,,,,,,,,,,,,,,,,,,,,,,,,,,,,,,,,,,,,,,,,,,,,,,,,,,,,,,,,,,,,,,,,,,,,,,,,,,,,,,,,,,,,,,,,,,,,,,,,,,,,,,,,,,,,,,
2021-07-14,0.0,0.0,0.0,0.0,0.0,0.0,546.0,0.0,0,0,0,0,0,0,0.0,0.0,0.0,0.0,0.0,9.0,521.5,0.0,0,0,0,0,0,0,0.0,0.0,0.0,0.0,0.0,6.0,497.5,0.0,0,0,0,0,0,0,0.0,0.0,0.0,0.0,0.0,6.0,474.0,0.0,0,0,0,0,0,0,0.0,0.0,0.0,0.0,0.0,6.0,450.5,0.0,0,0,0,0,0,0,0.0,0.0,0.0,0.0,0.0,6.0,427.5,0.0,0,0,0,0,0,0,0.0,0.0,0.0,0.0,0.0,3.0,405.0,0.0,0,0,0,0,0,0,0.0,0.0,0.0,0.0,0.0,3.0,382.5,0.0,0,0,0,0,0,0,0.0,0.0,0.0,0.0,0.0,3.0,360.5,0.0,0,0,0,0,0,0,0.0,0.0,0.0,0.0,0.0,3.0,339.5,0.0,0,0,0,0,0,0,0.0,0.0,0.0,0.0,0.0,6.0,318.5,0.0,0,0,0,0,0,0,0.0,0.0,0.0,0.0,0.0,18.0,298.5,0.0,0,0,0,0,0,0,0.0,0.0,0.0,0.0,0.0,19.0,278.5,0.0,0.0,0.0,0.0,0.0,0.0,0.0,0.0,0.0,0.0,0.0,0.0,42.0,260.0,0.0,0.0,0.0,0.0,0.0,0.0,0.0,245.5,264.0,245.5,264.0,4.0,38.0,242.0,0.0,0.18955,0.25448,0.21905,0.8527,0.7421,0.8106,0.0,0.0,0.0,0.0,0.0,40.0,225.0,0.0,0.0,0.0,0.0,0.0,0.0,0.0,0.0,0.0,0.0,0.0,0.0,31.0,192.5,0.0,0.0,0.0,0.0,0.0,0.0,0.0,0.0,0.0,0.0,0.0,0.0,65.0,164.0,0.0,0.0,0.0,0.0,0.0,0.0,0.0,152.0,152.0,152.0,152.0,10.0,78.0,139.0,0.0,0.21455,0.27449,0.22867,0.6172,0.5446,0.5978,0.0,0.0,0.0,0.0,0.0,53.0,117.5,0.0,0.0,0.0,0.0,0.0,0.0,0.0,95.5,109.5,95.0,109.5,38.0,48.0,98.5,0.0,0.22922,0.2482,0.23995,0.4847,0.4249,0.4727,0.0,0.0,0.0,0.0,0.0,46.0,82.5,0.0,0.0,0.0,0.0,0.0,0.0,0.0,77.0,77.0,77.0,77.0,15.0,74.0,69.5,0.0,0.2394,0.27798,0.24809,0.3702,0.3397,0.3626,58.5,64.5,58.5,62.0,7.0,78.0,58.0,0.0,0.24445,0.26668,0.24715,0.321,0.2852,0.3104,48.0,54.5,48.0,53.5,44.0,52.0,48.5,0.0,0.25049,0.26801,0.25561,0.2783,0.2445,0.2715,45.5,45.5,44.5,44.5,20.0,93.0,41.0,0.0,0.25488,0.28311,0.25931,0.2395,0.2215,0.2333,33.0,38.5,33.0,38.5,37.0,114.0,34.5,0.0,0.26053,0.27398,0.26698,0.2069,0.1792,0.2039,27.5,32.5,27.5,30.5,73.0,159.0,29.5,0.0,0.26564,0.27751,0.2659,0.1783,0.1532,0.1699,0.0,0.0,0.0,0.0,0.0,82.0,3.5,0.0,0.0,0.0,0.0,0.0,0.0,0.0,0.0,0.0,0.0,0.0,0.0,76.0,4.5,0.0,0.0,0.0,0.0,0.0,0.0,0.0,5.5,5.5,5.5,5.5,8.0,51.0,6.0,0.0,0.26148,0.24278,0.25738,-0.0373,-0.0406,-0.038,6.5,6.5,6.5,6.5,17.0,28.0,7.0,0.0,0.25879,0.23952,0.25457,-0.0435,-0.0474,-0.0443,0.0,0.0,0.0,0.0,0.0,37.0,8.5,0.0,0.0,0.0,0.0,0.0,0.0,0.0,12.0,12.0,12.0,12.0,1.0,61.0,10.5,0.0,0.27112,0.24976,0.26645,-0.0703,-0.0769,-0.0717,10.0,10.0,10.0,10.0,23.0,35.0,13.0,0.0,0.24762,0.2266,0.24303,-0.0654,-0.0719,-0.0667,0.0,0.0,0.0,0.0,0.0,181.0,15.5,0.0,0.0,0.0,0.0,0.0,0.0,0.0,19.5,19.5,15.0,15.5,85.0,114.0,18.5,0.0,0.24839,0.24375,0.24562,-0.0916,-0.1174,-0.0954,18.0,18.0,18.0,18.0,1.0,86.0,22.0,0.0,0.24824,0.22441,0.24304,-0.1065,-0.1181,-0.1089,21.5,21.5,21.5,21.5,3.0,65.0,26.0,0.0,0.24828,0.2234,0.24286,-0.1231,-0.1369,-0.1259,0.0,0.0,0.0,0.0,0.0,32.0,31.0,0.0,0.0,0.0,0.0,0.0,0.0,0.0,30.5,31.0,30.0,30.0,26.0,42.0,36.0,0.0,0.24829,0.22394,0.24238,-0.1608,-0.1827,-0.1647,0.0,0.0,0.0,0.0,0.0,39.0,42.5,0.0,0.0,0.0,0.0,0.0,0.0,0.0,42.0,42.0,42.0,42.0,20.0,41.0,49.0,0.0,0.25151,0.22144,0.245,-0.207,-0.233,-0.2122,0.0,0.0,0.0,0.0,0.0,48.0,57.0,0.0,0.0,0.0,0.0,0.0,0.0,0.0,0.0,0.0,0.0,0.0,0.0,74.0,74.5,0.0,0.0,0.0,0.0,0.0,0.0,0.0,83.5,83.5,81.0,81.0,5.0,61.0,95.5,0.0,0.25199,0.21795,0.24369,-0.3361,-0.3878,-0.3458,107.5,107.5,107.5,107.5,1.0,37.0,120.5,0.0,0.26357,0.21967,0.2543,-0.3955,-0.4564,-0.4072,151.0,151.0,145.0,145.0,7.0,18.0,148.0,0.0,0.28961,0.25191,0.27931,-0.4507,-0.5154,-0.4637,190.0,190.0,158.0,162.5,4.0,44.0,179.0,0.0,0.26444,0.27022,0.26133,-0.5067,-0.565,-0.521,0.0,0.0,0.0,0.0,0.0,50.0,212.5,0.0,0.0,0.0,0.0,0.0,0.0,0.0,0.0,0.0,0.0,0.0,0.0,6.0,249.0,0.0,0.0,0.0,0.0,0.0,0.0,0.0,0.0,0.0,0.0,0.0,0.0,0.0,287.5,0.0,0.0,0.0,0.0,0.0,0.0,0.0,0.0,0.0,0.0,0.0,0.0,0.0,328.0,0.0,0.0,0.0,0.0,0.0,0.0,0.0,0.0,0.0,0.0,0.0,0.0,3.0,370.0,0.0,0.0,0.0,0.0,0.0,0.0,0.0,0.0,0.0,0.0,0.0,0.0,0.0,413.0,0.0,0.0,0.0,0.0,0.0,0.0,0.0,0.0,0.0,0.0,0.0,0.0,0.0,458.0,0.0,0.0,0.0,0.0,0.0,0.0,0.0,,,,,,,,,,,,,,,,,,,,,,,,,,,,,,,,,,,,,,,,,,,,,,,,,,,,,,,,,,,,,,,,,,,,,,,,,,,,,,,,,,,,,,,,,,,,,,,,,,,,,,,,,,,,,,,,,,,,,,,,,,,,,,,,,,,,,,,,,,,,,,,,,,,,,,,,,,,,,,,,,,,,,,,,,,,,,,,,,,,,,,,,,,,,,,,,,,,,,,,,,,,,,,,,,,,,,,,,,,,,,,,,,,,,,,,,,,,,,,,,,,,,,,,,,,,,,,,,,,,,,,,,,,,,,,,,,,,,,,,,,,,,,,,,,,,,,,,,,,,,,,,,,,,,,,,,,,,,,,,,,,,,,,,,,,,,,,,,,,,,,,,,,,,,,,,,,,,,,,,,,,,,,,,,,,,,,,,,,,,,,,,,,,,,,,,,,,,,,,,,,,,,,,,,,,,,,,,,,,,,,,,,,,,,,,,,,,,,,,,,,,,,,,,,,,,,,,,,,,,,,,,,,,,,,,,,,,,,,,,,,,,,,,,,,,,,,,,,,,,,,,,,,,,,,,,,,,,,,,,,,,,,,,,,,,,,,,,,,,,,,,,,,,,,,,,,,,,,,,,,
2021-07-15,0.0,0.0,0.0,0.0,0.0,0.0,542.0,0.0,0,0,0,0,0,0,0.0,0.0,0.0,0.0,0.0,9.0,518.0,0.0,0,0,0,0,0,0,0.0,0.0,0.0,0.0,0.0,6.0,494.0,0.0,0,0,0,0,0,0,0.0,0.0,0.0,0.0,0.0,6.0,470.0,0.0,0,0,0,0,0,0,0.0,0.0,0.0,0.0,0.0,6.0,446.5,0.0,0,0,0,0,0,0,0.0,0.0,0.0,0.0,0.0,6.0,423.5,0.0,0,0,0,0,0,0,0.0,0.0,0.0,0.0,0.0,3.0,400.5,0.0,0,0,0,0,0,0,0.0,0.0,0.0,0.0,0.0,3.0,378.0,0.0,0,0,0,0,0,0,0.0,0.0,0.0,0.0,0.0,3.0,356.0,0.0,0,0,0,0,0,0,0.0,0.0,0.0,0.0,0.0,3.0,335.0,0.0,0,0,0,0,0,0,0.0,0.0,0.0,0.0,0.0,6.0,314.0,0.0,0,0,0,0,0,0,0.0,0.0,0.0,0.0,0.0,18.0,294.0,0.0,0,0,0,0,0,0,0.0,0.0,0.0,0.0,0.0,19.0,274.5,0.0,0.0,0.0,0.0,0.0,0.0,0.0,0.0,0.0,0.0,0.0,0.0,42.0,256.0,0.0,0.0,0.0,0.0,0.0,0.0,0.0,238.0,238.0,238.0,238.0,2.0,38.0,237.5,0.0,0.09842,0.261,0.2025,0.9718,0.726,0.8045,218.0,218.0,218.0,218.0,1.0,40.0,220.5,0.0,0.12175,0.25346,0.1997,0.9171,0.7036,0.7784,188.5,188.5,188.5,188.5,2.0,31.0,188.5,0.0,0.16212,0.25712,0.21298,0.7915,0.6456,0.7046,0.0,0.0,0.0,0.0,0.0,65.0,160.0,0.0,0.0,0.0,0.0,0.0,0.0,0.0,0.0,0.0,0.0,0.0,0.0,78.0,135.5,0.0,0.0,0.0,0.0,0.0,0.0,0.0,115.5,116.5,115.5,116.5,26.0,63.0,114.0,0.0,0.20694,0.26234,0.23544,0.539,0.4715,0.5026,87.5,87.5,87.5,87.5,19.0,49.0,95.5,0.0,0.19561,0.24566,0.22032,0.4635,0.4069,0.433,0.0,0.0,0.0,0.0,0.0,46.0,79.5,0.0,0.0,0.0,0.0,0.0,0.0,0.0,0.0,0.0,0.0,0.0,0.0,74.0,67.0,0.0,0.0,0.0,0.0,0.0,0.0,0.0,0.0,0.0,0.0,0.0,0.0,78.0,56.0,0.0,0.0,0.0,0.0,0.0,0.0,0.0,42.5,47.0,42.5,47.0,48.0,48.0,46.5,0.0,0.23927,0.26359,0.25655,0.2586,0.227,0.2479,37.0,37.0,37.0,37.0,10.0,103.0,39.5,0.0,0.2393,0.27218,0.25523,0.2149,0.1988,0.2066,0.0,0.0,0.0,0.0,0.0,114.0,33.0,0.0,0.0,0.0,0.0,0.0,0.0,0.0,25.5,27.0,25.0,27.0,101.0,220.0,28.0,0.0,0.25443,0.27726,0.26869,0.1597,0.1431,0.1546,0.0,0.0,0.0,0.0,0.0,82.0,3.0,0.0,0.0,0.0,0.0,0.0,0.0,0.0,0.0,0.0,0.0,0.0,0.0,76.0,3.5,0.0,0.0,0.0,0.0,0.0,0.0,0.0,0.0,0.0,0.0,0.0,0.0,51.0,4.5,0.0,0.0,0.0,0.0,0.0,0.0,0.0,0.0,0.0,0.0,0.0,0.0,28.0,6.0,0.0,0.0,0.0,0.0,0.0,0.0,0.0,0.0,0.0,0.0,0.0,0.0,37.0,7.5,0.0,0.0,0.0,0.0,0.0,0.0,0.0,0.0,0.0,0.0,0.0,0.0,61.0,9.5,0.0,0.0,0.0,0.0,0.0,0.0,0.0,10.0,10.0,10.0,10.0,20.0,55.0,11.5,0.0,0.24621,0.22254,0.23491,-0.0662,-0.0737,-0.0696,13.0,13.0,12.5,12.5,40.0,181.0,14.0,0.0,0.24749,0.22511,0.23569,-0.0795,-0.0909,-0.0837,16.0,17.0,16.0,17.0,40.0,116.0,17.0,0.0,0.2512,0.22926,0.243,-0.0963,-0.1116,-0.1051,21.0,21.0,21.0,21.0,17.0,79.0,21.0,0.0,0.25821,0.23066,0.24509,-0.1176,-0.1319,-0.124,26.0,26.0,26.0,26.0,1.0,66.0,24.5,0.0,0.26219,0.23321,0.2484,-0.1379,-0.1551,-0.1457,0.0,0.0,0.0,0.0,0.0,32.0,29.5,0.0,0.0,0.0,0.0,0.0,0.0,0.0,0.0,0.0,0.0,0.0,0.0,42.0,35.0,0.0,0.0,0.0,0.0,0.0,0.0,0.0,39.5,39.5,39.5,39.5,3.0,38.0,41.0,0.0,0.25813,0.2252,0.24252,-0.1945,-0.2212,-0.2064,47.0,49.5,47.0,49.5,2.0,42.0,48.0,0.0,0.26178,0.23306,0.2515,-0.2198,-0.2552,-0.2381,0.0,0.0,0.0,0.0,0.0,48.0,55.5,0.0,0.0,0.0,0.0,0.0,0.0,0.0,0.0,0.0,0.0,0.0,0.0,74.0,73.5,0.0,0.0,0.0,0.0,0.0,0.0,0.0,96.0,96.0,96.0,96.0,1.0,62.0,94.5,0.0,0.27876,0.23346,0.25756,-0.3531,-0.4086,-0.3774,0.0,0.0,0.0,0.0,0.0,37.0,119.5,0.0,0.0,0.0,0.0,0.0,0.0,0.0,151.5,151.5,151.5,151.5,3.0,21.0,147.5,0.0,0.29726,0.24091,0.27126,-0.4577,-0.5354,-0.4911,178.0,178.0,178.0,178.0,10.0,44.0,178.5,0.0,0.2965,0.23314,0.26761,-0.5076,-0.6005,-0.5468,212.5,212.5,212.5,212.5,10.0,40.0,212.5,0.0,0.30631,0.23533,0.27435,-0.5527,-0.6576,-0.5964,249.0,249.0,249.0,249.0,10.0,16.0,249.5,0.0,0.31596,0.23636,0.28065,-0.5936,-0.7105,-0.6417,0.0,0.0,0.0,0.0,0.0,0.0,288.5,0.0,0.0,0.0,0.0,0.0,0.0,0.0,0.0,0.0,0.0,0.0,0.0,0.0,329.0,0.0,0.0,0.0,0.0,0.0,0.0,0.0,0.0,0.0,0.0,0.0,0.0,3.0,371.5,0.0,0.0,0.0,0.0,0.0,0.0,0.0,0.0,0.0,0.0,0.0,0.0,0.0,414.5,0.0,0.0,0.0,0.0,0.0,0.0,0.0,0.0,0.0,0.0,0.0,0.0,0.0,459.5,0.0,0.0,0.0,0.0,0.0,0.0,0.0,,,,,,,,,,,,,,,,,,,,,,,,,,,,,,,,,,,,,,,,,,,,,,,,,,,,,,,,,,,,,,,,,,,,,,,,,,,,,,,,,,,,,,,,,,,,,,,,,,,,,,,,,,,,,,,,,,,,,,,,,,,,,,,,,,,,,,,,,,,,,,,,,,,,,,,,,,,,,,,,,,,,,,,,,,,,,,,,,,,,,,,,,,,,,,,,,,,,,,,,,,,,,,,,,,,,,,,,,,,,,,,,,,,,,,,,,,,,,,,,,,,,,,,,,,,,,,,,,,,,,,,,,,,,,,,,,,,,,,,,,,,,,,,,,,,,,,,,,,,,,,,,,,,,,,,,,,,,,,,,,,,,,,,,,,,,,,,,,,,,,,,,,,,,,,,,,,,,,,,,,,,,,,,,,,,,,,,,,,,,,,,,,,,,,,,,,,,,,,,,,,,,,,,,,,,,,,,,,,,,,,,,,,,,,,,,,,,,,,,,,,,,,,,,,,,,,,,,,,,,,,,,,,,,,,,,,,,,,,,,,,,,,,,,,,,,,,,,,,,,,,,,,,,,,,,,,,,,,,,,,,,,,,,,,,,,,,,,,,,,,,,,,,,,,,,,,,,,,,,,
2021-07-16,0.0,0.0,0.0,0.0,0.0,0.0,587.5,0.0,0,0,0,0,0,0,0.0,0.0,0.0,0.0,0.0,9.0,563.0,0.0,0,0,0,0,0,0,0.0,0.0,0.0,0.0,0.0,6.0,538.5,0.0,0,0,0,0,0,0,0.0,0.0,0.0,0.0,0.0,6.0,514.5,0.0,0,0,0,0,0,0,0.0,0.0,0.0,0.0,0.0,6.0,490.5,0.0,0,0,0,0,0,0,0.0,0.0,0.0,0.0,0.0,6.0,466.5,0.0,0,0,0,0,0,0,0.0,0.0,0.0,0.0,0.0,3.0,443.5,0.0,0,0,0,0,0,0,0.0,0.0,0.0,0.0,0.0,3.0,420.0,0.0,0,0,0,0,0,0,0.0,0.0,0.0,0.0,0.0,3.0,397.5,0.0,0,0,0,0,0,0,0.0,0.0,0.0,0.0,0.0,3.0,375.0,0.0,0,0,0,0,0,0,0.0,0.0,0.0,0.0,0.0,6.0,353.5,0.0,0,0,0,0,0,0,0.0,0.0,0.0,0.0,0.0,18.0,332.0,0.0,0,0,0,0,0,0,0.0,0.0,0.0,0.0,0.0,19.0,311.5,0.0,0.0,0.0,0.0,0.0,0.0,0.0,0.0,0.0,0.0,0.0,0.0,42.0,291.5,0.0,0.0,0.0,0.0,0.0,0.0,0.0,238.5,281.5,238.5,281.5,36.0,47.0,271.5,0.0,,0.21808,0.18757,,0.7841,0.876,246.0,265.5,246.0,265.5,5.0,40.0,253.5,0.0,,0.2781,0.20298,,0.7155,0.835,216.5,221.5,216.5,221.5,3.0,31.0,218.0,0.0,0.11867,0.28299,0.1896,0.9233,0.6627,0.795,186.0,208.0,186.0,196.5,20.0,63.0,186.5,0.0,0.19979,0.28,0.21505,0.7525,0.6111,0.7105,134.5,178.5,134.5,166.0,26.0,81.0,158.0,0.0,0.2094,0.23137,0.21767,0.6811,0.5587,0.645,113.5,140.0,113.5,140.0,21.0,63.0,133.5,0.0,0.19347,0.23691,0.22214,0.6199,0.4947,0.5775,121.0,121.0,121.0,121.0,2.0,48.0,112.5,0.0,0.20855,0.29148,0.23315,0.5444,0.4545,0.5127,84.0,96.0,84.0,94.5,30.0,45.0,94.0,0.0,0.20538,0.25504,0.22405,0.4735,0.3847,0.4464,66.0,78.0,66.0,78.0,36.0,70.0,78.5,0.0,0.20891,0.24983,0.22798,0.4069,0.3279,0.3866,55.0,76.5,55.0,68.5,43.0,79.0,66.0,0.0,0.23907,0.25434,0.24073,0.367,0.2828,0.3396,46.5,48.5,46.5,48.5,15.0,58.0,55.0,0.0,0.2111,0.26046,0.22653,0.2864,0.2447,0.2743,38.5,49.5,38.5,49.5,66.0,115.0,46.0,0.0,0.23966,0.26406,0.25454,0.2657,0.2091,0.2562,32.5,45.5,32.5,41.0,241.0,115.0,38.5,0.0,0.25507,0.26951,0.25805,0.2381,0.1801,0.2193,30.0,38.0,30.0,35.5,277.0,204.0,32.0,0.0,0.25931,0.28274,0.26584,0.2044,0.1629,0.1916,0.0,0.0,0.0,0.0,0.0,82.0,2.0,0.0,0.0,0.0,0.0,0.0,0.0,0.0,0.0,0.0,0.0,0.0,0.0,76.0,2.5,0.0,0.0,0.0,0.0,0.0,0.0,0.0,0.0,0.0,0.0,0.0,0.0,51.0,3.5,0.0,0.0,0.0,0.0,0.0,0.0,0.0,0.0,0.0,0.0,0.0,0.0,28.0,4.5,0.0,0.0,0.0,0.0,0.0,0.0,0.0,0.0,0.0,0.0,0.0,0.0,37.0,5.5,0.0,0.0,0.0,0.0,0.0,0.0,0.0,0.0,0.0,0.0,0.0,0.0,61.0,6.5,0.0,0.0,0.0,0.0,0.0,0.0,0.0,9.5,9.5,8.0,8.0,27.0,75.0,8.5,0.0,0.25505,0.23091,0.24594,-0.0524,-0.0681,-0.0546,11.5,11.5,11.5,11.5,30.0,191.0,10.0,0.0,0.26475,0.22943,0.25508,-0.069,-0.0805,-0.0719,15.0,15.0,10.5,11.5,160.0,86.0,12.5,0.0,0.24711,0.23312,0.24284,-0.0679,-0.099,-0.075,14.5,14.5,14.5,14.5,20.0,89.0,15.0,0.0,0.25529,0.21787,0.24506,-0.0865,-0.102,-0.0904,18.5,18.5,18.5,18.5,40.0,56.0,18.5,0.0,0.25989,0.2205,0.24914,-0.1042,-0.1233,-0.1089,22.5,22.5,22.0,22.0,23.0,32.0,22.0,0.0,0.26014,0.22072,0.24894,-0.12,-0.1443,-0.1255,26.5,26.5,26.0,26.0,19.0,34.0,26.0,0.0,0.26046,0.21905,0.24878,-0.1372,-0.1654,-0.1437,31.5,31.5,28.0,28.0,38.0,43.0,31.0,0.0,0.25289,0.21864,0.24089,-0.1493,-0.1897,-0.1566,37.0,37.0,34.0,34.0,33.0,53.0,36.0,0.0,0.25653,0.21778,0.24391,-0.172,-0.2156,-0.1807,40.0,42.0,38.0,40.5,88.0,70.0,42.5,0.0,0.25271,0.214,0.2462,-0.19,-0.2408,-0.2054,47.0,52.5,47.0,52.5,3.0,73.0,57.5,0.0,0.24438,0.20351,0.24312,-0.2299,-0.2956,-0.2527,0.0,0.0,0.0,0.0,0.0,62.0,75.0,0.0,0.0,0.0,0.0,0.0,0.0,0.0,111.0,111.0,93.0,96.5,22.0,31.0,96.5,0.0,0.27203,0.23892,0.26114,-0.3484,-0.4417,-0.3709,122.0,122.0,107.5,121.0,28.0,24.0,121.5,0.0,0.25923,0.2105,0.26527,-0.3989,-0.5114,-0.4273,143.5,143.5,143.5,143.5,20.0,53.0,150.0,0.0,0.28207,0.19543,0.26021,-0.4546,-0.5907,-0.4836,183.0,183.0,173.5,173.5,4.0,42.0,181.5,0.0,0.2883,0.20905,0.26404,-0.5049,-0.6491,-0.5383,0.0,0.0,0.0,0.0,0.0,16.0,215.5,0.0,0.0,0.0,0.0,0.0,0.0,0.0,0.0,0.0,0.0,0.0,0.0,0.0,252.5,0.0,0.0,0.0,0.0,0.0,0.0,0.0,0.0,0.0,0.0,0.0,0.0,0.0,291.5,0.0,0.0,0.0,0.0,0.0,0.0,0.0,0.0,0.0,0.0,0.0,0.0,3.0,332.0,0.0,0.0,0.0,0.0,0.0,0.0,0.0,0.0,0.0,0.0,0.0,0.0,0.0,374.5,0.0,0.0,0.0,0.0,0.0,0.0,0.0,0.0,0.0,0.0,0.0,0.0,0.0,417.5,0.0,0.0,0.0,0.0,0.0,0.0,0.0,,,,,,,,,,,,,,,,,,,,,,,,,,,,,,,,,,,,,,,,,,,,,,,,,,,,,,,,,,,,,,,,,,,,,,,,,,,,,,,,,,,,,,,,,,,,,,,,,,,,,,,,,,,,,,,,,,,,,,,,,,,,,,,,,,,,,,,,,,,,,,,,,,,,,,,,,,,,,,,,,,,,,,,,,,,,,,,,,,,,,,,,,,,,,,,,,,,,,,,,,,,,,,,,,,,,,,,,,,,,,,,,,,,,,,,,,,,,,,,,,,,,,,,,,,,,,,,,,,,,,,,,,,,,,,,,,,,,,,,,,,,,,,,,,,,,,,,,,,,,,,,,,,,,,,,,,,,,,,,,,,,,,,,,,,,,,,,,,,,,,,,,,,,,,,,,,,,,,,,,,,,,,,,,,,,,,,,,,,,,,,,,,,,,,,,,,,,,,,,,,,,,,,,,,,,,,,,,,,,,,,,,,,,,,,,,,,,,,,,,,,,,,,,,,,,,,,,,,,,,,,,,,,,,,,,,,,,,,,,,,,,,,,,,,,,,,,,,,,,,,,,,,,,,,,,,,,,,,,,,,,,,,,,,,,,,,,,,,,,,,,,,,,,,,,,,,,,,,,,,
2021-07-19,0.0,0.0,0.0,0.0,0.0,0.0,621.5,0.0,0,0,0,0,0,0,0.0,0.0,0.0,0.0,0.0,9.0,596.5,0.0,0,0,0,0,0,0,0.0,0.0,0.0,0.0,0.0,6.0,572.0,0.0,0,0,0,0,0,0,0.0,0.0,0.0,0.0,0.0,6.0,547.5,0.0,0,0,0,0,0,0,0.0,0.0,0.0,0.0,0.0,6.0,523.0,0.0,0,0,0,0,0,0,0.0,0.0,0.0,0.0,0.0,6.0,499.0,0.0,0,0,0,0,0,0,0.0,0.0,0.0,0.0,0.0,3.0,475.0,0.0,0,0,0,0,0,0,0.0,0.0,0.0,0.0,0.0,3.0,451.5,0.0,0,0,0,0,0,0,0.0,0.0,0.0,0.0,0.0,3.0,428.0,0.0,0,0,0,0,0,0,0.0,0.0,0.0,0.0,0.0,3.0,405.0,0.0,0,0,0,0,0,0,0.0,0.0,0.0,0.0,0.0,6.0,382.5,0.0,0,0,0,0,0,0,0.0,0.0,0.0,0.0,0.0,18.0,360.0,0.0,0,0,0,0,0,0,0.0,0.0,0.0,0.0,0.0,19.0,338.5,0.0,0.0,0.0,0.0,0.0,0.0,0.0,0.0,0.0,0.0,0.0,0.0,42.0,317.5,0.0,0.0,0.0,0.0,0.0,0.0,0.0,0.0,0.0,0.0,0.0,0.0,47.0,297.5,0.0,0.0,0.0,0.0,0.0,0.0,0.0,275.5,284.0,258.0,272.0,77.0,54.0,277.5,0.0,,0.21478,,,0.8149,,237.0,242.5,222.5,235.0,76.0,56.0,240.5,0.0,0.10671,0.21994,,0.9624,0.7554,,207.5,208.0,190.0,208.0,34.0,87.0,207.0,0.0,0.15182,0.22375,0.16408,0.8425,0.6923,0.8193,180.5,180.5,169.0,178.0,51.0,73.0,177.0,0.0,0.17947,0.24347,0.18215,0.7399,0.6214,0.7305,137.0,152.0,137.0,152.0,24.0,81.0,150.5,0.0,0.18954,0.23395,0.19614,0.659,0.5604,0.6481,113.5,136.5,113.5,135.0,58.0,64.0,127.0,0.0,0.21551,0.23494,0.21812,0.5778,0.4962,0.5707,108.5,112.5,97.0,112.5,24.0,44.0,107.0,0.0,0.21731,0.24339,0.22205,0.5097,0.4372,0.5037,89.5,100.0,89.5,100.0,18.0,78.0,90.5,0.0,0.23444,0.26437,0.23866,0.45,0.392,0.4455,75.0,83.5,75.0,83.5,14.0,79.0,75.5,0.0,0.23871,0.26721,0.24251,0.3929,0.343,0.3893,57.0,71.0,57.0,70.0,23.0,65.0,63.5,0.0,0.24588,0.25755,0.24731,0.3431,0.2872,0.3387,46.5,51.0,46.5,50.0,14.0,103.0,53.5,0.0,0.23219,0.25929,0.23305,0.2795,0.2449,0.275,39.0,49.5,39.0,49.0,45.0,125.0,44.5,0.0,0.25467,0.26433,0.25646,0.2558,0.2106,0.2529,38.0,43.0,35.0,43.0,67.0,206.0,37.5,0.0,0.2632,0.27571,0.26599,0.224,0.1874,0.2226,0.0,0.0,0.0,0.0,0.0,82.0,1.5,0.0,0.0,0.0,0.0,0.0,0.0,0.0,0.0,0.0,0.0,0.0,0.0,76.0,2.0,0.0,0.0,0.0,0.0,0.0,0.0,0.0,0.0,0.0,0.0,0.0,0.0,51.0,2.5,0.0,0.0,0.0,0.0,0.0,0.0,0.0,0.0,0.0,0.0,0.0,0.0,28.0,3.0,0.0,0.0,0.0,0.0,0.0,0.0,0.0,0.0,0.0,0.0,0.0,0.0,37.0,4.0,0.0,0.0,0.0,0.0,0.0,0.0,0.0,0.0,0.0,0.0,0.0,0.0,61.0,5.0,0.0,0.0,0.0,0.0,0.0,0.0,0.0,5.0,5.0,5.0,5.0,20.0,75.0,6.0,0.0,0.24414,0.22262,0.24243,-0.0366,-0.0406,-0.0369,0.0,0.0,0.0,0.0,0.0,191.0,7.5,0.0,0.0,0.0,0.0,0.0,0.0,0.0,0.0,0.0,0.0,0.0,0.0,86.0,9.0,0.0,0.0,0.0,0.0,0.0,0.0,0.0,11.5,13.5,8.5,8.5,208.0,86.0,11.0,0.0,0.23685,0.23934,0.23497,-0.0594,-0.0886,-0.0599,13.5,13.5,10.5,10.5,107.0,89.0,13.5,0.0,0.23677,0.22653,0.23482,-0.0711,-0.0929,-0.0717,16.5,18.0,13.5,13.5,71.0,73.0,16.0,0.0,0.23974,0.23238,0.23769,-0.0868,-0.1152,-0.0876,18.5,18.5,16.5,16.5,31.0,51.0,19.5,0.0,0.24031,0.22075,0.23817,-0.1023,-0.123,-0.1032,23.5,24.0,19.0,19.0,50.0,54.0,23.0,0.0,0.23718,0.22601,0.23496,-0.1161,-0.1488,-0.1172,30.0,30.0,23.0,24.5,7.0,53.0,28.0,0.0,0.23809,0.22996,0.24082,-0.1351,-0.175,-0.141,35.5,35.5,27.0,27.0,92.0,64.0,33.0,0.0,0.23716,0.23015,0.23474,-0.1542,-0.1995,-0.1557,46.5,51.0,39.5,39.5,48.0,73.0,46.0,0.0,0.24299,0.2362,0.24031,-0.2036,-0.2573,-0.2058,62.0,62.0,52.0,52.0,17.0,66.0,62.0,0.0,0.2414,0.22501,0.23845,-0.2523,-0.3085,-0.2552,82.5,88.5,72.5,72.5,31.0,34.0,81.5,0.0,0.2511,0.24019,0.2478,-0.3123,-0.3776,-0.3159,115.5,115.5,94.5,94.5,107.0,41.0,104.5,0.0,0.25666,0.24871,0.25299,-0.3704,-0.4404,-0.3748,143.0,143.0,118.5,118.5,12.0,52.0,131.0,0.0,0.26,0.25197,0.25592,-0.4276,-0.5004,-0.433,173.5,173.5,169.5,169.5,14.0,51.0,161.0,0.0,0.30826,0.25537,0.30376,-0.4782,-0.5577,-0.4837,197.0,210.5,176.0,181.5,33.0,20.0,193.5,0.0,0.2682,0.26632,0.27346,-0.5376,-0.6069,-0.5413,248.0,248.0,247.5,247.5,21.0,21.0,228.5,0.0,0.3459,0.27395,0.34061,-0.5571,-0.6522,-0.5634,0.0,0.0,0.0,0.0,0.0,0.0,266.0,0.0,0.0,0.0,0.0,0.0,0.0,0.0,0.0,0.0,0.0,0.0,0.0,3.0,306.0,0.0,0.0,0.0,0.0,0.0,0.0,0.0,0.0,0.0,0.0,0.0,0.0,0.0,346.5,0.0,0.0,0.0,0.0,0.0,0.0,0.0,0.0,0.0,0.0,0.0,0.0,0.0,389.5,0.0,0.0,0.0,0.0,0.0,0.0,0.0,,,,,,,,,,,,,,,,,,,,,,,,,,,,,,,,,,,,,,,,,,,,,,,,,,,,,,,,,,,,,,,,,,,,,,,,,,,,,,,,,,,,,,,,,,,,,,,,,,,,,,,,,,,,,,,,,,,,,,,,,,,,,,,,,,,,,,,,,,,,,,,,,,,,,,,,,,,,,,,,,,,,,,,,,,,,,,,,,,,,,,,,,,,,,,,,,,,,,,,,,,,,,,,,,,,,,,,,,,,,,,,,,,,,,,,,,,,,,,,,,,,,,,,,,,,,,,,,,,,,,,,,,,,,,,,,,,,,,,,,,,,,,,,,,,,,,,,,,,,,,,,,,,,,,,,,,,,,,,,,,,,,,,,,,,,,,,,,,,,,,,,,,,,,,,,,,,,,,,,,,,,,,,,,,,,,,,,,,,,,,,,,,,,,,,,,,,,,,,,,,,,,,,,,,,,,,,,,,,,,,,,,,,,,,,,,,,,,,,,,,,,,,,,,,,,,,,,,,,,,,,,,,,,,,,,,,,,,,,,,,,,,,,,,,,,,,,,,,,,,,,,,,,,,,,,,,,,,,,,,,,,,,,,,,,,,,,,,,,,,,,,,,,,,,,,,,,,,,,,,
2021-07-20,0.0,0.0,0.0,0.0,0.0,0.0,619.5,0.0,0,0,0,0,0,0,0.0,0.0,0.0,0.0,0.0,9.0,594.5,0.0,0,0,0,0,0,0,0.0,0.0,0.0,0.0,0.0,6.0,570.0,0.0,0,0,0,0,0,0,0.0,0.0,0.0,0.0,0.0,6.0,545.5,0.0,0,0,0,0,0,0,0.0,0.0,0.0,0.0,0.0,6.0,521.0,0.0,0,0,0,0,0,0,0.0,0.0,0.0,0.0,0.0,6.0,497.0,0.0,0,0,0,0,0,0,0.0,0.0,0.0,0.0,0.0,3.0,473.5,0.0,0,0,0,0,0,0,0.0,0.0,0.0,0.0,0.0,3.0,450.0,0.0,0,0,0,0,0,0,0.0,0.0,0.0,0.0,0.0,3.0,426.5,0.0,0,0,0,0,0,0,0.0,0.0,0.0,0.0,0.0,3.0,404.0,0.0,0,0,0,0,0,0,0.0,0.0,0.0,0.0,0.0,6.0,381.5,0.0,0,0,0,0,0,0,0.0,0.0,0.0,0.0,0.0,18.0,359.5,0.0,0,0,0,0,0,0,0.0,0.0,0.0,0.0,0.0,19.0,338.0,0.0,0.0,0.0,0.0,0.0,0.0,0.0,0.0,0.0,0.0,0.0,0.0,42.0,316.5,0.0,0.0,0.0,0.0,0.0,0.0,0.0,0.0,0.0,0.0,0.0,0.0,47.0,297.0,0.0,0.0,0.0,0.0,0.0,0.0,0.0,0.0,0.0,0.0,0.0,0.0,54.0,277.0,0.0,0.0,0.0,0.0,0.0,0.0,0.0,223.0,223.0,223.0,223.0,2.0,56.0,240.0,0.0,,0.22995,0.13564,,0.744,0.8988,0.0,0.0,0.0,0.0,0.0,87.0,206.5,0.0,0.0,0.0,0.0,0.0,0.0,0.0,0.0,0.0,0.0,0.0,0.0,73.0,176.0,0.0,0.0,0.0,0.0,0.0,0.0,0.0,151.0,151.0,151.0,151.0,10.0,81.0,149.0,0.0,0.19548,0.267,0.22177,0.6488,0.5542,0.6093,120.5,120.5,120.5,120.5,1.0,64.0,125.5,0.0,0.19186,0.25373,0.21421,0.5749,0.4946,0.542,98.0,98.0,98.0,98.0,1.0,44.0,105.5,0.0,0.19625,0.2503,0.21549,0.4983,0.4345,0.4728,84.0,95.5,84.0,95.5,6.0,78.0,89.0,0.0,0.23166,0.25815,0.24906,0.4417,0.3826,0.424,78.0,78.0,72.5,72.5,7.0,81.0,74.5,0.0,0.23327,0.26652,0.23784,0.3822,0.3369,0.3601,61.5,61.5,61.5,61.5,2.0,63.0,62.5,0.0,0.2313,0.27183,0.2454,0.3239,0.2943,0.3126,48.5,51.0,48.5,51.0,24.0,100.0,52.5,0.0,0.23677,0.26817,0.24975,0.2772,0.2482,0.2684,46.0,46.0,40.5,45.0,68.0,98.0,44.0,0.0,0.25098,0.27219,0.26079,0.2457,0.2134,0.2363,37.5,38.0,33.5,37.5,117.0,203.0,37.5,0.0,0.25485,0.27524,0.26496,0.2095,0.1822,0.2026,0.0,0.0,0.0,0.0,0.0,82.0,1.5,0.0,0.0,0.0,0.0,0.0,0.0,0.0,0.0,0.0,0.0,0.0,0.0,76.0,2.0,0.0,0.0,0.0,0.0,0.0,0.0,0.0,0.0,0.0,0.0,0.0,0.0,51.0,2.5,0.0,0.0,0.0,0.0,0.0,0.0,0.0,0.0,0.0,0.0,0.0,0.0,28.0,3.5,0.0,0.0,0.0,0.0,0.0,0.0,0.0,0.0,0.0,0.0,0.0,0.0,37.0,4.0,0.0,0.0,0.0,0.0,0.0,0.0,0.0,0.0,0.0,0.0,0.0,0.0,61.0,5.0,0.0,0.0,0.0,0.0,0.0,0.0,0.0,0.0,0.0,0.0,0.0,0.0,75.0,6.5,0.0,0.0,0.0,0.0,0.0,0.0,0.0,0.0,0.0,0.0,0.0,0.0,191.0,8.0,0.0,0.0,0.0,0.0,0.0,0.0,0.0,0.0,0.0,0.0,0.0,0.0,86.0,9.5,0.0,0.0,0.0,0.0,0.0,0.0,0.0,0.0,0.0,0.0,0.0,0.0,86.0,11.5,0.0,0.0,0.0,0.0,0.0,0.0,0.0,13.5,15.5,11.5,11.5,142.0,89.0,14.0,0.0,0.2415,0.23497,0.23306,-0.0759,-0.1015,-0.0788,16.5,18.5,15.0,15.0,84.0,67.0,17.0,0.0,0.24592,0.2338,0.23703,-0.0933,-0.1179,-0.0969,0.0,0.0,0.0,0.0,0.0,51.0,20.5,0.0,0.0,0.0,0.0,0.0,0.0,0.0,22.5,29.0,22.5,24.5,8.0,51.0,24.5,0.0,0.24917,0.24121,0.24632,-0.1285,-0.1648,-0.1399,34.5,34.5,31.0,31.0,19.0,51.0,29.5,0.0,0.26307,0.24217,0.25262,-0.1587,-0.1882,-0.1652,34.0,34.0,34.0,34.0,2.0,63.0,34.5,0.0,0.25718,0.2251,0.24639,-0.174,-0.1976,-0.1814,51.0,51.0,45.5,45.5,47.0,95.0,47.0,0.0,0.25715,0.23503,0.24533,-0.2181,-0.2598,-0.2279,61.5,62.0,58.0,58.0,73.0,83.0,63.5,0.0,0.25362,0.22352,0.24068,-0.2648,-0.3118,-0.2775,86.5,86.5,79.5,79.5,50.0,70.0,82.5,0.0,0.26383,0.23438,0.24939,-0.3231,-0.3805,-0.3391,0.0,0.0,0.0,0.0,0.0,41.0,105.5,0.0,0.0,0.0,0.0,0.0,0.0,0.0,134.5,134.5,131.0,131.0,2.0,53.0,131.5,0.0,0.2811,0.23306,0.26327,-0.4345,-0.51,-0.4573,160.0,160.0,160.0,160.0,30.0,41.0,161.5,0.0,0.2875,0.22593,0.26771,-0.4864,-0.5773,-0.5129,206.5,206.5,192.5,192.5,23.0,23.0,194.0,0.0,0.29565,0.25473,0.2737,-0.5348,-0.6196,-0.5648,247.0,247.0,227.5,227.5,70.0,11.0,229.5,0.0,0.30419,0.26774,0.27989,-0.5791,-0.6622,-0.6125,264.5,264.5,264.5,264.5,10.0,10.0,267.0,0.0,0.31273,0.2241,0.28587,-0.6194,-0.7522,-0.6559,0.0,0.0,0.0,0.0,0.0,3.0,307.0,0.0,0.0,0.0,0.0,0.0,0.0,0.0,0.0,0.0,0.0,0.0,0.0,0.0,348.0,0.0,0.0,0.0,0.0,0.0,0.0,0.0,0.0,0.0,0.0,0.0,0.0,0.0,391.5,0.0,0.0,0.0,0.0,0.0,0.0,0.0,,,,,,,,,,,,,,,,,,,,,,,,,,,,,,,,,,,,,,,,,,,,,,,,,,,,,,,,,,,,,,,,,,,,,,,,,,,,,,,,,,,,,,,,,,,,,,,,,,,,,,,,,,,,,,,,,,,,,,,,,,,,,,,,,,,,,,,,,,,,,,,,,,,,,,,,,,,,,,,,,,,,,,,,,,,,,,,,,,,,,,,,,,,,,,,,,,,,,,,,,,,,,,,,,,,,,,,,,,,,,,,,,,,,,,,,,,,,,,,,,,,,,,,,,,,,,,,,,,,,,,,,,,,,,,,,,,,,,,,,,,,,,,,,,,,,,,,,,,,,,,,,,,,,,,,,,,,,,,,,,,,,,,,,,,,,,,,,,,,,,,,,,,,,,,,,,,,,,,,,,,,,,,,,,,,,,,,,,,,,,,,,,,,,,,,,,,,,,,,,,,,,,,,,,,,,,,,,,,,,,,,,,,,,,,,,,,,,,,,,,,,,,,,,,,,,,,,,,,,,,,,,,,,,,,,,,,,,,,,,,,,,,,,,,,,,,,,,,,,,,,,,,,,,,,,,,,,,,,,,,,,,,,,,,,,,,,,,,,,,,,,,,,,,,,,,,,,,,,,,
2021-07-21,0.0,0.0,0.0,0.0,0.0,0.0,613.0,0.0,0,0,0,0,0,0,0.0,0.0,0.0,0.0,0.0,9.0,588.5,0.0,0,0,0,0,0,0,0.0,0.0,0.0,0.0,0.0,6.0,564.0,0.0,0,0,0,0,0,0,0.0,0.0,0.0,0.0,0.0,6.0,539.5,0.0,0,0,0,0,0,0,0.0,0.0,0.0,0.0,0.0,6.0,515.0,0.0,0,0,0,0,0,0,0.0,0.0,0.0,0.0,0.0,6.0,491.0,0.0,0,0,0,0,0,0,0.0,0.0,0.0,0.0,0.0,3.0,467.5,0.0,0,0,0,0,0,0,0.0,0.0,0.0,0.0,0.0,3.0,444.0,0.0,0,0,0,0,0,0,0.0,0.0,0.0,0.0,0.0,3.0,420.5,0.0,0,0,0,0,0,0,0.0,0.0,0.0,0.0,0.0,3.0,398.0,0.0,0,0,0,0,0,0,0.0,0.0,0.0,0.0,0.0,6.0,375.5,0.0,0,0,0,0,0,0,0.0,0.0,0.0,0.0,0.0,18.0,353.5,0.0,0,0,0,0,0,0,343.0,343.0,343.0,343.0,10.0,29.0,332.5,0.0,,0.33085,0.23072,,0.7847,0.8853,322.5,322.5,322.5,322.5,10.0,52.0,311.5,0.0,0.15639,0.32457,0.23311,0.9535,0.7686,0.864,301.5,301.5,301.5,301.5,10.0,57.0,291.5,0.0,0.16963,0.31625,0.23169,0.9235,0.7525,0.8445,250.0,281.5,250.0,281.5,22.0,56.0,271.5,0.0,0.17983,0.23132,0.23167,0.8918,0.7864,0.8218,244.0,244.0,244.0,244.0,27.0,59.0,235.0,0.0,0.19422,0.29921,0.23297,0.8259,0.6929,0.7704,209.5,210.0,201.0,201.0,43.0,81.0,201.5,0.0,0.20473,0.27331,0.215,0.7569,0.6519,0.7272,178.5,179.0,178.5,179.0,39.0,80.0,171.5,0.0,0.21201,0.28539,0.2373,0.6873,0.5948,0.6516,151.0,153.5,149.5,149.5,36.0,79.0,145.0,0.0,0.22218,0.27866,0.23568,0.6159,0.5407,0.5893,127.5,129.0,121.5,121.5,16.0,63.0,121.5,0.0,0.22673,0.26871,0.23086,0.5484,0.4834,0.5247,108.0,108.0,101.0,101.0,3.0,45.0,101.5,0.0,0.23144,0.26801,0.23431,0.4835,0.4276,0.461,89.0,90.5,89.0,89.5,22.0,67.0,85.0,0.0,0.23687,0.27924,0.24952,0.4231,0.3812,0.4078,75.0,75.0,75.0,75.0,2.0,82.0,71.0,0.0,0.24077,0.28207,0.25398,0.3669,0.3347,0.3556,61.0,61.0,61.0,61.0,14.0,69.0,58.5,0.0,0.24255,0.28031,0.25459,0.3142,0.2884,0.3052,50.0,52.0,43.0,52.0,47.0,104.0,49.0,0.0,0.25053,0.26334,0.2617,0.2725,0.2309,0.2655,41.5,42.5,40.0,40.0,16.0,95.0,41.0,0.0,0.25335,0.27935,0.2573,0.2316,0.209,0.2196,35.5,35.5,28.0,34.5,121.0,251.0,34.0,0.0,0.2585,0.26658,0.26542,0.1982,0.1629,0.191,0.0,0.0,0.0,0.0,0.0,82.0,1.5,0.0,0.0,0.0,0.0,0.0,0.0,0.0,0.0,0.0,0.0,0.0,0.0,76.0,2.0,0.0,0.0,0.0,0.0,0.0,0.0,0.0,0.0,0.0,0.0,0.0,0.0,51.0,2.5,0.0,0.0,0.0,0.0,0.0,0.0,0.0,0.0,0.0,0.0,0.0,0.0,28.0,3.0,0.0,0.0,0.0,0.0,0.0,0.0,0.0,0.0,0.0,0.0,0.0,0.0,37.0,4.0,0.0,0.0,0.0,0.0,0.0,0.0,0.0,5.0,5.5,5.0,5.5,13.0,61.0,5.0,0.0,0.25074,0.23501,0.24902,-0.0364,-0.0427,-0.04,0.0,0.0,0.0,0.0,0.0,75.0,6.0,0.0,0.0,0.0,0.0,0.0,0.0,0.0,0.0,0.0,0.0,0.0,0.0,191.0,8.0,0.0,0.0,0.0,0.0,0.0,0.0,0.0,0.0,0.0,0.0,0.0,0.0,86.0,9.5,0.0,0.0,0.0,0.0,0.0,0.0,0.0,12.0,12.0,12.0,12.0,10.0,96.0,12.0,0.0,0.25148,0.22791,0.24416,-0.0767,-0.0851,-0.0791,15.5,18.0,13.0,13.0,90.0,149.0,14.5,0.0,0.24398,0.24136,0.23648,-0.0842,-0.1132,-0.087,17.0,17.0,16.0,16.0,34.0,73.0,17.5,0.0,0.2449,0.22367,0.23706,-0.0997,-0.1153,-0.1031,20.5,20.5,19.0,20.0,41.0,50.0,21.0,0.0,0.24389,0.22299,0.23952,-0.1152,-0.1346,-0.1227,0.0,0.0,0.0,0.0,0.0,51.0,25.0,0.0,0.0,0.0,0.0,0.0,0.0,0.0,0.0,0.0,0.0,0.0,0.0,51.0,30.0,0.0,0.0,0.0,0.0,0.0,0.0,0.0,42.0,42.0,42.0,42.0,5.0,63.0,35.0,0.0,0.27285,0.24106,0.26304,-0.1972,-0.2217,-0.2043,47.0,49.0,45.0,48.0,47.0,69.0,48.0,0.0,0.24828,0.2241,0.24535,-0.2246,-0.264,-0.2393,63.0,66.0,59.0,63.0,52.0,68.0,64.5,0.0,0.2474,0.22509,0.24489,-0.2759,-0.3269,-0.2933,83.0,87.5,78.5,78.5,27.0,89.0,84.0,0.0,0.25217,0.22827,0.23941,-0.3343,-0.3938,-0.3493,101.5,101.5,101.0,101.0,20.0,51.0,107.5,0.0,0.25641,0.20994,0.24216,-0.3934,-0.4611,-0.4118,134.5,134.5,126.5,126.5,40.0,57.0,133.5,0.0,0.2604,0.22215,0.24443,-0.4519,-0.5298,-0.4741,156.0,164.0,154.0,164.0,42.0,50.0,163.0,0.0,0.26255,0.221,0.2638,-0.509,-0.5972,-0.5294,202.5,203.5,184.5,184.5,44.0,39.0,196.5,0.0,0.26512,0.23418,0.24483,-0.5638,-0.6496,-0.5948,223.0,223.0,223.0,223.0,23.0,32.0,232.0,0.0,0.27845,0.19667,0.25581,-0.6092,-0.746,-0.6431,262.5,271.0,259.0,271.0,72.0,18.0,269.0,0.0,0.28271,0.21841,0.28283,-0.6545,-0.7734,-0.6721,0.0,0.0,0.0,0.0,0.0,3.0,309.5,0.0,0.0,0.0,0.0,0.0,0.0,0.0,0.0,0.0,0.0,0.0,0.0,0.0,351.0,0.0,0.0,0.0,0.0,0.0,0.0,0.0,0.0,0.0,0.0,0.0,0.0,0.0,394.0,0.0,0.0,0.0,0.0,0.0,0.0,0.0,,,,,,,,,,,,,,,,,,,,,,,,,,,,,,,,,,,,,,,,,,,,,,,,,,,,,,,,,,,,,,,,,,,,,,,,,,,,,,,,,,,,,,,,,,,,,,,,,,,,,,,,,,,,,,,,,,,,,,,,,,,,,,,,,,,,,,,,,,,,,,,,,,,,,,,,,,,,,,,,,,,,,,,,,,,,,,,,,,,,,,,,,,,,,,,,,,,,,,,,,,,,,,,,,,,,,,,,,,,,,,,,,,,,,,,,,,,,,,,,,,,,,,,,,,,,,,,,,,,,,,,,,,,,,,,,,,,,,,,,,,,,,,,,,,,,,,,,,,,,,,,,,,,,,,,,,,,,,,,,,,,,,,,,,,,,,,,,,,,,,,,,,,,,,,,,,,,,,,,,,,,,,,,,,,,,,,,,,,,,,,,,,,,,,,,,,,,,,,,,,,,,,,,,,,,,,,,,,,,,,,,,,,,,,,,,,,,,,,,,,,,,,,,,,,,,,,,,,,,,,,,,,,,,,,,,,,,,,,,,,,,,,,,,,,,,,,,,,,,,,,,,,,,,,,,,,,,,,,,,,,,,,,,,,,,,,,,,,,,,,,,,,,,,,,,,,,,,,,,,
2021-07-23,0.0,0.0,0.0,0.0,0.0,0.0,636.0,0.0,0,0,0,0,0,0,0.0,0.0,0.0,0.0,0.0,9.0,611.5,0.0,0,0,0,0,0,0,0.0,0.0,0.0,0.0,0.0,6.0,586.5,0.0,0,0,0,0,0,0,0.0,0.0,0.0,0.0,0.0,6.0,562.0,0.0,0,0,0,0,0,0,0.0,0.0,0.0,0.0,0.0,6.0,537.5,0.0,0,0,0,0,0,0,0.0,0.0,0.0,0.0,0.0,6.0,513.5,0.0,0,0,0,0,0,0,0.0,0.0,0.0,0.0,0.0,3.0,489.5,0.0,0,0,0,0,0,0,0.0,0.0,0.0,0.0,0.0,3.0,465.5,0.0,0,0,0,0,0,0,0.0,0.0,0.0,0.0,0.0,3.0,442.5,0.0,0,0,0,0,0,0,0.0,0.0,0.0,0.0,0.0,3.0,419.0,0.0,0,0,0,0,0,0,0.0,0.0,0.0,0.0,0.0,6.0,396.5,0.0,0,0,0,0,0,0,0.0,0.0,0.0,0.0,0.0,18.0,374.0,0.0,0,0,0,0,0,0,0.0,0.0,0.0,0.0,0.0,29.0,352.0,0.0,0.0,0.0,0.0,0.0,0.0,0.0,0.0,0.0,0.0,0.0,0.0,52.0,331.0,0.0,0.0,0.0,0.0,0.0,0.0,0.0,0.0,0.0,0.0,0.0,0.0,57.0,310.0,0.0,0.0,0.0,0.0,0.0,0.0,0.0,0.0,0.0,0.0,0.0,0.0,46.0,290.0,0.0,0.0,0.0,0.0,0.0,0.0,0.0,268.0,268.0,231.5,231.5,16.0,56.0,251.5,0.0,0.18753,0.23566,0.21412,0.866,0.7539,0.7838,208.0,208.0,202.5,202.5,4.0,81.0,216.5,0.0,0.12207,0.24708,0.22986,0.9076,0.6893,0.7121,173.5,173.5,169.0,169.0,4.0,76.0,184.5,0.0,0.1465,0.24118,0.22653,0.7996,0.6316,0.6511,165.0,165.0,134.0,134.0,38.0,71.0,156.0,0.0,0.20695,0.22659,0.21397,0.6657,0.5698,0.5871,0.0,0.0,0.0,0.0,0.0,63.0,131.5,0.0,0.0,0.0,0.0,0.0,0.0,0.0,103.5,105.5,102.0,102.0,12.0,47.0,110.5,0.0,0.19906,0.25362,0.24389,0.5218,0.4466,0.4565,82.0,82.0,82.0,82.0,20.0,77.0,92.0,0.0,0.19661,0.25053,0.24184,0.4457,0.3871,0.3951,78.0,78.0,78.0,78.0,2.0,80.0,76.5,0.0,0.22559,0.27537,0.26725,0.3939,0.3507,0.3568,60.5,60.5,53.0,56.5,17.0,81.0,64.0,0.0,0.22271,0.25046,0.25123,0.3312,0.2815,0.2939,46.0,46.5,46.0,46.5,21.0,107.0,53.5,0.0,0.2211,0.26049,0.25502,0.2738,0.2458,0.2509,49.0,49.0,38.5,38.5,35.0,103.0,44.5,0.0,0.2534,0.26579,0.25954,0.2584,0.2109,0.214,36.0,36.0,32.5,32.5,12.0,246.0,37.5,0.0,0.24562,0.27167,0.26578,0.2082,0.1815,0.1839,0.0,0.0,0.0,0.0,0.0,82.0,1.5,0.0,0.0,0.0,0.0,0.0,0.0,0.0,0.0,0.0,0.0,0.0,0.0,76.0,2.0,0.0,0.0,0.0,0.0,0.0,0.0,0.0,0.0,0.0,0.0,0.0,0.0,51.0,2.0,0.0,0.0,0.0,0.0,0.0,0.0,0.0,0.0,0.0,0.0,0.0,0.0,26.0,3.0,0.0,0.0,0.0,0.0,0.0,0.0,0.0,0.0,0.0,0.0,0.0,0.0,37.0,3.5,0.0,0.0,0.0,0.0,0.0,0.0,0.0,6.0,7.0,6.0,7.0,28.0,53.0,4.5,0.0,0.27415,0.25852,0.26263,-0.0393,-0.0484,-0.0475,0.0,0.0,0.0,0.0,0.0,75.0,5.5,0.0,0.0,0.0,0.0,0.0,0.0,0.0,0.0,0.0,0.0,0.0,0.0,191.0,6.5,0.0,0.0,0.0,0.0,0.0,0.0,0.0,0.0,0.0,0.0,0.0,0.0,86.0,8.5,0.0,0.0,0.0,0.0,0.0,0.0,0.0,0.0,0.0,0.0,0.0,0.0,96.0,10.0,0.0,0.0,0.0,0.0,0.0,0.0,0.0,11.5,11.5,11.0,11.0,71.0,186.0,12.5,0.0,0.24938,0.22496,0.22699,-0.0719,-0.0833,-0.0794,14.0,14.0,12.5,12.5,60.0,103.0,15.0,0.0,0.24486,0.22392,0.22178,-0.0813,-0.0985,-0.0901,0.0,0.0,0.0,0.0,0.0,50.0,18.0,0.0,0.0,0.0,0.0,0.0,0.0,0.0,0.0,0.0,0.0,0.0,0.0,49.0,21.5,0.0,0.0,0.0,0.0,0.0,0.0,0.0,28.0,28.0,28.0,28.0,4.0,53.0,25.5,0.0,0.26577,0.23268,0.23836,-0.1467,-0.1671,-0.1633,0.0,0.0,0.0,0.0,0.0,61.0,30.5,0.0,0.0,0.0,0.0,0.0,0.0,0.0,37.0,48.5,37.0,48.5,14.0,67.0,42.0,0.0,0.24761,0.23969,0.24636,-0.1938,-0.2492,-0.2431,50.0,64.0,50.0,64.0,18.0,65.0,56.5,0.0,0.24853,0.23915,0.24654,-0.2433,-0.3063,-0.2983,72.0,82.0,72.0,82.0,4.0,89.0,74.0,0.0,0.26292,0.23741,0.24566,-0.3047,-0.3671,-0.3569,102.5,102.5,102.5,102.5,5.0,56.0,95.0,0.0,0.28661,0.23439,0.24364,-0.3664,-0.431,-0.4182,115.5,129.0,115.5,129.0,27.0,51.0,120.5,0.0,0.26884,0.2368,0.24726,-0.4165,-0.4964,-0.4808,155.5,157.0,155.5,157.0,21.0,53.0,149.0,0.0,0.2982,0.23585,0.24775,-0.4699,-0.5608,-0.5421,173.5,192.0,173.5,192.0,17.0,44.0,180.5,0.0,0.28027,0.24289,0.25637,-0.5247,-0.6177,-0.5965,222.0,225.0,222.0,225.0,16.0,30.0,214.5,0.0,0.31608,0.24028,0.25581,-0.5618,-0.6762,-0.6513,252.0,278.0,252.0,278.0,26.0,18.0,252.0,0.0,0.31234,0.27709,0.29348,-0.6083,-0.6952,-0.672,0.0,0.0,0.0,0.0,0.0,3.0,291.0,0.0,0.0,0.0,0.0,0.0,0.0,0.0,0.0,0.0,0.0,0.0,0.0,0.0,332.0,0.0,0.0,0.0,0.0,0.0,0.0,0.0,0.0,0.0,0.0,0.0,0.0,0.0,374.5,0.0,0.0,0.0,0.0,0.0,0.0,0.0,,,,,,,,,,,,,,,,,,,,,,,,,,,,,,,,,,,,,,,,,,,,,,,,,,,,,,,,,,,,,,,,,,,,,,,,,,,,,,,,,,,,,,,,,,,,,,,,,,,,,,,,,,,,,,,,,,,,,,,,,,,,,,,,,,,,,,,,,,,,,,,,,,,,,,,,,,,,,,,,,,,,,,,,,,,,,,,,,,,,,,,,,,,,,,,,,,,,,,,,,,,,,,,,,,,,,,,,,,,,,,,,,,,,,,,,,,,,,,,,,,,,,,,,,,,,,,,,,,,,,,,,,,,,,,,,,,,,,,,,,,,,,,,,,,,,,,,,,,,,,,,,,,,,,,,,,,,,,,,,,,,,,,,,,,,,,,,,,,,,,,,,,,,,,,,,,,,,,,,,,,,,,,,,,,,,,,,,,,,,,,,,,,,,,,,,,,,,,,,,,,,,,,,,,,,,,,,,,,,,,,,,,,,,,,,,,,,,,,,,,,,,,,,,,,,,,,,,,,,,,,,,,,,,,,,,,,,,,,,,,,,,,,,,,,,,,,,,,,,,,,,,,,,,,,,,,,,,,,,,,,,,,,,,,,,,,,,,,,,,,,,,,,,,,,,,,,,,,,,,
2021-07-26,0.0,0.0,0.0,0.0,0.0,0.0,585.5,0.0,0,0,0,0,0,0,0.0,0.0,0.0,0.0,0.0,9.0,561.0,0.0,0,0,0,0,0,0,0.0,0.0,0.0,0.0,0.0,6.0,536.5,0.0,0,0,0,0,0,0,0.0,0.0,0.0,0.0,0.0,6.0,512.0,0.0,0,0,0,0,0,0,0.0,0.0,0.0,0.0,0.0,6.0,488.0,0.0,0,0,0,0,0,0,0.0,0.0,0.0,0.0,0.0,6.0,464.0,0.0,0,0,0,0,0,0,0.0,0.0,0.0,0.0,0.0,3.0,440.5,0.0,0,0,0,0,0,0,0.0,0.0,0.0,0.0,0.0,3.0,417.0,0.0,0,0,0,0,0,0,0.0,0.0,0.0,0.0,0.0,3.0,394.0,0.0,0,0,0,0,0,0,0.0,0.0,0.0,0.0,0.0,3.0,371.5,0.0,0,0,0,0,0,0,0.0,0.0,0.0,0.0,0.0,6.0,349.5,0.0,0,0,0,0,0,0,0.0,0.0,0.0,0.0,0.0,18.0,328.0,0.0,0,0,0,0,0,0,0.0,0.0,0.0,0.0,0.0,29.0,307.0,0.0,0.0,0.0,0.0,0.0,0.0,0.0,0.0,0.0,0.0,0.0,0.0,52.0,287.0,0.0,0.0,0.0,0.0,0.0,0.0,0.0,0.0,0.0,0.0,0.0,0.0,57.0,267.0,0.0,0.0,0.0,0.0,0.0,0.0,0.0,0.0,0.0,0.0,0.0,0.0,46.0,248.0,0.0,0.0,0.0,0.0,0.0,0.0,0.0,204.0,214.5,204.0,209.5,52.0,64.0,212.5,0.0,0.15877,0.22981,0.21975,0.8561,0.7268,0.7497,173.0,181.0,173.0,181.0,12.0,81.0,180.5,0.0,0.17589,0.23352,0.23196,0.7671,0.6613,0.6783,145.0,147.0,145.0,147.0,12.0,67.0,151.5,0.0,0.1779,0.23597,0.22381,0.6883,0.5944,0.615,121.0,132.5,121.0,129.0,17.0,74.0,127.0,0.0,0.21077,0.23947,0.24155,0.5938,0.5274,0.5446,100.0,115.0,99.5,107.5,36.0,58.0,105.5,0.0,0.22713,0.24128,0.24504,0.5212,0.4621,0.4803,82.0,86.5,82.0,86.5,13.0,57.0,87.5,0.0,0.21448,0.2449,0.24322,0.448,0.4011,0.4167,67.0,75.0,67.0,75.0,72.0,97.0,72.0,0.0,0.22923,0.24791,0.25518,0.3889,0.3445,0.3652,60.5,62.0,55.5,61.5,30.0,89.0,59.0,0.0,0.23548,0.25327,0.25793,0.3332,0.2955,0.3138,45.5,51.0,45.5,49.0,104.0,86.0,49.0,0.0,0.24095,0.25736,0.25772,0.2837,0.2514,0.2648,37.5,45.5,37.5,41.0,87.0,103.0,40.0,0.0,0.2552,0.26209,0.2638,0.2497,0.2136,0.227,33.0,34.5,33.0,34.0,45.0,109.0,33.0,0.0,0.25146,0.27301,0.26867,0.2035,0.1873,0.1934,26.0,27.0,25.0,26.0,43.0,264.0,27.5,0.0,0.25214,0.26957,0.26619,0.1671,0.1513,0.1571,0.0,0.0,0.0,0.0,0.0,82.0,2.0,0.0,0.0,0.0,0.0,0.0,0.0,0.0,0.0,0.0,0.0,0.0,0.0,76.0,2.5,0.0,0.0,0.0,0.0,0.0,0.0,0.0,4.5,4.5,4.5,4.5,1.0,51.0,3.0,0.0,0.28086,0.26455,0.26921,-0.031,-0.0332,-0.0325,0.0,0.0,0.0,0.0,0.0,26.0,3.5,0.0,0.0,0.0,0.0,0.0,0.0,0.0,0.0,0.0,0.0,0.0,0.0,37.0,4.5,0.0,0.0,0.0,0.0,0.0,0.0,0.0,0.0,0.0,0.0,0.0,0.0,53.0,6.0,0.0,0.0,0.0,0.0,0.0,0.0,0.0,0.0,0.0,0.0,0.0,0.0,75.0,7.0,0.0,0.0,0.0,0.0,0.0,0.0,0.0,0.0,0.0,0.0,0.0,0.0,191.0,9.0,0.0,0.0,0.0,0.0,0.0,0.0,0.0,0.0,0.0,0.0,0.0,0.0,86.0,11.0,0.0,0.0,0.0,0.0,0.0,0.0,0.0,0.0,0.0,0.0,0.0,0.0,96.0,13.5,0.0,0.0,0.0,0.0,0.0,0.0,0.0,14.5,17.0,14.0,16.0,80.0,171.0,16.0,0.0,0.24793,0.24053,0.24228,-0.0913,-0.1115,-0.105,17.5,20.5,17.5,19.5,50.0,103.0,19.5,0.0,0.25006,0.24016,0.24265,-0.1089,-0.13,-0.1233,26.0,26.0,26.0,26.0,2.0,50.0,23.5,0.0,0.26819,0.24477,0.2515,-0.1414,-0.1548,-0.1508,27.0,30.0,27.0,30.0,6.0,54.0,28.0,0.0,0.25658,0.24208,0.2491,-0.1513,-0.175,-0.1703,32.5,33.0,32.5,33.0,18.0,48.0,33.0,0.0,0.25877,0.23502,0.2423,-0.174,-0.1932,-0.1877,43.5,43.5,38.5,43.0,58.0,68.0,39.5,0.0,0.26036,0.24724,0.25371,-0.1976,-0.2293,-0.2218,58.5,58.5,52.0,54.5,35.0,74.0,53.5,0.0,0.2619,0.24803,0.2471,-0.2473,-0.2853,-0.2706,76.5,77.0,71.0,71.0,43.0,76.0,71.0,0.0,0.26939,0.24966,0.24613,-0.3043,-0.3459,-0.329,98.0,99.5,91.5,91.5,40.0,86.0,92.0,0.0,0.27294,0.25282,0.24703,-0.3608,-0.4089,-0.3916,124.5,124.5,124.5,124.5,20.0,56.0,117.0,0.0,0.29555,0.2544,0.26653,-0.4196,-0.4716,-0.4552,149.5,154.5,146.0,146.0,44.0,51.0,145.5,0.0,0.28882,0.25977,0.25639,-0.4731,-0.5319,-0.5168,186.5,186.5,175.0,175.0,33.0,64.0,177.0,0.0,0.29175,0.26335,0.25532,-0.5259,-0.5889,-0.5773,221.0,223.0,221.0,221.0,21.0,45.0,211.0,0.0,0.3237,0.27096,0.28399,-0.5645,-0.639,-0.6168,258.5,258.5,250.0,250.0,21.0,21.0,248.0,0.0,0.31742,0.27149,0.27231,-0.6129,-0.689,-0.6747,293.5,303.0,285.5,285.5,31.0,20.0,287.5,0.0,0.32008,0.2884,0.26906,-0.6548,-0.7205,-0.7247,0.0,0.0,0.0,0.0,0.0,3.0,328.5,0.0,0.0,0.0,0.0,0.0,0.0,0.0,0.0,0.0,0.0,0.0,0.0,0.0,371.5,0.0,0.0,0.0,0.0,0.0,0.0,0.0,0.0,0.0,0.0,0.0,0.0,0.0,415.5,0.0,0.0,0.0,0.0,0.0,0.0,0.0,,,,,,,,,,,,,,,,,,,,,,,,,,,,,,,,,,,,,,,,,,,,,,,,,,,,,,,,,,,,,,,,,,,,,,,,,,,,,,,,,,,,,,,,,,,,,,,,,,,,,,,,,,,,,,,,,,,,,,,,,,,,,,,,,,,,,,,,,,,,,,,,,,,,,,,,,,,,,,,,,,,,,,,,,,,,,,,,,,,,,,,,,,,,,,,,,,,,,,,,,,,,,,,,,,,,,,,,,,,,,,,,,,,,,,,,,,,,,,,,,,,,,,,,,,,,,,,,,,,,,,,,,,,,,,,,,,,,,,,,,,,,,,,,,,,,,,,,,,,,,,,,,,,,,,,,,,,,,,,,,,,,,,,,,,,,,,,,,,,,,,,,,,,,,,,,,,,,,,,,,,,,,,,,,,,,,,,,,,,,,,,,,,,,,,,,,,,,,,,,,,,,,,,,,,,,,,,,,,,,,,,,,,,,,,,,,,,,,,,,,,,,,,,,,,,,,,,,,,,,,,,,,,,,,,,,,,,,,,,,,,,,,,,,,,,,,,,,,,,,,,,,,,,,,,,,,,,,,,,,,,,,,,,,,,,,,,,,,,,,,,,,,,,,,,,,,,,,,,,,
2021-07-30,0.0,0.0,0.0,0.0,0.0,0.0,640.0,0.0,0,0,0,0,0,0,0.0,0.0,0.0,0.0,0.0,9.0,615.0,0.0,0,0,0,0,0,0,0.0,0.0,0.0,0.0,0.0,6.0,590.0,0.0,0,0,0,0,0,0,0.0,0.0,0.0,0.0,0.0,6.0,565.5,0.0,0,0,0,0,0,0,0.0,0.0,0.0,0.0,0.0,6.0,540.5,0.0,0,0,0,0,0,0,0.0,0.0,0.0,0.0,0.0,6.0,516.0,0.0,0,0,0,0,0,0,0.0,0.0,0.0,0.0,0.0,3.0,491.5,0.0,0,0,0,0,0,0,0.0,0.0,0.0,0.0,0.0,3.0,467.5,0.0,0,0,0,0,0,0,0.0,0.0,0.0,0.0,0.0,3.0,443.5,0.0,0,0,0,0,0,0,0.0,0.0,0.0,0.0,0.0,3.0,419.5,0.0,0,0,0,0,0,0,0.0,0.0,0.0,0.0,0.0,6.0,396.5,0.0,0,0,0,0,0,0,0.0,0.0,0.0,0.0,0.0,18.0,373.0,0.0,0,0,0,0,0,0,0.0,0.0,0.0,0.0,0.0,29.0,350.5,0.0,0.0,0.0,0.0,0.0,0.0,0.0,0.0,0.0,0.0,0.0,0.0,52.0,328.5,0.0,0.0,0.0,0.0,0.0,0.0,0.0,0.0,0.0,0.0,0.0,0.0,57.0,307.0,0.0,0.0,0.0,0.0,0.0,0.0,0.0,281.5,322.5,281.5,318.0,161.0,68.0,285.5,0.0,,0.28957,0.15834,,0.7718,0.9553,245.0,277.0,244.0,277.0,130.0,100.0,245.5,0.0,,0.2836,0.18364,,0.7268,0.8918,204.5,242.5,204.5,237.5,113.0,90.0,208.5,0.0,0.16868,0.26791,0.19249,0.8749,0.6811,0.8315,183.5,200.0,176.0,176.0,33.0,65.0,175.0,0.0,0.16478,0.27152,0.12489,0.821,0.622,0.8651,124.5,175.0,124.5,169.5,59.0,74.0,145.5,0.0,0.19575,0.22104,0.20568,0.7175,0.5672,0.6908,121.5,146.0,121.5,141.5,122.0,96.0,120.0,0.0,0.20266,0.26476,0.21159,0.64,0.5024,0.616,82.5,121.5,82.5,117.0,126.0,98.0,98.0,0.0,0.21003,0.22783,0.21648,0.5632,0.4262,0.5423,77.5,101.0,77.5,98.0,80.0,139.0,80.0,0.0,0.21751,0.25503,0.22491,0.4908,0.3789,0.4728,55.0,82.5,54.5,80.5,196.0,113.0,64.5,0.0,0.22201,0.23757,0.22973,0.4231,0.3081,0.4082,47.0,67.0,47.0,65.5,175.0,73.0,52.0,0.0,0.22627,0.24943,0.23361,0.361,0.2664,0.3488,38.0,54.5,38.0,51.5,247.0,122.0,42.5,0.0,0.23113,0.25324,0.23383,0.3061,0.2238,0.2921,30.0,44.5,30.0,43.5,265.0,124.0,34.5,0.0,0.23649,0.25497,0.24279,0.2586,0.1848,0.2503,24.0,36.5,24.0,35.5,275.0,358.0,28.0,0.0,0.24217,0.25825,0.24758,0.2181,0.153,0.2107,0.0,0.0,0.0,0.0,0.0,82.0,0.5,0.0,0.0,0.0,0.0,0.0,0.0,0.0,0.0,0.0,0.0,0.0,0.0,76.0,1.0,0.0,0.0,0.0,0.0,0.0,0.0,0.0,0.0,0.0,0.0,0.0,0.0,51.0,1.0,0.0,0.0,0.0,0.0,0.0,0.0,0.0,0.0,0.0,0.0,0.0,0.0,26.0,1.5,0.0,0.0,0.0,0.0,0.0,0.0,0.0,0.0,0.0,0.0,0.0,0.0,37.0,2.0,0.0,0.0,0.0,0.0,0.0,0.0,0.0,0.0,0.0,0.0,0.0,0.0,53.0,2.5,0.0,0.0,0.0,0.0,0.0,0.0,0.0,0.0,0.0,0.0,0.0,0.0,75.0,3.0,0.0,0.0,0.0,0.0,0.0,0.0,0.0,0.0,0.0,0.0,0.0,0.0,191.0,4.0,0.0,0.0,0.0,0.0,0.0,0.0,0.0,0.0,0.0,0.0,0.0,0.0,86.0,5.0,0.0,0.0,0.0,0.0,0.0,0.0,0.0,7.0,7.0,4.5,6.0,160.0,167.0,6.5,0.0,0.23598,0.21956,0.24439,-0.0362,-0.0583,-0.0452,9.0,9.0,6.5,7.0,110.0,193.0,8.0,0.0,0.24194,0.21985,0.24037,-0.0487,-0.072,-0.0524,8.5,9.5,8.5,8.5,53.0,112.0,10.0,0.0,0.24417,0.20988,0.23858,-0.0607,-0.0785,-0.0623,0.0,0.0,0.0,0.0,0.0,52.0,12.0,0.0,0.0,0.0,0.0,0.0,0.0,0.0,14.5,15.0,11.0,11.0,73.0,63.0,14.5,0.0,0.23403,0.2093,0.2281,-0.0784,-0.1149,-0.0805,17.0,17.5,17.0,17.5,38.0,67.0,18.0,0.0,0.24937,0.20501,0.24505,-0.1065,-0.1326,-0.1111,20.0,21.5,18.0,19.5,87.0,92.0,22.0,0.0,0.23976,0.2045,0.23907,-0.1154,-0.1567,-0.124,29.5,31.5,23.5,27.5,21.0,162.0,31.5,0.0,0.2316,0.20326,0.2376,-0.1474,-0.2124,-0.1642,50.5,50.5,33.5,39.0,153.0,117.0,44.0,0.0,0.23201,0.21609,0.23934,-0.1948,-0.2886,-0.2144,70.0,70.0,47.5,52.0,103.0,208.0,60.5,0.0,0.23545,0.21966,0.23755,-0.2513,-0.3602,-0.268,78.5,82.0,64.0,80.5,175.0,118.0,80.5,0.0,0.23704,0.1997,0.26314,-0.3113,-0.4297,-0.34,108.5,108.5,90.5,91.5,153.0,100.0,105.0,0.0,0.25249,0.2024,0.24341,-0.3791,-0.5098,-0.3936,151.5,151.5,110.5,120.0,46.0,73.0,133.0,0.0,0.24729,0.23134,0.25369,-0.4401,-0.5721,-0.4577,185.0,185.0,141.5,144.0,44.0,92.0,164.5,0.0,0.25777,0.23444,0.24858,-0.5011,-0.635,-0.5205,197.0,197.0,178.0,179.0,77.0,88.0,199.0,0.0,0.2733,0.1784,0.25945,-0.5543,-0.7576,-0.5765,0.0,0.0,0.0,0.0,0.0,20.0,236.0,0.0,0.0,0.0,0.0,0.0,0.0,0.0,0.0,0.0,0.0,0.0,0.0,3.0,276.0,0.0,0.0,0.0,0.0,0.0,0.0,0.0,0.0,0.0,0.0,0.0,0.0,0.0,318.0,0.0,0.0,0.0,0.0,0.0,0.0,0.0,0.0,0.0,0.0,0.0,0.0,0.0,361.0,0.0,0.0,0.0,0.0,0.0,0.0,0.0,,,,,,,,,,,,,,,,,,,,,,,,,,,,,,,,,,,,,,,,,,,,,,,,,,,,,,,,,,,,,,,,,,,,,,,,,,,,,,,,,,,,,,,,,,,,,,,,,,,,,,,,,,,,,,,,,,,,,,,,,,,,,,,,,,,,,,,,,,,,,,,,,,,,,,,,,,,,,,,,,,,,,,,,,,,,,,,,,,,,,,,,,,,,,,,,,,,,,,,,,,,,,,,,,,,,,,,,,,,,,,,,,,,,,,,,,,,,,,,,,,,,,,,,,,,,,,,,,,,,,,,,,,,,,,,,,,,,,,,,,,,,,,,,,,,,,,,,,,,,,,,,,,,,,,,,,,,,,,,,,,,,,,,,,,,,,,,,,,,,,,,,,,,,,,,,,,,,,,,,,,,,,,,,,,,,,,,,,,,,,,,,,,,,,,,,,,,,,,,,,,,,,,,,,,,,,,,,,,,,,,,,,,,,,,,,,,,,,,,,,,,,,,,,,,,,,,,,,,,,,,,,,,,,,,,,,,,,,,,,,,,,,,,,,,,,,,,,,,,,,,,,,,,,,,,,,,,,,,,,,,,,,,,,,,,,,,,,,,,,,,,,,,,,,,,,,,,,,,,,
2021-08-02,0.0,0.0,0.0,0.0,0.0,0.0,634.0,0.0,0,0,0,0,0,0,0.0,0.0,0.0,0.0,0.0,9.0,609.5,0.0,0,0,0,0,0,0,0.0,0.0,0.0,0.0,0.0,6.0,584.5,0.0,0,0,0,0,0,0,0.0,0.0,0.0,0.0,0.0,6.0,560.0,0.0,0,0,0,0,0,0,0.0,0.0,0.0,0.0,0.0,6.0,535.5,0.0,0,0,0,0,0,0,0.0,0.0,0.0,0.0,0.0,6.0,511.0,0.0,0,0,0,0,0,0,0.0,0.0,0.0,0.0,0.0,3.0,487.0,0.0,0,0,0,0,0,0,0.0,0.0,0.0,0.0,0.0,3.0,463.0,0.0,0,0,0,0,0,0,0.0,0.0,0.0,0.0,0.0,3.0,439.5,0.0,0,0,0,0,0,0,0.0,0.0,0.0,0.0,0.0,3.0,416.0,0.0,0,0,0,0,0,0,0.0,0.0,0.0,0.0,0.0,6.0,392.5,0.0,0,0,0,0,0,0,0.0,0.0,0.0,0.0,0.0,18.0,370.0,0.0,0,0,0,0,0,0,0.0,0.0,0.0,0.0,0.0,29.0,347.5,0.0,0.0,0.0,0.0,0.0,0.0,0.0,0.0,0.0,0.0,0.0,0.0,52.0,326.0,0.0,0.0,0.0,0.0,0.0,0.0,0.0,284.0,284.0,284.0,284.0,10.0,47.0,304.5,0.0,,0.22084,0.21755,,0.8627,0.8668,274.5,274.5,273.5,273.5,20.0,78.0,284.0,0.0,,0.25312,0.25064,,0.8098,0.8127,274.5,274.5,223.5,223.5,119.0,97.0,245.0,0.0,0.15926,0.21842,0.21617,0.9277,0.7867,0.7899,232.0,232.0,190.5,190.5,72.0,102.0,208.5,0.0,0.16705,0.22596,0.2242,0.8711,0.7182,0.7207,202.0,202.0,159.5,159.5,42.0,107.0,176.0,0.0,0.19771,0.22882,0.22736,0.7737,0.6493,0.6513,173.5,173.5,132.0,132.0,32.0,90.0,146.5,0.0,0.21358,0.23119,0.22996,0.693,0.5785,0.5801,141.5,143.0,108.0,108.0,74.0,114.0,121.5,0.0,0.2146,0.23325,0.2322,0.6214,0.5077,0.509,118.0,120.5,89.0,89.0,260.0,199.0,99.5,0.0,0.22423,0.23851,0.23758,0.5472,0.4406,0.4416,96.0,96.0,69.5,69.5,15.0,137.0,81.5,0.0,0.22219,0.23585,0.23503,0.4756,0.3738,0.3745,80.0,80.5,59.0,59.0,99.0,111.0,66.0,0.0,0.23154,0.24676,0.24601,0.4112,0.322,0.3226,61.0,61.0,48.5,48.5,61.0,72.0,53.0,0.0,0.226,0.25262,0.25194,0.3434,0.2737,0.2741,43.5,44.5,40.5,40.5,119.0,134.0,43.5,0.0,0.21971,0.26003,0.2594,0.2774,0.2335,0.2338,43.0,43.0,28.0,28.0,231.0,106.0,35.0,0.0,0.24436,0.24915,0.24858,0.2503,0.1803,0.1806,35.5,35.5,24.0,24.5,752.0,663.0,28.0,0.0,0.25068,0.25905,0.26024,0.2118,0.1547,0.1567,0.0,0.0,0.0,0.0,0.0,82.0,1.0,0.0,0.0,0.0,0.0,0.0,0.0,0.0,0.0,0.0,0.0,0.0,0.0,76.0,1.5,0.0,0.0,0.0,0.0,0.0,0.0,0.0,0.0,0.0,0.0,0.0,0.0,51.0,2.0,0.0,0.0,0.0,0.0,0.0,0.0,0.0,0.0,0.0,0.0,0.0,0.0,26.0,2.5,0.0,0.0,0.0,0.0,0.0,0.0,0.0,0.0,0.0,0.0,0.0,0.0,37.0,3.0,0.0,0.0,0.0,0.0,0.0,0.0,0.0,0.0,0.0,0.0,0.0,0.0,53.0,3.5,0.0,0.0,0.0,0.0,0.0,0.0,0.0,5.0,5.0,5.0,5.0,20.0,57.0,4.5,0.0,0.27703,0.24784,0.24822,-0.0351,-0.0398,-0.0397,0.0,0.0,0.0,0.0,0.0,191.0,5.5,0.0,0.0,0.0,0.0,0.0,0.0,0.0,0.0,0.0,0.0,0.0,0.0,86.0,7.0,0.0,0.0,0.0,0.0,0.0,0.0,0.0,7.0,7.0,7.0,7.0,11.0,167.0,8.5,0.0,0.25891,0.22761,0.22803,-0.0499,-0.0573,-0.0572,8.0,11.5,7.5,10.0,366.0,183.0,10.5,0.0,0.25042,0.24247,0.23448,-0.0545,-0.0825,-0.0755,9.5,14.0,9.5,13.0,340.0,138.0,12.5,0.0,0.25135,0.24146,0.23704,-0.0664,-0.0975,-0.0931,13.0,16.0,13.0,15.0,26.0,53.0,15.0,0.0,0.25814,0.23644,0.23248,-0.0845,-0.1108,-0.1066,14.0,20.0,14.0,20.0,154.0,55.0,18.5,0.0,0.24968,0.23818,0.23869,-0.0925,-0.132,-0.1317,17.0,23.5,17.0,23.0,75.0,61.0,22.0,0.0,0.2496,0.23581,0.23458,-0.1086,-0.1516,-0.1496,5.5,29.0,5.5,29.0,94.0,71.0,26.5,0.0,0.17624,0.23826,0.23882,-0.0571,-0.1775,-0.1771,29.0,40.5,29.0,40.5,106.0,154.0,37.0,0.0,0.24921,0.2378,0.23843,-0.1672,-0.2301,-0.2296,40.5,58.0,40.5,58.0,61.0,111.0,50.5,0.0,0.25046,0.24464,0.24535,-0.216,-0.2941,-0.2934,73.0,74.5,70.0,74.5,40.0,198.0,67.5,0.0,0.28784,0.24092,0.24171,-0.2913,-0.3559,-0.3549,78.5,92.5,77.0,90.0,115.0,111.0,88.0,0.0,0.2634,0.23365,0.22925,-0.334,-0.4219,-0.4198,95.5,121.5,95.5,121.5,129.0,91.0,112.5,0.0,0.25964,0.24239,0.24341,-0.3921,-0.491,-0.4895,119.0,153.0,119.0,153.0,54.0,60.0,140.5,0.0,0.26006,0.24927,0.25043,-0.4534,-0.555,-0.5533,149.5,187.5,148.5,187.5,67.0,90.0,172.0,0.0,0.26638,0.25622,0.25755,-0.5132,-0.6132,-0.6112,184.0,222.5,184.0,222.5,74.0,95.0,206.5,0.0,0.27907,0.25847,0.26,-0.5663,-0.6686,-0.6663,217.5,260.0,217.5,260.0,81.0,59.0,243.0,0.0,0.28251,0.26087,0.26262,-0.618,-0.7188,-0.7161,0.0,0.0,0.0,0.0,0.0,3.0,283.0,0.0,0.0,0.0,0.0,0.0,0.0,0.0,0.0,0.0,0.0,0.0,0.0,0.0,324.5,0.0,0.0,0.0,0.0,0.0,0.0,0.0,0.0,0.0,0.0,0.0,0.0,0.0,367.5,0.0,0.0,0.0,0.0,0.0,0.0,0.0,,,,,,,,,,,,,,,,,,,,,,,,,,,,,,,,,,,,,,,,,,,,,,,,,,,,,,,,,,,,,,,,,,,,,,,,,,,,,,,,,,,,,,,,,,,,,,,,,,,,,,,,,,,,,,,,,,,,,,,,,,,,,,,,,,,,,,,,,,,,,,,,,,,,,,,,,,,,,,,,,,,,,,,,,,,,,,,,,,,,,,,,,,,,,,,,,,,,,,,,,,,,,,,,,,,,,,,,,,,,,,,,,,,,,,,,,,,,,,,,,,,,,,,,,,,,,,,,,,,,,,,,,,,,,,,,,,,,,,,,,,,,,,,,,,,,,,,,,,,,,,,,,,,,,,,,,,,,,,,,,,,,,,,,,,,,,,,,,,,,,,,,,,,,,,,,,,,,,,,,,,,,,,,,,,,,,,,,,,,,,,,,,,,,,,,,,,,,,,,,,,,,,,,,,,,,,,,,,,,,,,,,,,,,,,,,,,,,,,,,,,,,,,,,,,,,,,,,,,,,,,,,,,,,,,,,,,,,,,,,,,,,,,,,,,,,,,,,,,,,,,,,,,,,,,,,,,,,,,,,,,,,,,,,,,,,,,,,,,,,,,,,,,,,,,,,,,,,,,,,
2021-08-03,0.0,0.0,0.0,0.0,0.0,0.0,581.5,0.0,0,0,0,0,0,0,0.0,0.0,0.0,0.0,0.0,9.0,556.5,0.0,0,0,0,0,0,0,0.0,0.0,0.0,0.0,0.0,6.0,532.0,0.0,0,0,0,0,0,0,0.0,0.0,0.0,0.0,0.0,6.0,507.5,0.0,0,0,0,0,0,0,0.0,0.0,0.0,0.0,0.0,6.0,483.5,0.0,0,0,0,0,0,0,0.0,0.0,0.0,0.0,0.0,6.0,459.5,0.0,0,0,0,0,0,0,0.0,0.0,0.0,0.0,0.0,3.0,435.5,0.0,0,0,0,0,0,0,0.0,0.0,0.0,0.0,0.0,3.0,412.0,0.0,0,0,0,0,0,0,0.0,0.0,0.0,0.0,0.0,3.0,389.0,0.0,0,0,0,0,0,0,0.0,0.0,0.0,0.0,0.0,3.0,366.0,0.0,0,0,0,0,0,0,0.0,0.0,0.0,0.0,0.0,6.0,343.5,0.0,0,0,0,0,0,0,0.0,0.0,0.0,0.0,0.0,18.0,321.5,0.0,0,0,0,0,0,0,0.0,0.0,0.0,0.0,0.0,29.0,300.0,0.0,0.0,0.0,0.0,0.0,0.0,0.0,0.0,0.0,0.0,0.0,0.0,52.0,279.0,0.0,0.0,0.0,0.0,0.0,0.0,0.0,0.0,0.0,0.0,0.0,0.0,47.0,259.0,0.0,0.0,0.0,0.0,0.0,0.0,0.0,252.0,252.0,240.5,240.5,28.0,80.0,239.5,0.0,0.15833,0.27832,0.25152,0.9165,0.7428,0.7743,217.5,218.5,183.5,183.5,168.0,107.0,202.5,0.0,0.19338,0.22045,0.19514,0.8192,0.7224,0.7616,172.0,176.0,151.0,151.0,110.0,112.0,169.0,0.0,0.18108,0.22039,0.20015,0.7657,0.6516,0.6826,151.0,151.0,123.0,123.0,84.0,126.0,139.5,0.0,0.20391,0.22193,0.20526,0.6702,0.5763,0.6003,126.5,126.5,99.5,100.0,116.0,104.0,114.0,0.0,0.21509,0.22483,0.21179,0.5889,0.5008,0.5193,95.0,97.0,78.5,80.0,115.0,110.0,92.5,0.0,0.20681,0.22514,0.21619,0.5112,0.4273,0.4428,75.5,79.0,63.5,63.5,133.0,200.0,74.0,0.0,0.2146,0.23116,0.22041,0.4362,0.362,0.3725,61.5,62.0,48.5,49.5,158.0,148.0,59.0,0.0,0.21704,0.23027,0.22313,0.3657,0.2981,0.3083,52.0,53.0,39.0,39.0,86.0,90.0,46.5,0.0,0.23091,0.23647,0.22777,0.3127,0.248,0.254,41.0,44.0,30.5,30.5,146.0,90.0,36.5,0.0,0.23979,0.23985,0.23189,0.2649,0.2028,0.2072,32.5,32.5,24.0,24.0,112.0,126.0,29.0,0.0,0.23652,0.24401,0.23665,0.2118,0.1654,0.1687,24.5,24.5,18.0,18.0,140.0,97.0,23.0,0.0,0.23687,0.24467,0.23786,0.1691,0.1307,0.1331,21.0,21.5,13.5,14.0,239.0,697.0,18.0,0.0,0.24939,0.24597,0.24195,0.1463,0.1025,0.1067,2.0,2.0,2.0,2.0,1.0,82.0,1.5,0.0,0.27988,0.26025,0.26471,-0.016,-0.0174,-0.0171,2.5,2.5,2.5,2.5,18.0,69.0,2.0,0.0,0.2781,0.25787,0.26246,-0.0196,-0.0214,-0.021,3.0,3.0,3.0,3.0,1.0,51.0,2.5,0.0,0.27473,0.25394,0.25866,-0.0233,-0.0255,-0.025,0.0,0.0,0.0,0.0,0.0,26.0,3.0,0.0,0.0,0.0,0.0,0.0,0.0,0.0,0.0,0.0,0.0,0.0,0.0,37.0,4.0,0.0,0.0,0.0,0.0,0.0,0.0,0.0,0.0,0.0,0.0,0.0,0.0,53.0,5.0,0.0,0.0,0.0,0.0,0.0,0.0,0.0,0.0,0.0,0.0,0.0,0.0,57.0,6.0,0.0,0.0,0.0,0.0,0.0,0.0,0.0,8.0,8.0,8.0,8.0,20.0,211.0,7.5,0.0,0.26404,0.23949,0.24509,-0.0566,-0.0628,-0.0613,0.0,0.0,0.0,0.0,0.0,86.0,9.5,0.0,0.0,0.0,0.0,0.0,0.0,0.0,0.0,0.0,0.0,0.0,0.0,167.0,11.5,0.0,0.0,0.0,0.0,0.0,0.0,0.0,13.5,14.5,13.0,14.5,126.0,189.0,14.0,0.0,0.25438,0.23424,0.2406,-0.088,-0.1053,-0.1025,16.5,19.0,16.5,19.0,30.0,139.0,17.0,0.0,0.25716,0.23878,0.24552,-0.1062,-0.1292,-0.1257,20.0,20.0,20.0,20.0,22.0,41.0,20.5,0.0,0.25739,0.22726,0.23417,-0.1242,-0.1404,-0.1363,23.5,27.5,23.5,27.5,20.0,57.0,24.5,0.0,0.25564,0.23769,0.24513,-0.1422,-0.1742,-0.1692,28.0,32.5,28.0,32.5,68.0,92.0,29.0,0.0,0.25564,0.23651,0.24434,-0.1636,-0.1993,-0.1934,35.5,39.0,33.0,39.0,64.0,106.0,34.5,0.0,0.2553,0.23767,0.24595,-0.1863,-0.2284,-0.2214,46.0,52.5,46.0,52.5,134.0,132.0,47.5,0.0,0.25745,0.23494,0.24417,-0.2389,-0.2878,-0.2783,59.5,70.0,59.5,70.0,40.0,116.0,64.0,0.0,0.25339,0.23413,0.24452,-0.2928,-0.3547,-0.3422,78.0,94.5,78.0,92.5,167.0,182.0,84.0,0.0,0.25424,0.24087,0.24834,-0.3545,-0.4265,-0.4101,101.5,120.0,101.5,120.0,59.0,141.0,108.0,0.0,0.25876,0.2418,0.25526,-0.419,-0.4964,-0.477,130.0,151.5,130.0,151.5,76.0,90.0,136.0,0.0,0.26671,0.24826,0.26361,-0.482,-0.5622,-0.5394,159.5,184.0,158.0,180.5,118.0,83.0,167.5,0.0,0.26707,0.25015,0.26008,-0.5431,-0.6249,-0.6024,200.0,219.5,196.0,219.5,138.0,102.0,202.0,0.0,0.28263,0.25239,0.27262,-0.5941,-0.6823,-0.6517,231.0,257.0,231.0,257.0,182.0,66.0,239.5,0.0,0.28664,0.25331,0.27672,-0.6447,-0.7351,-0.7003,276.0,297.5,270.0,297.5,165.0,94.0,279.5,0.0,0.29484,0.25633,0.28334,-0.6876,-0.7797,-0.7413,0.0,0.0,0.0,0.0,0.0,3.0,321.5,0.0,0.0,0.0,0.0,0.0,0.0,0.0,0.0,0.0,0.0,0.0,0.0,0.0,365.5,0.0,0.0,0.0,0.0,0.0,0.0,0.0,0.0,0.0,0.0,0.0,0.0,0.0,410.0,0.0,0.0,0.0,0.0,0.0,0.0,0.0,,,,,,,,,,,,,,,,,,,,,,,,,,,,,,,,,,,,,,,,,,,,,,,,,,,,,,,,,,,,,,,,,,,,,,,,,,,,,,,,,,,,,,,,,,,,,,,,,,,,,,,,,,,,,,,,,,,,,,,,,,,,,,,,,,,,,,,,,,,,,,,,,,,,,,,,,,,,,,,,,,,,,,,,,,,,,,,,,,,,,,,,,,,,,,,,,,,,,,,,,,,,,,,,,,,,,,,,,,,,,,,,,,,,,,,,,,,,,,,,,,,,,,,,,,,,,,,,,,,,,,,,,,,,,,,,,,,,,,,,,,,,,,,,,,,,,,,,,,,,,,,,,,,,,,,,,,,,,,,,,,,,,,,,,,,,,,,,,,,,,,,,,,,,,,,,,,,,,,,,,,,,,,,,,,,,,,,,,,,,,,,,,,,,,,,,,,,,,,,,,,,,,,,,,,,,,,,,,,,,,,,,,,,,,,,,,,,,,,,,,,,,,,,,,,,,,,,,,,,,,,,,,,,,,,,,,,,,,,,,,,,,,,,,,,,,,,,,,,,,,,,,,,,,,,,,,,,,,,,,,,,,,,,,,,,,,,,,,,,,,,,,,,,,,,,,,,,,,,,,
2021-08-05,0.0,0.0,0.0,0.0,0.0,0.0,574.0,0.0,0,0,0,0,0,0,0.0,0.0,0.0,0.0,0.0,9.0,549.5,0.0,0,0,0,0,0,0,0.0,0.0,0.0,0.0,0.0,6.0,525.0,0.0,0,0,0,0,0,0,0.0,0.0,0.0,0.0,0.0,6.0,500.5,0.0,0,0,0,0,0,0,0.0,0.0,0.0,0.0,0.0,6.0,476.0,0.0,0,0,0,0,0,0,0.0,0.0,0.0,0.0,0.0,6.0,451.5,0.0,0,0,0,0,0,0,0.0,0.0,0.0,0.0,0.0,3.0,427.5,0.0,0,0,0,0,0,0,0.0,0.0,0.0,0.0,0.0,3.0,404.0,0.0,0,0,0,0,0,0,0.0,0.0,0.0,0.0,0.0,3.0,380.5,0.0,0,0,0,0,0,0,0.0,0.0,0.0,0.0,0.0,3.0,357.5,0.0,0,0,0,0,0,0,0.0,0.0,0.0,0.0,0.0,6.0,335.0,0.0,0,0,0,0,0,0,0.0,0.0,0.0,0.0,0.0,18.0,312.5,0.0,0,0,0,0,0,0,0.0,0.0,0.0,0.0,0.0,29.0,291.0,0.0,0.0,0.0,0.0,0.0,0.0,0.0,0.0,0.0,0.0,0.0,0.0,52.0,269.5,0.0,0.0,0.0,0.0,0.0,0.0,0.0,0.0,0.0,0.0,0.0,0.0,47.0,249.5,0.0,0.0,0.0,0.0,0.0,0.0,0.0,222.0,247.0,222.0,230.5,26.0,80.0,229.5,0.0,0.18156,0.23185,0.23146,0.8815,0.7788,0.7911,201.0,201.0,188.0,193.0,39.0,97.0,192.5,0.0,0.16653,0.23589,0.22831,0.8432,0.7133,0.7323,156.0,160.5,156.0,160.5,6.0,122.0,159.0,0.0,0.16289,0.23584,0.22954,0.7744,0.6454,0.6634,133.5,136.0,126.0,130.0,55.0,145.0,129.5,0.0,0.18814,0.23229,0.22696,0.666,0.5745,0.5916,109.5,109.5,98.5,98.5,26.0,111.0,104.0,0.0,0.19453,0.22639,0.21434,0.5776,0.4998,0.5153,81.5,83.5,74.5,74.5,22.0,136.0,82.5,0.0,0.19226,0.22,0.20966,0.4907,0.4224,0.4345,67.5,72.5,63.5,64.0,55.0,186.0,65.0,0.0,0.2133,0.23487,0.22679,0.4179,0.3616,0.3712,51.0,57.5,47.5,47.5,148.0,203.0,51.0,0.0,0.21844,0.23143,0.22328,0.3493,0.2955,0.3021,39.0,45.0,36.5,36.5,77.0,123.0,39.5,0.0,0.22243,0.23331,0.22596,0.288,0.2406,0.2455,29.5,30.0,27.0,27.0,88.0,122.0,30.5,0.0,0.21218,0.23269,0.22603,0.2187,0.1905,0.1941,22.5,25.5,21.5,21.5,52.0,130.0,23.5,0.0,0.22495,0.23894,0.23276,0.1841,0.1555,0.1582,19.5,19.5,17.5,17.5,56.0,153.0,18.0,0.0,0.22854,0.2464,0.24059,0.1466,0.1284,0.1304,13.0,13.5,12.5,13.0,204.0,696.0,14.0,0.0,0.226,0.24484,0.24191,0.1094,0.0976,0.1015,0.0,0.0,0.0,0.0,0.0,82.0,1.0,0.0,0.0,0.0,0.0,0.0,0.0,0.0,0.0,0.0,0.0,0.0,0.0,69.0,1.5,0.0,0.0,0.0,0.0,0.0,0.0,0.0,0.0,0.0,0.0,0.0,0.0,51.0,2.0,0.0,0.0,0.0,0.0,0.0,0.0,0.0,0.0,0.0,0.0,0.0,0.0,26.0,2.5,0.0,0.0,0.0,0.0,0.0,0.0,0.0,0.0,0.0,0.0,0.0,0.0,37.0,3.5,0.0,0.0,0.0,0.0,0.0,0.0,0.0,0.0,0.0,0.0,0.0,0.0,53.0,4.0,0.0,0.0,0.0,0.0,0.0,0.0,0.0,0.0,0.0,0.0,0.0,0.0,56.0,5.0,0.0,0.0,0.0,0.0,0.0,0.0,0.0,0.0,0.0,0.0,0.0,0.0,211.0,6.5,0.0,0.0,0.0,0.0,0.0,0.0,0.0,0.0,0.0,0.0,0.0,0.0,86.0,8.0,0.0,0.0,0.0,0.0,0.0,0.0,0.0,10.5,10.5,8.5,10.5,146.0,163.0,10.0,0.0,0.24056,0.23113,0.23625,-0.0657,-0.0825,-0.0807,12.5,12.5,11.0,12.5,84.0,209.0,12.0,0.0,0.24231,0.22764,0.23297,-0.0811,-0.0967,-0.0944,14.5,14.5,13.0,13.0,52.0,137.0,15.0,0.0,0.23899,0.22262,0.22109,-0.0944,-0.1114,-0.1021,19.0,19.0,16.5,17.5,51.0,85.0,18.0,0.0,0.24093,0.22639,0.22621,-0.114,-0.1368,-0.1276,23.0,23.0,21.5,21.5,37.0,57.0,22.0,0.0,0.24617,0.22535,0.2261,-0.1388,-0.16,-0.1507,27.0,28.0,26.5,28.0,6.0,86.0,26.5,0.0,0.24832,0.22548,0.23203,-0.1628,-0.1867,-0.1818,32.5,32.5,29.0,29.0,19.0,106.0,31.5,0.0,0.24011,0.22189,0.21809,-0.1798,-0.2124,-0.1966,45.5,47.0,39.5,46.5,128.0,185.0,44.0,0.0,0.23649,0.22397,0.23047,-0.231,-0.2784,-0.2693,64.0,65.5,53.0,53.0,40.0,115.0,60.5,0.0,0.23349,0.22667,0.20593,-0.2906,-0.3505,-0.323,82.5,88.0,72.5,88.0,26.0,192.0,80.5,0.0,0.23695,0.22959,0.23973,-0.3596,-0.4251,-0.4111,102.5,102.5,100.0,100.0,15.0,154.0,105.0,0.0,0.24963,0.20691,0.21325,-0.4311,-0.5037,-0.4848,135.5,136.0,121.5,131.5,59.0,80.0,133.0,0.0,0.24161,0.21717,0.22104,-0.4998,-0.5791,-0.5602,166.5,166.5,160.0,160.0,32.0,78.0,165.5,0.0,0.26282,0.21267,0.2141,-0.5592,-0.6559,-0.6382,197.0,203.0,197.0,203.0,22.0,125.0,201.0,0.0,0.27499,0.21411,0.23346,-0.6124,-0.722,-0.6884,240.5,251.0,223.5,251.0,55.0,68.0,239.5,0.0,0.25729,0.23988,0.26119,-0.6806,-0.7525,-0.7196,0.0,0.0,0.0,0.0,5.0,89.0,280.5,0.0,0.0,0.0,0.0,0.0,0.0,0.0,0.0,0.0,0.0,0.0,0.0,3.0,323.0,0.0,0.0,0.0,0.0,0.0,0.0,0.0,0.0,0.0,0.0,0.0,0.0,0.0,367.5,0.0,0.0,0.0,0.0,0.0,0.0,0.0,0.0,0.0,0.0,0.0,0.0,0.0,413.5,0.0,0.0,0.0,0.0,0.0,0.0,0.0,,,,,,,,,,,,,,,,,,,,,,,,,,,,,,,,,,,,,,,,,,,,,,,,,,,,,,,,,,,,,,,,,,,,,,,,,,,,,,,,,,,,,,,,,,,,,,,,,,,,,,,,,,,,,,,,,,,,,,,,,,,,,,,,,,,,,,,,,,,,,,,,,,,,,,,,,,,,,,,,,,,,,,,,,,,,,,,,,,,,,,,,,,,,,,,,,,,,,,,,,,,,,,,,,,,,,,,,,,,,,,,,,,,,,,,,,,,,,,,,,,,,,,,,,,,,,,,,,,,,,,,,,,,,,,,,,,,,,,,,,,,,,,,,,,,,,,,,,,,,,,,,,,,,,,,,,,,,,,,,,,,,,,,,,,,,,,,,,,,,,,,,,,,,,,,,,,,,,,,,,,,,,,,,,,,,,,,,,,,,,,,,,,,,,,,,,,,,,,,,,,,,,,,,,,,,,,,,,,,,,,,,,,,,,,,,,,,,,,,,,,,,,,,,,,,,,,,,,,,,,,,,,,,,,,,,,,,,,,,,,,,,,,,,,,,,,,,,,,,,,,,,,,,,,,,,,,,,,,,,,,,,,,,,,,,,,,,,,,,,,,,,,,,,,,,,,,,,,,,,
2021-08-06,0.0,0.0,0.0,0.0,0.0,0.0,561.5,0.0,0,0,0,0,0,0,0.0,0.0,0.0,0.0,0.0,9.0,536.5,0.0,0,0,0,0,0,0,0.0,0.0,0.0,0.0,0.0,6.0,512.0,0.0,0,0,0,0,0,0,0.0,0.0,0.0,0.0,0.0,6.0,487.5,0.0,0,0,0,0,0,0,0.0,0.0,0.0,0.0,0.0,6.0,463.0,0.0,0,0,0,0,0,0,0.0,0.0,0.0,0.0,0.0,6.0,439.0,0.0,0,0,0,0,0,0,0.0,0.0,0.0,0.0,0.0,3.0,415.0,0.0,0,0,0,0,0,0,0.0,0.0,0.0,0.0,0.0,3.0,391.0,0.0,0,0,0,0,0,0,0.0,0.0,0.0,0.0,0.0,3.0,367.5,0.0,0,0,0,0,0,0,0.0,0.0,0.0,0.0,0.0,3.0,344.5,0.0,0,0,0,0,0,0,0.0,0.0,0.0,0.0,0.0,6.0,321.5,0.0,0,0,0,0,0,0,0.0,0.0,0.0,0.0,0.0,18.0,299.5,0.0,0,0,0,0,0,0,0.0,0.0,0.0,0.0,0.0,29.0,277.5,0.0,0.0,0.0,0.0,0.0,0.0,0.0,0.0,0.0,0.0,0.0,0.0,52.0,256.5,0.0,0.0,0.0,0.0,0.0,0.0,0.0,0.0,0.0,0.0,0.0,0.0,47.0,236.0,0.0,0.0,0.0,0.0,0.0,0.0,0.0,206.0,206.0,206.0,206.0,1.0,79.0,216.5,0.0,,0.23423,,,0.7541,,0.0,0.0,0.0,0.0,0.0,97.0,179.5,0.0,0.0,0.0,0.0,0.0,0.0,0.0,137.0,138.5,137.0,138.5,4.0,122.0,147.0,0.0,0.12476,0.22462,0.15212,0.8145,0.6204,0.7507,111.0,130.5,111.0,130.5,6.0,145.0,118.5,0.0,0.19379,0.22702,0.21104,0.645,0.5434,0.6178,86.0,94.5,86.0,94.5,3.0,110.0,94.5,0.0,0.17718,0.22309,0.19148,0.5611,0.4659,0.5376,66.0,82.0,66.0,82.0,62.0,106.0,74.5,0.0,0.20204,0.22186,0.21412,0.4736,0.3902,0.4579,54.0,65.5,49.0,64.5,110.0,222.0,58.5,0.0,0.2095,0.21921,0.21775,0.3971,0.3176,0.3841,39.0,52.0,38.5,50.5,35.0,195.0,45.5,0.0,0.21608,0.22504,0.22179,0.3298,0.2602,0.318,32.5,38.5,32.5,38.5,40.0,127.0,36.0,0.0,0.21534,0.23754,0.22363,0.2643,0.2195,0.258,25.0,30.5,24.0,30.0,22.0,132.0,28.5,0.0,0.22228,0.23721,0.22836,0.2158,0.1729,0.2095,23.0,23.0,23.0,23.0,1.0,130.0,22.0,0.0,0.22492,0.25823,0.23184,0.1711,0.1566,0.1678,14.5,18.5,14.0,18.5,129.0,122.0,17.5,0.0,0.23251,0.24388,0.23897,0.1399,0.109,0.1374,11.5,14.0,10.0,13.0,223.0,645.0,14.0,0.0,0.23554,0.24344,0.23685,0.1101,0.0823,0.1034,0.0,0.0,0.0,0.0,0.0,82.0,1.5,0.0,0.0,0.0,0.0,0.0,0.0,0.0,0.0,0.0,0.0,0.0,0.0,69.0,1.5,0.0,0.0,0.0,0.0,0.0,0.0,0.0,0.0,0.0,0.0,0.0,0.0,51.0,2.0,0.0,0.0,0.0,0.0,0.0,0.0,0.0,0.0,0.0,0.0,0.0,0.0,26.0,2.5,0.0,0.0,0.0,0.0,0.0,0.0,0.0,0.0,0.0,0.0,0.0,0.0,37.0,3.5,0.0,0.0,0.0,0.0,0.0,0.0,0.0,0.0,0.0,0.0,0.0,0.0,53.0,4.0,0.0,0.0,0.0,0.0,0.0,0.0,0.0,0.0,0.0,0.0,0.0,0.0,56.0,5.0,0.0,0.0,0.0,0.0,0.0,0.0,0.0,0.0,0.0,0.0,0.0,0.0,211.0,6.5,0.0,0.0,0.0,0.0,0.0,0.0,0.0,0.0,0.0,0.0,0.0,0.0,86.0,8.0,0.0,0.0,0.0,0.0,0.0,0.0,0.0,10.0,11.0,8.0,8.0,286.0,111.0,10.0,0.0,0.23404,0.22549,0.22875,-0.0646,-0.0888,-0.0662,13.0,13.5,10.0,10.0,258.0,189.0,12.0,0.0,0.23317,0.22367,0.22763,-0.0782,-0.1059,-0.0802,17.0,17.0,12.5,12.5,79.0,115.0,14.5,0.0,0.23283,0.22412,0.22702,-0.0943,-0.1277,-0.0968,20.5,21.0,15.5,15.5,94.0,61.0,18.0,0.0,0.23259,0.22401,0.2265,-0.1127,-0.1514,-0.1157,0.0,0.0,0.0,0.0,0.0,57.0,21.5,0.0,0.0,0.0,0.0,0.0,0.0,0.0,30.0,30.0,25.0,25.0,13.0,79.0,26.0,0.0,0.23859,0.22039,0.23174,-0.1622,-0.2032,-0.1668,36.5,36.5,30.0,30.0,36.0,112.0,31.5,0.0,0.23847,0.22135,0.23125,-0.1874,-0.2353,-0.1928,50.0,50.0,39.5,40.0,22.0,177.0,44.5,0.0,0.23091,0.21761,0.2243,-0.2376,-0.3013,-0.2463,68.0,69.5,68.0,69.5,8.0,110.0,61.5,0.0,0.26345,0.2197,0.25771,-0.3201,-0.3778,-0.3316,89.5,91.0,75.0,75.0,16.0,193.0,82.5,0.0,0.23503,0.21725,0.22474,-0.3735,-0.4563,-0.387,120.0,120.5,99.0,99.5,29.0,152.0,108.5,0.0,0.23863,0.22375,0.2279,-0.4454,-0.5339,-0.4627,146.5,146.5,128.0,128.0,5.0,85.0,138.0,0.0,0.24512,0.21389,0.23151,-0.5151,-0.6151,-0.5361,156.0,156.0,156.0,156.0,12.0,66.0,172.0,0.0,0.24206,0.14917,0.22616,-0.5842,-0.7687,-0.6104,0.0,0.0,0.0,0.0,0.0,125.0,208.5,0.0,0.0,0.0,0.0,0.0,0.0,0.0,266.0,266.0,262.5,262.5,4.0,67.0,249.0,0.0,0.33302,0.23805,0.31473,-0.6428,-0.7799,-0.6657,0.0,0.0,0.0,0.0,0.0,89.0,291.0,0.0,0.0,0.0,0.0,0.0,0.0,0.0,0.0,0.0,0.0,0.0,0.0,3.0,335.0,0.0,0.0,0.0,0.0,0.0,0.0,0.0,0.0,0.0,0.0,0.0,0.0,0.0,380.0,0.0,0.0,0.0,0.0,0.0,0.0,0.0,0.0,0.0,0.0,0.0,0.0,0.0,426.5,0.0,0.0,0.0,0.0,0.0,0.0,0.0,,,,,,,,,,,,,,,,,,,,,,,,,,,,,,,,,,,,,,,,,,,,,,,,,,,,,,,,,,,,,,,,,,,,,,,,,,,,,,,,,,,,,,,,,,,,,,,,,,,,,,,,,,,,,,,,,,,,,,,,,,,,,,,,,,,,,,,,,,,,,,,,,,,,,,,,,,,,,,,,,,,,,,,,,,,,,,,,,,,,,,,,,,,,,,,,,,,,,,,,,,,,,,,,,,,,,,,,,,,,,,,,,,,,,,,,,,,,,,,,,,,,,,,,,,,,,,,,,,,,,,,,,,,,,,,,,,,,,,,,,,,,,,,,,,,,,,,,,,,,,,,,,,,,,,,,,,,,,,,,,,,,,,,,,,,,,,,,,,,,,,,,,,,,,,,,,,,,,,,,,,,,,,,,,,,,,,,,,,,,,,,,,,,,,,,,,,,,,,,,,,,,,,,,,,,,,,,,,,,,,,,,,,,,,,,,,,,,,,,,,,,,,,,,,,,,,,,,,,,,,,,,,,,,,,,,,,,,,,,,,,,,,,,,,,,,,,,,,,,,,,,,,,,,,,,,,,,,,,,,,,,,,,,,,,,,,,,,,,,,,,,,,,,,,,,,,,,,,,,,
2021-08-09,0.0,0.0,0.0,0.0,0.0,0.0,547.0,0.0,0,0,0,0,0,0,0.0,0.0,0.0,0.0,0.0,9.0,522.5,0.0,0,0,0,0,0,0,0.0,0.0,0.0,0.0,0.0,6.0,498.0,0.0,0,0,0,0,0,0,0.0,0.0,0.0,0.0,0.0,6.0,473.5,0.0,0,0,0,0,0,0,0.0,0.0,0.0,0.0,0.0,6.0,449.0,0.0,0,0,0,0,0,0,0.0,0.0,0.0,0.0,0.0,6.0,425.0,0.0,0,0,0,0,0,0,0.0,0.0,0.0,0.0,0.0,3.0,401.0,0.0,0,0,0,0,0,0,0.0,0.0,0.0,0.0,0.0,3.0,377.5,0.0,0,0,0,0,0,0,0.0,0.0,0.0,0.0,0.0,3.0,354.0,0.0,0,0,0,0,0,0,0.0,0.0,0.0,0.0,0.0,3.0,331.0,0.0,0,0,0,0,0,0,0.0,0.0,0.0,0.0,0.0,6.0,308.5,0.0,0,0,0,0,0,0,0.0,0.0,0.0,0.0,0.0,18.0,287.0,0.0,0,0,0,0,0,0,0.0,0.0,0.0,0.0,0.0,29.0,265.5,0.0,0.0,0.0,0.0,0.0,0.0,0.0,0.0,0.0,0.0,0.0,0.0,52.0,245.0,0.0,0.0,0.0,0.0,0.0,0.0,0.0,0.0,0.0,0.0,0.0,0.0,47.0,225.0,0.0,0.0,0.0,0.0,0.0,0.0,0.0,202.5,202.5,202.5,202.5,4.0,79.0,206.0,0.0,,0.26338,0.22169,,0.7185,0.7731,0.0,0.0,0.0,0.0,0.0,97.0,170.5,0.0,0.0,0.0,0.0,0.0,0.0,0.0,138.5,138.5,126.0,129.5,33.0,120.0,139.0,0.0,0.12904,0.22754,0.20685,0.811,0.596,0.635,130.5,130.5,97.0,102.5,33.0,145.0,112.0,0.0,0.19904,0.22039,0.20872,0.6436,0.5169,0.55,98.0,98.0,80.5,81.0,26.0,109.0,89.0,0.0,0.18969,0.23275,0.2133,0.5587,0.442,0.4667,78.0,78.0,60.0,60.5,6.0,104.0,70.0,0.0,0.19842,0.22753,0.21094,0.4701,0.3657,0.385,62.0,62.0,45.5,49.5,47.0,220.0,54.5,0.0,0.20682,0.2283,0.22272,0.3913,0.2982,0.3211,45.5,45.5,37.0,40.0,35.0,202.0,42.5,0.0,0.20557,0.23777,0.23181,0.3146,0.2477,0.2663,36.5,36.5,27.5,30.5,80.0,145.0,32.5,0.0,0.21528,0.23809,0.2346,0.2581,0.1965,0.2142,27.5,27.5,23.5,23.5,52.0,111.0,25.5,0.0,0.21862,0.25086,0.23881,0.205,0.1666,0.1719,21.5,21.5,16.5,19.0,135.0,151.0,20.0,0.0,0.22517,0.24745,0.24673,0.1648,0.1263,0.1412,16.5,16.5,13.0,15.5,117.0,128.0,15.5,0.0,0.23008,0.25314,0.25467,0.1307,0.1018,0.1165,12.5,12.5,10.0,10.5,182.0,676.0,12.0,0.0,0.23406,0.25707,0.25025,0.1025,0.0806,0.0853,0.0,0.0,0.0,0.0,0.0,82.0,1.0,0.0,0.0,0.0,0.0,0.0,0.0,0.0,0.0,0.0,0.0,0.0,0.0,69.0,1.5,0.0,0.0,0.0,0.0,0.0,0.0,0.0,0.0,0.0,0.0,0.0,0.0,51.0,2.0,0.0,0.0,0.0,0.0,0.0,0.0,0.0,0.0,0.0,0.0,0.0,0.0,26.0,2.5,0.0,0.0,0.0,0.0,0.0,0.0,0.0,0.0,0.0,0.0,0.0,0.0,37.0,3.0,0.0,0.0,0.0,0.0,0.0,0.0,0.0,0.0,0.0,0.0,0.0,0.0,53.0,4.0,0.0,0.0,0.0,0.0,0.0,0.0,0.0,0.0,0.0,0.0,0.0,0.0,56.0,5.0,0.0,0.0,0.0,0.0,0.0,0.0,0.0,0.0,0.0,0.0,0.0,0.0,211.0,6.5,0.0,0.0,0.0,0.0,0.0,0.0,0.0,0.0,0.0,0.0,0.0,0.0,86.0,8.5,0.0,0.0,0.0,0.0,0.0,0.0,0.0,9.0,13.0,9.0,11.5,123.0,112.0,10.5,0.0,0.2459,0.23293,0.23514,-0.0697,-0.1016,-0.0905,10.5,14.5,10.5,14.0,81.0,196.0,13.0,0.0,0.24121,0.22486,0.23302,-0.0807,-0.1146,-0.1073,20.0,20.0,16.0,16.0,17.0,116.0,16.0,0.0,0.25516,0.23234,0.22678,-0.109,-0.1447,-0.1225,17.5,23.0,17.5,22.0,29.0,59.0,19.5,0.0,0.24657,0.22685,0.23494,-0.1208,-0.165,-0.1537,28.5,28.5,24.5,26.0,74.0,52.0,24.0,0.0,0.2586,0.22816,0.23223,-0.1521,-0.1943,-0.1772,32.5,34.0,32.5,34.0,4.0,78.0,28.5,0.0,0.26941,0.22689,0.24018,-0.1838,-0.2236,-0.2123,38.0,38.0,35.5,35.5,22.0,115.0,35.0,0.0,0.26109,0.21919,0.22584,-0.202,-0.25,-0.2306,42.5,57.0,42.5,55.0,23.0,174.0,49.0,0.0,0.24425,0.22713,0.23807,-0.2445,-0.3275,-0.3064,60.0,73.5,60.0,73.5,24.0,102.0,67.5,0.0,0.24929,0.21897,0.23721,-0.3104,-0.4017,-0.3772,100.0,100.0,90.5,98.5,6.0,192.0,90.0,0.0,0.27563,0.22498,0.24269,-0.3846,-0.4827,-0.4517,132.0,132.0,118.5,118.5,3.0,154.0,117.0,0.0,0.28677,0.23443,0.22845,-0.4476,-0.5573,-0.5286,139.5,157.5,139.5,157.5,7.0,79.0,147.5,0.0,0.27535,0.22019,0.24912,-0.5105,-0.6398,-0.592,194.0,194.0,194.0,194.0,1.0,66.0,182.0,0.0,0.33159,0.22348,0.25747,-0.5515,-0.7064,-0.6511,228.5,228.5,221.5,221.5,4.0,128.0,219.5,0.0,0.32277,0.21234,0.23551,-0.6054,-0.7807,-0.73,250.5,284.0,250.5,284.0,4.0,68.0,259.5,0.0,0.31121,0.25879,0.30146,-0.6609,-0.7816,-0.7228,0.0,0.0,0.0,0.0,0.0,89.0,302.0,0.0,0.0,0.0,0.0,0.0,0.0,0.0,0.0,0.0,0.0,0.0,0.0,3.0,346.5,0.0,0.0,0.0,0.0,0.0,0.0,0.0,0.0,0.0,0.0,0.0,0.0,0.0,392.0,0.0,0.0,0.0,0.0,0.0,0.0,0.0,0.0,0.0,0.0,0.0,0.0,0.0,438.0,0.0,0.0,0.0,0.0,0.0,0.0,0.0,,,,,,,,,,,,,,,,,,,,,,,,,,,,,,,,,,,,,,,,,,,,,,,,,,,,,,,,,,,,,,,,,,,,,,,,,,,,,,,,,,,,,,,,,,,,,,,,,,,,,,,,,,,,,,,,,,,,,,,,,,,,,,,,,,,,,,,,,,,,,,,,,,,,,,,,,,,,,,,,,,,,,,,,,,,,,,,,,,,,,,,,,,,,,,,,,,,,,,,,,,,,,,,,,,,,,,,,,,,,,,,,,,,,,,,,,,,,,,,,,,,,,,,,,,,,,,,,,,,,,,,,,,,,,,,,,,,,,,,,,,,,,,,,,,,,,,,,,,,,,,,,,,,,,,,,,,,,,,,,,,,,,,,,,,,,,,,,,,,,,,,,,,,,,,,,,,,,,,,,,,,,,,,,,,,,,,,,,,,,,,,,,,,,,,,,,,,,,,,,,,,,,,,,,,,,,,,,,,,,,,,,,,,,,,,,,,,,,,,,,,,,,,,,,,,,,,,,,,,,,,,,,,,,,,,,,,,,,,,,,,,,,,,,,,,,,,,,,,,,,,,,,,,,,,,,,,,,,,,,,,,,,,,,,,,,,,,,,,,,,,,,,,,,,,,,,,,,,,,,
2021-08-10,0.0,0.0,0.0,0.0,0.0,0.0,548.0,0.0,0,0,0,0,0,0,0.0,0.0,0.0,0.0,0.0,9.0,523.5,0.0,0,0,0,0,0,0,0.0,0.0,0.0,0.0,0.0,6.0,498.5,0.0,0,0,0,0,0,0,0.0,0.0,0.0,0.0,0.0,6.0,474.0,0.0,0,0,0,0,0,0,0.0,0.0,0.0,0.0,0.0,6.0,450.0,0.0,0,0,0,0,0,0,0.0,0.0,0.0,0.0,0.0,6.0,426.0,0.0,0,0,0,0,0,0,0.0,0.0,0.0,0.0,0.0,3.0,402.0,0.0,0,0,0,0,0,0,0.0,0.0,0.0,0.0,0.0,3.0,378.0,0.0,0,0,0,0,0,0,0.0,0.0,0.0,0.0,0.0,3.0,355.0,0.0,0,0,0,0,0,0,0.0,0.0,0.0,0.0,0.0,3.0,332.0,0.0,0,0,0,0,0,0,0.0,0.0,0.0,0.0,0.0,6.0,309.5,0.0,0,0,0,0,0,0,0.0,0.0,0.0,0.0,0.0,18.0,287.5,0.0,0,0,0,0,0,0,0.0,0.0,0.0,0.0,0.0,29.0,266.0,0.0,0.0,0.0,0.0,0.0,0.0,0.0,0.0,0.0,0.0,0.0,0.0,52.0,246.0,0.0,0.0,0.0,0.0,0.0,0.0,0.0,0.0,0.0,0.0,0.0,0.0,47.0,225.5,0.0,0.0,0.0,0.0,0.0,0.0,0.0,0.0,0.0,0.0,0.0,0.0,79.0,207.0,0.0,0.0,0.0,0.0,0.0,0.0,0.0,0.0,0.0,0.0,0.0,0.0,97.0,171.5,0.0,0.0,0.0,0.0,0.0,0.0,0.0,133.5,140.0,133.5,140.0,6.0,119.0,140.0,0.0,0.14498,0.2401,0.15612,0.7797,0.6006,0.7557,111.0,129.5,111.0,129.5,26.0,142.0,113.0,0.0,0.20449,0.24825,0.21187,0.6349,0.5263,0.6236,88.5,106.0,86.0,103.0,41.0,89.0,90.0,0.0,0.21422,0.24221,0.2136,0.5493,0.4523,0.5411,81.0,81.0,81.0,81.0,4.0,104.0,71.0,0.0,0.21097,0.27483,0.21613,0.4665,0.4001,0.46,50.0,66.5,50.0,64.5,74.0,241.0,56.0,0.0,0.22254,0.23791,0.22242,0.3939,0.3119,0.3862,42.5,52.0,39.5,50.5,108.0,182.0,43.5,0.0,0.22654,0.24325,0.22682,0.3263,0.2572,0.3195,32.0,40.5,31.5,39.0,74.0,172.0,33.5,0.0,0.23077,0.24959,0.23028,0.2674,0.2119,0.2606,25.5,31.0,25.5,31.0,59.0,95.0,26.5,0.0,0.23374,0.25701,0.237,0.2156,0.1754,0.2137,21.5,25.0,20.5,25.0,65.0,157.0,21.0,0.0,0.24159,0.26335,0.24461,0.1775,0.1443,0.1761,15.0,18.5,15.0,18.5,47.0,138.0,16.0,0.0,0.24232,0.26243,0.2451,0.1389,0.112,0.1378,12.0,14.5,12.0,14.5,235.0,637.0,13.0,0.0,0.24762,0.26824,0.25022,0.1117,0.0913,0.111,0.0,0.0,0.0,0.0,0.0,82.0,1.0,0.0,0.0,0.0,0.0,0.0,0.0,0.0,0.0,0.0,0.0,0.0,0.0,69.0,1.5,0.0,0.0,0.0,0.0,0.0,0.0,0.0,0.0,0.0,0.0,0.0,0.0,51.0,2.0,0.0,0.0,0.0,0.0,0.0,0.0,0.0,0.0,0.0,0.0,0.0,0.0,26.0,2.5,0.0,0.0,0.0,0.0,0.0,0.0,0.0,0.0,0.0,0.0,0.0,0.0,37.0,3.0,0.0,0.0,0.0,0.0,0.0,0.0,0.0,0.0,0.0,0.0,0.0,0.0,53.0,4.0,0.0,0.0,0.0,0.0,0.0,0.0,0.0,0.0,0.0,0.0,0.0,0.0,56.0,5.0,0.0,0.0,0.0,0.0,0.0,0.0,0.0,0.0,0.0,0.0,0.0,0.0,211.0,6.5,0.0,0.0,0.0,0.0,0.0,0.0,0.0,0.0,0.0,0.0,0.0,0.0,86.0,8.0,0.0,0.0,0.0,0.0,0.0,0.0,0.0,10.5,11.0,9.0,9.0,58.0,112.0,10.5,0.0,0.24591,0.2266,0.2436,-0.0703,-0.0911,-0.071,13.5,13.5,11.0,11.5,115.0,181.0,12.5,0.0,0.24403,0.22443,0.24444,-0.0837,-0.1088,-0.0869,16.5,16.5,16.5,16.5,1.0,116.0,16.0,0.0,0.25736,0.22241,0.25475,-0.1118,-0.1292,-0.113,20.0,20.0,16.0,17.5,8.0,61.0,19.5,0.0,0.23961,0.22024,0.24362,-0.1159,-0.152,-0.1232,24.5,24.5,20.0,20.0,23.0,47.0,24.0,0.0,0.24085,0.21948,0.23807,-0.1383,-0.179,-0.1399,29.5,29.5,24.5,25.5,6.0,79.0,28.5,0.0,0.24141,0.21796,0.24203,-0.1624,-0.2081,-0.1675,35.0,35.0,28.5,31.0,9.0,115.0,34.5,0.0,0.23799,0.21566,0.24306,-0.1851,-0.2391,-0.1945,48.5,51.5,44.5,44.5,112.0,170.0,49.0,0.0,0.24888,0.21891,0.24537,-0.2512,-0.3145,-0.2544,67.5,67.5,56.5,59.5,8.0,97.0,67.5,0.0,0.23923,0.21107,0.24282,-0.3089,-0.3909,-0.3174,91.0,94.0,90.5,94.0,25.0,176.0,90.0,0.0,0.27407,0.21836,0.27762,-0.3888,-0.4754,-0.3957,119.0,122.0,106.0,106.0,37.0,141.0,117.0,0.0,0.25689,0.21947,0.25179,-0.4524,-0.5566,-0.4593,147.0,147.5,136.0,138.0,12.0,79.0,147.5,0.0,0.26499,0.20515,0.26363,-0.5186,-0.6454,-0.5257,181.5,185.0,181.5,185.0,4.0,63.0,182.0,0.0,0.30093,0.21047,0.30239,-0.5677,-0.7145,-0.5729,0.0,0.0,0.0,0.0,0.0,128.0,219.5,0.0,0.0,0.0,0.0,0.0,0.0,0.0,0.0,0.0,0.0,0.0,0.0,68.0,259.5,0.0,0.0,0.0,0.0,0.0,0.0,0.0,0.0,0.0,0.0,0.0,0.0,89.0,302.5,0.0,0.0,0.0,0.0,0.0,0.0,0.0,0.0,0.0,0.0,0.0,0.0,3.0,346.5,0.0,0.0,0.0,0.0,0.0,0.0,0.0,0.0,0.0,0.0,0.0,0.0,0.0,391.5,0.0,0.0,0.0,0.0,0.0,0.0,0.0,0.0,0.0,0.0,0.0,0.0,0.0,438.0,0.0,0.0,0.0,0.0,0.0,0.0,0.0,,,,,,,,,,,,,,,,,,,,,,,,,,,,,,,,,,,,,,,,,,,,,,,,,,,,,,,,,,,,,,,,,,,,,,,,,,,,,,,,,,,,,,,,,,,,,,,,,,,,,,,,,,,,,,,,,,,,,,,,,,,,,,,,,,,,,,,,,,,,,,,,,,,,,,,,,,,,,,,,,,,,,,,,,,,,,,,,,,,,,,,,,,,,,,,,,,,,,,,,,,,,,,,,,,,,,,,,,,,,,,,,,,,,,,,,,,,,,,,,,,,,,,,,,,,,,,,,,,,,,,,,,,,,,,,,,,,,,,,,,,,,,,,,,,,,,,,,,,,,,,,,,,,,,,,,,,,,,,,,,,,,,,,,,,,,,,,,,,,,,,,,,,,,,,,,,,,,,,,,,,,,,,,,,,,,,,,,,,,,,,,,,,,,,,,,,,,,,,,,,,,,,,,,,,,,,,,,,,,,,,,,,,,,,,,,,,,,,,,,,,,,,,,,,,,,,,,,,,,,,,,,,,,,,,,,,,,,,,,,,,,,,,,,,,,,,,,,,,,,,,,,,,,,,,,,,,,,,,,,,,,,,,,,,,,,,,,,,,,,,,,,,,,,,,,,,,,,,,,,
2021-08-11,0.0,0.0,0.0,0.0,0.0,0.0,611.0,0.0,0,0,0,0,0,0,0.0,0.0,0.0,0.0,0.0,9.0,586.0,0.0,0,0,0,0,0,0,0.0,0.0,0.0,0.0,0.0,6.0,561.5,0.0,0,0,0,0,0,0,0.0,0.0,0.0,0.0,0.0,6.0,536.5,0.0,0,0,0,0,0,0,0.0,0.0,0.0,0.0,0.0,6.0,512.0,0.0,0,0,0,0,0,0,0.0,0.0,0.0,0.0,0.0,6.0,487.5,0.0,0,0,0,0,0,0,0.0,0.0,0.0,0.0,0.0,3.0,463.5,0.0,0,0,0,0,0,0,0.0,0.0,0.0,0.0,0.0,3.0,439.5,0.0,0,0,0,0,0,0,0.0,0.0,0.0,0.0,0.0,3.0,415.5,0.0,0,0,0,0,0,0,0.0,0.0,0.0,0.0,0.0,3.0,392.0,0.0,0,0,0,0,0,0,0.0,0.0,0.0,0.0,0.0,6.0,368.5,0.0,0,0,0,0,0,0,0.0,0.0,0.0,0.0,0.0,18.0,346.0,0.0,0,0,0,0,0,0,0.0,0.0,0.0,0.0,0.0,29.0,323.0,0.0,0.0,0.0,0.0,0.0,0.0,0.0,314.0,314.0,314.0,314.0,10.0,62.0,301.5,0.0,,0.35985,0.19857,,0.7724,0.9309,288.0,292.0,288.0,288.5,62.0,55.0,280.0,0.0,0.07831,0.33627,0.18139,0.9997,0.763,0.9306,271.5,271.5,269.5,269.5,37.0,72.0,259.0,0.0,0.15815,0.3337,0.19977,0.9441,0.7414,0.8907,198.5,232.5,198.5,226.5,123.0,67.0,220.0,0.0,0.18716,0.23371,0.19684,0.8641,0.7485,0.8423,172.0,193.0,172.0,193.0,49.0,102.0,183.5,0.0,0.19042,0.25222,0.21353,0.7981,0.6707,0.7619,139.5,159.5,139.5,159.5,123.0,172.0,151.5,0.0,0.19872,0.24579,0.2165,0.7162,0.6039,0.6884,116.5,130.0,116.5,129.5,167.0,136.0,123.0,0.0,0.20494,0.25317,0.21812,0.6317,0.532,0.6107,93.0,105.5,93.0,104.0,234.0,114.0,98.5,0.0,0.21208,0.25132,0.22069,0.5473,0.4617,0.5311,72.5,84.0,72.5,81.0,141.0,267.0,78.5,0.0,0.21644,0.24848,0.21997,0.467,0.3921,0.4522,59.0,65.5,59.0,65.5,150.0,227.0,61.5,0.0,0.2189,0.25473,0.22777,0.3912,0.3327,0.3819,44.0,52.0,44.0,51.5,230.0,181.0,48.0,0.0,0.22508,0.25023,0.23173,0.3253,0.2709,0.3174,36.5,40.5,36.5,40.5,143.0,157.0,37.5,0.0,0.22923,0.25957,0.23632,0.2666,0.2286,0.2615,27.5,32.0,27.5,32.0,129.0,176.0,29.5,0.0,0.23512,0.25888,0.2416,0.2183,0.1834,0.2145,22.0,25.5,22.0,24.5,150.0,134.0,23.0,0.0,0.24159,0.26434,0.24415,0.1788,0.1509,0.1723,15.0,19.5,15.0,19.5,511.0,662.0,17.5,0.0,0.24454,0.25781,0.25008,0.1427,0.1124,0.1407,0.0,0.0,0.0,0.0,0.0,82.0,1.0,0.0,0.0,0.0,0.0,0.0,0.0,0.0,0.0,0.0,0.0,0.0,0.0,69.0,1.0,0.0,0.0,0.0,0.0,0.0,0.0,0.0,0.0,0.0,0.0,0.0,0.0,51.0,1.5,0.0,0.0,0.0,0.0,0.0,0.0,0.0,0.0,0.0,0.0,0.0,0.0,26.0,2.0,0.0,0.0,0.0,0.0,0.0,0.0,0.0,0.0,0.0,0.0,0.0,0.0,37.0,2.5,0.0,0.0,0.0,0.0,0.0,0.0,0.0,0.0,0.0,0.0,0.0,0.0,53.0,3.0,0.0,0.0,0.0,0.0,0.0,0.0,0.0,0.0,0.0,0.0,0.0,0.0,56.0,3.5,0.0,0.0,0.0,0.0,0.0,0.0,0.0,0.0,0.0,0.0,0.0,0.0,211.0,4.5,0.0,0.0,0.0,0.0,0.0,0.0,0.0,6.5,6.5,6.0,6.0,180.0,87.0,6.0,0.0,0.26003,0.23839,0.25582,-0.0469,-0.0554,-0.0478,9.0,9.0,6.5,6.5,324.0,232.0,7.5,0.0,0.25126,0.24264,0.24696,-0.0518,-0.0718,-0.0528,9.5,11.0,8.0,8.0,295.0,305.0,9.0,0.0,0.24943,0.24051,0.24497,-0.0623,-0.0857,-0.0635,13.0,13.0,10.0,10.0,100.0,106.0,11.0,0.0,0.24893,0.23651,0.24426,-0.0754,-0.0999,-0.0768,16.0,16.0,13.0,13.0,70.0,61.0,13.5,0.0,0.25168,0.23555,0.24676,-0.0929,-0.1188,-0.0948,19.0,19.0,14.5,14.5,78.0,51.0,16.5,0.0,0.24448,0.23244,0.2394,-0.1043,-0.1381,-0.1065,22.5,23.0,18.0,18.0,44.0,104.0,20.0,0.0,0.24513,0.23125,0.23979,-0.1242,-0.1616,-0.1269,27.0,27.5,21.0,22.0,124.0,136.0,24.0,0.0,0.24153,0.2296,0.23977,-0.1424,-0.1872,-0.1492,38.5,39.0,29.5,30.5,391.0,243.0,34.5,0.0,0.23802,0.22749,0.23506,-0.1887,-0.2465,-0.1962,53.0,53.0,43.0,44.0,230.0,178.0,48.5,0.0,0.24136,0.22347,0.23715,-0.249,-0.3134,-0.2576,72.5,72.5,59.0,61.0,175.0,230.0,65.5,0.0,0.24212,0.22412,0.23918,-0.3136,-0.3899,-0.3251,96.0,96.0,79.0,79.0,228.0,178.0,87.0,0.0,0.24397,0.22479,0.23507,-0.383,-0.4689,-0.3945,124.0,124.0,101.5,101.5,80.0,88.0,112.5,0.0,0.24328,0.22671,0.23308,-0.4539,-0.5467,-0.4686,159.0,159.0,132.0,133.0,56.0,68.0,142.0,0.0,0.25235,0.23633,0.24283,-0.5228,-0.6152,-0.5397,165.0,166.0,164.5,166.0,15.0,127.0,175.0,0.0,0.25856,0.1641,0.24845,-0.5866,-0.7639,-0.6054,0.0,0.0,0.0,0.0,0.0,68.0,211.5,0.0,0.0,0.0,0.0,0.0,0.0,0.0,238.0,238.0,238.0,238.0,10.0,89.0,250.5,0.0,0.27151,,0.25339,-0.695,,-0.7221,0.0,0.0,0.0,0.0,0.0,3.0,292.0,0.0,0.0,0.0,0.0,0.0,0.0,0.0,0.0,0.0,0.0,0.0,0.0,0.0,335.5,0.0,0.0,0.0,0.0,0.0,0.0,0.0,0.0,0.0,0.0,0.0,0.0,0.0,380.0,0.0,0.0,0.0,0.0,0.0,0.0,0.0,,,,,,,,,,,,,,,,,,,,,,,,,,,,,,,,,,,,,,,,,,,,,,,,,,,,,,,,,,,,,,,,,,,,,,,,,,,,,,,,,,,,,,,,,,,,,,,,,,,,,,,,,,,,,,,,,,,,,,,,,,,,,,,,,,,,,,,,,,,,,,,,,,,,,,,,,,,,,,,,,,,,,,,,,,,,,,,,,,,,,,,,,,,,,,,,,,,,,,,,,,,,,,,,,,,,,,,,,,,,,,,,,,,,,,,,,,,,,,,,,,,,,,,,,,,,,,,,,,,,,,,,,,,,,,,,,,,,,,,,,,,,,,,,,,,,,,,,,,,,,,,,,,,,,,,,,,,,,,,,,,,,,,,,,,,,,,,,,,,,,,,,,,,,,,,,,,,,,,,,,,,,,,,,,,,,,,,,,,,,,,,,,,,,,,,,,,,,,,,,,,,,,,,,,,,,,,,,,,,,,,,,,,,,,,,,,,,,,,,,,,,,,,,,,,,,,,,,,,,,,,,,,,,,,,,,,,,,,,,,,,,,,,,,,,,,,,,,,,,,,,,,,,,,,,,,,,,,,,,,,,,,,,,,,,,,,,,,,,,,,,,,,,,,,,,,,,,,,,,,
2021-08-12,0.0,0.0,0.0,0.0,0.0,0.0,638.0,0.0,0,0,0,0,0,0,0.0,0.0,0.0,0.0,0.0,9.0,613.0,0.0,0,0,0,0,0,0,0.0,0.0,0.0,0.0,0.0,6.0,588.0,0.0,0,0,0,0,0,0,0.0,0.0,0.0,0.0,0.0,6.0,563.5,0.0,0,0,0,0,0,0,0.0,0.0,0.0,0.0,0.0,6.0,538.5,0.0,0,0,0,0,0,0,0.0,0.0,0.0,0.0,0.0,6.0,514.0,0.0,0,0,0,0,0,0,0.0,0.0,0.0,0.0,0.0,3.0,489.5,0.0,0,0,0,0,0,0,0.0,0.0,0.0,0.0,0.0,3.0,465.0,0.0,0,0,0,0,0,0,0.0,0.0,0.0,0.0,0.0,3.0,441.0,0.0,0,0,0,0,0,0,0.0,0.0,0.0,0.0,0.0,3.0,417.0,0.0,0,0,0,0,0,0,0.0,0.0,0.0,0.0,0.0,6.0,393.5,0.0,0,0,0,0,0,0,0.0,0.0,0.0,0.0,0.0,18.0,370.0,0.0,0,0,0,0,0,0,0.0,0.0,0.0,0.0,0.0,29.0,347.0,0.0,0.0,0.0,0.0,0.0,0.0,0.0,0.0,0.0,0.0,0.0,0.0,62.0,324.5,0.0,0.0,0.0,0.0,0.0,0.0,0.0,0.0,0.0,0.0,0.0,0.0,55.0,302.5,0.0,0.0,0.0,0.0,0.0,0.0,0.0,0.0,0.0,0.0,0.0,0.0,72.0,281.0,0.0,0.0,0.0,0.0,0.0,0.0,0.0,238.5,238.5,238.5,238.5,40.0,67.0,239.5,0.0,,0.2659,0.18146,,0.7691,0.8814,201.0,201.0,201.0,201.0,41.0,92.0,201.5,0.0,0.1015,0.25956,0.19489,0.9641,0.7154,0.806,177.0,177.0,177.0,177.0,3.0,172.0,167.0,0.0,0.18298,0.27908,0.22931,0.7797,0.6446,0.7069,0.0,0.0,0.0,0.0,0.0,136.0,136.5,0.0,0.0,0.0,0.0,0.0,0.0,0.0,102.5,118.0,102.5,117.5,10.0,109.0,110.0,0.0,0.20082,0.23216,0.22968,0.6027,0.5143,0.56,81.0,89.0,81.0,86.0,58.0,269.0,88.0,0.0,0.1948,0.23295,0.21337,0.5161,0.4394,0.4799,64.0,78.0,64.0,67.5,29.0,226.0,69.5,0.0,0.21906,0.23594,0.21724,0.4398,0.3699,0.4027,54.5,54.5,52.5,52.5,7.0,185.0,54.5,0.0,0.20696,0.24492,0.22105,0.3556,0.3123,0.3328,40.0,46.0,38.5,41.5,138.0,150.0,42.5,0.0,0.22201,0.24061,0.22739,0.2992,0.2505,0.274,31.5,37.5,30.0,33.0,454.0,157.0,33.0,0.0,0.2315,0.24461,0.2342,0.2489,0.2039,0.225,24.5,29.5,23.5,24.5,343.0,136.0,26.0,0.0,0.23686,0.24926,0.23484,0.2031,0.1656,0.1776,18.5,23.0,18.0,18.5,1175.0,723.0,20.5,0.0,0.24141,0.25221,0.23767,0.1642,0.1321,0.1403,0.0,0.0,0.0,0.0,0.0,82.0,0.5,0.0,0.0,0.0,0.0,0.0,0.0,0.0,0.0,0.0,0.0,0.0,0.0,69.0,1.0,0.0,0.0,0.0,0.0,0.0,0.0,0.0,0.0,0.0,0.0,0.0,0.0,51.0,1.0,0.0,0.0,0.0,0.0,0.0,0.0,0.0,0.0,0.0,0.0,0.0,0.0,26.0,1.5,0.0,0.0,0.0,0.0,0.0,0.0,0.0,0.0,0.0,0.0,0.0,0.0,37.0,1.5,0.0,0.0,0.0,0.0,0.0,0.0,0.0,0.0,0.0,0.0,0.0,0.0,53.0,2.0,0.0,0.0,0.0,0.0,0.0,0.0,0.0,3.5,3.5,3.5,3.5,49.0,47.0,2.5,0.0,0.27289,0.25236,0.26406,-0.0281,-0.0306,-0.0291,3.0,3.5,3.0,3.0,78.0,153.0,3.5,0.0,0.25387,0.24004,0.24514,-0.0262,-0.0321,-0.0272,0.0,0.0,0.0,0.0,0.0,87.0,4.5,0.0,0.0,0.0,0.0,0.0,0.0,0.0,4.5,4.5,4.5,4.5,10.0,232.0,5.5,0.0,0.24791,0.22622,0.2386,-0.0381,-0.0421,-0.0397,8.0,8.0,6.0,6.5,399.0,310.0,6.5,0.0,0.24953,0.24186,0.2439,-0.0486,-0.0649,-0.0535,10.0,10.0,7.5,8.0,409.0,119.0,8.5,0.0,0.24843,0.24092,0.24181,-0.059,-0.0786,-0.0643,10.0,10.0,9.5,10.0,241.0,66.0,10.5,0.0,0.24858,0.22669,0.241,-0.0721,-0.0829,-0.0779,14.5,14.5,11.5,12.0,240.0,62.0,12.5,0.0,0.24648,0.23555,0.23809,-0.0852,-0.1091,-0.0916,17.5,17.5,14.5,15.0,165.0,98.0,15.5,0.0,0.24758,0.23352,0.23828,-0.1029,-0.1281,-0.1101,21.5,21.5,17.5,18.5,136.0,132.0,19.0,0.0,0.24626,0.2334,0.23824,-0.1206,-0.1513,-0.1306,30.0,30.0,24.5,24.5,38.0,246.0,27.5,0.0,0.24181,0.22828,0.2284,-0.1605,-0.2003,-0.1694,46.5,46.5,38.0,38.0,19.0,176.0,39.0,0.0,0.25032,0.23783,0.23515,-0.2198,-0.2703,-0.2325,61.0,61.0,46.5,53.0,43.0,239.0,54.5,0.0,0.23574,0.23204,0.23574,-0.2684,-0.3355,-0.2973,80.0,80.0,72.0,72.0,9.0,178.0,73.5,0.0,0.25663,0.22893,0.23735,-0.3452,-0.4089,-0.3679,96.5,99.0,87.0,96.0,81.0,76.0,97.0,0.0,0.24349,0.21745,0.24176,-0.4088,-0.4872,-0.4411,118.5,123.0,118.5,123.0,3.0,69.0,124.5,0.0,0.25971,0.20831,0.24455,-0.4786,-0.5719,-0.5127,157.5,157.5,150.0,155.0,9.0,128.0,156.0,0.0,0.26831,0.21411,0.25076,-0.5419,-0.6463,-0.5795,192.0,192.0,189.0,189.0,8.0,64.0,191.0,0.0,0.28714,0.21148,0.2545,-0.5942,-0.7195,-0.6415,229.5,229.5,211.0,211.0,3.0,92.0,229.0,0.0,0.26058,0.20769,0.21996,-0.6679,-0.7864,-0.7337,0.0,0.0,0.0,0.0,0.0,3.0,269.0,0.0,0.0,0.0,0.0,0.0,0.0,0.0,0.0,0.0,0.0,0.0,0.0,0.0,312.0,0.0,0.0,0.0,0.0,0.0,0.0,0.0,0.0,0.0,0.0,0.0,0.0,0.0,356.0,0.0,0.0,0.0,0.0,0.0,0.0,0.0,,,,,,,,,,,,,,,,,,,,,,,,,,,,,,,,,,,,,,,,,,,,,,,,,,,,,,,,,,,,,,,,,,,,,,,,,,,,,,,,,,,,,,,,,,,,,,,,,,,,,,,,,,,,,,,,,,,,,,,,,,,,,,,,,,,,,,,,,,,,,,,,,,,,,,,,,,,,,,,,,,,,,,,,,,,,,,,,,,,,,,,,,,,,,,,,,,,,,,,,,,,,,,,,,,,,,,,,,,,,,,,,,,,,,,,,,,,,,,,,,,,,,,,,,,,,,,,,,,,,,,,,,,,,,,,,,,,,,,,,,,,,,,,,,,,,,,,,,,,,,,,,,,,,,,,,,,,,,,,,,,,,,,,,,,,,,,,,,,,,,,,,,,,,,,,,,,,,,,,,,,,,,,,,,,,,,,,,,,,,,,,,,,,,,,,,,,,,,,,,,,,,,,,,,,,,,,,,,,,,,,,,,,,,,,,,,,,,,,,,,,,,,,,,,,,,,,,,,,,,,,,,,,,,,,,,,,,,,,,,,,,,,,,,,,,,,,,,,,,,,,,,,,,,,,,,,,,,,,,,,,,,,,,,,,,,,,,,,,,,,,,,,,,,,,,,,,,,,,,,
2021-08-13,0.0,0.0,0.0,0.0,0.0,0.0,639.0,0.0,0,0,0,0,0,0,0.0,0.0,0.0,0.0,0.0,9.0,614.0,0.0,0,0,0,0,0,0,0.0,0.0,0.0,0.0,0.0,6.0,589.0,0.0,0,0,0,0,0,0,0.0,0.0,0.0,0.0,0.0,6.0,564.0,0.0,0,0,0,0,0,0,0.0,0.0,0.0,0.0,0.0,6.0,539.5,0.0,0,0,0,0,0,0,0.0,0.0,0.0,0.0,0.0,6.0,514.5,0.0,0,0,0,0,0,0,0.0,0.0,0.0,0.0,0.0,3.0,490.0,0.0,0,0,0,0,0,0,0.0,0.0,0.0,0.0,0.0,3.0,465.5,0.0,0,0,0,0,0,0,0.0,0.0,0.0,0.0,0.0,3.0,441.0,0.0,0,0,0,0,0,0,0.0,0.0,0.0,0.0,0.0,3.0,417.0,0.0,0,0,0,0,0,0,0.0,0.0,0.0,0.0,0.0,6.0,393.0,0.0,0,0,0,0,0,0,0.0,0.0,0.0,0.0,0.0,18.0,369.5,0.0,0,0,0,0,0,0,0.0,0.0,0.0,0.0,0.0,29.0,346.5,0.0,0.0,0.0,0.0,0.0,0.0,0.0,0.0,0.0,0.0,0.0,0.0,62.0,323.5,0.0,0.0,0.0,0.0,0.0,0.0,0.0,0.0,0.0,0.0,0.0,0.0,55.0,301.0,0.0,0.0,0.0,0.0,0.0,0.0,0.0,0.0,0.0,0.0,0.0,0.0,72.0,279.5,0.0,0.0,0.0,0.0,0.0,0.0,0.0,233.5,233.5,231.0,231.0,36.0,81.0,238.0,0.0,,0.21135,,,0.8319,,196.0,197.5,196.0,197.5,12.0,102.0,199.0,0.0,0.14616,0.22203,0.16103,0.8865,0.7596,0.86,163.5,163.5,161.0,161.0,2.0,172.0,164.5,0.0,0.17021,0.22096,0.172,0.7799,0.6901,0.7715,131.5,132.0,127.0,127.0,45.0,132.0,133.5,0.0,0.18038,0.21349,0.17474,0.6836,0.6161,0.681,107.5,109.5,103.5,107.5,55.0,110.0,107.0,0.0,0.19823,0.2212,0.19897,0.5849,0.5336,0.5777,88.0,88.5,78.0,85.0,244.0,197.0,85.0,0.0,0.20783,0.21512,0.20445,0.4981,0.4517,0.4906,67.5,69.0,65.5,68.5,84.0,216.0,67.0,0.0,0.2114,0.23003,0.21403,0.4173,0.3833,0.4123,56.0,56.0,48.5,52.5,97.0,191.0,52.5,0.0,0.22158,0.22667,0.21648,0.349,0.3117,0.3389,41.5,42.5,38.0,41.0,188.0,168.0,41.0,0.0,0.22321,0.2321,0.22221,0.2835,0.2552,0.2771,32.5,34.0,29.5,31.0,312.0,149.0,31.5,0.0,0.23112,0.23675,0.225,0.2332,0.2068,0.2217,25.5,26.5,22.5,24.5,883.0,176.0,24.5,0.0,0.23622,0.24007,0.23203,0.1887,0.165,0.18,19.0,20.0,18.0,19.0,1419.0,429.0,19.5,0.0,0.2388,0.24717,0.23721,0.1494,0.1346,0.1442,0.0,0.0,0.0,0.0,0.0,82.0,0.5,0.0,0.0,0.0,0.0,0.0,0.0,0.0,0.0,0.0,0.0,0.0,0.0,69.0,0.5,0.0,0.0,0.0,0.0,0.0,0.0,0.0,0.0,0.0,0.0,0.0,0.0,51.0,0.5,0.0,0.0,0.0,0.0,0.0,0.0,0.0,0.0,0.0,0.0,0.0,0.0,26.0,1.0,0.0,0.0,0.0,0.0,0.0,0.0,0.0,0.0,0.0,0.0,0.0,0.0,37.0,1.0,0.0,0.0,0.0,0.0,0.0,0.0,0.0,0.0,0.0,0.0,0.0,0.0,53.0,1.5,0.0,0.0,0.0,0.0,0.0,0.0,0.0,0.0,0.0,0.0,0.0,0.0,47.0,2.0,0.0,0.0,0.0,0.0,0.0,0.0,0.0,2.5,2.5,2.5,2.5,2.0,151.0,2.5,0.0,0.24413,0.23318,0.24263,-0.0234,-0.0246,-0.0235,0.0,0.0,0.0,0.0,0.0,87.0,3.5,0.0,0.0,0.0,0.0,0.0,0.0,0.0,0.0,0.0,0.0,0.0,0.0,232.0,4.5,0.0,0.0,0.0,0.0,0.0,0.0,0.0,5.5,6.5,5.5,5.5,444.0,270.0,5.5,0.0,0.2424,0.23835,0.2407,-0.0468,-0.0553,-0.0471,7.0,7.5,6.5,6.5,434.0,145.0,7.0,0.0,0.23784,0.23243,0.23609,-0.0549,-0.0638,-0.0553,9.0,9.0,8.5,8.5,273.0,89.0,8.5,0.0,0.23893,0.22864,0.23709,-0.0687,-0.0755,-0.0692,10.5,11.5,10.5,10.5,251.0,85.0,11.0,0.0,0.2374,0.22882,0.23548,-0.0825,-0.0926,-0.0831,13.0,14.0,12.0,12.5,426.0,143.0,13.0,0.0,0.23131,0.22654,0.23192,-0.0943,-0.1099,-0.0974,16.5,17.0,15.5,15.5,201.0,118.0,16.5,0.0,0.23346,0.22448,0.23136,-0.1155,-0.1298,-0.1165,23.0,26.0,23.0,23.5,80.0,240.0,24.5,0.0,0.23186,0.22504,0.23134,-0.1597,-0.1818,-0.1629,34.0,37.5,34.0,34.0,70.0,175.0,36.0,0.0,0.23308,0.22388,0.23046,-0.2158,-0.242,-0.218,52.5,53.0,47.5,48.0,54.0,234.0,51.0,0.0,0.23222,0.22435,0.23058,-0.2784,-0.3121,-0.2824,72.0,72.0,66.5,66.5,22.0,179.0,70.0,0.0,0.23631,0.22408,0.23296,-0.3502,-0.3876,-0.3543,97.0,97.5,92.0,92.0,58.0,81.0,93.0,0.0,0.24625,0.22959,0.24239,-0.4246,-0.4663,-0.4297,122.5,122.5,118.0,118.0,6.0,63.0,121.0,0.0,0.24867,0.2251,0.24425,-0.4955,-0.5446,-0.5019,156.0,156.0,147.5,148.5,22.0,129.0,152.5,0.0,0.25112,0.23148,0.24827,-0.5639,-0.6157,-0.5707,185.5,195.5,181.5,181.5,30.0,66.0,187.5,0.0,0.25654,0.24496,0.25063,-0.6262,-0.6726,-0.6353,226.5,226.5,219.5,219.5,30.0,82.0,226.0,0.0,0.26505,0.22935,0.25823,-0.6796,-0.7477,-0.6898,0.0,0.0,0.0,0.0,0.0,3.0,266.5,0.0,0.0,0.0,0.0,0.0,0.0,0.0,0.0,0.0,0.0,0.0,0.0,0.0,309.5,0.0,0.0,0.0,0.0,0.0,0.0,0.0,0.0,0.0,0.0,0.0,0.0,0.0,354.0,0.0,0.0,0.0,0.0,0.0,0.0,0.0,,,,,,,,,,,,,,,,,,,,,,,,,,,,,,,,,,,,,,,,,,,,,,,,,,,,,,,,,,,,,,,,,,,,,,,,,,,,,,,,,,,,,,,,,,,,,,,,,,,,,,,,,,,,,,,,,,,,,,,,,,,,,,,,,,,,,,,,,,,,,,,,,,,,,,,,,,,,,,,,,,,,,,,,,,,,,,,,,,,,,,,,,,,,,,,,,,,,,,,,,,,,,,,,,,,,,,,,,,,,,,,,,,,,,,,,,,,,,,,,,,,,,,,,,,,,,,,,,,,,,,,,,,,,,,,,,,,,,,,,,,,,,,,,,,,,,,,,,,,,,,,,,,,,,,,,,,,,,,,,,,,,,,,,,,,,,,,,,,,,,,,,,,,,,,,,,,,,,,,,,,,,,,,,,,,,,,,,,,,,,,,,,,,,,,,,,,,,,,,,,,,,,,,,,,,,,,,,,,,,,,,,,,,,,,,,,,,,,,,,,,,,,,,,,,,,,,,,,,,,,,,,,,,,,,,,,,,,,,,,,,,,,,,,,,,,,,,,,,,,,,,,,,,,,,,,,,,,,,,,,,,,,,,,,,,,,,,,,,,,,,,,,,,,,,,,,,,,,,,,
2021-08-16,0.0,0.0,0.0,0.0,0.0,0.0,646.0,0.0,0,0,0,0,0,0,0.0,0.0,0.0,0.0,0.0,9.0,621.5,0.0,0,0,0,0,0,0,0.0,0.0,0.0,0.0,0.0,6.0,596.5,0.0,0,0,0,0,0,0,0.0,0.0,0.0,0.0,0.0,6.0,571.5,0.0,0,0,0,0,0,0,0.0,0.0,0.0,0.0,0.0,6.0,547.0,0.0,0,0,0,0,0,0,0.0,0.0,0.0,0.0,0.0,6.0,522.0,0.0,0,0,0,0,0,0,0.0,0.0,0.0,0.0,0.0,3.0,497.5,0.0,0,0,0,0,0,0,0.0,0.0,0.0,0.0,0.0,3.0,473.0,0.0,0,0,0,0,0,0,0.0,0.0,0.0,0.0,0.0,3.0,449.0,0.0,0,0,0,0,0,0,0.0,0.0,0.0,0.0,0.0,3.0,424.5,0.0,0,0,0,0,0,0,0.0,0.0,0.0,0.0,0.0,6.0,400.5,0.0,0,0,0,0,0,0,0.0,0.0,0.0,0.0,0.0,18.0,377.0,0.0,0,0,0,0,0,0,0.0,0.0,0.0,0.0,0.0,29.0,353.5,0.0,0.0,0.0,0.0,0.0,0.0,0.0,0.0,0.0,0.0,0.0,0.0,62.0,330.0,0.0,0.0,0.0,0.0,0.0,0.0,0.0,301.5,301.5,301.5,301.5,28.0,47.0,307.5,0.0,,0.27344,,,0.8498,,0.0,0.0,0.0,0.0,0.0,72.0,285.0,0.0,0.0,0.0,0.0,0.0,0.0,0.0,232.5,254.0,227.0,254.0,100.0,81.0,242.5,0.0,,0.22166,0.22586,,0.82,0.8474,200.0,213.5,186.5,213.5,55.0,92.0,202.5,0.0,0.1215,0.21428,0.22309,0.95,0.7629,0.7933,168.5,172.5,151.5,172.5,84.0,183.0,166.5,0.0,0.14228,0.21362,0.21065,0.8589,0.689,0.7367,145.5,145.5,129.5,144.0,35.0,130.0,134.5,0.0,0.17883,0.23442,0.22253,0.7275,0.6011,0.6526,119.5,120.0,96.0,119.0,135.0,116.0,107.0,0.0,0.19603,0.21754,0.23143,0.6266,0.5226,0.5718,93.5,94.0,78.5,93.5,105.0,203.0,83.5,0.0,0.19932,0.22859,0.22966,0.5362,0.4442,0.4936,74.0,74.0,64.0,66.5,116.0,226.0,65.0,0.0,0.20596,0.23829,0.21537,0.4499,0.3752,0.409,57.0,57.0,44.5,51.5,279.0,215.0,49.5,0.0,0.21019,0.22724,0.22001,0.3706,0.2977,0.3363,44.5,44.5,32.5,38.0,581.0,306.0,37.5,0.0,0.21692,0.2267,0.22013,0.303,0.235,0.2683,34.0,34.0,24.5,27.0,1327.0,395.0,28.5,0.0,0.22146,0.23053,0.21869,0.2436,0.1861,0.2072,26.5,26.5,19.0,20.5,1274.0,252.0,21.5,0.0,0.22802,0.23679,0.22406,0.1963,0.1486,0.1634,20.5,20.5,14.0,15.5,1322.0,546.0,16.0,0.0,0.23372,0.2393,0.22906,0.157,0.1148,0.128,0.0,0.0,0.0,0.0,0.0,82.0,1.0,0.0,0.0,0.0,0.0,0.0,0.0,0.0,0.0,0.0,0.0,0.0,0.0,69.0,1.5,0.0,0.0,0.0,0.0,0.0,0.0,0.0,0.0,0.0,0.0,0.0,0.0,51.0,1.5,0.0,0.0,0.0,0.0,0.0,0.0,0.0,0.0,0.0,0.0,0.0,0.0,26.0,2.0,0.0,0.0,0.0,0.0,0.0,0.0,0.0,0.0,0.0,0.0,0.0,0.0,37.0,2.0,0.0,0.0,0.0,0.0,0.0,0.0,0.0,0.0,0.0,0.0,0.0,0.0,53.0,2.5,0.0,0.0,0.0,0.0,0.0,0.0,0.0,0.0,0.0,0.0,0.0,0.0,47.0,3.0,0.0,0.0,0.0,0.0,0.0,0.0,0.0,3.0,3.5,3.0,3.5,23.0,151.0,3.5,0.0,0.2669,0.25081,0.26335,-0.0257,-0.0317,-0.03,5.0,5.0,4.0,4.0,99.0,84.0,4.0,0.0,0.26797,0.2549,0.25699,-0.0329,-0.0426,-0.0345,4.5,6.0,4.5,4.5,174.0,155.0,5.0,0.0,0.26104,0.25092,0.2498,-0.0374,-0.0505,-0.0392,4.0,7.0,4.0,6.0,554.0,304.0,6.0,0.0,0.24275,0.2455,0.25116,-0.036,-0.0588,-0.05,6.0,8.0,5.5,7.5,537.0,249.0,7.0,0.0,0.24517,0.23891,0.24973,-0.047,-0.0674,-0.0608,7.0,9.5,6.5,9.0,557.0,173.0,8.5,0.0,0.24052,0.23448,0.24629,-0.0552,-0.0792,-0.0718,9.0,12.0,8.0,10.5,438.0,151.0,10.5,0.0,0.23815,0.23405,0.24126,-0.0664,-0.0964,-0.0832,11.0,14.5,10.0,12.0,391.0,187.0,12.5,0.0,0.23702,0.23124,0.23494,-0.0805,-0.1138,-0.0952,12.5,18.0,12.5,15.5,194.0,180.0,15.0,0.0,0.23642,0.2308,0.23701,-0.0971,-0.1359,-0.1166,20.0,26.0,18.5,21.5,203.0,297.0,22.5,0.0,0.23314,0.22667,0.22947,-0.1355,-0.1848,-0.1561,30.0,38.5,27.5,30.0,126.0,190.0,32.5,0.0,0.23264,0.22786,0.2235,-0.186,-0.2488,-0.2071,43.0,53.5,38.5,43.0,179.0,264.0,46.0,0.0,0.22944,0.22606,0.22254,-0.2436,-0.3189,-0.273,59.5,73.0,53.0,61.5,116.0,215.0,63.5,0.0,0.22722,0.22608,0.22621,-0.3108,-0.3965,-0.3492,81.5,97.5,79.0,79.0,164.0,109.0,86.0,0.0,0.2436,0.22834,0.21796,-0.391,-0.4768,-0.426,107.0,120.0,97.0,101.5,54.0,48.0,112.5,0.0,0.23185,0.21665,0.21228,-0.4641,-0.5608,-0.5098,137.5,153.5,136.0,136.0,46.0,132.0,143.5,0.0,0.25935,0.22139,0.22483,-0.5323,-0.6366,-0.5858,194.5,194.5,165.0,167.0,34.0,75.0,178.0,0.0,0.25661,0.23708,0.2206,-0.6001,-0.6932,-0.6632,233.0,233.0,207.5,213.5,80.0,103.0,216.0,0.0,0.27893,0.23971,0.24815,-0.6478,-0.7511,-0.7046,0.0,0.0,0.0,0.0,0.0,3.0,256.5,0.0,0.0,0.0,0.0,0.0,0.0,0.0,0.0,0.0,0.0,0.0,0.0,0.0,299.0,0.0,0.0,0.0,0.0,0.0,0.0,0.0,0.0,0.0,0.0,0.0,0.0,0.0,343.5,0.0,0.0,0.0,0.0,0.0,0.0,0.0,,,,,,,,,,,,,,,,,,,,,,,,,,,,,,,,,,,,,,,,,,,,,,,,,,,,,,,,,,,,,,,,,,,,,,,,,,,,,,,,,,,,,,,,,,,,,,,,,,,,,,,,,,,,,,,,,,,,,,,,,,,,,,,,,,,,,,,,,,,,,,,,,,,,,,,,,,,,,,,,,,,,,,,,,,,,,,,,,,,,,,,,,,,,,,,,,,,,,,,,,,,,,,,,,,,,,,,,,,,,,,,,,,,,,,,,,,,,,,,,,,,,,,,,,,,,,,,,,,,,,,,,,,,,,,,,,,,,,,,,,,,,,,,,,,,,,,,,,,,,,,,,,,,,,,,,,,,,,,,,,,,,,,,,,,,,,,,,,,,,,,,,,,,,,,,,,,,,,,,,,,,,,,,,,,,,,,,,,,,,,,,,,,,,,,,,,,,,,,,,,,,,,,,,,,,,,,,,,,,,,,,,,,,,,,,,,,,,,,,,,,,,,,,,,,,,,,,,,,,,,,,,,,,,,,,,,,,,,,,,,,,,,,,,,,,,,,,,,,,,,,,,,,,,,,,,,,,,,,,,,,,,,,,,,,,,,,,,,,,,,,,,,,,,,,,,,,,,,,,,
2021-08-17,0.0,0.0,0.0,0.0,0.0,0.0,649.0,0.0,0,0,0,0,0,0,0.0,0.0,0.0,0.0,0.0,9.0,624.5,0.0,0,0,0,0,0,0,0.0,0.0,0.0,0.0,0.0,6.0,599.5,0.0,0,0,0,0,0,0,0.0,0.0,0.0,0.0,0.0,6.0,574.5,0.0,0,0,0,0,0,0,0.0,0.0,0.0,0.0,0.0,6.0,550.0,0.0,0,0,0,0,0,0,0.0,0.0,0.0,0.0,0.0,6.0,525.5,0.0,0,0,0,0,0,0,0.0,0.0,0.0,0.0,0.0,3.0,500.5,0.0,0,0,0,0,0,0,0.0,0.0,0.0,0.0,0.0,3.0,476.0,0.0,0,0,0,0,0,0,0.0,0.0,0.0,0.0,0.0,3.0,452.0,0.0,0,0,0,0,0,0,0.0,0.0,0.0,0.0,0.0,3.0,427.5,0.0,0,0,0,0,0,0,0.0,0.0,0.0,0.0,0.0,6.0,403.5,0.0,0,0,0,0,0,0,0.0,0.0,0.0,0.0,0.0,18.0,380.0,0.0,0,0,0,0,0,0,0.0,0.0,0.0,0.0,0.0,29.0,356.0,0.0,0.0,0.0,0.0,0.0,0.0,0.0,0.0,0.0,0.0,0.0,0.0,62.0,333.0,0.0,0.0,0.0,0.0,0.0,0.0,0.0,0.0,0.0,0.0,0.0,0.0,47.0,310.0,0.0,0.0,0.0,0.0,0.0,0.0,0.0,0.0,0.0,0.0,0.0,0.0,72.0,287.5,0.0,0.0,0.0,0.0,0.0,0.0,0.0,236.0,253.0,236.0,253.0,39.0,92.0,244.0,0.0,,0.22071,0.17526,,0.8354,0.9148,203.0,203.0,203.0,203.0,10.0,92.0,203.5,0.0,,0.23849,0.14599,,0.7589,0.9024,161.0,171.0,159.0,171.0,44.0,174.0,166.5,0.0,0.15758,0.21346,0.18164,0.8287,0.7082,0.7844,126.0,137.5,126.0,137.5,14.0,131.0,133.5,0.0,0.1708,0.21043,0.18783,0.7266,0.6289,0.6952,103.5,114.0,97.5,114.0,81.0,110.0,105.5,0.0,0.19259,0.20829,0.20554,0.618,0.5429,0.5973,78.5,84.0,77.0,83.0,32.0,207.0,81.5,0.0,0.18571,0.21464,0.19405,0.5247,0.4576,0.5081,60.5,68.5,57.5,68.5,32.0,223.0,62.0,0.0,0.20141,0.21372,0.2104,0.4363,0.3753,0.4251,44.5,50.5,43.0,47.5,148.0,262.0,47.0,0.0,0.20169,0.21581,0.20195,0.3523,0.302,0.3376,33.0,37.0,32.0,36.0,204.0,282.0,35.0,0.0,0.20371,0.2188,0.20771,0.2783,0.2392,0.2695,24.5,28.0,24.0,25.0,338.0,391.0,26.0,0.0,0.20981,0.22323,0.20638,0.22,0.1882,0.2044,18.5,21.0,18.0,19.0,342.0,223.0,19.0,0.0,0.21515,0.22786,0.2133,0.1721,0.147,0.1603,13.5,15.5,13.5,13.5,567.0,537.0,14.0,0.0,0.21939,0.23255,0.2156,0.1325,0.1143,0.1203,0.0,0.0,0.0,0.0,0.0,82.0,1.0,0.0,0.0,0.0,0.0,0.0,0.0,0.0,0.0,0.0,0.0,0.0,0.0,69.0,1.5,0.0,0.0,0.0,0.0,0.0,0.0,0.0,0.0,0.0,0.0,0.0,0.0,51.0,1.5,0.0,0.0,0.0,0.0,0.0,0.0,0.0,0.0,0.0,0.0,0.0,0.0,26.0,2.0,0.0,0.0,0.0,0.0,0.0,0.0,0.0,0.0,0.0,0.0,0.0,0.0,37.0,2.0,0.0,0.0,0.0,0.0,0.0,0.0,0.0,0.0,0.0,0.0,0.0,0.0,53.0,2.5,0.0,0.0,0.0,0.0,0.0,0.0,0.0,0.0,0.0,0.0,0.0,0.0,47.0,3.0,0.0,0.0,0.0,0.0,0.0,0.0,0.0,3.0,3.0,3.0,3.0,1.0,151.0,3.5,0.0,0.26684,0.25098,0.2633,-0.026,-0.0278,-0.0263,0.0,0.0,0.0,0.0,0.0,84.0,4.0,0.0,0.0,0.0,0.0,0.0,0.0,0.0,0.0,0.0,0.0,0.0,0.0,155.0,5.0,0.0,0.0,0.0,0.0,0.0,0.0,0.0,6.5,6.5,5.0,5.0,180.0,353.0,5.5,0.0,0.253,0.24904,0.24915,-0.0425,-0.0547,-0.0432,8.0,8.0,6.0,6.0,133.0,286.0,7.0,0.0,0.24912,0.24664,0.24513,-0.0504,-0.0658,-0.0513,9.5,9.5,8.0,8.0,89.0,145.0,8.5,0.0,0.25132,0.24239,0.24713,-0.064,-0.0773,-0.0651,11.5,11.5,9.0,9.0,125.0,154.0,10.0,0.0,0.24413,0.23948,0.23981,-0.0725,-0.0916,-0.0738,14.0,14.0,10.5,11.5,394.0,190.0,12.0,0.0,0.23905,0.23725,0.24029,-0.084,-0.1086,-0.0905,17.0,17.0,12.5,13.0,71.0,182.0,14.5,0.0,0.23531,0.23526,0.23322,-0.0984,-0.1282,-0.1027,24.0,24.0,18.0,19.0,113.0,321.0,21.0,0.0,0.22961,0.22906,0.22858,-0.1354,-0.1727,-0.1424,33.0,34.5,27.0,27.0,71.0,186.0,30.5,0.0,0.22909,0.2264,0.22335,-0.1873,-0.231,-0.1917,48.5,49.5,38.5,38.5,40.0,254.0,43.0,0.0,0.22707,0.22717,0.22061,-0.2477,-0.3015,-0.254,59.0,63.5,56.0,56.0,24.0,226.0,60.0,0.0,0.23189,0.2161,0.22448,-0.3211,-0.3735,-0.3298,89.0,89.0,71.0,76.0,138.0,97.0,81.5,0.0,0.22109,0.22342,0.22438,-0.3928,-0.4578,-0.408,116.0,116.0,98.5,100.5,46.0,46.0,107.5,0.0,0.23068,0.22438,0.22536,-0.4737,-0.5391,-0.4885,137.5,142.0,127.0,129.5,49.0,133.0,138.0,0.0,0.23336,0.21341,0.22752,-0.5504,-0.6249,-0.5668,181.0,183.5,164.5,164.5,50.0,64.0,172.5,0.0,0.2488,0.23165,0.23529,-0.6143,-0.6834,-0.6359,219.0,219.0,205.0,205.0,21.0,114.0,210.0,0.0,0.26514,0.22685,0.24963,-0.6665,-0.752,-0.6901,0.0,0.0,0.0,0.0,0.0,3.0,251.0,0.0,0.0,0.0,0.0,0.0,0.0,0.0,0.0,0.0,0.0,0.0,0.0,0.0,294.0,0.0,0.0,0.0,0.0,0.0,0.0,0.0,0.0,0.0,0.0,0.0,0.0,0.0,338.5,0.0,0.0,0.0,0.0,0.0,0.0,0.0,,,,,,,,,,,,,,,,,,,,,,,,,,,,,,,,,,,,,,,,,,,,,,,,,,,,,,,,,,,,,,,,,,,,,,,,,,,,,,,,,,,,,,,,,,,,,,,,,,,,,,,,,,,,,,,,,,,,,,,,,,,,,,,,,,,,,,,,,,,,,,,,,,,,,,,,,,,,,,,,,,,,,,,,,,,,,,,,,,,,,,,,,,,,,,,,,,,,,,,,,,,,,,,,,,,,,,,,,,,,,,,,,,,,,,,,,,,,,,,,,,,,,,,,,,,,,,,,,,,,,,,,,,,,,,,,,,,,,,,,,,,,,,,,,,,,,,,,,,,,,,,,,,,,,,,,,,,,,,,,,,,,,,,,,,,,,,,,,,,,,,,,,,,,,,,,,,,,,,,,,,,,,,,,,,,,,,,,,,,,,,,,,,,,,,,,,,,,,,,,,,,,,,,,,,,,,,,,,,,,,,,,,,,,,,,,,,,,,,,,,,,,,,,,,,,,,,,,,,,,,,,,,,,,,,,,,,,,,,,,,,,,,,,,,,,,,,,,,,,,,,,,,,,,,,,,,,,,,,,,,,,,,,,,,,,,,,,,,,,,,,,,,,,,,,,,,,,,,,,,
2021-08-18,0.0,0.0,0.0,0.0,0.0,0.0,659.0,0.0,0,0,0,0,0,0,0.0,0.0,0.0,0.0,0.0,9.0,634.0,0.0,0,0,0,0,0,0,0.0,0.0,0.0,0.0,0.0,6.0,609.0,0.0,0,0,0,0,0,0,0.0,0.0,0.0,0.0,0.0,6.0,584.5,0.0,0,0,0,0,0,0,0.0,0.0,0.0,0.0,0.0,6.0,559.5,0.0,0,0,0,0,0,0,0.0,0.0,0.0,0.0,0.0,6.0,535.0,0.0,0,0,0,0,0,0,0.0,0.0,0.0,0.0,0.0,3.0,510.0,0.0,0,0,0,0,0,0,0.0,0.0,0.0,0.0,0.0,3.0,485.5,0.0,0,0,0,0,0,0,0.0,0.0,0.0,0.0,0.0,3.0,461.5,0.0,0,0,0,0,0,0,0.0,0.0,0.0,0.0,0.0,3.0,437.0,0.0,0,0,0,0,0,0,0.0,0.0,0.0,0.0,0.0,6.0,413.0,0.0,0,0,0,0,0,0,0.0,0.0,0.0,0.0,0.0,18.0,389.0,0.0,0,0,0,0,0,0,369.0,369.0,369.0,369.0,10.0,19.0,365.5,0.0,,0.31197,0.21628,,0.8782,0.9563,337.5,345.5,337.5,345.5,20.0,42.0,342.0,0.0,,0.26371,0.21579,,0.896,0.9442,322.5,322.5,322.5,322.5,12.0,45.0,319.0,0.0,,0.2919,0.21621,,0.8551,0.9289,299.5,299.5,299.5,299.5,15.0,67.0,296.0,0.0,,0.2818,0.21386,,0.8416,0.9134,244.0,270.5,239.5,243.0,301.0,131.0,252.5,0.0,0.19926,0.2069,0.13924,0.902,0.8607,0.9545,208.5,216.5,201.5,201.5,258.0,104.0,211.0,0.0,0.1473,0.21471,0.16233,0.9174,0.7925,0.8752,166.5,180.5,164.5,164.5,194.0,170.0,173.0,0.0,0.17553,0.21312,0.17556,0.8149,0.7229,0.7856,133.5,148.0,133.5,142.0,91.0,154.0,139.0,0.0,0.18953,0.21699,0.2103,0.7198,0.6411,0.6719,104.5,118.0,103.0,108.5,104.0,124.0,109.5,0.0,0.1952,0.21165,0.20161,0.628,0.5581,0.59,85.0,93.5,78.0,79.0,295.0,228.0,84.5,0.0,0.20215,0.20932,0.19255,0.5356,0.4706,0.4978,60.5,72.0,57.5,62.5,165.0,262.0,64.5,0.0,0.20536,0.20745,0.20323,0.4476,0.3844,0.4112,47.0,54.0,42.5,44.5,370.0,243.0,48.5,0.0,0.20696,0.20928,0.2005,0.3648,0.3072,0.326,35.0,40.0,32.5,33.0,360.0,286.0,36.0,0.0,0.20916,0.21589,0.20495,0.2909,0.2454,0.2567,27.0,31.0,23.5,24.5,747.0,356.0,26.5,0.0,0.21679,0.21778,0.21002,0.2335,0.1894,0.2002,19.5,23.0,17.5,18.0,1147.0,258.0,19.5,0.0,0.22049,0.22264,0.2145,0.1825,0.147,0.154,14.5,17.5,13.0,14.0,1701.0,678.0,14.0,0.0,0.22633,0.22737,0.22269,0.1435,0.1133,0.1218,0.0,0.0,0.0,0.0,0.0,82.0,0.5,0.0,0.0,0.0,0.0,0.0,0.0,0.0,0.0,0.0,0.0,0.0,0.0,69.0,1.0,0.0,0.0,0.0,0.0,0.0,0.0,0.0,0.0,0.0,0.0,0.0,0.0,51.0,1.0,0.0,0.0,0.0,0.0,0.0,0.0,0.0,0.0,0.0,0.0,0.0,0.0,26.0,1.5,0.0,0.0,0.0,0.0,0.0,0.0,0.0,0.0,0.0,0.0,0.0,0.0,37.0,1.5,0.0,0.0,0.0,0.0,0.0,0.0,0.0,0.0,0.0,0.0,0.0,0.0,53.0,2.0,0.0,0.0,0.0,0.0,0.0,0.0,0.0,3.0,3.0,3.0,3.0,2.0,47.0,2.5,0.0,0.28405,0.26941,0.27617,-0.0247,-0.0262,-0.0255,3.0,3.0,2.5,3.0,50.0,103.0,3.0,0.0,0.26344,0.25679,0.2636,-0.0225,-0.0274,-0.0266,0.0,0.0,0.0,0.0,0.0,84.0,3.5,0.0,0.0,0.0,0.0,0.0,0.0,0.0,5.0,5.5,5.0,5.5,14.0,142.0,4.0,0.0,0.27098,0.25999,0.26746,-0.0402,-0.0458,-0.0445,5.0,6.0,5.0,5.5,285.0,298.0,5.0,0.0,0.25777,0.25098,0.25398,-0.0421,-0.051,-0.0466,6.5,7.0,6.0,6.5,189.0,289.0,6.0,0.0,0.25394,0.24547,0.24925,-0.0499,-0.0593,-0.0546,7.5,8.5,7.5,7.5,279.0,138.0,7.5,0.0,0.25254,0.24225,0.24323,-0.0607,-0.0707,-0.0631,8.5,11.0,8.5,9.5,546.0,193.0,9.0,0.0,0.24572,0.24328,0.24266,-0.0691,-0.0875,-0.0772,10.5,12.0,10.5,11.5,999.0,230.0,11.0,0.0,0.24409,0.23371,0.23979,-0.083,-0.0974,-0.0915,12.5,14.5,12.5,13.0,351.0,257.0,13.0,0.0,0.24044,0.23079,0.23256,-0.0972,-0.115,-0.1039,18.0,20.5,18.0,20.5,251.0,340.0,19.5,0.0,0.23497,0.22343,0.23362,-0.1336,-0.1563,-0.1499,26.5,32.0,25.0,29.5,267.0,188.0,28.0,0.0,0.22789,0.22682,0.23027,-0.1781,-0.2188,-0.2021,37.5,45.0,36.0,43.0,215.0,235.0,39.5,0.0,0.22591,0.22404,0.23151,-0.2377,-0.2854,-0.2679,52.0,60.0,51.5,53.5,150.0,228.0,55.5,0.0,0.22707,0.21736,0.21577,-0.3087,-0.359,-0.3314,72.0,81.0,68.5,80.0,285.0,110.0,75.5,0.0,0.22249,0.21595,0.23079,-0.3834,-0.4424,-0.4171,95.5,106.0,91.5,106.0,354.0,103.0,100.5,0.0,0.2229,0.21401,0.23418,-0.4646,-0.5281,-0.4959,126.0,139.5,126.0,136.5,182.0,154.0,130.0,0.0,0.24045,0.22242,0.23905,-0.5398,-0.6059,-0.5706,169.0,171.5,154.5,171.5,133.0,117.0,164.0,0.0,0.23561,0.21812,0.24646,-0.6153,-0.6844,-0.6371,205.0,211.5,195.5,209.5,195.0,170.0,201.0,0.0,0.25332,0.22622,0.25423,-0.6697,-0.7433,-0.6948,0.0,0.0,0.0,0.0,0.0,3.0,241.5,0.0,0.0,0.0,0.0,0.0,0.0,0.0,0.0,0.0,0.0,0.0,0.0,0.0,284.5,0.0,0.0,0.0,0.0,0.0,0.0,0.0,0.0,0.0,0.0,0.0,0.0,0.0,329.0,0.0,0.0,0.0,0.0,0.0,0.0,0.0,,,,,,,,,,,,,,,,,,,,,,,,,,,,,,,,,,,,,,,,,,,,,,,,,,,,,,,,,,,,,,,,,,,,,,,,,,,,,,,,,,,,,,,,,,,,,,,,,,,,,,,,,,,,,,,,,,,,,,,,,,,,,,,,,,,,,,,,,,,,,,,,,,,,,,,,,,,,,,,,,,,,,,,,,,,,,,,,,,,,,,,,,,,,,,,,,,,,,,,,,,,,,,,,,,,,,,,,,,,,,,,,,,,,,,,,,,,,,,,,,,,,,,,,,,,,,,,,,,,,,,,,,,,,,,,,,,,,,,,,,,,,,,,,,,,,,,,,,,,,,,,,,,,,,,,,,,,,,,,,,,,,,,,,,,,,,,,,,,,,,,,,,,,,,,,,,,,,,,,,,,,,,,,,,,,,,,,,,,,,,,,,,,,,,,,,,,,,,,,,,,,,,,,,,,,,,,,,,,,,,,,,,,,,,,,,,,,,,,,,,,,,,,,,,,,,,,,,,,,,,,,,,,,,,,,,,,,,,,,,,,,,,,,,,,,,,,,,,,,,,,,,,,,,,,,,,,,,,,,,,,,,,,,,,,,,,,,,,,,,,,,,,,,,,,,,,,,,,,,,
2021-08-19,0.0,0.0,0.0,0.0,0.0,0.0,633.0,0.0,0,0,0,0,0,0,0.0,0.0,0.0,0.0,0.0,9.0,608.0,0.0,0,0,0,0,0,0,0.0,0.0,0.0,0.0,0.0,6.0,583.0,0.0,0,0,0,0,0,0,0.0,0.0,0.0,0.0,0.0,6.0,558.5,0.0,0,0,0,0,0,0,0.0,0.0,0.0,0.0,0.0,6.0,533.5,0.0,0,0,0,0,0,0,0.0,0.0,0.0,0.0,0.0,6.0,509.0,0.0,0,0,0,0,0,0,0.0,0.0,0.0,0.0,0.0,3.0,484.5,0.0,0,0,0,0,0,0,0.0,0.0,0.0,0.0,0.0,3.0,460.0,0.0,0,0,0,0,0,0,0.0,0.0,0.0,0.0,0.0,3.0,435.5,0.0,0,0,0,0,0,0,0.0,0.0,0.0,0.0,0.0,3.0,411.5,0.0,0,0,0,0,0,0,0.0,0.0,0.0,0.0,0.0,6.0,387.5,0.0,0,0,0,0,0,0,0.0,0.0,0.0,0.0,0.0,18.0,364.0,0.0,0,0,0,0,0,0,331.0,331.0,331.0,331.0,10.0,9.0,340.5,0.0,,0.25919,0.18183,,0.9002,0.9678,0.0,0.0,0.0,0.0,0.0,42.0,317.5,0.0,0.0,0.0,0.0,0.0,0.0,0.0,0.0,0.0,0.0,0.0,0.0,45.0,295.0,0.0,0.0,0.0,0.0,0.0,0.0,0.0,263.0,263.0,263.0,263.0,2.0,65.0,273.0,0.0,,0.24075,0.1951,,0.8522,0.9073,0.0,0.0,0.0,0.0,0.0,131.0,230.5,0.0,0.0,0.0,0.0,0.0,0.0,0.0,201.0,201.0,175.0,185.5,120.0,89.0,191.0,0.0,0.15377,0.20705,0.21344,0.8913,0.7618,0.7709,150.5,151.5,146.0,151.0,57.0,195.0,155.0,0.0,0.1249,0.22196,0.21528,0.8668,0.6728,0.694,125.0,129.0,110.0,118.5,57.0,162.0,123.5,0.0,0.17479,0.20702,0.21157,0.7034,0.595,0.6126,91.5,101.0,84.5,95.0,115.0,120.0,96.0,0.0,0.18284,0.20775,0.21922,0.6002,0.5045,0.5249,73.0,74.0,65.5,70.5,57.0,210.0,73.5,0.0,0.18053,0.2134,0.2141,0.4992,0.4186,0.438,58.0,59.0,48.5,55.5,183.0,239.0,55.5,0.0,0.19492,0.21409,0.22213,0.4085,0.3378,0.3619,43.0,46.0,38.5,40.0,158.0,256.0,41.5,0.0,0.20465,0.22432,0.21986,0.3311,0.2755,0.2868,33.5,33.5,28.5,30.0,31.0,284.0,30.5,0.0,0.2069,0.22704,0.22405,0.2595,0.2169,0.2272,24.5,24.5,20.5,20.5,342.0,376.0,23.0,0.0,0.21072,0.2283,0.22135,0.201,0.1664,0.1699,18.5,18.5,16.0,16.5,365.0,273.0,17.0,0.0,0.2173,0.23617,0.23189,0.1569,0.1326,0.1375,14.0,14.0,11.5,12.0,597.0,686.0,12.5,0.0,0.2237,0.23824,0.23493,0.1222,0.1002,0.1046,0.0,0.0,0.0,0.0,0.0,82.0,0.5,0.0,0.0,0.0,0.0,0.0,0.0,0.0,0.0,0.0,0.0,0.0,0.0,69.0,1.0,0.0,0.0,0.0,0.0,0.0,0.0,0.0,0.0,0.0,0.0,0.0,0.0,51.0,1.0,0.0,0.0,0.0,0.0,0.0,0.0,0.0,0.0,0.0,0.0,0.0,0.0,26.0,1.5,0.0,0.0,0.0,0.0,0.0,0.0,0.0,1.5,1.5,1.5,1.5,1.0,37.0,1.5,0.0,0.2742,0.25608,0.26019,-0.014,-0.0151,-0.0148,2.0,2.0,2.0,2.0,4.0,53.0,2.0,0.0,0.27385,0.25503,0.2593,-0.0181,-0.0196,-0.0192,3.0,3.0,3.0,3.0,2.0,47.0,2.5,0.0,0.27943,0.25957,0.26408,-0.0254,-0.0276,-0.0271,3.0,3.0,3.0,3.0,1.0,104.0,3.0,0.0,0.26674,0.24674,0.25129,-0.0265,-0.0289,-0.0283,0.0,0.0,0.0,0.0,0.0,84.0,4.0,0.0,0.0,0.0,0.0,0.0,0.0,0.0,5.0,5.0,4.5,5.0,33.0,122.0,5.0,0.0,0.26021,0.24392,0.24886,-0.0386,-0.0455,-0.0445,0.0,0.0,0.0,0.0,0.0,298.0,6.0,0.0,0.0,0.0,0.0,0.0,0.0,0.0,6.5,8.0,6.5,8.0,213.0,258.0,7.0,0.0,0.25236,0.24072,0.2461,-0.0545,-0.0688,-0.0672,8.0,9.5,8.0,9.5,417.0,121.0,8.5,0.0,0.25001,0.23598,0.24157,-0.0655,-0.0808,-0.079,10.0,12.0,9.5,11.5,351.0,180.0,11.0,0.0,0.24578,0.23529,0.23838,-0.0769,-0.0985,-0.0937,11.5,15.0,11.5,14.0,920.0,251.0,13.0,0.0,0.24291,0.23457,0.23585,-0.0911,-0.1186,-0.1112,14.0,18.5,14.0,17.0,337.0,231.0,16.0,0.0,0.24074,0.23355,0.23354,-0.108,-0.1411,-0.1313,20.5,25.0,20.5,24.5,430.0,219.0,23.5,0.0,0.23683,0.22302,0.22841,-0.1493,-0.1861,-0.1791,31.0,36.5,30.0,36.0,82.0,198.0,33.5,0.0,0.23523,0.22099,0.2276,-0.2026,-0.2507,-0.2417,43.5,54.0,43.5,50.5,454.0,432.0,47.5,0.0,0.2364,0.22536,0.22544,-0.2676,-0.3292,-0.3127,59.0,74.0,59.0,69.5,372.0,345.0,65.5,0.0,0.23334,0.22524,0.22502,-0.3373,-0.4099,-0.392,79.0,98.0,79.0,91.0,341.0,198.0,88.0,0.0,0.2323,0.22472,0.22075,-0.4141,-0.4933,-0.4751,108.5,122.5,108.5,119.0,53.0,100.0,115.5,0.0,0.24423,0.2154,0.22204,-0.4921,-0.5803,-0.5586,141.5,156.0,141.5,150.0,117.0,133.0,147.0,0.0,0.25546,0.21797,0.22087,-0.562,-0.6589,-0.6391,183.0,193.0,177.0,183.5,55.0,93.0,183.0,0.0,0.26506,0.22055,0.21618,-0.6242,-0.7283,-0.7169,230.5,238.0,224.5,225.0,61.0,170.0,222.0,0.0,0.29861,0.23923,0.22514,-0.6616,-0.7698,-0.7716,273.5,278.5,267.0,267.0,63.0,30.0,264.0,0.0,0.31554,0.23769,0.22878,-0.7006,-0.823,-0.8214,0.0,0.0,0.0,0.0,0.0,0.0,308.0,0.0,0.0,0.0,0.0,0.0,0.0,0.0,0.0,0.0,0.0,0.0,0.0,0.0,353.5,0.0,0.0,0.0,0.0,0.0,0.0,0.0,,,,,,,,,,,,,,,,,,,,,,,,,,,,,,,,,,,,,,,,,,,,,,,,,,,,,,,,,,,,,,,,,,,,,,,,,,,,,,,,,,,,,,,,,,,,,,,,,,,,,,,,,,,,,,,,,,,,,,,,,,,,,,,,,,,,,,,,,,,,,,,,,,,,,,,,,,,,,,,,,,,,,,,,,,,,,,,,,,,,,,,,,,,,,,,,,,,,,,,,,,,,,,,,,,,,,,,,,,,,,,,,,,,,,,,,,,,,,,,,,,,,,,,,,,,,,,,,,,,,,,,,,,,,,,,,,,,,,,,,,,,,,,,,,,,,,,,,,,,,,,,,,,,,,,,,,,,,,,,,,,,,,,,,,,,,,,,,,,,,,,,,,,,,,,,,,,,,,,,,,,,,,,,,,,,,,,,,,,,,,,,,,,,,,,,,,,,,,,,,,,,,,,,,,,,,,,,,,,,,,,,,,,,,,,,,,,,,,,,,,,,,,,,,,,,,,,,,,,,,,,,,,,,,,,,,,,,,,,,,,,,,,,,,,,,,,,,,,,,,,,,,,,,,,,,,,,,,,,,,,,,,,,,,,,,,,,,,,,,,,,,,,,,,,,,,,,,,,,,,
2021-08-20,0.0,0.0,0.0,0.0,0.0,0.0,609.0,0.0,0,0,0,0,0,0,0.0,0.0,0.0,0.0,0.0,9.0,584.0,0.0,0,0,0,0,0,0,0.0,0.0,0.0,0.0,0.0,6.0,559.0,0.0,0,0,0,0,0,0,0.0,0.0,0.0,0.0,0.0,6.0,534.5,0.0,0,0,0,0,0,0,0.0,0.0,0.0,0.0,0.0,6.0,510.0,0.0,0,0,0,0,0,0,0.0,0.0,0.0,0.0,0.0,6.0,485.0,0.0,0,0,0,0,0,0,0.0,0.0,0.0,0.0,0.0,3.0,460.5,0.0,0,0,0,0,0,0,0.0,0.0,0.0,0.0,0.0,3.0,436.5,0.0,0,0,0,0,0,0,0.0,0.0,0.0,0.0,0.0,3.0,412.5,0.0,0,0,0,0,0,0,0.0,0.0,0.0,0.0,0.0,3.0,388.5,0.0,0,0,0,0,0,0,0.0,0.0,0.0,0.0,0.0,6.0,364.5,0.0,0,0,0,0,0,0,0.0,0.0,0.0,0.0,0.0,18.0,341.0,0.0,0,0,0,0,0,0,0.0,0.0,0.0,0.0,0.0,9.0,318.5,0.0,0.0,0.0,0.0,0.0,0.0,0.0,0.0,0.0,0.0,0.0,0.0,42.0,295.5,0.0,0.0,0.0,0.0,0.0,0.0,0.0,0.0,0.0,0.0,0.0,0.0,45.0,273.5,0.0,0.0,0.0,0.0,0.0,0.0,0.0,0.0,0.0,0.0,0.0,4.0,61.0,251.5,0.0,0.0,0.0,0.0,0.0,0.0,0.0,205.5,224.5,203.0,224.5,141.0,132.0,210.5,0.0,0.175,0.21846,0.18787,0.8933,0.8012,0.8747,171.0,185.0,165.0,185.0,123.0,93.0,172.5,0.0,0.18511,0.21522,0.19362,0.8176,0.7329,0.8037,134.0,149.5,130.5,149.0,184.0,177.0,138.5,0.0,0.19161,0.2115,0.19641,0.7318,0.6539,0.7226,100.0,118.0,100.0,118.0,205.0,189.0,109.0,0.0,0.19529,0.20744,0.20011,0.6399,0.5662,0.632,80.0,91.5,79.5,91.5,106.0,100.0,84.0,0.0,0.19906,0.21673,0.20295,0.5446,0.4769,0.5387,65.0,70.0,61.5,70.0,145.0,270.0,63.5,0.0,0.20331,0.22175,0.20654,0.4521,0.3947,0.4479,42.5,53.0,42.5,53.0,228.0,218.0,48.0,0.0,0.2079,0.21405,0.21066,0.3676,0.3101,0.3646,31.0,40.0,31.0,39.5,236.0,261.0,35.5,0.0,0.21318,0.2166,0.21422,0.2943,0.2424,0.2907,22.5,27.5,22.5,27.5,174.0,287.0,26.5,0.0,0.2105,0.21983,0.21263,0.2233,0.1867,0.2219,20.0,20.5,18.5,20.0,108.0,376.0,19.5,0.0,0.21648,0.23271,0.21653,0.1735,0.1527,0.1702,13.0,16.0,13.0,15.0,303.0,230.0,14.0,0.0,0.22545,0.23363,0.22285,0.1376,0.1141,0.1318,10.0,12.0,10.0,12.0,603.0,663.0,10.5,0.0,0.23117,0.24064,0.23281,0.1064,0.0895,0.1059,0.0,0.0,0.0,0.0,0.0,82.0,0.5,0.0,0.0,0.0,0.0,0.0,0.0,0.0,0.0,0.0,0.0,0.0,0.0,69.0,1.0,0.0,0.0,0.0,0.0,0.0,0.0,0.0,0.0,0.0,0.0,0.0,0.0,51.0,1.0,0.0,0.0,0.0,0.0,0.0,0.0,0.0,0.0,0.0,0.0,0.0,0.0,26.0,1.5,0.0,0.0,0.0,0.0,0.0,0.0,0.0,0.0,0.0,0.0,0.0,0.0,37.0,2.0,0.0,0.0,0.0,0.0,0.0,0.0,0.0,2.5,2.5,2.5,2.5,2.0,53.0,2.0,0.0,0.27549,0.26018,0.27429,-0.0223,-0.0238,-0.0224,3.5,3.5,3.5,3.5,9.0,47.0,3.0,0.0,0.27834,0.26229,0.27708,-0.0297,-0.0317,-0.0298,4.0,4.0,4.0,4.0,1.0,104.0,3.5,0.0,0.27171,0.25526,0.27042,-0.0341,-0.0365,-0.0343,0.0,0.0,0.0,0.0,0.0,84.0,4.5,0.0,0.0,0.0,0.0,0.0,0.0,0.0,0.0,0.0,0.0,0.0,0.0,122.0,5.5,0.0,0.0,0.0,0.0,0.0,0.0,0.0,8.0,8.0,6.5,6.5,94.0,280.0,7.0,0.0,0.25613,0.2497,0.25472,-0.0546,-0.0675,-0.055,9.0,9.0,7.5,7.5,287.0,221.0,8.5,0.0,0.24991,0.24174,0.24846,-0.0631,-0.0766,-0.0635,12.0,12.0,9.0,9.0,229.0,130.0,10.5,0.0,0.24599,0.24455,0.24449,-0.0746,-0.0965,-0.0751,14.0,14.5,12.0,12.0,181.0,170.0,12.5,0.0,0.24918,0.24158,0.24759,-0.0938,-0.1139,-0.0944,17.0,17.0,14.0,14.0,220.0,186.0,15.5,0.0,0.24405,0.23663,0.24239,-0.1085,-0.132,-0.1092,21.0,21.0,16.0,16.0,48.0,225.0,18.5,0.0,0.23743,0.2361,0.23571,-0.1239,-0.1567,-0.1247,30.0,30.0,23.0,23.0,76.0,235.0,27.0,0.0,0.23194,0.23125,0.23003,-0.169,-0.2107,-0.1703,43.0,43.0,32.5,33.0,117.0,199.0,39.0,0.0,0.22669,0.22954,0.22612,-0.2253,-0.2782,-0.2286,57.0,60.0,49.0,49.0,190.0,383.0,54.5,0.0,0.23244,0.22868,0.22998,-0.3001,-0.3547,-0.3028,75.0,81.0,71.0,71.0,84.0,364.0,75.0,0.0,0.24119,0.22769,0.23834,-0.3799,-0.4367,-0.3834,95.0,107.0,90.0,90.0,265.0,201.0,100.0,0.0,0.23245,0.22872,0.22915,-0.4571,-0.5201,-0.4619,132.0,135.5,120.0,120.0,121.0,84.0,129.5,0.0,0.24067,0.22584,0.23681,-0.5352,-0.6028,-0.5412,162.0,170.5,150.5,150.5,159.0,140.0,163.5,0.0,0.24106,0.22973,0.2365,-0.6102,-0.6758,-0.6176,210.5,210.5,187.0,187.0,192.0,73.0,201.0,0.0,0.24805,0.23903,0.24266,-0.6745,-0.734,-0.6831,250.5,251.5,229.5,229.5,203.0,184.0,241.5,0.0,0.26445,0.24435,0.25825,-0.7215,-0.7858,-0.7306,0.0,0.0,0.0,0.0,0.0,30.0,284.5,0.0,0.0,0.0,0.0,0.0,0.0,0.0,0.0,0.0,0.0,0.0,0.0,0.0,329.0,0.0,0.0,0.0,0.0,0.0,0.0,0.0,0.0,0.0,0.0,0.0,0.0,0.0,375.5,0.0,0.0,0.0,0.0,0.0,0.0,0.0,,,,,,,,,,,,,,,,,,,,,,,,,,,,,,,,,,,,,,,,,,,,,,,,,,,,,,,,,,,,,,,,,,,,,,,,,,,,,,,,,,,,,,,,,,,,,,,,,,,,,,,,,,,,,,,,,,,,,,,,,,,,,,,,,,,,,,,,,,,,,,,,,,,,,,,,,,,,,,,,,,,,,,,,,,,,,,,,,,,,,,,,,,,,,,,,,,,,,,,,,,,,,,,,,,,,,,,,,,,,,,,,,,,,,,,,,,,,,,,,,,,,,,,,,,,,,,,,,,,,,,,,,,,,,,,,,,,,,,,,,,,,,,,,,,,,,,,,,,,,,,,,,,,,,,,,,,,,,,,,,,,,,,,,,,,,,,,,,,,,,,,,,,,,,,,,,,,,,,,,,,,,,,,,,,,,,,,,,,,,,,,,,,,,,,,,,,,,,,,,,,,,,,,,,,,,,,,,,,,,,,,,,,,,,,,,,,,,,,,,,,,,,,,,,,,,,,,,,,,,,,,,,,,,,,,,,,,,,,,,,,,,,,,,,,,,,,,,,,,,,,,,,,,,,,,,,,,,,,,,,,,,,,,,,,,,,,,,,,,,,,,,,,,,,,,,,,,,,,,,
2021-08-23,0.0,0.0,0.0,0.0,0.0,0.0,657.0,0.0,0,0,0,0,0,0,0.0,0.0,0.0,0.0,0.0,9.0,632.0,0.0,0,0,0,0,0,0,0.0,0.0,0.0,0.0,0.0,6.0,607.0,0.0,0,0,0,0,0,0,0.0,0.0,0.0,0.0,0.0,6.0,582.0,0.0,0,0,0,0,0,0,0.0,0.0,0.0,0.0,0.0,6.0,557.0,0.0,0,0,0,0,0,0,0.0,0.0,0.0,0.0,0.0,6.0,532.5,0.0,0,0,0,0,0,0,0.0,0.0,0.0,0.0,0.0,3.0,507.5,0.0,0,0,0,0,0,0,0.0,0.0,0.0,0.0,0.0,3.0,483.0,0.0,0,0,0,0,0,0,0.0,0.0,0.0,0.0,0.0,3.0,458.5,0.0,0,0,0,0,0,0,0.0,0.0,0.0,0.0,0.0,3.0,434.0,0.0,0,0,0,0,0,0,0.0,0.0,0.0,0.0,0.0,6.0,410.0,0.0,0,0,0,0,0,0,0.0,0.0,0.0,0.0,0.0,18.0,386.0,0.0,0,0,0,0,0,0,0.0,0.0,0.0,0.0,0.0,9.0,362.0,0.0,0.0,0.0,0.0,0.0,0.0,0.0,386.0,386.0,386.0,386.0,10.0,52.0,338.5,0.0,,0.5,,,0.75,,362.5,362.5,362.5,362.5,18.0,47.0,315.5,0.0,,0.5,,,0.7324,,339.5,339.5,339.5,339.5,11.0,70.0,293.0,0.0,,0.5,,,0.7143,,224.0,308.5,201.0,308.5,335.0,167.0,249.0,0.0,,0.21013,,,0.8189,,163.5,263.0,163.5,263.0,243.0,130.0,208.0,0.0,,0.2113,0.14874,,0.7452,0.9607,139.0,225.0,130.5,225.0,484.0,233.0,170.5,0.0,0.18113,0.21325,0.19306,0.8826,0.6606,0.8653,116.0,187.5,99.5,187.5,396.0,195.0,137.0,0.0,0.1956,0.20867,0.20352,0.8019,0.5716,0.7894,89.0,150.5,73.0,150.5,412.0,162.0,108.0,0.0,0.19544,0.20398,0.20148,0.7246,0.4765,0.7146,62.5,124.0,56.5,122.0,747.0,349.0,84.0,0.0,0.21078,0.21285,0.21048,0.6289,0.3894,0.6239,49.5,97.5,39.5,97.5,1085.0,520.0,64.5,0.0,0.21347,0.20971,0.2173,0.5409,0.304,0.5356,33.5,76.5,29.0,75.5,618.0,378.0,49.0,0.0,0.21871,0.21467,0.21957,0.4556,0.2366,0.4508,27.0,60.0,21.5,58.5,578.0,358.0,37.0,0.0,0.22513,0.22085,0.2242,0.3782,0.1833,0.3728,18.5,46.5,18.5,45.5,585.0,411.0,28.0,0.0,0.23045,0.23792,0.23024,0.3096,0.1534,0.3051,15.0,35.5,11.5,33.5,748.0,198.0,21.0,0.0,0.23462,0.23115,0.23083,0.2495,0.1063,0.2417,12.0,27.5,8.5,25.0,1482.0,762.0,16.0,0.0,0.24063,0.23682,0.2341,0.2008,0.0809,0.1903,0.0,0.0,0.0,0.0,0.0,82.0,0.5,0.0,0.0,0.0,0.0,0.0,0.0,0.0,0.0,0.0,0.0,0.0,0.0,69.0,0.5,0.0,0.0,0.0,0.0,0.0,0.0,0.0,0.0,0.0,0.0,0.0,0.0,51.0,0.5,0.0,0.0,0.0,0.0,0.0,0.0,0.0,0.0,0.0,0.0,0.0,0.0,26.0,1.0,0.0,0.0,0.0,0.0,0.0,0.0,0.0,0.0,0.0,0.0,0.0,0.0,37.0,1.0,0.0,0.0,0.0,0.0,0.0,0.0,0.0,1.5,1.5,0.5,0.5,31.0,48.0,1.0,0.0,0.26029,0.24824,0.2593,-0.0055,-0.0162,-0.0055,2.0,2.0,2.0,2.0,8.0,47.0,1.5,0.0,0.29947,0.24659,0.29833,-0.0169,-0.021,-0.0169,2.0,2.0,2.0,2.0,1.0,105.0,2.0,0.0,0.28712,0.2339,0.28598,-0.0175,-0.0221,-0.0176,2.5,3.0,2.5,3.0,2.0,86.0,2.5,0.0,0.28464,0.23708,0.29207,-0.0215,-0.0311,-0.0247,3.5,3.5,3.0,3.5,7.0,122.0,3.0,0.0,0.28046,0.23027,0.28674,-0.0256,-0.0365,-0.0288,5.5,6.5,3.5,3.5,445.0,322.0,4.0,0.0,0.27497,0.24627,0.27372,-0.0299,-0.0587,-0.03,6.5,8.0,4.0,4.5,574.0,313.0,5.0,0.0,0.26845,0.24301,0.27314,-0.0343,-0.0708,-0.0374,7.5,9.5,5.0,5.0,481.0,218.0,6.0,0.0,0.26651,0.23782,0.26518,-0.0419,-0.0833,-0.0421,12.0,12.0,6.0,6.0,587.0,193.0,7.5,0.0,0.26264,0.23672,0.26127,-0.0497,-0.1016,-0.0499,11.0,14.0,7.0,7.5,470.0,123.0,9.5,0.0,0.25729,0.23062,0.25987,-0.0577,-0.1179,-0.0607,13.0,18.0,8.5,8.5,506.0,197.0,12.0,0.0,0.25434,0.23186,0.25288,-0.0687,-0.1439,-0.0692,18.5,27.0,12.5,14.0,657.0,203.0,18.0,0.0,0.2491,0.22934,0.25552,-0.0967,-0.2,-0.1039,32.0,39.5,2.5,19.0,498.0,217.0,26.5,0.0,0.14949,0.22785,0.24626,-0.0385,-0.2684,-0.1376,51.0,56.0,26.5,29.5,1267.0,304.0,39.0,0.0,0.24202,0.22699,0.25058,-0.1817,-0.3468,-0.1922,71.0,76.0,39.0,39.0,1145.0,326.0,55.5,0.0,0.24398,0.22445,0.24178,-0.2431,-0.4311,-0.245,95.0,103.5,54.0,54.5,735.0,213.0,76.5,0.0,0.24313,0.22986,0.24197,-0.3101,-0.5172,-0.3135,112.0,130.0,74.0,74.5,476.0,119.0,102.0,0.0,0.24571,0.22211,0.24409,-0.3843,-0.6048,-0.3882,148.5,161.5,97.5,97.5,257.0,144.0,132.0,0.0,0.24731,0.21608,0.24402,-0.46,-0.6899,-0.4645,186.5,198.0,129.0,129.0,347.0,67.0,166.5,0.0,0.25885,0.21283,0.25504,-0.5321,-0.7655,-0.5375,225.5,239.0,161.0,161.0,172.0,141.0,204.5,0.0,0.26339,0.21362,0.25898,-0.5994,-0.8254,-0.6059,223.5,223.5,211.5,211.5,12.0,30.0,245.0,0.0,0.30709,,0.30226,-0.6361,,-0.6424,0.0,0.0,0.0,0.0,0.0,0.0,288.0,0.0,0.0,0.0,0.0,0.0,0.0,0.0,0.0,0.0,0.0,0.0,0.0,0.0,332.5,0.0,0.0,0.0,0.0,0.0,0.0,0.0,,,,,,,,,,,,,,,,,,,,,,,,,,,,,,,,,,,,,,,,,,,,,,,,,,,,,,,,,,,,,,,,,,,,,,,,,,,,,,,,,,,,,,,,,,,,,,,,,,,,,,,,,,,,,,,,,,,,,,,,,,,,,,,,,,,,,,,,,,,,,,,,,,,,,,,,,,,,,,,,,,,,,,,,,,,,,,,,,,,,,,,,,,,,,,,,,,,,,,,,,,,,,,,,,,,,,,,,,,,,,,,,,,,,,,,,,,,,,,,,,,,,,,,,,,,,,,,,,,,,,,,,,,,,,,,,,,,,,,,,,,,,,,,,,,,,,,,,,,,,,,,,,,,,,,,,,,,,,,,,,,,,,,,,,,,,,,,,,,,,,,,,,,,,,,,,,,,,,,,,,,,,,,,,,,,,,,,,,,,,,,,,,,,,,,,,,,,,,,,,,,,,,,,,,,,,,,,,,,,,,,,,,,,,,,,,,,,,,,,,,,,,,,,,,,,,,,,,,,,,,,,,,,,,,,,,,,,,,,,,,,,,,,,,,,,,,,,,,,,,,,,,,,,,,,,,,,,,,,,,,,,,,,,,,,,,,,,,,,,,,,,,,,,,,,,,,,,,,,,,
2021-08-24,0.0,0.0,0.0,0.0,0.0,0.0,690.0,0.0,0,0,0,0,0,0,0.0,0.0,0.0,0.0,0.0,9.0,665.0,0.0,0,0,0,0,0,0,0.0,0.0,0.0,0.0,0.0,6.0,640.0,0.0,0,0,0,0,0,0,0.0,0.0,0.0,0.0,0.0,6.0,615.0,0.0,0,0,0,0,0,0,0.0,0.0,0.0,0.0,0.0,6.0,590.5,0.0,0,0,0,0,0,0,0.0,0.0,0.0,0.0,0.0,6.0,565.5,0.0,0,0,0,0,0,0,0.0,0.0,0.0,0.0,0.0,3.0,541.0,0.0,0,0,0,0,0,0,0.0,0.0,0.0,0.0,0.0,3.0,516.5,0.0,0,0,0,0,0,0,0.0,0.0,0.0,0.0,0.0,3.0,491.5,0.0,0,0,0,0,0,0,0.0,0.0,0.0,0.0,0.0,3.0,467.5,0.0,0,0,0,0,0,0,0.0,0.0,0.0,0.0,0.0,6.0,443.0,0.0,0,0,0,0,0,0,0.0,0.0,0.0,0.0,0.0,18.0,419.0,0.0,0,0,0,0,0,0,436.5,436.5,436.5,436.5,3.0,9.0,395.0,0.0,,0.5,0.5,,0.7899,0.7978,0.0,0.0,0.0,0.0,0.0,52.0,371.5,0.0,0.0,0.0,0.0,0.0,0.0,0.0,0.0,0.0,0.0,0.0,0.0,47.0,347.5,0.0,0.0,0.0,0.0,0.0,0.0,0.0,0.0,0.0,0.0,0.0,0.0,70.0,325.0,0.0,0.0,0.0,0.0,0.0,0.0,0.0,314.5,317.0,283.5,283.5,50.0,157.0,280.0,0.0,,0.39206,0.35957,,0.7372,0.7636,265.5,274.0,193.0,193.0,138.0,97.0,237.5,0.0,0.16647,0.21986,0.17648,0.9504,0.7893,0.8558,228.5,230.5,158.0,158.0,183.0,194.0,198.0,0.0,0.18014,0.22343,0.19243,0.8928,0.7126,0.7613,186.0,193.5,126.5,126.5,150.0,197.0,162.0,0.0,0.19928,0.22474,0.20072,0.809,0.6302,0.6669,155.0,156.0,98.5,107.5,240.0,176.0,130.0,0.0,0.19889,0.22389,0.22691,0.7341,0.5441,0.5679,120.0,126.0,78.0,84.5,311.0,282.0,103.0,0.0,0.20697,0.23086,0.23063,0.6433,0.4594,0.483,94.5,100.0,60.0,66.0,821.0,734.0,80.0,0.0,0.21266,0.23401,0.23533,0.5531,0.3802,0.4035,76.0,79.0,46.0,51.5,751.0,618.0,62.0,0.0,0.21936,0.2383,0.24104,0.4668,0.3099,0.3328,57.0,60.5,35.0,39.5,396.0,350.0,47.5,0.0,0.22214,0.24256,0.24519,0.3858,0.2492,0.27,43.0,47.0,26.0,30.0,454.0,424.0,36.0,0.0,0.22839,0.24514,0.24898,0.3156,0.1962,0.2161,34.0,35.5,20.5,23.0,564.0,154.0,27.0,0.0,0.23186,0.25337,0.25411,0.253,0.1583,0.1725,26.0,27.0,15.0,18.0,1440.0,673.0,20.5,0.0,0.23671,0.25545,0.26091,0.2015,0.1219,0.1386,0.0,0.0,0.0,0.0,0.0,82.0,0.5,0.0,0.0,0.0,0.0,0.0,0.0,0.0,0.0,0.0,0.0,0.0,0.0,69.0,0.5,0.0,0.0,0.0,0.0,0.0,0.0,0.0,0.0,0.0,0.0,0.0,0.0,51.0,1.0,0.0,0.0,0.0,0.0,0.0,0.0,0.0,0.0,0.0,0.0,0.0,0.0,26.0,1.0,0.0,0.0,0.0,0.0,0.0,0.0,0.0,0.0,0.0,0.0,0.0,0.0,37.0,1.5,0.0,0.0,0.0,0.0,0.0,0.0,0.0,1.0,1.0,1.0,1.0,3.0,45.0,1.5,0.0,0.28849,0.25029,0.25552,-0.0094,-0.0111,-0.0109,0.0,0.0,0.0,0.0,0.0,47.0,2.0,0.0,0.0,0.0,0.0,0.0,0.0,0.0,0.0,0.0,0.0,0.0,0.0,105.0,2.5,0.0,0.0,0.0,0.0,0.0,0.0,0.0,0.0,0.0,0.0,0.0,0.0,86.0,3.0,0.0,0.0,0.0,0.0,0.0,0.0,0.0,0.0,0.0,0.0,0.0,0.0,122.0,3.5,0.0,0.0,0.0,0.0,0.0,0.0,0.0,5.0,5.0,5.0,5.0,84.0,298.0,4.0,0.0,0.29958,0.25211,0.25865,-0.038,-0.0458,-0.0446,4.0,7.0,4.0,6.5,350.0,371.0,5.0,0.0,0.27406,0.2559,0.25854,-0.0339,-0.0603,-0.0558,4.5,8.5,4.5,8.0,372.0,226.0,6.0,0.0,0.2667,0.25233,0.25581,-0.0385,-0.0719,-0.0672,6.0,10.5,6.0,9.0,443.0,221.0,7.5,0.0,0.26841,0.25011,0.24776,-0.049,-0.0865,-0.0764,7.0,13.0,7.0,12.0,979.0,182.0,9.0,0.0,0.2631,0.24849,0.25073,-0.057,-0.1039,-0.0961,8.0,16.0,8.0,14.0,781.0,266.0,11.0,0.0,0.25658,0.24699,0.24521,-0.0652,-0.1238,-0.1112,12.0,23.0,12.0,22.5,534.0,205.0,16.0,0.0,0.25242,0.2413,0.24846,-0.093,-0.1689,-0.1613,18.5,34.0,16.5,32.5,355.0,200.0,23.0,0.0,0.24331,0.24076,0.2461,-0.1247,-0.2292,-0.2167,26.5,49.0,24.5,44.5,588.0,316.0,33.5,0.0,0.24155,0.24186,0.24058,-0.1722,-0.2999,-0.2795,37.5,67.5,36.5,66.0,395.0,304.0,47.5,0.0,0.24373,0.24192,0.25142,-0.2328,-0.3764,-0.359,53.0,90.5,50.0,85.0,422.0,194.0,65.5,0.0,0.24032,0.24317,0.245,-0.2976,-0.4567,-0.4346,73.0,119.0,69.0,110.0,284.0,101.0,88.0,0.0,0.24212,0.24803,0.24395,-0.3722,-0.5354,-0.5141,95.5,150.0,92.5,140.5,220.0,160.0,115.0,0.0,0.24523,0.24968,0.2469,-0.4495,-0.6103,-0.5904,120.5,186.5,120.5,179.0,153.0,67.0,146.5,0.0,0.24974,0.25691,0.26173,-0.525,-0.6749,-0.652,159.5,226.0,153.0,218.0,119.0,118.0,182.0,0.0,0.25637,0.26503,0.27102,-0.5947,-0.7297,-0.7072,196.0,266.5,188.0,256.0,157.0,57.0,220.5,0.0,0.26133,0.26935,0.27032,-0.6584,-0.7793,-0.763,0.0,0.0,0.0,0.0,0.0,0.0,261.5,0.0,0.0,0.0,0.0,0.0,0.0,0.0,0.0,0.0,0.0,0.0,0.0,0.0,304.5,0.0,0.0,0.0,0.0,0.0,0.0,0.0,,,,,,,,,,,,,,,,,,,,,,,,,,,,,,,,,,,,,,,,,,,,,,,,,,,,,,,,,,,,,,,,,,,,,,,,,,,,,,,,,,,,,,,,,,,,,,,,,,,,,,,,,,,,,,,,,,,,,,,,,,,,,,,,,,,,,,,,,,,,,,,,,,,,,,,,,,,,,,,,,,,,,,,,,,,,,,,,,,,,,,,,,,,,,,,,,,,,,,,,,,,,,,,,,,,,,,,,,,,,,,,,,,,,,,,,,,,,,,,,,,,,,,,,,,,,,,,,,,,,,,,,,,,,,,,,,,,,,,,,,,,,,,,,,,,,,,,,,,,,,,,,,,,,,,,,,,,,,,,,,,,,,,,,,,,,,,,,,,,,,,,,,,,,,,,,,,,,,,,,,,,,,,,,,,,,,,,,,,,,,,,,,,,,,,,,,,,,,,,,,,,,,,,,,,,,,,,,,,,,,,,,,,,,,,,,,,,,,,,,,,,,,,,,,,,,,,,,,,,,,,,,,,,,,,,,,,,,,,,,,,,,,,,,,,,,,,,,,,,,,,,,,,,,,,,,,,,,,,,,,,,,,,,,,,,,,,,,,,,,,,,,,,,,,,,,,,,,,,,,
2021-08-25,0.0,0.0,0.0,0.0,0.0,0.0,670.0,0.0,0,0,0,0,0,0,0.0,0.0,0.0,0.0,0.0,9.0,645.0,0.0,0,0,0,0,0,0,0.0,0.0,0.0,0.0,0.0,6.0,620.0,0.0,0,0,0,0,0,0,0.0,0.0,0.0,0.0,0.0,6.0,595.0,0.0,0,0,0,0,0,0,0.0,0.0,0.0,0.0,0.0,6.0,570.0,0.0,0,0,0,0,0,0,0.0,0.0,0.0,0.0,0.0,6.0,545.5,0.0,0,0,0,0,0,0,0.0,0.0,0.0,0.0,0.0,3.0,520.5,0.0,0,0,0,0,0,0,0.0,0.0,0.0,0.0,0.0,3.0,496.0,0.0,0,0,0,0,0,0,0.0,0.0,0.0,0.0,0.0,3.0,471.5,0.0,0,0,0,0,0,0,0.0,0.0,0.0,0.0,0.0,3.0,447.0,0.0,0,0,0,0,0,0,0.0,0.0,0.0,0.0,0.0,6.0,422.5,0.0,0,0,0,0,0,0,0.0,0.0,0.0,0.0,0.0,18.0,398.5,0.0,0,0,0,0,0,0,0.0,0.0,0.0,0.0,0.0,9.0,374.5,0.0,0.0,0.0,0.0,0.0,0.0,0.0,0.0,0.0,0.0,0.0,0.0,52.0,351.0,0.0,0.0,0.0,0.0,0.0,0.0,0.0,0.0,0.0,0.0,0.0,0.0,47.0,327.5,0.0,0.0,0.0,0.0,0.0,0.0,0.0,0.0,0.0,0.0,0.0,0.0,70.0,305.0,0.0,0.0,0.0,0.0,0.0,0.0,0.0,263.0,263.0,263.0,263.0,10.0,157.0,260.5,0.0,,0.29457,0.21689,,0.8042,0.8907,215.0,225.5,215.0,225.5,35.0,92.0,218.5,0.0,0.17429,0.25975,0.2352,0.9028,0.7743,0.8198,173.0,189.5,169.5,186.5,234.0,149.0,180.0,0.0,0.2003,0.23021,0.23215,0.8099,0.7295,0.7581,140.5,153.0,136.5,153.0,151.0,177.0,145.0,0.0,0.2029,0.23005,0.235,0.7305,0.6513,0.6825,112.5,122.0,107.5,116.0,225.0,102.0,115.0,0.0,0.20798,0.22947,0.21826,0.6403,0.5676,0.608,88.5,94.5,81.0,89.0,1336.0,788.0,90.0,0.0,0.20961,0.22449,0.21709,0.5482,0.4808,0.5189,68.5,74.5,63.0,68.0,689.0,446.0,69.5,0.0,0.21824,0.23023,0.21979,0.459,0.3991,0.4313,55.0,57.0,48.5,56.5,294.0,595.0,53.5,0.0,0.22263,0.23546,0.23665,0.3769,0.3261,0.3608,38.0,44.0,37.0,43.0,436.0,303.0,41.0,0.0,0.2293,0.2403,0.23999,0.3062,0.2627,0.2926,33.5,34.5,28.0,30.5,348.0,426.0,31.5,0.0,0.23776,0.24483,0.23714,0.2484,0.209,0.2273,24.5,25.5,21.5,24.0,470.0,232.0,24.5,0.0,0.24028,0.25094,0.2458,0.1948,0.1663,0.1833,16.5,20.0,16.5,17.0,616.0,682.0,19.0,0.0,0.24833,0.25685,0.24562,0.1565,0.1318,0.139,0.0,0.0,0.0,0.0,0.0,82.0,0.5,0.0,0.0,0.0,0.0,0.0,0.0,0.0,0.0,0.0,0.0,0.0,0.0,69.0,0.5,0.0,0.0,0.0,0.0,0.0,0.0,0.0,0.0,0.0,0.0,0.0,0.0,51.0,0.5,0.0,0.0,0.0,0.0,0.0,0.0,0.0,0.0,0.0,0.0,0.0,0.0,26.0,1.0,0.0,0.0,0.0,0.0,0.0,0.0,0.0,0.0,0.0,0.0,0.0,0.0,37.0,1.0,0.0,0.0,0.0,0.0,0.0,0.0,0.0,0.0,0.0,0.0,0.0,0.0,45.0,1.0,0.0,0.0,0.0,0.0,0.0,0.0,0.0,0.0,0.0,0.0,0.0,0.0,47.0,1.5,0.0,0.0,0.0,0.0,0.0,0.0,0.0,0.0,0.0,0.0,0.0,0.0,105.0,2.0,0.0,0.0,0.0,0.0,0.0,0.0,0.0,0.0,0.0,0.0,0.0,0.0,86.0,2.5,0.0,0.0,0.0,0.0,0.0,0.0,0.0,0.0,0.0,0.0,0.0,0.0,122.0,3.0,0.0,0.0,0.0,0.0,0.0,0.0,0.0,5.0,5.0,5.0,5.0,11.0,299.0,3.5,0.0,0.2788,0.26122,0.27145,-0.0415,-0.0446,-0.0428,6.0,6.0,4.5,4.5,205.0,303.0,4.5,0.0,0.2593,0.25661,0.25199,-0.0405,-0.053,-0.0417,7.0,7.0,5.0,6.0,287.0,211.0,5.5,0.0,0.25074,0.25049,0.25274,-0.0457,-0.0617,-0.0533,9.0,9.0,6.0,6.5,180.0,184.0,7.0,0.0,0.24605,0.2502,0.24255,-0.0543,-0.0764,-0.0592,11.0,11.0,7.5,9.0,595.0,175.0,8.5,0.0,0.24374,0.24728,0.2463,-0.0662,-0.0913,-0.0769,13.5,13.5,9.5,10.5,903.0,213.0,11.0,0.0,0.24262,0.24499,0.24034,-0.0812,-0.109,-0.0894,20.5,20.5,14.0,15.0,332.0,208.0,16.5,0.0,0.23621,0.24268,0.23175,-0.1145,-0.1541,-0.1237,29.5,29.5,21.5,23.5,226.0,215.0,24.5,0.0,0.23467,0.23825,0.23189,-0.1628,-0.2081,-0.1771,43.5,44.0,31.5,33.5,474.0,367.0,35.5,0.0,0.23208,0.24142,0.2267,-0.2212,-0.2786,-0.2373,61.5,61.5,45.5,47.0,274.0,281.0,50.5,0.0,0.23166,0.24188,0.22235,-0.2919,-0.3542,-0.3096,83.5,83.5,65.0,70.5,235.0,182.0,70.5,0.0,0.23546,0.24354,0.23379,-0.372,-0.4343,-0.3969,108.0,108.0,87.0,95.0,972.0,663.0,95.0,0.0,0.23487,0.24125,0.23618,-0.4535,-0.5155,-0.4799,139.5,139.5,115.0,123.5,30.0,163.0,124.5,0.0,0.2389,0.2466,0.23825,-0.5346,-0.5921,-0.5609,168.5,169.5,151.5,151.5,77.0,105.0,158.0,0.0,0.25467,0.23835,0.22891,-0.6038,-0.6716,-0.6448,206.0,206.0,193.0,193.0,51.0,99.0,195.5,0.0,0.27601,0.2379,0.24628,-0.6574,-0.7397,-0.7018,237.5,237.5,232.5,232.5,31.0,50.0,235.5,0.0,0.28606,0.2076,0.25112,-0.7084,-0.834,-0.7584,0.0,0.0,0.0,0.0,0.0,0.0,278.5,0.0,0.0,0.0,0.0,0.0,0.0,0.0,0.0,0.0,0.0,0.0,0.0,0.0,323.0,0.0,0.0,0.0,0.0,0.0,0.0,0.0,,,,,,,,,,,,,,,,,,,,,,,,,,,,,,,,,,,,,,,,,,,,,,,,,,,,,,,,,,,,,,,,,,,,,,,,,,,,,,,,,,,,,,,,,,,,,,,,,,,,,,,,,,,,,,,,,,,,,,,,,,,,,,,,,,,,,,,,,,,,,,,,,,,,,,,,,,,,,,,,,,,,,,,,,,,,,,,,,,,,,,,,,,,,,,,,,,,,,,,,,,,,,,,,,,,,,,,,,,,,,,,,,,,,,,,,,,,,,,,,,,,,,,,,,,,,,,,,,,,,,,,,,,,,,,,,,,,,,,,,,,,,,,,,,,,,,,,,,,,,,,,,,,,,,,,,,,,,,,,,,,,,,,,,,,,,,,,,,,,,,,,,,,,,,,,,,,,,,,,,,,,,,,,,,,,,,,,,,,,,,,,,,,,,,,,,,,,,,,,,,,,,,,,,,,,,,,,,,,,,,,,,,,,,,,,,,,,,,,,,,,,,,,,,,,,,,,,,,,,,,,,,,,,,,,,,,,,,,,,,,,,,,,,,,,,,,,,,,,,,,,,,,,,,,,,,,,,,,,,,,,,,,,,,,,,,,,,,,,,,,,,,,,,,,,,,,,,,,,,,
2021-08-26,0.0,0.0,0.0,0.0,0.0,0.0,633.0,0.0,0,0,0,0,0,0,0.0,0.0,0.0,0.0,0.0,9.0,608.0,0.0,0,0,0,0,0,0,0.0,0.0,0.0,0.0,0.0,6.0,583.0,0.0,0,0,0,0,0,0,0.0,0.0,0.0,0.0,0.0,6.0,558.0,0.0,0,0,0,0,0,0,0.0,0.0,0.0,0.0,0.0,6.0,533.0,0.0,0,0,0,0,0,0,0.0,0.0,0.0,0.0,0.0,6.0,508.5,0.0,0,0,0,0,0,0,0.0,0.0,0.0,0.0,0.0,3.0,483.5,0.0,0,0,0,0,0,0,0.0,0.0,0.0,0.0,0.0,3.0,459.0,0.0,0,0,0,0,0,0,0.0,0.0,0.0,0.0,0.0,3.0,434.5,0.0,0,0,0,0,0,0,0.0,0.0,0.0,0.0,0.0,3.0,410.0,0.0,0,0,0,0,0,0,0.0,0.0,0.0,0.0,0.0,6.0,386.0,0.0,0,0,0,0,0,0,0.0,0.0,0.0,0.0,0.0,18.0,362.0,0.0,0,0,0,0,0,0,0.0,0.0,0.0,0.0,0.0,9.0,338.0,0.0,0.0,0.0,0.0,0.0,0.0,0.0,0.0,0.0,0.0,0.0,0.0,52.0,314.5,0.0,0.0,0.0,0.0,0.0,0.0,0.0,0.0,0.0,0.0,0.0,0.0,47.0,291.5,0.0,0.0,0.0,0.0,0.0,0.0,0.0,262.5,262.5,262.5,262.5,3.0,67.0,269.0,0.0,,0.29022,0.28059,,0.8172,0.8272,0.0,0.0,0.0,0.0,0.0,157.0,225.5,0.0,0.0,0.0,0.0,0.0,0.0,0.0,182.0,184.0,177.0,177.0,31.0,102.0,185.0,0.0,,0.25176,0.24505,,0.7245,0.7332,164.0,164.0,128.5,128.5,113.0,167.0,148.0,0.0,0.16558,0.20771,0.20193,0.8272,0.6739,0.6832,122.5,122.5,95.0,98.5,200.0,142.0,116.0,0.0,0.15528,0.19819,0.20275,0.748,0.5822,0.5869,99.5,99.5,71.5,75.0,287.0,140.0,89.0,0.0,0.1828,0.2022,0.20741,0.6173,0.4814,0.4884,79.0,79.5,52.0,55.0,609.0,872.0,67.0,0.0,0.19977,0.2039,0.20875,0.5115,0.3856,0.3945,57.0,60.0,38.0,39.5,543.0,440.0,50.0,0.0,0.20522,0.20877,0.21046,0.4172,0.3025,0.3093,45.5,45.5,29.0,29.0,236.0,570.0,37.5,0.0,0.21255,0.21861,0.21626,0.335,0.2385,0.2403,33.0,35.0,21.5,21.5,320.0,353.0,27.5,0.0,0.22154,0.22525,0.22314,0.2678,0.1846,0.1858,25.0,25.5,14.5,16.0,261.0,400.0,20.5,0.0,0.22507,0.22511,0.23009,0.2074,0.1344,0.1431,16.5,17.0,13.0,13.0,164.0,212.0,15.5,0.0,0.22273,0.24433,0.24253,0.1514,0.1152,0.1157,16.0,16.0,9.0,9.0,580.0,668.0,12.0,0.0,0.24561,0.2456,0.24393,0.1334,0.0843,0.0847,0.0,0.0,0.0,0.0,0.0,82.0,0.5,0.0,0.0,0.0,0.0,0.0,0.0,0.0,0.0,0.0,0.0,0.0,0.0,69.0,0.5,0.0,0.0,0.0,0.0,0.0,0.0,0.0,0.0,0.0,0.0,0.0,0.0,51.0,0.5,0.0,0.0,0.0,0.0,0.0,0.0,0.0,0.0,0.0,0.0,0.0,0.0,26.0,0.5,0.0,0.0,0.0,0.0,0.0,0.0,0.0,0.0,0.0,0.0,0.0,0.0,37.0,1.0,0.0,0.0,0.0,0.0,0.0,0.0,0.0,0.0,0.0,0.0,0.0,0.0,45.0,1.0,0.0,0.0,0.0,0.0,0.0,0.0,0.0,0.0,0.0,0.0,0.0,0.0,47.0,1.5,0.0,0.0,0.0,0.0,0.0,0.0,0.0,0.0,0.0,0.0,0.0,0.0,105.0,2.0,0.0,0.0,0.0,0.0,0.0,0.0,0.0,0.0,0.0,0.0,0.0,0.0,86.0,2.5,0.0,0.0,0.0,0.0,0.0,0.0,0.0,4.0,4.0,4.0,4.0,1.0,122.0,3.0,0.0,0.27514,0.24519,0.2466,-0.0352,-0.0398,-0.0396,0.0,0.0,0.0,0.0,0.0,299.0,3.5,0.0,0.0,0.0,0.0,0.0,0.0,0.0,5.5,6.0,4.5,6.0,288.0,240.0,4.5,0.0,0.25315,0.23622,0.23774,-0.042,-0.0583,-0.0579,7.0,7.0,5.5,7.0,298.0,173.0,6.0,0.0,0.24917,0.22924,0.23082,-0.0506,-0.0683,-0.0678,8.5,9.0,7.0,9.0,392.0,148.0,7.5,0.0,0.24761,0.22772,0.22938,-0.0625,-0.0848,-0.0842,10.5,11.0,8.0,11.0,523.0,238.0,9.5,0.0,0.24015,0.22358,0.22533,-0.0719,-0.1018,-0.101,13.0,14.0,10.5,14.0,541.0,281.0,11.5,0.0,0.2411,0.22243,0.22428,-0.09,-0.1246,-0.1236,18.0,21.0,16.5,21.0,259.0,171.0,18.0,0.0,0.23938,0.2163,0.21837,-0.1313,-0.1765,-0.1749,28.0,31.5,25.0,31.0,300.0,211.0,27.5,0.0,0.23781,0.21247,0.21321,-0.1839,-0.2448,-0.241,42.5,48.5,37.0,48.5,629.0,321.0,40.5,0.0,0.23772,0.21644,0.21922,-0.2486,-0.3315,-0.3281,50.5,70.0,50.5,70.0,446.0,246.0,58.0,0.0,0.23166,0.21968,0.22296,-0.3189,-0.4229,-0.4182,75.0,94.0,75.0,94.0,1555.0,1024.0,81.0,0.0,0.24452,0.21728,0.2212,-0.4042,-0.5153,-0.5089,105.0,125.5,103.0,125.5,417.0,738.0,108.5,0.0,0.25475,0.22261,0.22733,-0.4839,-0.6025,-0.5946,147.0,156.0,136.0,156.0,79.0,154.0,141.5,0.0,0.26771,0.21376,0.21968,-0.5558,-0.6926,-0.6822,181.5,185.5,180.0,185.5,63.0,110.0,178.5,0.0,0.30074,0.18538,0.1939,-0.6079,-0.8028,-0.7868,212.5,229.5,212.5,229.5,71.0,98.0,219.0,0.0,0.29725,0.19248,0.20343,-0.6693,-0.8563,-0.8383,263.5,284.0,263.5,284.0,40.0,70.0,262.0,0.0,0.33908,0.24162,0.25216,-0.6939,-0.8472,-0.8329,0.0,0.0,0.0,0.0,0.0,0.0,307.0,0.0,0.0,0.0,0.0,0.0,0.0,0.0,0.0,0.0,0.0,0.0,0.0,0.0,353.0,0.0,0.0,0.0,0.0,0.0,0.0,0.0,,,,,,,,,,,,,,,,,,,,,,,,,,,,,,,,,,,,,,,,,,,,,,,,,,,,,,,,,,,,,,,,,,,,,,,,,,,,,,,,,,,,,,,,,,,,,,,,,,,,,,,,,,,,,,,,,,,,,,,,,,,,,,,,,,,,,,,,,,,,,,,,,,,,,,,,,,,,,,,,,,,,,,,,,,,,,,,,,,,,,,,,,,,,,,,,,,,,,,,,,,,,,,,,,,,,,,,,,,,,,,,,,,,,,,,,,,,,,,,,,,,,,,,,,,,,,,,,,,,,,,,,,,,,,,,,,,,,,,,,,,,,,,,,,,,,,,,,,,,,,,,,,,,,,,,,,,,,,,,,,,,,,,,,,,,,,,,,,,,,,,,,,,,,,,,,,,,,,,,,,,,,,,,,,,,,,,,,,,,,,,,,,,,,,,,,,,,,,,,,,,,,,,,,,,,,,,,,,,,,,,,,,,,,,,,,,,,,,,,,,,,,,,,,,,,,,,,,,,,,,,,,,,,,,,,,,,,,,,,,,,,,,,,,,,,,,,,,,,,,,,,,,,,,,,,,,,,,,,,,,,,,,,,,,,,,,,,,,,,,,,,,,,,,,,,,,,,,,,,,
2021-08-27,0.0,0.0,0.0,0.0,0.0,0.0,622.0,0.0,0,0,0,0,0,0,0.0,0.0,0.0,0.0,0.0,9.0,597.0,0.0,0,0,0,0,0,0,0.0,0.0,0.0,0.0,0.0,6.0,572.0,0.0,0,0,0,0,0,0,0.0,0.0,0.0,0.0,0.0,6.0,547.0,0.0,0,0,0,0,0,0,0.0,0.0,0.0,0.0,0.0,6.0,522.0,0.0,0,0,0,0,0,0,0.0,0.0,0.0,0.0,0.0,6.0,497.5,0.0,0,0,0,0,0,0,0.0,0.0,0.0,0.0,0.0,3.0,472.5,0.0,0,0,0,0,0,0,0.0,0.0,0.0,0.0,0.0,3.0,448.0,0.0,0,0,0,0,0,0,0.0,0.0,0.0,0.0,0.0,3.0,423.5,0.0,0,0,0,0,0,0,0.0,0.0,0.0,0.0,0.0,3.0,399.0,0.0,0,0,0,0,0,0,0.0,0.0,0.0,0.0,0.0,6.0,375.0,0.0,0,0,0,0,0,0,0.0,0.0,0.0,0.0,0.0,18.0,351.0,0.0,0,0,0,0,0,0,0.0,0.0,0.0,0.0,0.0,9.0,327.0,0.0,0.0,0.0,0.0,0.0,0.0,0.0,0.0,0.0,0.0,0.0,0.0,52.0,303.5,0.0,0.0,0.0,0.0,0.0,0.0,0.0,0.0,0.0,0.0,0.0,0.0,47.0,280.5,0.0,0.0,0.0,0.0,0.0,0.0,0.0,0.0,0.0,0.0,0.0,0.0,67.0,258.0,0.0,0.0,0.0,0.0,0.0,0.0,0.0,216.0,216.0,214.5,214.5,30.0,157.0,214.5,0.0,,0.27768,0.13799,,0.7653,0.9503,174.5,185.0,172.5,176.5,77.0,92.0,174.5,0.0,0.17111,0.25643,0.17492,0.8615,0.7134,0.8416,139.5,149.0,138.0,138.0,76.0,187.0,138.0,0.0,0.18528,0.24971,0.17665,0.7645,0.6415,0.7548,108.0,108.0,102.5,105.5,7.0,140.0,106.5,0.0,0.16741,0.23074,0.18091,0.6837,0.5629,0.65,74.5,87.0,74.5,80.5,63.0,149.0,80.0,0.0,0.19085,0.22094,0.18973,0.5627,0.4717,0.5397,60.0,65.5,56.0,58.5,304.0,891.0,59.5,0.0,0.19742,0.22428,0.19209,0.4599,0.3845,0.435,41.5,48.0,38.5,42.0,255.0,440.0,43.5,0.0,0.20179,0.21885,0.196,0.3659,0.2982,0.3402,28.5,35.5,28.5,32.0,220.0,578.0,31.5,0.0,0.20861,0.22492,0.20724,0.2868,0.2327,0.2674,20.5,25.5,20.0,22.5,540.0,387.0,23.0,0.0,0.21305,0.22683,0.21064,0.2194,0.1751,0.2013,15.5,18.5,15.5,17.0,384.0,416.0,16.5,0.0,0.21886,0.23683,0.21999,0.1668,0.1378,0.1557,12.5,13.5,12.0,12.5,330.0,180.0,12.0,0.0,0.22507,0.24587,0.2268,0.1264,0.1084,0.1183,7.5,10.0,7.5,9.5,628.0,723.0,9.0,0.0,0.23197,0.24171,0.23519,0.0962,0.074,0.0914,0.0,0.0,0.0,0.0,0.0,82.0,0.5,0.0,0.0,0.0,0.0,0.0,0.0,0.0,0.0,0.0,0.0,0.0,0.0,69.0,0.5,0.0,0.0,0.0,0.0,0.0,0.0,0.0,0.0,0.0,0.0,0.0,0.0,51.0,0.5,0.0,0.0,0.0,0.0,0.0,0.0,0.0,0.0,0.0,0.0,0.0,0.0,26.0,0.5,0.0,0.0,0.0,0.0,0.0,0.0,0.0,0.0,0.0,0.0,0.0,0.0,37.0,1.0,0.0,0.0,0.0,0.0,0.0,0.0,0.0,0.0,0.0,0.0,0.0,0.0,45.0,1.0,0.0,0.0,0.0,0.0,0.0,0.0,0.0,0.0,0.0,0.0,0.0,0.0,47.0,1.5,0.0,0.0,0.0,0.0,0.0,0.0,0.0,0.0,0.0,0.0,0.0,0.0,105.0,2.0,0.0,0.0,0.0,0.0,0.0,0.0,0.0,0.0,0.0,0.0,0.0,0.0,86.0,2.5,0.0,0.0,0.0,0.0,0.0,0.0,0.0,0.0,0.0,0.0,0.0,0.0,122.0,3.0,0.0,0.0,0.0,0.0,0.0,0.0,0.0,4.5,4.5,3.0,3.0,150.0,261.0,4.0,0.0,0.23929,0.23552,0.23432,-0.0316,-0.0462,-0.0323,6.0,6.0,4.0,4.0,319.0,277.0,4.5,0.0,0.2383,0.23504,0.23308,-0.0407,-0.0593,-0.0417,7.0,7.0,5.0,5.0,259.0,194.0,6.0,0.0,0.23464,0.22785,0.22921,-0.0501,-0.0694,-0.0513,9.0,9.0,6.5,6.5,493.0,173.0,7.5,0.0,0.23325,0.22611,0.22755,-0.063,-0.0863,-0.0646,10.5,11.0,7.5,7.5,807.0,299.0,9.5,0.0,0.2257,0.22173,0.2198,-0.0731,-0.1037,-0.0751,14.0,14.0,9.5,9.5,547.0,267.0,11.5,0.0,0.22339,0.22031,0.21718,-0.0899,-0.127,-0.0925,21.0,21.0,15.5,16.0,142.0,179.0,18.0,0.0,0.22152,0.21356,0.21682,-0.1354,-0.1802,-0.1419,32.0,32.0,24.5,25.0,129.0,265.0,28.0,0.0,0.22072,0.21056,0.21457,-0.1953,-0.2521,-0.2036,47.5,47.5,37.5,38.0,262.0,373.0,41.5,0.0,0.2215,0.20913,0.21383,-0.2693,-0.3384,-0.2803,63.0,65.0,54.0,56.0,135.0,226.0,59.5,0.0,0.22046,0.20085,0.21514,-0.3521,-0.4324,-0.3687,94.0,94.0,75.5,79.5,404.0,1057.0,83.0,0.0,0.221,0.20989,0.21851,-0.4418,-0.5314,-0.4617,120.5,120.5,103.5,109.0,281.0,730.0,112.5,0.0,0.22646,0.19952,0.2253,-0.5311,-0.6329,-0.5511,148.5,148.5,135.5,143.5,147.0,142.0,146.0,0.0,0.23124,0.17729,0.23433,-0.6138,-0.7487,-0.6301,183.0,185.0,177.5,179.5,103.0,108.0,184.0,0.0,0.25381,0.16141,0.23786,-0.6729,-0.8518,-0.7022,224.0,224.5,217.5,224.5,60.0,109.0,225.5,0.0,0.26396,0.1169,0.26051,-0.7286,-0.9693,-0.7456,0.0,0.0,0.0,0.0,0.0,70.0,269.0,0.0,0.0,0.0,0.0,0.0,0.0,0.0,0.0,0.0,0.0,0.0,0.0,0.0,314.5,0.0,0.0,0.0,0.0,0.0,0.0,0.0,0.0,0.0,0.0,0.0,0.0,0.0,361.0,0.0,0.0,0.0,0.0,0.0,0.0,0.0,,,,,,,,,,,,,,,,,,,,,,,,,,,,,,,,,,,,,,,,,,,,,,,,,,,,,,,,,,,,,,,,,,,,,,,,,,,,,,,,,,,,,,,,,,,,,,,,,,,,,,,,,,,,,,,,,,,,,,,,,,,,,,,,,,,,,,,,,,,,,,,,,,,,,,,,,,,,,,,,,,,,,,,,,,,,,,,,,,,,,,,,,,,,,,,,,,,,,,,,,,,,,,,,,,,,,,,,,,,,,,,,,,,,,,,,,,,,,,,,,,,,,,,,,,,,,,,,,,,,,,,,,,,,,,,,,,,,,,,,,,,,,,,,,,,,,,,,,,,,,,,,,,,,,,,,,,,,,,,,,,,,,,,,,,,,,,,,,,,,,,,,,,,,,,,,,,,,,,,,,,,,,,,,,,,,,,,,,,,,,,,,,,,,,,,,,,,,,,,,,,,,,,,,,,,,,,,,,,,,,,,,,,,,,,,,,,,,,,,,,,,,,,,,,,,,,,,,,,,,,,,,,,,,,,,,,,,,,,,,,,,,,,,,,,,,,,,,,,,,,,,,,,,,,,,,,,,,,,,,,,,,,,,,,,,,,,,,,,,,,,,,,,,,,,,,,,,,,,,,
2021-08-30,0.0,0.0,0.0,0.0,0.0,0.0,629.0,0.0,0,0,0,0,0,0,0.0,0.0,0.0,0.0,0.0,9.0,604.0,0.0,0,0,0,0,0,0,0.0,0.0,0.0,0.0,0.0,6.0,579.0,0.0,0,0,0,0,0,0,0.0,0.0,0.0,0.0,0.0,6.0,554.0,0.0,0,0,0,0,0,0,0.0,0.0,0.0,0.0,0.0,6.0,529.0,0.0,0,0,0,0,0,0,0.0,0.0,0.0,0.0,0.0,6.0,504.0,0.0,0,0,0,0,0,0,0.0,0.0,0.0,0.0,0.0,3.0,479.5,0.0,0,0,0,0,0,0,0.0,0.0,0.0,0.0,0.0,3.0,454.5,0.0,0,0,0,0,0,0,0.0,0.0,0.0,0.0,0.0,3.0,430.0,0.0,0,0,0,0,0,0,0.0,0.0,0.0,0.0,0.0,3.0,405.5,0.0,0,0,0,0,0,0,0.0,0.0,0.0,0.0,0.0,6.0,381.0,0.0,0,0,0,0,0,0,0.0,0.0,0.0,0.0,0.0,18.0,357.0,0.0,0,0,0,0,0,0,0.0,0.0,0.0,0.0,0.0,9.0,333.0,0.0,0.0,0.0,0.0,0.0,0.0,0.0,0.0,0.0,0.0,0.0,0.0,52.0,309.0,0.0,0.0,0.0,0.0,0.0,0.0,0.0,0.0,0.0,0.0,0.0,0.0,47.0,285.5,0.0,0.0,0.0,0.0,0.0,0.0,0.0,0.0,0.0,0.0,0.0,0.0,67.0,263.0,0.0,0.0,0.0,0.0,0.0,0.0,0.0,220.0,222.0,210.5,210.5,52.0,135.0,218.5,0.0,,0.232,,,0.8253,,178.0,179.0,169.0,179.0,51.0,90.0,177.5,0.0,,0.22105,0.18253,,0.7654,0.8429,140.0,144.0,130.5,130.5,124.0,157.0,140.5,0.0,0.13636,0.21012,0.14932,0.8594,0.6897,0.8018,120.0,120.0,96.5,110.0,119.0,100.0,108.0,0.0,0.18513,0.201,0.1952,0.697,0.5967,0.65,89.0,90.5,71.0,83.0,291.0,170.0,81.0,0.0,0.18899,0.20174,0.19919,0.5892,0.4924,0.5447,64.5,66.5,51.5,60.0,298.0,841.0,60.0,0.0,0.19255,0.20486,0.19969,0.4806,0.3926,0.4407,51.0,51.5,37.0,44.0,365.0,441.0,44.0,0.0,0.20637,0.20928,0.20591,0.3862,0.3049,0.3476,35.0,37.5,27.0,31.0,458.0,559.0,32.0,0.0,0.21149,0.2164,0.20894,0.302,0.2346,0.2656,25.0,26.5,19.0,22.5,467.0,444.0,23.0,0.0,0.21477,0.22066,0.2159,0.2296,0.1754,0.2025,18.0,18.5,14.0,17.0,373.0,432.0,17.0,0.0,0.21823,0.22861,0.22574,0.171,0.1333,0.1565,14.0,14.5,10.5,13.0,233.0,199.0,12.5,0.0,0.23024,0.23716,0.23555,0.1346,0.1021,0.1216,10.5,11.0,8.0,9.5,881.0,810.0,9.0,0.0,0.23894,0.24597,0.24171,0.1041,0.0789,0.0918,0.0,0.0,0.0,0.0,0.0,82.0,0.5,0.0,0.0,0.0,0.0,0.0,0.0,0.0,0.0,0.0,0.0,0.0,0.0,69.0,0.5,0.0,0.0,0.0,0.0,0.0,0.0,0.0,0.0,0.0,0.0,0.0,0.0,51.0,0.5,0.0,0.0,0.0,0.0,0.0,0.0,0.0,0.5,0.5,0.5,0.5,2.0,26.0,0.5,0.0,0.27537,0.25869,0.26801,-0.0057,-0.0062,-0.0059,0.0,0.0,0.0,0.0,0.0,37.0,0.5,0.0,0.0,0.0,0.0,0.0,0.0,0.0,0.5,0.5,0.5,0.5,2.0,43.0,1.0,0.0,0.25174,0.23484,0.24431,-0.0063,-0.0068,-0.0065,0.0,0.0,0.0,0.0,0.0,47.0,1.0,0.0,0.0,0.0,0.0,0.0,0.0,0.0,0.0,0.0,0.0,0.0,0.0,105.0,1.5,0.0,0.0,0.0,0.0,0.0,0.0,0.0,0.0,0.0,0.0,0.0,0.0,86.0,1.5,0.0,0.0,0.0,0.0,0.0,0.0,0.0,2.5,2.5,2.5,2.5,11.0,112.0,2.0,0.0,0.25851,0.23802,0.24948,-0.0258,-0.0282,-0.0268,3.0,3.5,2.5,3.5,198.0,292.0,3.0,0.0,0.24483,0.23833,0.25039,-0.0271,-0.0378,-0.0358,3.5,4.5,3.5,4.0,530.0,247.0,3.5,0.0,0.24563,0.23532,0.24219,-0.0362,-0.0475,-0.0415,4.0,6.0,4.0,5.0,713.0,213.0,4.5,0.0,0.23746,0.23453,0.23824,-0.0419,-0.0609,-0.051,5.5,7.0,5.5,6.0,548.0,176.0,6.0,0.0,0.23826,0.22697,0.23232,-0.055,-0.0714,-0.0609,8.0,9.0,6.5,7.5,1057.0,323.0,7.5,0.0,0.2317,0.22485,0.22862,-0.065,-0.0889,-0.0746,8.0,11.5,8.0,9.5,586.0,276.0,9.5,0.0,0.22734,0.2229,0.22598,-0.0787,-0.1097,-0.0919,12.5,19.0,12.5,15.0,383.0,259.0,15.5,0.0,0.22116,0.22214,0.22104,-0.1167,-0.165,-0.1362,20.5,29.0,20.5,23.5,387.0,284.0,24.0,0.0,0.2208,0.21858,0.21805,-0.1739,-0.2323,-0.1966,36.0,44.0,32.0,35.5,443.0,316.0,37.0,0.0,0.22073,0.21888,0.21534,-0.2453,-0.3162,-0.2718,52.0,61.5,48.0,52.5,379.0,150.0,54.5,0.0,0.22194,0.21349,0.21513,-0.3293,-0.4072,-0.3608,69.0,87.5,69.0,74.5,385.0,1100.0,77.0,0.0,0.22431,0.21824,0.21564,-0.4203,-0.5049,-0.4566,96.5,114.5,95.5,103.0,191.0,731.0,106.0,0.0,0.22878,0.2127,0.22056,-0.5117,-0.6025,-0.5511,136.5,150.0,135.0,135.0,109.0,155.0,139.5,0.0,0.25626,0.21827,0.22282,-0.586,-0.6866,-0.6392,164.5,188.5,163.0,176.5,66.0,130.0,177.5,0.0,0.24266,0.22198,0.24198,-0.6707,-0.7592,-0.7019,220.0,230.0,217.0,219.5,66.0,142.0,218.5,0.0,0.29627,0.22581,0.25881,-0.6958,-0.8185,-0.7521,0.0,0.0,0.0,0.0,0.0,70.0,262.0,0.0,0.0,0.0,0.0,0.0,0.0,0.0,0.0,0.0,0.0,0.0,0.0,0.0,307.5,0.0,0.0,0.0,0.0,0.0,0.0,0.0,0.0,0.0,0.0,0.0,0.0,0.0,354.0,0.0,0.0,0.0,0.0,0.0,0.0,0.0,,,,,,,,,,,,,,,,,,,,,,,,,,,,,,,,,,,,,,,,,,,,,,,,,,,,,,,,,,,,,,,,,,,,,,,,,,,,,,,,,,,,,,,,,,,,,,,,,,,,,,,,,,,,,,,,,,,,,,,,,,,,,,,,,,,,,,,,,,,,,,,,,,,,,,,,,,,,,,,,,,,,,,,,,,,,,,,,,,,,,,,,,,,,,,,,,,,,,,,,,,,,,,,,,,,,,,,,,,,,,,,,,,,,,,,,,,,,,,,,,,,,,,,,,,,,,,,,,,,,,,,,,,,,,,,,,,,,,,,,,,,,,,,,,,,,,,,,,,,,,,,,,,,,,,,,,,,,,,,,,,,,,,,,,,,,,,,,,,,,,,,,,,,,,,,,,,,,,,,,,,,,,,,,,,,,,,,,,,,,,,,,,,,,,,,,,,,,,,,,,,,,,,,,,,,,,,,,,,,,,,,,,,,,,,,,,,,,,,,,,,,,,,,,,,,,,,,,,,,,,,,,,,,,,,,,,,,,,,,,,,,,,,,,,,,,,,,,,,,,,,,,,,,,,,,,,,,,,,,,,,,,,,,,,,,,,,,,,,,,,,,,,,,,,,,,,,,,,,,,
2021-08-31,0.0,0.0,0.0,0.0,0.0,0.0,627.0,0.0,0,0,0,0,0,0,0.0,0.0,0.0,0.0,0.0,9.0,602.0,0.0,0,0,0,0,0,0,0.0,0.0,0.0,0.0,0.0,6.0,577.0,0.0,0,0,0,0,0,0,0.0,0.0,0.0,0.0,0.0,6.0,552.0,0.0,0,0,0,0,0,0,0.0,0.0,0.0,0.0,0.0,6.0,527.0,0.0,0,0,0,0,0,0,0.0,0.0,0.0,0.0,0.0,6.0,502.5,0.0,0,0,0,0,0,0,0.0,0.0,0.0,0.0,0.0,3.0,477.5,0.0,0,0,0,0,0,0,0.0,0.0,0.0,0.0,0.0,3.0,452.5,0.0,0,0,0,0,0,0,0.0,0.0,0.0,0.0,0.0,3.0,428.0,0.0,0,0,0,0,0,0,0.0,0.0,0.0,0.0,0.0,3.0,403.5,0.0,0,0,0,0,0,0,0.0,0.0,0.0,0.0,0.0,6.0,379.0,0.0,0,0,0,0,0,0,0.0,0.0,0.0,0.0,0.0,18.0,355.0,0.0,0,0,0,0,0,0,0.0,0.0,0.0,0.0,0.0,9.0,331.0,0.0,0.0,0.0,0.0,0.0,0.0,0.0,0.0,0.0,0.0,0.0,0.0,52.0,307.5,0.0,0.0,0.0,0.0,0.0,0.0,0.0,0.0,0.0,0.0,0.0,0.0,47.0,284.0,0.0,0.0,0.0,0.0,0.0,0.0,0.0,0.0,0.0,0.0,0.0,0.0,67.0,261.5,0.0,0.0,0.0,0.0,0.0,0.0,0.0,226.5,230.5,202.0,211.0,109.0,119.0,217.0,0.0,0.14871,0.22388,0.19869,0.957,0.8272,0.8739,180.0,182.0,155.0,155.0,50.0,104.0,176.0,0.0,0.13306,0.19339,0.13014,0.9314,0.7841,0.9,142.5,150.5,119.0,136.0,111.0,186.0,139.0,0.0,0.18452,0.1926,0.2083,0.7835,0.6912,0.7103,112.5,117.5,90.5,103.0,215.0,127.0,107.0,0.0,0.19251,0.19844,0.20483,0.6807,0.5834,0.616,80.0,91.0,68.5,74.5,204.0,204.0,80.5,0.0,0.20224,0.20673,0.20023,0.5732,0.478,0.5126,59.5,68.5,50.0,56.0,571.0,871.0,60.0,0.0,0.20789,0.21082,0.20874,0.4711,0.3808,0.413,42.5,51.5,37.5,42.5,601.0,518.0,44.5,0.0,0.21531,0.21994,0.21889,0.3788,0.3003,0.3288,34.5,39.0,27.5,31.0,596.0,782.0,33.0,0.0,0.22415,0.22655,0.22435,0.3013,0.2324,0.2554,22.0,29.0,20.0,23.5,841.0,603.0,24.5,0.0,0.23088,0.23262,0.23379,0.2357,0.1774,0.1998,15.5,21.5,15.5,17.0,776.0,460.0,18.5,0.0,0.23744,0.24345,0.23888,0.1826,0.1395,0.1518,13.5,16.0,11.5,12.5,539.0,278.0,14.0,0.0,0.24421,0.25031,0.24528,0.1408,0.1067,0.1156,9.5,13.0,9.0,10.0,877.0,776.0,10.5,0.0,0.25684,0.26013,0.25677,0.1141,0.0842,0.0925,0.0,0.0,0.0,0.0,0.0,82.0,0.5,0.0,0.0,0.0,0.0,0.0,0.0,0.0,0.0,0.0,0.0,0.0,0.0,69.0,0.5,0.0,0.0,0.0,0.0,0.0,0.0,0.0,0.0,0.0,0.0,0.0,0.0,51.0,0.5,0.0,0.0,0.0,0.0,0.0,0.0,0.0,0.0,0.0,0.0,0.0,0.0,26.0,0.5,0.0,0.0,0.0,0.0,0.0,0.0,0.0,0.0,0.0,0.0,0.0,0.0,37.0,0.5,0.0,0.0,0.0,0.0,0.0,0.0,0.0,1.0,1.0,1.0,1.0,10.0,36.0,1.0,0.0,0.27524,0.25654,0.26351,-0.0109,-0.0118,-0.0115,0.0,0.0,0.0,0.0,0.0,47.0,1.0,0.0,0.0,0.0,0.0,0.0,0.0,0.0,1.5,1.5,1.5,1.5,66.0,129.0,1.5,0.0,0.26468,0.24491,0.25229,-0.0162,-0.0177,-0.0171,2.0,2.5,2.0,2.5,47.0,63.0,2.0,0.0,0.26293,0.25153,0.25941,-0.0211,-0.0271,-0.0263,3.0,3.0,3.0,3.0,28.0,112.0,2.5,0.0,0.26699,0.24521,0.25334,-0.0298,-0.0326,-0.0315,3.5,3.5,3.0,3.5,132.0,270.0,3.0,0.0,0.25278,0.23758,0.24594,-0.0312,-0.0384,-0.037,3.5,4.0,3.5,4.0,221.0,295.0,4.0,0.0,0.24552,0.22884,0.23744,-0.0367,-0.0445,-0.0428,5.0,5.5,4.0,4.5,613.0,236.0,5.0,0.0,0.23717,0.22887,0.22802,-0.0425,-0.0585,-0.0492,6.0,6.5,6.0,6.0,336.0,215.0,6.5,0.0,0.24241,0.22162,0.22683,-0.059,-0.0693,-0.0631,8.0,8.5,6.5,7.0,1151.0,266.0,8.0,0.0,0.23106,0.21987,0.21895,-0.0659,-0.0874,-0.0742,10.0,10.5,8.5,8.5,937.0,413.0,10.0,0.0,0.23,0.21523,0.21311,-0.0829,-0.1061,-0.0894,14.5,17.5,14.0,15.5,837.0,410.0,15.5,0.0,0.22767,0.2131,0.21583,-0.1263,-0.1618,-0.1446,25.0,29.5,22.5,23.5,415.0,312.0,24.5,0.0,0.22698,0.21697,0.20901,-0.185,-0.2394,-0.2062,36.0,44.0,33.5,38.0,476.0,307.0,37.5,0.0,0.22317,0.21453,0.21223,-0.2545,-0.3244,-0.2928,55.5,65.0,50.0,57.0,229.0,132.0,55.5,0.0,0.22434,0.21743,0.21433,-0.3397,-0.4214,-0.3878,76.0,90.0,70.5,82.5,371.0,1106.0,78.5,0.0,0.22389,0.21762,0.22043,-0.4311,-0.5195,-0.4859,106.5,122.5,100.5,107.0,133.0,739.0,108.0,0.0,0.23624,0.22537,0.21059,-0.5219,-0.6098,-0.586,134.0,159.5,132.0,146.0,89.0,182.0,142.0,0.0,0.24103,0.23467,0.22863,-0.6054,-0.6864,-0.6631,177.5,193.0,172.5,181.5,80.0,139.0,180.5,0.0,0.26111,0.22104,0.22583,-0.6683,-0.7737,-0.7431,219.0,235.5,210.5,223.0,103.0,162.0,222.0,0.0,0.26589,0.2267,0.2322,-0.7305,-0.8293,-0.8019,0.0,0.0,0.0,0.0,0.0,70.0,265.5,0.0,0.0,0.0,0.0,0.0,0.0,0.0,0.0,0.0,0.0,0.0,0.0,0.0,311.0,0.0,0.0,0.0,0.0,0.0,0.0,0.0,0.0,0.0,0.0,0.0,0.0,0.0,358.0,0.0,0.0,0.0,0.0,0.0,0.0,0.0,,,,,,,,,,,,,,,,,,,,,,,,,,,,,,,,,,,,,,,,,,,,,,,,,,,,,,,,,,,,,,,,,,,,,,,,,,,,,,,,,,,,,,,,,,,,,,,,,,,,,,,,,,,,,,,,,,,,,,,,,,,,,,,,,,,,,,,,,,,,,,,,,,,,,,,,,,,,,,,,,,,,,,,,,,,,,,,,,,,,,,,,,,,,,,,,,,,,,,,,,,,,,,,,,,,,,,,,,,,,,,,,,,,,,,,,,,,,,,,,,,,,,,,,,,,,,,,,,,,,,,,,,,,,,,,,,,,,,,,,,,,,,,,,,,,,,,,,,,,,,,,,,,,,,,,,,,,,,,,,,,,,,,,,,,,,,,,,,,,,,,,,,,,,,,,,,,,,,,,,,,,,,,,,,,,,,,,,,,,,,,,,,,,,,,,,,,,,,,,,,,,,,,,,,,,,,,,,,,,,,,,,,,,,,,,,,,,,,,,,,,,,,,,,,,,,,,,,,,,,,,,,,,,,,,,,,,,,,,,,,,,,,,,,,,,,,,,,,,,,,,,,,,,,,,,,,,,,,,,,,,,,,,,,,,,,,,,,,,,,,,,,,,,,,,,,,,,,,,,,
2021-09-01,0.0,0.0,0.0,0.0,0.0,0.0,626.0,0.0,0,0,0,0,0,0,0.0,0.0,0.0,0.0,0.0,9.0,601.0,0.0,0,0,0,0,0,0,0.0,0.0,0.0,0.0,0.0,6.0,576.0,0.0,0,0,0,0,0,0,0.0,0.0,0.0,0.0,0.0,6.0,551.0,0.0,0,0,0,0,0,0,0.0,0.0,0.0,0.0,0.0,6.0,526.0,0.0,0,0,0,0,0,0,0.0,0.0,0.0,0.0,0.0,6.0,501.0,0.0,0,0,0,0,0,0,0.0,0.0,0.0,0.0,0.0,3.0,476.5,0.0,0,0,0,0,0,0,0.0,0.0,0.0,0.0,0.0,3.0,451.5,0.0,0,0,0,0,0,0,0.0,0.0,0.0,0.0,0.0,3.0,427.0,0.0,0,0,0,0,0,0,0.0,0.0,0.0,0.0,0.0,3.0,402.5,0.0,0,0,0,0,0,0,0.0,0.0,0.0,0.0,0.0,6.0,378.0,0.0,0,0,0,0,0,0,0.0,0.0,0.0,0.0,0.0,18.0,353.5,0.0,0,0,0,0,0,0,0.0,0.0,0.0,0.0,0.0,9.0,329.5,0.0,0.0,0.0,0.0,0.0,0.0,0.0,0.0,0.0,0.0,0.0,0.0,52.0,306.0,0.0,0.0,0.0,0.0,0.0,0.0,0.0,0.0,0.0,0.0,0.0,0.0,47.0,282.5,0.0,0.0,0.0,0.0,0.0,0.0,0.0,0.0,0.0,0.0,0.0,0.0,67.0,259.5,0.0,0.0,0.0,0.0,0.0,0.0,0.0,210.5,258.0,190.5,258.0,244.0,139.0,215.0,0.0,,0.2023,0.24152,,0.8434,0.878,153.0,204.0,148.5,204.0,240.0,121.0,174.0,0.0,,0.19233,0.1837,,0.7758,0.8841,117.5,172.5,115.0,161.0,241.0,155.0,137.0,0.0,0.17406,0.19764,0.17832,0.8474,0.675,0.8194,95.0,132.0,84.5,132.0,301.0,95.0,105.0,0.0,0.17013,0.19561,0.20557,0.7648,0.5692,0.7022,72.0,104.0,61.5,99.5,354.0,295.0,78.0,0.0,0.18873,0.19923,0.20236,0.6437,0.4599,0.6061,51.5,78.0,43.5,77.0,983.0,1072.0,57.5,0.0,0.19444,0.20222,0.21248,0.5337,0.3585,0.5033,39.0,58.5,30.5,56.5,1051.0,740.0,42.0,0.0,0.20288,0.20672,0.21451,0.4306,0.2719,0.4068,30.5,44.0,21.5,44.0,2068.0,705.0,30.5,0.0,0.21227,0.21284,0.2269,0.342,0.2033,0.3277,21.5,33.0,15.5,31.5,1507.0,647.0,22.5,0.0,0.2211,0.22083,0.22898,0.2686,0.1523,0.2537,15.5,25.0,11.0,23.5,1263.0,537.0,16.5,0.0,0.23048,0.2274,0.23632,0.2104,0.1124,0.1975,12.0,18.5,8.5,18.5,955.0,351.0,12.5,0.0,0.23732,0.23864,0.24778,0.162,0.0871,0.1573,9.5,14.5,6.0,14.5,1472.0,884.0,9.0,0.0,0.24811,0.24398,0.25782,0.1284,0.0637,0.1251,0.0,0.0,0.0,0.0,0.0,82.0,0.5,0.0,0.0,0.0,0.0,0.0,0.0,0.0,0.0,0.0,0.0,0.0,0.0,69.0,0.5,0.0,0.0,0.0,0.0,0.0,0.0,0.0,0.0,0.0,0.0,0.0,0.0,51.0,0.5,0.0,0.0,0.0,0.0,0.0,0.0,0.0,0.0,0.0,0.0,0.0,0.0,26.0,0.5,0.0,0.0,0.0,0.0,0.0,0.0,0.0,0.0,0.0,0.0,0.0,0.0,37.0,0.5,0.0,0.0,0.0,0.0,0.0,0.0,0.0,0.0,0.0,0.0,0.0,0.0,36.0,0.5,0.0,0.0,0.0,0.0,0.0,0.0,0.0,0.0,0.0,0.0,0.0,0.0,47.0,1.0,0.0,0.0,0.0,0.0,0.0,0.0,0.0,1.5,1.5,1.5,1.5,20.0,149.0,1.0,0.0,0.28094,0.24467,0.2746,-0.0154,-0.018,-0.0158,2.0,2.0,2.0,2.0,22.0,83.0,1.5,0.0,0.27968,0.24195,0.27309,-0.02,-0.0234,-0.0205,2.5,2.5,2.5,2.5,2.0,112.0,2.0,0.0,0.27588,0.23685,0.26907,-0.0246,-0.029,-0.0253,3.5,3.5,2.5,3.0,186.0,315.0,2.5,0.0,0.26196,0.23681,0.2633,-0.0258,-0.039,-0.0303,4.0,4.5,3.0,4.0,565.0,383.0,3.5,0.0,0.25611,0.23341,0.26269,-0.0309,-0.049,-0.039,5.0,5.0,4.0,4.5,426.0,298.0,4.5,0.0,0.25531,0.22297,0.25375,-0.0398,-0.0559,-0.0445,6.0,7.0,4.5,6.0,586.0,237.0,5.5,0.0,0.24635,0.22416,0.25376,-0.0455,-0.074,-0.057,7.5,8.5,5.0,7.0,671.0,284.0,7.0,0.0,0.23659,0.21819,0.24666,-0.0517,-0.0891,-0.0666,9.5,11.0,6.0,9.0,582.0,403.0,9.0,0.0,0.23056,0.21617,0.24541,-0.0617,-0.1112,-0.0827,16.5,18.5,10.0,13.0,401.0,412.0,14.5,0.0,0.22709,0.21481,0.23526,-0.0961,-0.17,-0.1163,27.0,29.5,16.5,22.0,846.0,432.0,23.0,0.0,0.22573,0.21351,0.23924,-0.1454,-0.2452,-0.175,40.0,44.5,24.5,34.5,757.0,478.0,36.0,0.0,0.21898,0.21149,0.24247,-0.2037,-0.3341,-0.245,61.0,63.5,38.0,49.5,349.0,215.0,54.0,0.0,0.21977,0.20735,0.24094,-0.2831,-0.4332,-0.3213,84.5,91.0,55.0,67.0,1035.0,1230.0,77.0,0.0,0.21794,0.21259,0.23505,-0.3714,-0.5359,-0.4044,118.5,122.5,78.5,93.0,810.0,875.0,106.5,0.0,0.22106,0.2153,0.24048,-0.467,-0.6316,-0.4935,149.0,159.5,108.0,124.5,289.0,165.0,141.0,0.0,0.22743,0.22174,0.24897,-0.5589,-0.7126,-0.5763,186.5,200.5,151.5,160.5,211.0,157.0,179.0,0.0,0.26113,0.2307,0.2596,-0.624,-0.7763,-0.6479,232.5,242.5,179.0,198.5,203.0,131.0,221.0,0.0,0.23972,0.23384,0.26715,-0.7134,-0.8328,-0.711,283.0,283.0,241.0,244.0,19.0,74.0,265.0,0.0,0.31707,0.21567,0.29148,-0.7123,-0.9005,-0.7495,277.0,277.0,277.0,277.0,1.0,1.0,310.5,0.0,0.30853,,0.26347,-0.7696,,-0.8265,0.0,0.0,0.0,0.0,0.0,0.0,357.5,0.0,0.0,0.0,0.0,0.0,0.0,0.0,,,,,,,,,,,,,,,,,,,,,,,,,,,,,,,,,,,,,,,,,,,,,,,,,,,,,,,,,,,,,,,,,,,,,,,,,,,,,,,,,,,,,,,,,,,,,,,,,,,,,,,,,,,,,,,,,,,,,,,,,,,,,,,,,,,,,,,,,,,,,,,,,,,,,,,,,,,,,,,,,,,,,,,,,,,,,,,,,,,,,,,,,,,,,,,,,,,,,,,,,,,,,,,,,,,,,,,,,,,,,,,,,,,,,,,,,,,,,,,,,,,,,,,,,,,,,,,,,,,,,,,,,,,,,,,,,,,,,,,,,,,,,,,,,,,,,,,,,,,,,,,,,,,,,,,,,,,,,,,,,,,,,,,,,,,,,,,,,,,,,,,,,,,,,,,,,,,,,,,,,,,,,,,,,,,,,,,,,,,,,,,,,,,,,,,,,,,,,,,,,,,,,,,,,,,,,,,,,,,,,,,,,,,,,,,,,,,,,,,,,,,,,,,,,,,,,,,,,,,,,,,,,,,,,,,,,,,,,,,,,,,,,,,,,,,,,,,,,,,,,,,,,,,,,,,,,,,,,,,,,,,,,,,,,,,,,,,,,,,,,,,,,,,,,,,,,,,,,,,,
2021-09-02,0.0,0.0,0.0,0.0,0.0,0.0,685.0,0.0,0,0,0,0,0,0,0.0,0.0,0.0,0.0,0.0,9.0,660.0,0.0,0,0,0,0,0,0,0.0,0.0,0.0,0.0,0.0,6.0,635.0,0.0,0,0,0,0,0,0,0.0,0.0,0.0,0.0,0.0,6.0,610.0,0.0,0,0,0,0,0,0,0.0,0.0,0.0,0.0,0.0,6.0,585.0,0.0,0,0,0,0,0,0,0.0,0.0,0.0,0.0,0.0,6.0,560.0,0.0,0,0,0,0,0,0,0.0,0.0,0.0,0.0,0.0,3.0,535.0,0.0,0,0,0,0,0,0,0.0,0.0,0.0,0.0,0.0,3.0,510.0,0.0,0,0,0,0,0,0,0.0,0.0,0.0,0.0,0.0,3.0,485.5,0.0,0,0,0,0,0,0,0.0,0.0,0.0,0.0,0.0,3.0,460.5,0.0,0,0,0,0,0,0,0.0,0.0,0.0,0.0,0.0,6.0,436.0,0.0,0,0,0,0,0,0,0.0,0.0,0.0,0.0,0.0,18.0,411.5,0.0,0,0,0,0,0,0,416.5,416.5,416.5,416.5,10.0,19.0,387.0,0.0,,0.5,,,0.8182,,391.0,391.0,391.0,391.0,10.0,62.0,363.0,0.0,,0.5,,,0.8015,,0.0,0.0,0.0,0.0,0.0,47.0,339.0,0.0,0.0,0.0,0.0,0.0,0.0,0.0,0.0,0.0,0.0,0.0,0.0,67.0,315.5,0.0,0.0,0.0,0.0,0.0,0.0,0.0,244.5,302.0,244.5,300.5,162.0,148.0,269.0,0.0,,0.22943,0.2022,,0.8808,0.9527,207.0,255.0,202.0,249.5,134.0,137.0,224.5,0.0,0.11308,0.22574,0.16122,0.9939,0.826,0.9572,170.0,214.5,168.0,207.5,159.0,135.0,183.5,0.0,0.18684,0.24041,0.18734,0.8908,0.7416,0.8815,131.0,174.0,129.5,168.5,163.0,113.0,146.5,0.0,0.19339,0.22585,0.19712,0.8163,0.6688,0.8003,100.0,136.5,99.5,126.5,336.0,210.0,114.0,0.0,0.19393,0.22484,0.18065,0.7307,0.5766,0.7286,75.5,107.0,72.5,107.0,890.0,1015.0,87.5,0.0,0.20328,0.2191,0.21691,0.6268,0.4798,0.6059,57.0,84.5,54.5,80.0,751.0,613.0,66.0,0.0,0.21626,0.22509,0.2153,0.5249,0.3885,0.5093,44.5,62.5,18.5,61.0,957.0,705.0,49.5,0.0,0.2172,0.15866,0.22228,0.4294,0.2243,0.4168,31.0,48.0,30.0,46.0,831.0,832.0,37.5,0.0,0.2266,0.23696,0.22869,0.3469,0.2413,0.3349,24.0,37.5,23.0,37.0,1023.0,703.0,28.5,0.0,0.23772,0.24653,0.24312,0.2796,0.1904,0.2729,18.5,28.5,17.0,26.5,748.0,497.0,22.0,0.0,0.24509,0.25243,0.24411,0.2217,0.1467,0.2106,13.5,21.5,12.5,19.5,2666.0,1646.0,17.5,0.0,0.25164,0.25795,0.2489,0.174,0.1121,0.1627,0.0,0.0,0.0,0.0,0.0,82.0,0.5,0.0,0.0,0.0,0.0,0.0,0.0,0.0,0.0,0.0,0.0,0.0,0.0,69.0,0.5,0.0,0.0,0.0,0.0,0.0,0.0,0.0,0.0,0.0,0.0,0.0,0.0,51.0,0.5,0.0,0.0,0.0,0.0,0.0,0.0,0.0,0.0,0.0,0.0,0.0,0.0,26.0,0.5,0.0,0.0,0.0,0.0,0.0,0.0,0.0,0.0,0.0,0.0,0.0,0.0,37.0,0.5,0.0,0.0,0.0,0.0,0.0,0.0,0.0,0.0,0.0,0.0,0.0,0.0,36.0,0.5,0.0,0.0,0.0,0.0,0.0,0.0,0.0,0.0,0.0,0.0,0.0,0.0,47.0,0.5,0.0,0.0,0.0,0.0,0.0,0.0,0.0,1.5,1.5,1.5,1.5,10.0,159.0,1.0,0.0,0.30364,0.27271,0.30031,-0.0143,-0.0161,-0.0145,0.0,0.0,0.0,0.0,0.0,83.0,1.0,0.0,0.0,0.0,0.0,0.0,0.0,0.0,2.0,2.5,1.5,1.5,188.0,97.0,1.5,0.0,0.27719,0.26672,0.27382,-0.0155,-0.0259,-0.0158,2.5,2.5,1.5,1.5,352.0,273.0,1.5,0.0,0.26408,0.25254,0.2607,-0.0162,-0.0272,-0.0165,3.5,3.5,2.0,2.0,378.0,317.0,2.5,0.0,0.26241,0.2533,0.25889,-0.0211,-0.0364,-0.0214,4.0,4.0,2.5,2.5,553.0,252.0,3.0,0.0,0.25829,0.2448,0.25465,-0.0261,-0.0422,-0.0265,5.5,5.5,2.5,3.5,573.0,207.0,3.5,0.0,0.24454,0.24556,0.25579,-0.0274,-0.0553,-0.0354,6.5,6.5,3.0,4.0,1389.0,490.0,4.5,0.0,0.23841,0.23871,0.24767,-0.0329,-0.0653,-0.0409,8.5,8.5,4.0,4.5,929.0,590.0,6.0,0.0,0.23703,0.23774,0.23863,-0.0424,-0.0822,-0.0468,13.5,13.5,6.5,8.0,1769.0,584.0,9.5,0.0,0.2311,0.23297,0.23834,-0.0658,-0.1226,-0.0765,21.5,21.5,10.5,13.0,1077.0,611.0,15.5,0.0,0.22627,0.23112,0.2356,-0.1001,-0.1792,-0.1155,32.0,32.0,18.0,21.0,1410.0,432.0,24.0,0.0,0.22838,0.2266,0.23572,-0.154,-0.2473,-0.1699,46.0,46.0,28.0,30.0,1300.0,490.0,36.5,0.0,0.22729,0.22152,0.22802,-0.2185,-0.3287,-0.2303,67.0,67.0,42.0,50.0,991.0,1235.0,54.5,0.0,0.22718,0.22395,0.2438,-0.2963,-0.4232,-0.3194,95.5,96.0,62.5,66.0,786.0,868.0,77.5,0.0,0.23322,0.23488,0.23421,-0.3854,-0.5168,-0.3996,120.5,123.0,87.5,93.0,399.0,231.0,106.0,0.0,0.2386,0.22774,0.24297,-0.4746,-0.6099,-0.4883,157.5,157.5,118.5,118.5,136.0,174.0,139.5,0.0,0.24818,0.22949,0.23599,-0.558,-0.6929,-0.5767,194.5,194.5,157.5,157.5,77.0,145.0,177.0,0.0,0.26938,0.22714,0.2551,-0.6248,-0.7691,-0.6458,195.5,195.5,195.5,195.5,2.0,74.0,218.0,0.0,0.27982,,0.26295,-0.6855,,-0.7096,275.5,275.5,275.5,275.5,1.0,1.0,261.5,0.0,0.40962,0.20673,0.39405,-0.6609,-0.9032,-0.6765,0.0,0.0,0.0,0.0,0.0,0.0,306.5,0.0,0.0,0.0,0.0,0.0,0.0,0.0,,,,,,,,,,,,,,,,,,,,,,,,,,,,,,,,,,,,,,,,,,,,,,,,,,,,,,,,,,,,,,,,,,,,,,,,,,,,,,,,,,,,,,,,,,,,,,,,,,,,,,,,,,,,,,,,,,,,,,,,,,,,,,,,,,,,,,,,,,,,,,,,,,,,,,,,,,,,,,,,,,,,,,,,,,,,,,,,,,,,,,,,,,,,,,,,,,,,,,,,,,,,,,,,,,,,,,,,,,,,,,,,,,,,,,,,,,,,,,,,,,,,,,,,,,,,,,,,,,,,,,,,,,,,,,,,,,,,,,,,,,,,,,,,,,,,,,,,,,,,,,,,,,,,,,,,,,,,,,,,,,,,,,,,,,,,,,,,,,,,,,,,,,,,,,,,,,,,,,,,,,,,,,,,,,,,,,,,,,,,,,,,,,,,,,,,,,,,,,,,,,,,,,,,,,,,,,,,,,,,,,,,,,,,,,,,,,,,,,,,,,,,,,,,,,,,,,,,,,,,,,,,,,,,,,,,,,,,,,,,,,,,,,,,,,,,,,,,,,,,,,,,,,,,,,,,,,,,,,,,,,,,,,,,,,,,,,,,,,,,,,,,,,,,,,,,,,,,,,,,
2021-09-03,0.0,0.0,0.0,0.0,0.0,0.0,711.0,0.0,0,0,0,0,0,0,0.0,0.0,0.0,0.0,0.0,9.0,686.0,0.0,0,0,0,0,0,0,0.0,0.0,0.0,0.0,0.0,6.0,661.0,0.0,0,0,0,0,0,0,0.0,0.0,0.0,0.0,0.0,6.0,636.0,0.0,0,0,0,0,0,0,0.0,0.0,0.0,0.0,0.0,6.0,611.0,0.0,0,0,0,0,0,0,0.0,0.0,0.0,0.0,0.0,6.0,586.0,0.0,0,0,0,0,0,0,0.0,0.0,0.0,0.0,0.0,3.0,561.0,0.0,0,0,0,0,0,0,0.0,0.0,0.0,0.0,0.0,3.0,536.0,0.0,0,0,0,0,0,0,0.0,0.0,0.0,0.0,0.0,3.0,511.5,0.0,0,0,0,0,0,0,0.0,0.0,0.0,0.0,0.0,3.0,486.5,0.0,0,0,0,0,0,0,0.0,0.0,0.0,0.0,0.0,6.0,462.0,0.0,0,0,0,0,0,0,0.0,0.0,0.0,0.0,0.0,18.0,437.0,0.0,0,0,0,0,0,0,0.0,0.0,0.0,0.0,0.0,19.0,412.5,0.0,0.0,0.0,0.0,0.0,0.0,0.0,0.0,0.0,0.0,0.0,0.0,62.0,388.0,0.0,0.0,0.0,0.0,0.0,0.0,0.0,0.0,0.0,0.0,0.0,0.0,47.0,364.0,0.0,0.0,0.0,0.0,0.0,0.0,0.0,0.0,0.0,0.0,0.0,0.0,67.0,340.0,0.0,0.0,0.0,0.0,0.0,0.0,0.0,0.0,0.0,0.0,0.0,0.0,148.0,293.0,0.0,0.0,0.0,0.0,0.0,0.0,0.0,246.5,257.5,232.5,257.5,66.0,137.0,247.5,0.0,,0.20012,0.22095,,0.9013,0.9016,204.0,213.5,194.0,211.0,176.0,145.0,204.5,0.0,0.16657,0.21866,0.20401,0.9205,0.8215,0.8662,167.0,172.5,160.0,172.5,81.0,119.0,165.0,0.0,0.17975,0.23219,0.21216,0.8396,0.7347,0.7884,130.5,138.5,121.5,137.0,141.0,195.0,130.0,0.0,0.19613,0.21672,0.21417,0.7359,0.6587,0.7031,102.5,110.5,92.0,104.0,411.0,1006.0,100.0,0.0,0.2107,0.21561,0.20987,0.63,0.5623,0.611,78.5,85.0,69.0,78.5,683.0,608.0,76.0,0.0,0.21632,0.21875,0.21285,0.5304,0.464,0.5105,59.0,64.5,51.0,61.0,965.0,882.0,57.0,0.0,0.22204,0.22269,0.22413,0.4357,0.3726,0.4179,46.5,48.0,38.0,44.0,561.0,891.0,43.0,0.0,0.22661,0.22943,0.22487,0.3496,0.2947,0.3309,32.5,37.5,28.0,32.5,926.0,907.0,32.5,0.0,0.23821,0.23544,0.23079,0.2815,0.2294,0.2592,26.0,28.0,21.0,24.5,443.0,595.0,24.5,0.0,0.24413,0.24329,0.23905,0.2212,0.1785,0.203,19.5,20.5,16.0,18.5,1406.0,1955.0,19.0,0.0,0.24859,0.25201,0.24705,0.1706,0.1395,0.1583,0.0,0.0,0.0,0.0,0.0,82.0,0.5,0.0,0.0,0.0,0.0,0.0,0.0,0.0,0.0,0.0,0.0,0.0,0.0,69.0,0.5,0.0,0.0,0.0,0.0,0.0,0.0,0.0,0.0,0.0,0.0,0.0,0.0,51.0,0.5,0.0,0.0,0.0,0.0,0.0,0.0,0.0,0.0,0.0,0.0,0.0,0.0,26.0,0.5,0.0,0.0,0.0,0.0,0.0,0.0,0.0,0.0,0.0,0.0,0.0,0.0,37.0,0.5,0.0,0.0,0.0,0.0,0.0,0.0,0.0,0.0,0.0,0.0,0.0,0.0,36.0,0.5,0.0,0.0,0.0,0.0,0.0,0.0,0.0,0.0,0.0,0.0,0.0,0.0,47.0,0.5,0.0,0.0,0.0,0.0,0.0,0.0,0.0,0.0,0.0,0.0,0.0,0.0,159.0,0.5,0.0,0.0,0.0,0.0,0.0,0.0,0.0,0.0,0.0,0.0,0.0,0.0,83.0,1.0,0.0,0.0,0.0,0.0,0.0,0.0,0.0,0.0,0.0,0.0,0.0,0.0,97.0,1.0,0.0,0.0,0.0,0.0,0.0,0.0,0.0,1.5,1.5,1.5,1.5,2.0,273.0,1.5,0.0,0.26861,0.25394,0.26432,-0.0162,-0.0172,-0.0165,2.5,2.5,2.0,2.0,45.0,312.0,2.0,0.0,0.26696,0.26115,0.26251,-0.021,-0.0263,-0.0214,2.5,2.5,2.0,2.0,175.0,237.0,2.5,0.0,0.25337,0.24706,0.24889,-0.022,-0.0277,-0.0224,3.0,3.5,2.5,2.5,241.0,159.0,3.0,0.0,0.24892,0.24765,0.24428,-0.0272,-0.0371,-0.0278,3.5,4.0,3.0,3.0,503.0,495.0,4.0,0.0,0.24275,0.23911,0.23796,-0.0327,-0.043,-0.0334,4.5,5.0,3.5,4.0,683.0,619.0,4.5,0.0,0.23526,0.23479,0.2364,-0.0384,-0.0529,-0.0431,7.5,8.5,6.0,6.5,1157.0,565.0,7.5,0.0,0.23127,0.23153,0.23005,-0.062,-0.084,-0.0669,12.5,14.0,10.0,10.5,487.0,689.0,12.0,0.0,0.22774,0.22888,0.22473,-0.0965,-0.1279,-0.102,20.0,22.5,16.0,16.5,355.0,540.0,19.0,0.0,0.22397,0.22781,0.21947,-0.1437,-0.1876,-0.1502,30.5,34.0,25.0,25.5,399.0,568.0,29.5,0.0,0.22132,0.22515,0.21538,-0.2064,-0.2597,-0.2148,45.0,51.5,38.0,40.0,808.0,1385.0,44.5,0.0,0.22012,0.22845,0.21727,-0.2845,-0.3476,-0.2991,67.0,73.0,56.5,59.0,345.0,887.0,64.5,0.0,0.22234,0.22965,0.2186,-0.3752,-0.4397,-0.3922,90.0,100.5,82.0,83.5,204.0,226.0,90.0,0.0,0.23041,0.23438,0.22159,-0.4696,-0.5317,-0.4888,124.0,128.5,113.0,113.5,120.0,152.0,121.0,0.0,0.24066,0.22806,0.22656,-0.557,-0.6238,-0.5809,160.5,162.0,146.5,146.5,88.0,149.0,156.5,0.0,0.24666,0.22476,0.22785,-0.6363,-0.7097,-0.6667,199.0,205.0,184.5,184.5,100.0,67.0,196.0,0.0,0.25579,0.24124,0.2329,-0.703,-0.7646,-0.7386,0.0,0.0,0.0,0.0,0.0,1.0,238.0,0.0,0.0,0.0,0.0,0.0,0.0,0.0,0.0,0.0,0.0,0.0,0.0,0.0,282.0,0.0,0.0,0.0,0.0,0.0,0.0,0.0,,,,,,,,,,,,,,,,,,,,,,,,,,,,,,,,,,,,,,,,,,,,,,,,,,,,,,,,,,,,,,,,,,,,,,,,,,,,,,,,,,,,,,,,,,,,,,,,,,,,,,,,,,,,,,,,,,,,,,,,,,,,,,,,,,,,,,,,,,,,,,,,,,,,,,,,,,,,,,,,,,,,,,,,,,,,,,,,,,,,,,,,,,,,,,,,,,,,,,,,,,,,,,,,,,,,,,,,,,,,,,,,,,,,,,,,,,,,,,,,,,,,,,,,,,,,,,,,,,,,,,,,,,,,,,,,,,,,,,,,,,,,,,,,,,,,,,,,,,,,,,,,,,,,,,,,,,,,,,,,,,,,,,,,,,,,,,,,,,,,,,,,,,,,,,,,,,,,,,,,,,,,,,,,,,,,,,,,,,,,,,,,,,,,,,,,,,,,,,,,,,,,,,,,,,,,,,,,,,,,,,,,,,,,,,,,,,,,,,,,,,,,,,,,,,,,,,,,,,,,,,,,,,,,,,,,,,,,,,,,,,,,,,,,,,,,,,,,,,,,,,,,,,,,,,,,,,,,,,,,,,,,,,,,,,,,,,,,,,,,,,,,,,,,,,,,,,,,,,,,
2021-09-06,0.0,0.0,0.0,0.0,0.0,0.0,730.0,0.0,0,0,0,0,0,0,0.0,0.0,0.0,0.0,0.0,9.0,705.0,0.0,0,0,0,0,0,0,0.0,0.0,0.0,0.0,0.0,6.0,680.0,0.0,0,0,0,0,0,0,0.0,0.0,0.0,0.0,0.0,6.0,655.0,0.0,0,0,0,0,0,0,0.0,0.0,0.0,0.0,0.0,6.0,630.0,0.0,0,0,0,0,0,0,0.0,0.0,0.0,0.0,0.0,6.0,605.0,0.0,0,0,0,0,0,0,0.0,0.0,0.0,0.0,0.0,3.0,580.0,0.0,0,0,0,0,0,0,0.0,0.0,0.0,0.0,0.0,3.0,555.0,0.0,0,0,0,0,0,0,0.0,0.0,0.0,0.0,0.0,3.0,530.0,0.0,0,0,0,0,0,0,0.0,0.0,0.0,0.0,0.0,3.0,505.0,0.0,0,0,0,0,0,0,0.0,0.0,0.0,0.0,0.0,6.0,480.5,0.0,0,0,0,0,0,0,0.0,0.0,0.0,0.0,0.0,18.0,455.5,0.0,0,0,0,0,0,0,0.0,0.0,0.0,0.0,0.0,19.0,431.0,0.0,0.0,0.0,0.0,0.0,0.0,0.0,0.0,0.0,0.0,0.0,0.0,62.0,406.5,0.0,0.0,0.0,0.0,0.0,0.0,0.0,0.0,0.0,0.0,0.0,0.0,47.0,382.0,0.0,0.0,0.0,0.0,0.0,0.0,0.0,0.0,0.0,0.0,0.0,0.0,67.0,358.0,0.0,0.0,0.0,0.0,0.0,0.0,0.0,316.5,316.5,316.5,316.5,20.0,148.0,310.0,0.0,,0.35673,,,0.8438,,254.5,273.0,254.5,273.0,20.0,137.0,264.0,0.0,,0.25606,,,0.8707,,213.5,242.0,207.5,218.5,202.0,182.0,219.5,0.0,0.17364,0.23031,,0.9451,0.8378,,166.0,199.0,166.0,186.0,197.0,101.0,178.5,0.0,0.18849,0.22128,0.17013,0.8777,0.7751,0.8873,132.5,158.5,129.5,150.5,277.0,187.0,141.5,0.0,0.19164,0.21782,0.19427,0.8003,0.6916,0.7793,104.0,125.0,98.0,116.5,534.0,1023.0,109.5,0.0,0.20181,0.21583,0.19896,0.6989,0.595,0.6797,83.0,97.5,73.5,80.0,1169.0,654.0,83.0,0.0,0.21214,0.2194,0.18095,0.5929,0.493,0.5785,56.5,74.0,55.5,66.5,829.0,889.0,62.0,0.0,0.21818,0.22737,0.21204,0.4914,0.3988,0.4676,43.5,55.5,41.5,49.0,963.0,923.0,46.0,0.0,0.22447,0.23474,0.21796,0.3975,0.3169,0.3725,32.0,41.5,30.5,37.5,1015.0,1011.0,34.0,0.0,0.23161,0.24064,0.22962,0.3159,0.2471,0.2958,25.0,30.0,22.0,26.5,711.0,857.0,25.5,0.0,0.2356,0.24533,0.23232,0.2446,0.1888,0.2253,20.0,23.5,16.0,21.0,2742.0,2345.0,19.0,0.0,0.24794,0.25123,0.24614,0.1947,0.1436,0.1796,0.0,0.0,0.0,0.0,0.0,82.0,0.5,0.0,0.0,0.0,0.0,0.0,0.0,0.0,0.5,0.5,0.5,0.5,9.0,69.0,0.5,0.0,0.36689,0.34821,0.36275,-0.0046,-0.0049,-0.0047,0.0,0.0,0.0,0.0,0.0,51.0,0.5,0.0,0.0,0.0,0.0,0.0,0.0,0.0,0.0,0.0,0.0,0.0,0.0,26.0,0.5,0.0,0.0,0.0,0.0,0.0,0.0,0.0,0.0,0.0,0.0,0.0,0.0,37.0,0.5,0.0,0.0,0.0,0.0,0.0,0.0,0.0,0.5,0.5,0.5,0.5,6.0,30.0,0.5,0.0,0.31547,0.29652,0.31126,-0.0053,-0.0057,-0.0054,0.0,0.0,0.0,0.0,0.0,47.0,0.5,0.0,0.0,0.0,0.0,0.0,0.0,0.0,0.0,0.0,0.0,0.0,0.0,159.0,0.5,0.0,0.0,0.0,0.0,0.0,0.0,0.0,0.0,0.0,0.0,0.0,0.0,83.0,0.5,0.0,0.0,0.0,0.0,0.0,0.0,0.0,0.0,0.0,0.0,0.0,0.0,97.0,1.0,0.0,0.0,0.0,0.0,0.0,0.0,0.0,1.0,1.0,1.0,1.0,2.0,271.0,1.0,0.0,0.27666,0.25589,0.27205,-0.0112,-0.0123,-0.0115,2.0,2.5,2.0,2.5,21.0,313.0,1.5,0.0,0.29162,0.27912,0.2971,-0.0199,-0.0256,-0.0239,2.0,2.0,1.5,1.5,217.0,200.0,1.5,0.0,0.26561,0.25489,0.26074,-0.0168,-0.0228,-0.0171,2.5,2.5,2.5,2.5,178.0,126.0,2.0,0.0,0.27343,0.24996,0.26823,-0.0257,-0.0283,-0.0262,2.5,3.0,2.5,3.0,342.0,481.0,2.5,0.0,0.25913,0.24325,0.26212,-0.027,-0.034,-0.0314,3.5,4.0,3.0,3.0,617.0,527.0,3.5,0.0,0.25287,0.24141,0.24746,-0.0323,-0.0439,-0.0331,6.5,6.5,5.0,5.0,1031.0,638.0,6.0,0.0,0.24756,0.23437,0.24165,-0.0513,-0.0683,-0.0526,10.5,11.0,8.0,8.5,1420.0,1072.0,9.5,0.0,0.24143,0.23135,0.23858,-0.0781,-0.1071,-0.0833,16.5,17.5,12.0,13.0,1115.0,778.0,15.0,0.0,0.23243,0.2268,0.2308,-0.113,-0.1587,-0.1218,26.0,28.5,20.0,20.0,1567.0,720.0,24.0,0.0,0.23316,0.22812,0.22498,-0.1702,-0.2311,-0.1757,40.5,43.0,30.5,32.5,1233.0,1587.0,37.0,0.0,0.23047,0.22719,0.22803,-0.2382,-0.3147,-0.2528,60.0,63.0,46.5,48.5,814.0,1121.0,55.0,0.0,0.23308,0.22903,0.22812,-0.3226,-0.4088,-0.3388,82.0,89.0,69.5,71.0,484.0,193.0,78.0,0.0,0.24233,0.23396,0.23345,-0.415,-0.5048,-0.4332,115.5,115.5,95.5,96.5,252.0,146.0,107.0,0.0,0.24657,0.22685,0.23369,-0.5043,-0.6015,-0.5268,150.0,154.5,129.5,137.0,176.0,145.0,141.0,0.0,0.26106,0.24391,0.26384,-0.5842,-0.6757,-0.6008,189.0,193.0,163.5,180.0,160.0,69.0,179.0,0.0,0.26516,0.2496,0.29288,-0.6586,-0.7442,-0.6565,227.0,231.0,202.0,206.0,189.0,62.0,220.0,0.0,0.27323,0.24191,0.25958,-0.7208,-0.8148,-0.7476,0.0,0.0,0.0,0.0,0.0,0.0,263.5,0.0,0.0,0.0,0.0,0.0,0.0,0.0,14.0,18.0,12.0,15.0,1804.0,821.0,14.5,0.0,0.25717,0.25935,0.25031,0.153,0.1106,0.1352,0.0,0.0,0.0,0.0,0.0,0.0,308.5,0.0,0.0,0.0,0.0,0.0,0.0,0.0,,,,,,,,,,,,,,,,,,,,,,,,,,,,,,,,,,,,,,,,,,,,,,,,,,,,,,,,,,,,,,,,,,,,,,,,,,,,,,,,,,,,,,,,,,,,,,,,,,,,,,,,,,,,,,,,,,,,,,,,,,,,,,,,,,,,,,,,,,,,,,,,,,,,,,,,,,,,,,,,,,,,,,,,,,,,,,,,,,,,,,,,,,,,,,,,,,,,,,,,,,,,,,,,,,,,,,,,,,,,,,,,,,,,,,,,,,,,,,,,,,,,,,,,,,,,,,,,,,,,,,,,,,,,,,,,,,,,,,,,,,,,,,,,,,,,,,,,,,,,,,,,,,,,,,,,,,,,,,,,,,,,,,,,,,,,,,,,,,,,,,,,,,,,,,,,,,,,,,,,,,,,,,,,,,,,,,,,,,,,,,,,,,,,,,,,,,,,,,,,,,,,,,,,,,,,,,,,,,,,,,,,,,,,,,,,,,,,,,,,,,,,,,,,,,,,,,,,,,,,,,,,,,,,,,,,,,,,,,,,,,,,,,,,,,,,,,,,,,,,,,,,,,,,,,,,,,,,,,,,,,,,,,,,,,,,
2021-09-07,0.0,0.0,0.0,0.0,0.0,0.0,808.0,0.0,0,0,0,0,0,0,903.5,903.5,765.0,770.0,8.0,10.0,783.0,0.0,0,0,0,0,0,0,0.0,0.0,0.0,0.0,0.0,6.0,758.0,0.0,0,0,0,0,0,0,0.0,0.0,0.0,0.0,0.0,6.0,733.0,0.0,0,0,0,0,0,0,0.0,0.0,0.0,0.0,0.0,6.0,708.0,0.0,0,0,0,0,0,0,0.0,0.0,0.0,0.0,0.0,6.0,683.0,0.0,0,0,0,0,0,0,0.0,0.0,0.0,0.0,0.0,3.0,658.0,0.0,0,0,0,0,0,0,0.0,0.0,0.0,0.0,0.0,3.0,633.0,0.0,0,0,0,0,0,0,0.0,0.0,0.0,0.0,0.0,3.0,608.0,0.0,0,0,0,0,0,0,0.0,0.0,0.0,0.0,0.0,3.0,583.0,0.0,0,0,0,0,0,0,0.0,0.0,0.0,0.0,0.0,6.0,558.0,0.0,0,0,0,0,0,0,0.0,0.0,0.0,0.0,0.0,18.0,533.5,0.0,0,0,0,0,0,0,560.5,567.0,560.5,567.0,20.0,39.0,508.5,0.0,0.0,0.5,0.0,0.0,0.8783,0.0,536.0,553.0,536.0,553.0,40.0,92.0,484.0,0.0,0.0,0.5,0.0,0.0,0.8645,0.0,518.0,518.0,518.0,518.0,10.0,57.0,459.5,0.0,0.0,0.5,0.0,0.0,0.8498,0.0,498.5,498.5,498.5,498.5,10.0,77.0,435.0,0.0,0.0,0.5,,0.0,0.8342,,437.0,449.5,437.0,449.5,41.0,157.0,386.5,0.0,,0.5,,,0.8007,,410.0,410.0,388.5,400.5,31.0,137.0,338.5,0.0,,0.5,0.19631,,0.7641,0.9912,237.5,352.5,237.5,352.5,283.0,190.0,292.0,0.0,,0.23893,0.21646,,0.8695,0.9696,194.0,307.0,194.0,307.0,392.0,118.0,247.5,0.0,,0.22845,0.23392,,0.8186,0.9312,159.0,263.0,159.0,263.0,409.0,177.0,205.0,0.0,0.15662,0.23855,0.23903,0.9704,0.735,0.8865,123.0,220.5,120.0,220.5,746.0,990.0,166.0,0.0,0.19038,0.22115,0.23728,0.8959,0.6593,0.8348,92.5,180.5,92.5,180.5,1232.0,879.0,131.0,0.0,0.20078,0.22579,0.23371,0.8195,0.5605,0.7716,69.0,199.5,67.0,149.0,1568.0,843.0,101.5,0.0,0.37221,0.22187,0.24544,0.6496,0.4611,0.6861,52.5,118.5,51.0,115.0,2786.0,1527.0,77.5,0.0,0.22717,0.23151,0.23639,0.6287,0.3717,0.6059,37.5,92.5,37.5,90.0,4758.0,1168.0,58.5,0.0,0.23171,0.23682,0.24054,0.5362,0.2925,0.5165,27.5,71.0,27.5,70.0,1436.0,1353.0,44.5,0.0,0.23586,0.2428,0.24624,0.4466,0.2269,0.4313,22.0,59.0,20.5,55.5,4786.0,2801.0,34.5,0.0,0.2549,0.25062,0.25637,0.3734,0.1758,0.357,0.0,0.0,0.0,0.0,0.0,82.0,0.5,0.0,0.0,0.0,0.0,0.0,0.0,0.0,0.0,0.0,0.0,0.0,0.0,69.0,0.5,0.0,0.0,0.0,0.0,0.0,0.0,0.0,0.0,0.0,0.0,0.0,0.0,51.0,0.5,0.0,0.0,0.0,0.0,0.0,0.0,0.0,0.0,0.0,0.0,0.0,0.0,26.0,0.5,0.0,0.0,0.0,0.0,0.0,0.0,0.0,0.0,0.0,0.0,0.0,0.0,37.0,0.5,0.0,0.0,0.0,0.0,0.0,0.0,0.0,0.0,0.0,0.0,0.0,0.0,30.0,0.5,0.0,0.0,0.0,0.0,0.0,0.0,0.0,0.0,0.0,0.0,0.0,0.0,47.0,0.5,0.0,0.0,0.0,0.0,0.0,0.0,0.0,0.0,0.0,0.0,0.0,0.0,159.0,0.5,0.0,0.0,0.0,0.0,0.0,0.0,0.0,0.0,0.0,0.0,0.0,0.0,83.0,0.5,0.0,0.0,0.0,0.0,0.0,0.0,0.0,0.0,0.0,0.0,0.0,0.0,97.0,0.5,0.0,0.0,0.0,0.0,0.0,0.0,0.0,1.0,1.0,1.0,1.0,1.0,271.0,1.0,0.0,0.33086,0.27407,0.32648,-0.0093,-0.0115,-0.0094,1.0,1.0,1.0,1.0,4.0,313.0,1.0,0.0,0.31791,0.26082,0.31351,-0.0096,-0.0121,-0.0098,1.5,1.5,1.0,1.5,233.0,167.0,1.5,0.0,0.30505,0.2625,0.31781,-0.01,-0.0172,-0.0139,1.5,2.0,1.5,1.5,198.0,222.0,1.5,0.0,0.30903,0.2602,0.3044,-0.0142,-0.0224,-0.0145,2.0,2.0,1.5,1.5,749.0,542.0,2.0,0.0,0.29575,0.24604,0.29109,-0.0148,-0.0236,-0.0151,3.0,3.0,1.5,2.0,881.0,588.0,2.5,0.0,0.28255,0.24881,0.29018,-0.0155,-0.0334,-0.0196,4.5,4.5,3.0,3.5,1309.0,847.0,4.0,0.0,0.28649,0.23742,0.28913,-0.0282,-0.0494,-0.0321,7.5,8.0,4.0,4.5,2614.0,751.0,6.5,0.0,0.27218,0.23569,0.27293,-0.038,-0.0811,-0.0421,12.0,12.0,6.0,6.0,1725.0,741.0,9.5,0.0,0.26408,0.22563,0.25824,-0.0553,-0.1178,-0.0566,20.0,20.0,9.5,10.5,2885.0,1262.0,15.0,0.0,0.26023,0.22494,0.26058,-0.0826,-0.1779,-0.09,31.5,31.5,14.5,15.0,4213.0,954.0,22.5,0.0,0.25581,0.22402,0.25137,-0.119,-0.2533,-0.1245,45.5,46.5,22.5,23.5,3125.0,733.0,33.0,0.0,0.2554,0.22086,0.2516,-0.1696,-0.3405,-0.1782,68.0,68.0,34.5,34.5,1126.0,514.0,48.0,0.0,0.2585,0.22301,0.24946,-0.234,-0.4391,-0.2414,91.5,92.5,48.5,49.5,1607.0,514.0,68.5,0.0,0.25616,0.21943,0.24886,-0.3037,-0.5396,-0.3159,124.5,124.5,69.0,69.0,1228.0,342.0,94.5,0.0,0.26156,0.22335,0.24959,-0.3839,-0.6338,-0.398,158.5,161.0,92.5,93.0,457.0,140.0,125.5,0.0,0.26357,0.22818,0.25092,-0.4645,-0.7155,-0.4829,202.5,202.5,123.0,123.0,360.0,162.0,161.5,0.0,0.27351,0.23899,0.25707,-0.5417,-0.777,-0.5645,178.5,178.5,178.5,178.5,3.0,3.0,201.0,0.0,0.34246,,0.32436,-0.5857,,-0.6067,16.5,44.5,16.0,38.5,5042.0,1294.0,26.5,0.0,0.25749,0.26182,0.24874,0.3022,0.1392,0.2788,222.5,222.5,192.0,192.0,7.0,7.0,243.0,0.0,0.28672,,0.26358,-0.6761,,-0.7085,,,,,,,,,,,,,,,,,,,,,,,,,,,,,,,,,,,,,,,,,,,,,,,,,,,,,,,,,,,,,,,,,,,,,,,,,,,,,,,,,,,,,,,,,,,,,,,,,,,,,,,,,,,,,,,,,,,,,,,,,,,,,,,,,,,,,,,,,,,,,,,,,,,,,,,,,,,,,,,,,,,,,,,,,,,,,,,,,,,,,,,,,,,,,,,,,,,,,,,,,,,,,,,,,,,,,,,,,,,,,,,,,,,,,,,,,,,,,,,,,,,,,,,,,,,,,,,,,,,,,,,,,,,,,,,,,,,,,,,,,,,,,,,,,,,,,,,,,,,,,,,,,,,,,,,,,,,,,,,,,,,,,,,,,,,,,,,,,,,,,,,,,,,,,,,,,,,,,,,,,,,,,,,,,,,,,,,,,,,,,,,,,,,,,,,,,,,,,,,,,,,,,,,,,,,,,,,,,,,,,,,,,,,,,,,,,,,,,,,,,,,,,,,,,,,,,,,,,,,,,,,,,,,,,,,,,,,,,,,,,,,,,,,,,,,,,,,,,,,,,,,,,,,,,,,,,,,,,,,,,,,,,,,,,,,,
2021-09-08,0.0,0.0,0.0,0.0,0.0,0.0,847.0,0.0,0,0,0,0,0,0,0.0,0.0,0.0,0.0,0.0,10.0,822.0,0.0,0,0,0,0,0,0,0.0,0.0,0.0,0.0,0.0,6.0,797.0,0.0,0,0,0,0,0,0,0.0,0.0,0.0,0.0,0.0,6.0,772.0,0.0,0,0,0,0,0,0,0.0,0.0,0.0,0.0,0.0,6.0,747.0,0.0,0,0,0,0,0,0,0.0,0.0,0.0,0.0,0.0,6.0,722.0,0.0,0,0,0,0,0,0,0.0,0.0,0.0,0.0,0.0,3.0,697.0,0.0,0,0,0,0,0,0,0.0,0.0,0.0,0.0,0.0,3.0,672.0,0.0,0,0,0,0,0,0,0.0,0.0,0.0,0.0,0.0,3.0,647.0,0.0,0,0,0,0,0,0,0.0,0.0,0.0,0.0,0.0,3.0,622.0,0.0,0,0,0,0,0,0,0.0,0.0,0.0,0.0,0.0,6.0,597.0,0.0,0,0,0,0,0,0,0.0,0.0,0.0,0.0,0.0,18.0,572.5,0.0,0,0,0,0,0,0,563.5,568.5,563.5,568.5,20.0,59.0,547.5,0.0,0.0,0.0,0.0,0.0,0.0,0.0,538.5,566.0,538.5,566.0,63.0,119.0,522.5,0.0,0.0,0.0,0.0,0.0,0.0,0.0,493.5,518.5,493.5,518.5,41.0,87.0,498.0,1.0,0.0,0.39297,0.0,0.0,0.9383,0.0,471.0,500.5,471.0,500.5,21.0,96.0,473.5,0.0,0.0,0.3957,,0.0,0.9262,,432.5,432.5,432.5,432.5,10.0,157.0,424.5,0.0,,0.43158,,,0.8828,,386.0,386.0,386.0,386.0,10.0,137.0,376.5,0.0,,0.4084,,,0.8631,,0.0,0.0,0.0,0.0,0.0,190.0,329.0,0.0,0.0,0.0,0.0,0.0,0.0,0.0,309.0,309.0,309.0,309.0,10.0,118.0,283.0,0.0,,0.41615,0.21343,,0.7827,0.9523,226.5,271.5,226.5,264.0,80.0,184.0,239.0,0.0,,0.23876,0.22213,,0.8502,0.9092,183.5,215.0,182.5,212.0,129.0,973.0,197.5,0.0,,0.22283,0.1746,,0.8005,0.9111,158.0,195.0,145.0,180.5,448.0,835.0,160.0,0.0,0.20963,0.22093,0.22321,0.8342,0.7222,0.7909,129.5,152.0,112.5,144.5,546.0,835.0,127.0,0.0,0.19512,0.22108,0.22449,0.7729,0.6305,0.7099,103.5,124.0,86.5,111.0,1219.0,1399.0,99.0,0.0,0.21672,0.22579,0.22005,0.6641,0.5325,0.6218,61.0,96.0,61.0,90.0,3231.0,1216.0,76.0,0.0,0.22078,0.21817,0.23716,0.5673,0.433,0.5249,58.0,74.0,49.0,64.0,1452.0,1508.0,58.5,0.0,0.22765,0.23597,0.22747,0.4722,0.3525,0.4308,47.5,56.5,37.5,49.0,5519.0,3085.0,44.5,0.0,0.23445,0.24522,0.23609,0.3855,0.2819,0.3485,0.0,0.0,0.0,0.0,0.0,82.0,0.5,0.0,0.0,0.0,0.0,0.0,0.0,0.0,0.0,0.0,0.0,0.0,0.0,69.0,0.5,0.0,0.0,0.0,0.0,0.0,0.0,0.0,0.0,0.0,0.0,0.0,0.0,51.0,0.5,0.0,0.0,0.0,0.0,0.0,0.0,0.0,0.0,0.0,0.0,0.0,0.0,26.0,0.5,0.0,0.0,0.0,0.0,0.0,0.0,0.0,0.0,0.0,0.0,0.0,0.0,37.0,0.5,0.0,0.0,0.0,0.0,0.0,0.0,0.0,0.0,0.0,0.0,0.0,0.0,30.0,0.5,0.0,0.0,0.0,0.0,0.0,0.0,0.0,0.0,0.0,0.0,0.0,0.0,47.0,0.5,0.0,0.0,0.0,0.0,0.0,0.0,0.0,0.0,0.0,0.0,0.0,0.0,159.0,0.5,0.0,0.0,0.0,0.0,0.0,0.0,0.0,0.0,0.0,0.0,0.0,0.0,83.0,0.5,0.0,0.0,0.0,0.0,0.0,0.0,0.0,0.0,0.0,0.0,0.0,0.0,97.0,0.5,0.0,0.0,0.0,0.0,0.0,0.0,0.0,0.0,0.0,0.0,0.0,0.0,271.0,0.5,0.0,0.0,0.0,0.0,0.0,0.0,0.0,1.0,1.0,1.0,1.0,8.0,313.0,1.0,0.0,0.32885,0.30109,0.31998,-0.0094,-0.0104,-0.0097,1.5,1.5,1.5,1.5,3.0,164.0,1.0,0.0,0.3337,0.30461,0.32442,-0.0134,-0.0148,-0.0138,1.5,1.5,1.5,1.5,30.0,212.0,1.5,0.0,0.3202,0.29093,0.31083,-0.0139,-0.0155,-0.0144,1.5,1.5,1.0,1.5,369.0,521.0,1.5,0.0,0.29006,0.27733,0.29735,-0.0106,-0.0162,-0.015,2.5,2.5,1.5,2.0,471.0,681.0,2.0,0.0,0.29339,0.28588,0.29651,-0.0151,-0.0248,-0.0194,3.5,4.0,2.5,3.0,648.0,1057.0,3.0,0.0,0.28905,0.27996,0.28768,-0.024,-0.0381,-0.0285,5.0,5.5,4.0,4.0,1084.0,679.0,5.0,0.0,0.28392,0.26642,0.27301,-0.0368,-0.0524,-0.0384,8.0,9.0,6.5,6.5,1812.0,739.0,7.5,0.0,0.28113,0.26366,0.26925,-0.0565,-0.0802,-0.059,12.0,14.0,9.5,9.5,842.0,1643.0,11.5,0.0,0.27319,0.25978,0.26033,-0.0799,-0.1172,-0.0838,17.0,21.5,13.5,14.0,2182.0,1151.0,17.5,0.0,0.264,0.25753,0.25275,-0.1101,-0.1667,-0.1184,26.5,31.5,19.5,21.5,1618.0,923.0,26.0,0.0,0.25703,0.25398,0.25028,-0.1517,-0.227,-0.1686,39.0,46.0,28.5,30.0,1112.0,594.0,38.0,0.0,0.25307,0.25423,0.24107,-0.2071,-0.3009,-0.2252,57.5,65.5,41.0,47.0,1297.0,538.0,55.0,0.0,0.2506,0.25721,0.24936,-0.2749,-0.3833,-0.3067,76.0,90.0,58.0,63.5,1164.0,344.0,77.0,0.0,0.25052,0.26198,0.24297,-0.3534,-0.4679,-0.3868,108.0,117.5,80.0,87.5,487.0,207.0,104.0,0.0,0.25271,0.26331,0.24581,-0.4375,-0.5506,-0.4749,142.5,152.5,111.5,116.0,171.0,194.0,136.0,0.0,0.26898,0.27491,0.24892,-0.5188,-0.6232,-0.5608,181.0,189.5,145.0,149.5,264.0,74.0,172.0,0.0,0.28023,0.28306,0.25473,-0.5912,-0.6876,-0.6388,36.0,47.5,28.0,35.5,2437.0,1664.0,34.0,0.0,0.25531,0.25155,0.23826,0.3209,0.2214,0.2731,212.5,223.0,184.0,187.0,69.0,66.0,211.5,0.0,0.29816,0.26972,0.2623,-0.6503,-0.7613,-0.7058,27.0,32.0,22.5,28.0,985.0,237.0,26.0,0.0,0.24674,0.26489,0.25063,0.2446,0.1792,0.2193,23.5,24.5,16.5,21.0,2311.0,585.0,20.0,0.0,0.25512,0.26913,0.25722,0.1938,0.1379,0.1714,0.0,0.0,0.0,0.0,0.0,0.0,253.5,0.0,0.0,0.0,0.0,0.0,0.0,0.0,0.0,0.0,0.0,0.0,0.0,0.0,297.0,0.0,0.0,0.0,0.0,0.0,0.0,0.0,,,,,,,,,,,,,,,,,,,,,,,,,,,,,,,,,,,,,,,,,,,,,,,,,,,,,,,,,,,,,,,,,,,,,,,,,,,,,,,,,,,,,,,,,,,,,,,,,,,,,,,,,,,,,,,,,,,,,,,,,,,,,,,,,,,,,,,,,,,,,,,,,,,,,,,,,,,,,,,,,,,,,,,,,,,,,,,,,,,,,,,,,,,,,,,,,,,,,,,,,,,,,,,,,,,,,,,,,,,,,,,,,,,,,,,,,,,,,,,,,,,,,,,,,,,,,,,,,,,,,,,,,,,,,,,,,,,,,,,,,,,,,,,,,,,,,,,,,,,,,,,,,,,,,,,,,,,,,,,,,,,,,,,,,,,,,,,,,,,,,,,,,,,,,,,,,,,,,,,,,,,,,,,,,,,,,,,,,,,,,,,,,,,,,,,,,,,,,,,,,,,,,,,,,,,,,,,,,,,,,,,,,,,,,,,,,,,,,,,,,,,,,,,,,,,,,,,,,,,,,,,,,,,,,,,,,,,,
2021-09-09,0.0,0.0,0.0,0.0,0.0,0.0,884.0,0.0,0,0,0,0,0,0,0.0,0.0,0.0,0.0,0.0,10.0,859.0,0.0,0,0,0,0,0,0,0.0,0.0,0.0,0.0,0.0,6.0,834.0,0.0,0,0,0,0,0,0,0.0,0.0,0.0,0.0,0.0,6.0,809.0,0.0,0,0,0,0,0,0,0.0,0.0,0.0,0.0,0.0,6.0,784.0,0.0,0,0,0,0,0,0,0.0,0.0,0.0,0.0,0.0,6.0,759.0,0.0,0,0,0,0,0,0,0.0,0.0,0.0,0.0,0.0,3.0,734.0,0.0,0,0,0,0,0,0,0.0,0.0,0.0,0.0,0.0,3.0,709.0,0.0,0,0,0,0,0,0,0.0,0.0,0.0,0.0,0.0,3.0,684.0,0.0,0,0,0,0,0,0,0.0,0.0,0.0,0.0,0.0,3.0,659.0,0.0,0,0,0,0,0,0,0.0,0.0,0.0,0.0,0.0,6.0,634.0,0.0,0,0,0,0,0,0,0.0,0.0,0.0,0.0,0.0,18.0,609.0,0.0,0,0,0,0,0,0,0.0,0.0,0.0,0.0,0.0,59.0,584.0,0.0,0.0,0.0,0.0,0.0,0.0,0.0,0.0,0.0,0.0,0.0,0.0,119.0,559.5,0.0,0.0,0.0,0.0,0.0,0.0,0.0,0.0,0.0,0.0,0.0,0.0,87.0,534.5,0.0,0.0,0.0,0.0,0.0,0.0,0.0,0.0,0.0,0.0,0.0,0.0,96.0,510.0,0.0,0.0,0.0,0.0,0.0,0.0,0.0,0.0,0.0,0.0,0.0,0.0,157.0,460.5,0.0,0.0,0.0,0.0,0.0,0.0,0.0,0.0,0.0,0.0,0.0,0.0,136.0,411.5,1.0,0.0,0.0,0.0,0.0,0.0,0.0,0.0,0.0,0.0,0.0,0.0,190.0,363.5,0.0,0.0,0.0,0.0,0.0,0.0,0.0,0.0,0.0,0.0,0.0,0.0,118.0,316.5,0.0,0.0,0.0,0.0,0.0,0.0,0.0,246.0,292.0,234.0,255.5,141.0,162.0,270.5,0.0,,0.24206,,,0.8597,,204.0,267.5,194.5,215.0,1205.0,460.0,226.5,0.0,0.17096,0.24577,0.17368,0.9621,0.7944,0.9189,164.0,223.5,156.0,167.5,804.0,615.0,185.5,0.0,0.19035,0.23961,0.15492,0.9021,0.7248,0.8817,130.0,179.0,120.0,138.0,396.0,837.0,148.0,0.0,0.18319,0.22995,0.19723,0.8481,0.6441,0.7422,105.0,147.5,93.0,101.5,754.0,1377.0,115.0,0.0,0.21052,0.234,0.18845,0.7372,0.549,0.6474,79.5,114.0,67.0,79.0,2566.0,1008.0,87.5,0.0,0.21019,0.22732,0.20469,0.6449,0.4525,0.5327,61.5,87.0,49.0,57.5,4254.0,1318.0,65.0,0.0,0.21415,0.23005,0.20804,0.5443,0.3616,0.4284,45.5,67.0,35.0,42.0,7791.0,2987.0,48.0,0.0,0.22336,0.23238,0.21472,0.4479,0.2807,0.3362,0.0,0.0,0.0,0.0,0.0,82.0,0.5,0.0,0.0,0.0,0.0,0.0,0.0,0.0,0.0,0.0,0.0,0.0,0.0,69.0,0.5,0.0,0.0,0.0,0.0,0.0,0.0,0.0,0.0,0.0,0.0,0.0,0.0,51.0,0.5,0.0,0.0,0.0,0.0,0.0,0.0,0.0,0.0,0.0,0.0,0.0,0.0,26.0,0.5,0.0,0.0,0.0,0.0,0.0,0.0,0.0,1.0,1.0,1.0,1.0,20.0,57.0,0.5,0.0,0.44385,0.4053,0.42186,-0.0071,-0.008,-0.0076,0.0,0.0,0.0,0.0,0.0,30.0,0.5,0.0,0.0,0.0,0.0,0.0,0.0,0.0,0.5,0.5,0.5,0.5,10.0,37.0,0.5,0.0,0.38381,0.34733,0.36299,-0.0044,-0.0049,-0.0047,0.5,0.5,0.5,0.5,20.0,159.0,0.5,0.0,0.37106,0.33443,0.35011,-0.0045,-0.0051,-0.0048,0.0,0.0,0.0,0.0,0.0,83.0,0.5,0.0,0.0,0.0,0.0,0.0,0.0,0.0,0.0,0.0,0.0,0.0,0.0,97.0,0.5,0.0,0.0,0.0,0.0,0.0,0.0,0.0,0.5,0.5,0.5,0.5,50.0,271.0,0.5,0.0,0.33337,0.29634,0.31221,-0.005,-0.0057,-0.0054,1.5,1.5,1.5,1.5,1.0,314.0,0.5,0.0,0.3683,0.32696,0.34469,-0.0122,-0.0141,-0.0132,1.0,1.0,1.0,1.0,68.0,153.0,0.5,0.0,0.33585,0.29593,0.31303,-0.0093,-0.0107,-0.0101,1.0,1.5,1.0,1.5,40.0,202.0,1.0,0.0,0.32277,0.29915,0.31711,-0.0096,-0.0153,-0.0143,2.0,2.0,1.0,1.5,285.0,534.0,1.0,0.0,0.30981,0.29808,0.30341,-0.01,-0.0198,-0.0149,2.0,2.0,1.5,2.0,177.0,692.0,1.5,0.0,0.31393,0.28388,0.30263,-0.0142,-0.0207,-0.0193,3.5,3.5,1.5,2.5,622.0,1034.0,2.0,0.0,0.28724,0.28153,0.28483,-0.0154,-0.0341,-0.0248,5.0,5.0,3.0,3.5,986.0,620.0,3.5,0.0,0.29143,0.26975,0.27209,-0.0281,-0.0482,-0.0347,7.5,8.0,4.0,5.5,1613.0,680.0,5.0,0.0,0.2771,0.26504,0.26553,-0.0377,-0.0731,-0.0524,10.0,12.5,6.5,8.5,3070.0,1264.0,8.0,0.0,0.27384,0.26064,0.25908,-0.0579,-0.1075,-0.0775,15.5,18.0,9.0,12.0,2747.0,1223.0,12.0,0.0,0.26183,0.25158,0.24747,-0.0794,-0.149,-0.1074,23.5,27.5,12.5,17.5,3632.0,1119.0,18.0,0.0,0.24999,0.24986,0.23862,-0.1085,-0.2091,-0.1505,32.0,39.5,19.0,26.0,2326.0,688.0,27.0,0.0,0.24571,0.24512,0.23278,-0.1546,-0.2792,-0.2097,49.0,58.0,28.0,38.5,4248.0,1293.0,39.5,0.0,0.24115,0.24861,0.22958,-0.2128,-0.3642,-0.2851,69.0,79.0,41.0,56.0,2123.0,458.0,56.5,0.0,0.23925,0.24631,0.22908,-0.2855,-0.452,-0.3736,94.5,105.5,58.5,78.5,2010.0,286.0,78.5,0.0,0.23892,0.24695,0.22952,-0.3688,-0.5414,-0.468,124.5,135.5,82.0,108.0,758.0,254.0,105.5,0.0,0.24297,0.24512,0.23623,-0.4577,-0.6285,-0.56,160.0,172.5,114.0,149.0,234.0,159.0,138.5,0.0,0.25794,0.25257,0.26407,-0.5413,-0.7015,-0.6294,36.0,49.0,25.0,29.0,3834.0,1749.0,35.5,0.0,0.22553,0.23663,0.21652,0.3582,0.2141,0.2537,201.0,211.5,144.0,186.0,256.0,181.0,176.0,0.0,0.25646,0.25639,0.27143,-0.6219,-0.7659,-0.6963,27.0,36.5,18.5,21.5,2409.0,305.0,26.5,0.0,0.23226,0.24467,0.2263,0.2828,0.1644,0.1946,20.0,28.0,13.5,16.0,3823.0,873.0,20.0,0.0,0.24232,0.25133,0.23568,0.224,0.1246,0.1489,200.5,232.5,200.5,232.5,31.0,31.0,217.0,0.0,0.32284,0.13166,0.30174,-0.6516,-0.9688,-0.7342,0.0,0.0,0.0,0.0,0.0,0.0,260.5,0.0,0.0,0.0,0.0,0.0,0.0,0.0,,,,,,,,,,,,,,,,,,,,,,,,,,,,,,,,,,,,,,,,,,,,,,,,,,,,,,,,,,,,,,,,,,,,,,,,,,,,,,,,,,,,,,,,,,,,,,,,,,,,,,,,,,,,,,,,,,,,,,,,,,,,,,,,,,,,,,,,,,,,,,,,,,,,,,,,,,,,,,,,,,,,,,,,,,,,,,,,,,,,,,,,,,,,,,,,,,,,,,,,,,,,,,,,,,,,,,,,,,,,,,,,,,,,,,,,,,,,,,,,,,,,,,,,,,,,,,,,,,,,,,,,,,,,,,,,,,,,,,,,,,,,,,,,,,,,,,,,,,,,,,,,,,,,,,,,,,,,,,,,,,,,,,,,,,,,,,,,,,,,,,,,,,,,,,,,,,,,,,,,,,,,,,,,,,,,,,,,,,,,,,,,,,,,,,,,,,,,,,,,,,,,,,,,,,,,,,,,,,,,,,,,,,,,,,,,,,,,,,,,,,,,,,,,,,,,,,,,,,,,,,,,,,,,,,,,,,,,
2021-09-10,0.0,0.0,0.0,0.0,0.0,0.0,880.0,0.0,0,0,0,0,0,0,0.0,0.0,0.0,0.0,0.0,10.0,855.0,0.0,0,0,0,0,0,0,0.0,0.0,0.0,0.0,0.0,6.0,830.0,0.0,0,0,0,0,0,0,0.0,0.0,0.0,0.0,0.0,6.0,805.0,0.0,0,0,0,0,0,0,0.0,0.0,0.0,0.0,0.0,6.0,780.0,0.0,0,0,0,0,0,0,0.0,0.0,0.0,0.0,0.0,6.0,755.0,0.0,0,0,0,0,0,0,0.0,0.0,0.0,0.0,0.0,3.0,730.0,0.0,0,0,0,0,0,0,0.0,0.0,0.0,0.0,0.0,3.0,705.5,0.0,0,0,0,0,0,0,0.0,0.0,0.0,0.0,0.0,3.0,680.5,0.0,0,0,0,0,0,0,0.0,0.0,0.0,0.0,0.0,3.0,655.5,0.0,0,0,0,0,0,0,0.0,0.0,0.0,0.0,0.0,6.0,630.5,0.0,0,0,0,0,0,0,0.0,0.0,0.0,0.0,0.0,18.0,606.0,0.0,0,0,0,0,0,0,614.0,619.0,545.5,545.5,30.0,69.0,581.0,0.0,0.0,0.0,0.0,0.0,0.0,0.0,574.0,589.0,574.0,589.0,20.0,139.0,556.0,0.0,0.0,0.0,0.0,0.0,0.0,0.0,556.0,565.5,525.0,538.0,78.0,119.0,531.5,0.0,0.0,0.5,0.5,0.0,0.8938,0.8947,531.0,540.5,500.0,505.0,40.0,106.0,507.0,0.0,0.0,0.5,0.5,0.0,0.881,0.8819,474.0,474.0,474.0,474.0,19.0,158.0,457.5,0.0,,0.5,0.5,,0.8525,0.8535,400.0,419.5,400.0,418.0,25.0,136.0,409.0,0.0,,0.5,0.5,,0.8204,0.8216,392.5,392.5,313.5,313.5,31.0,190.0,360.5,0.0,,0.31011,0.2994,,0.8846,0.8936,0.0,0.0,0.0,0.0,0.0,118.0,312.5,0.0,0.0,0.0,0.0,0.0,0.0,0.0,298.5,298.5,222.5,222.5,12.0,162.0,266.0,0.0,,0.2708,0.26367,,0.8164,0.8244,209.0,254.5,172.0,172.0,311.0,489.0,221.0,0.0,0.15551,0.22369,0.21733,0.9706,0.7899,0.799,174.0,209.0,132.5,134.5,422.0,601.0,179.0,0.0,0.17026,0.213,0.21491,0.9166,0.7138,0.7159,136.0,171.0,101.0,104.5,362.0,780.0,141.0,0.0,0.19549,0.21453,0.22129,0.8193,0.6139,0.6152,108.5,132.5,72.5,72.5,555.0,1335.0,108.5,0.0,0.19348,0.20956,0.20664,0.7342,0.5085,0.5127,74.0,104.0,52.5,54.0,1703.0,969.0,81.0,0.0,0.20678,0.2139,0.21591,0.6243,0.4047,0.4099,57.0,75.5,37.0,37.5,2546.0,1336.0,59.0,0.0,0.20358,0.21739,0.21698,0.5194,0.3117,0.3151,38.5,56.0,27.0,27.0,4848.0,2920.0,43.0,0.0,0.21079,0.22627,0.22451,0.4171,0.2389,0.2401,0.0,0.0,0.0,0.0,0.0,82.0,0.5,0.0,0.0,0.0,0.0,0.0,0.0,0.0,0.0,0.0,0.0,0.0,0.0,69.0,0.5,0.0,0.0,0.0,0.0,0.0,0.0,0.0,0.0,0.0,0.0,0.0,0.0,51.0,0.5,0.0,0.0,0.0,0.0,0.0,0.0,0.0,0.0,0.0,0.0,0.0,0.0,26.0,0.5,0.0,0.0,0.0,0.0,0.0,0.0,0.0,0.0,0.0,0.0,0.0,0.0,57.0,0.5,0.0,0.0,0.0,0.0,0.0,0.0,0.0,0.0,0.0,0.0,0.0,0.0,30.0,0.5,0.0,0.0,0.0,0.0,0.0,0.0,0.0,0.0,0.0,0.0,0.0,0.0,37.0,1.0,0.0,0.0,0.0,0.0,0.0,0.0,0.0,0.0,0.0,0.0,0.0,0.0,159.0,1.0,0.0,0.0,0.0,0.0,0.0,0.0,0.0,0.0,0.0,0.0,0.0,0.0,83.0,1.0,0.0,0.0,0.0,0.0,0.0,0.0,0.0,0.0,0.0,0.0,0.0,0.0,97.0,1.0,0.0,0.0,0.0,0.0,0.0,0.0,0.0,1.0,1.0,0.5,1.0,13.0,272.0,1.5,0.0,0.33383,0.31899,0.31985,-0.0051,-0.0102,-0.0102,1.5,1.5,1.5,1.5,1.0,315.0,1.5,0.0,0.36876,0.32294,0.32383,-0.0124,-0.0145,-0.0145,1.0,1.5,1.0,1.0,84.0,183.0,2.0,0.0,0.33599,0.30871,0.29261,-0.0094,-0.0151,-0.011,1.0,1.0,1.0,1.0,20.0,212.0,2.0,0.0,0.32269,0.27825,0.27912,-0.0098,-0.0116,-0.0115,1.5,1.5,1.0,1.0,48.0,535.0,2.0,0.0,0.30951,0.28054,0.2657,-0.0102,-0.0165,-0.0121,1.5,1.5,1.0,1.5,160.0,697.0,2.5,0.0,0.29641,0.26656,0.26748,-0.0106,-0.0173,-0.0172,2.5,2.5,2.0,2.5,310.0,916.0,3.5,0.0,0.29899,0.25941,0.2604,-0.0195,-0.0279,-0.0278,3.5,4.0,2.5,4.0,1108.0,680.0,4.5,0.0,0.28118,0.25113,0.2522,-0.0251,-0.0432,-0.043,5.5,6.5,4.5,6.5,1408.0,758.0,6.0,0.0,0.28152,0.24446,0.24564,-0.0419,-0.067,-0.0667,8.5,11.0,6.0,10.5,2413.0,1602.0,8.0,0.0,0.26656,0.24205,0.24019,-0.0563,-0.105,-0.1016,13.0,15.5,9.0,15.0,3776.0,1230.0,11.5,0.0,0.25861,0.22844,0.22737,-0.0815,-0.1457,-0.1424,20.0,24.5,13.0,24.5,5777.0,1998.0,16.5,0.0,0.24883,0.22515,0.22681,-0.1143,-0.2115,-0.2102,28.5,36.5,19.5,36.5,1950.0,889.0,24.5,0.0,0.24296,0.21958,0.22152,-0.1618,-0.2913,-0.2892,45.0,55.0,28.5,55.0,3260.0,1251.0,36.5,0.0,0.2368,0.22071,0.22302,-0.2222,-0.3885,-0.3855,57.5,79.0,42.0,79.0,3014.0,462.0,53.5,0.0,0.2347,0.22294,0.22573,-0.2991,-0.4904,-0.4862,80.0,106.5,59.0,105.0,1861.0,302.0,76.0,0.0,0.23071,0.22062,0.21968,-0.3856,-0.5916,-0.5881,110.0,140.5,83.0,137.0,715.0,333.0,104.0,0.0,0.23365,0.22347,0.21664,-0.4797,-0.6829,-0.6852,144.5,169.5,118.5,169.5,338.0,186.0,137.5,0.0,0.25565,0.19152,0.19794,-0.5637,-0.8024,-0.7908,27.5,40.5,19.0,19.5,3042.0,1691.0,30.5,0.0,0.21604,0.23184,0.23245,0.326,0.1781,0.1814,170.5,204.0,151.0,200.0,165.0,184.0,175.5,0.0,0.25827,0.1354,0.10433,-0.6427,-0.9472,-0.9817,21.5,28.5,14.5,14.5,2862.0,452.0,22.0,0.0,0.21984,0.24377,0.24234,0.2476,0.1378,0.1383,15.5,21.0,10.5,10.5,3131.0,750.0,15.5,0.0,0.2288,0.25101,0.2497,0.1895,0.1031,0.1035,211.5,264.0,191.0,264.0,219.0,84.0,216.5,0.0,0.27347,0.23426,0.24342,-0.7033,-0.8723,-0.8605,0.0,0.0,0.0,0.0,0.0,0.0,260.0,0.0,0.0,0.0,0.0,0.0,0.0,0.0,11.0,15.5,8.0,8.0,2654.0,1017.0,11.0,0.0,0.23739,0.26104,0.25982,0.1443,0.0795,0.0798,0.0,0.0,0.0,0.0,0.0,0.0,305.0,0.0,0.0,0.0,0.0,0.0,0.0,0.0,,,,,,,,,,,,,,,,,,,,,,,,,,,,,,,,,,,,,,,,,,,,,,,,,,,,,,,,,,,,,,,,,,,,,,,,,,,,,,,,,,,,,,,,,,,,,,,,,,,,,,,,,,,,,,,,,,,,,,,,,,,,,,,,,,,,,,,,,,,,,,,,,,,,,,,,,,,,,,,,,,,,,,,,,,,,,,,,,,,,,,,,,,,,,,,,,,,,,,,,,,,,,,,,,,,,,,,,,,,,,,,,,,,,,,,,,,,,,,,,,,,,,,,,,,,,,,,,,,,,,,,,,,,,,,,,,,,,,,,,,,,,,,,,,,,,,,,,,,,,,,,,,,,,,,,,,,,,,,,,,,,,,,,,,,,,,,,,,,,,,,,,,,,,,,,,,,,,,,,,,,,,,,,,,,,,,,,,,,,,,,,,,,,,,,,,,,,,,,,,,,,,,,,,,,,,,,,,,,,,,,,,,,,,,,,,,,,,,,,,,,,,,,,,
2021-09-13,0.0,0.0,0.0,0.0,0.0,0.0,895.0,0.0,0,0,0,0,0,0,0.0,0.0,0.0,0.0,0.0,10.0,870.0,0.0,0,0,0,0,0,0,0.0,0.0,0.0,0.0,0.0,3.0,845.0,3.0,0,0,0,0,0,0,0.0,0.0,0.0,0.0,0.0,3.0,820.0,3.0,0,0,0,0,0,0,0.0,0.0,0.0,0.0,0.0,3.0,795.0,3.0,0,0,0,0,0,0,0.0,0.0,0.0,0.0,0.0,3.0,770.0,3.0,0,0,0,0,0,0,0.0,0.0,0.0,0.0,0.0,0.0,745.0,3.0,0,0,0,0,0,0,0.0,0.0,0.0,0.0,0.0,3.0,720.0,0.0,0,0,0,0,0,0,0.0,0.0,0.0,0.0,0.0,3.0,695.0,0.0,0,0,0,0,0,0,0.0,0.0,0.0,0.0,0.0,3.0,670.0,0.0,0,0,0,0,0,0,0.0,0.0,0.0,0.0,0.0,3.0,645.0,3.0,0,0,0,0,0,0,0.0,0.0,0.0,0.0,0.0,18.0,620.0,0.0,0,0,0,0,0,0,0.0,0.0,0.0,0.0,0.0,69.0,595.0,0.0,0.0,0.0,0.0,0.0,0.0,0.0,0.0,0.0,0.0,0.0,0.0,139.0,570.5,0.0,0.0,0.0,0.0,0.0,0.0,0.0,0.0,0.0,0.0,0.0,0.0,119.0,545.5,0.0,0.0,0.0,0.0,0.0,0.0,0.0,0.0,0.0,0.0,0.0,0.0,106.0,520.5,0.0,0.0,0.0,0.0,0.0,0.0,0.0,0.0,0.0,0.0,0.0,0.0,158.0,471.5,0.0,0.0,0.0,0.0,0.0,0.0,0.0,0.0,0.0,0.0,0.0,0.0,136.0,422.5,0.0,0.0,0.0,0.0,0.0,0.0,0.0,0.0,0.0,0.0,0.0,0.0,190.0,374.0,0.0,0.0,0.0,0.0,0.0,0.0,0.0,373.5,373.5,359.5,359.5,2.0,116.0,326.5,0.0,,0.5,0.5,,0.7618,0.7895,320.0,329.0,299.5,301.5,37.0,162.0,280.0,0.0,,0.5,0.45149,,0.7201,0.7684,203.0,277.0,192.5,208.0,323.0,453.0,235.5,0.0,,0.28716,0.21389,,0.7617,0.8743,155.5,238.0,155.5,164.5,691.0,585.0,193.0,0.0,0.17592,0.27993,0.20395,0.9461,0.6934,0.8145,115.5,198.0,115.5,152.0,458.0,812.0,154.5,0.0,0.20799,0.25225,0.28813,0.8588,0.6218,0.6705,84.0,157.5,84.0,97.5,1512.0,754.0,120.5,0.0,0.20714,0.23971,0.21335,0.7848,0.5287,0.6138,61.0,127.0,61.0,75.5,2081.0,1150.0,91.5,0.0,0.22473,0.23843,0.2273,0.6803,0.4302,0.5061,43.5,95.5,43.5,54.0,1850.0,1127.0,68.0,0.0,0.22135,0.23954,0.22713,0.584,0.3381,0.4049,27.0,74.0,27.0,40.0,6950.0,2609.0,49.5,0.0,0.23236,0.22876,0.23587,0.4836,0.245,0.3185,0.0,0.0,0.0,0.0,0.0,82.0,0.5,0.0,0.0,0.0,0.0,0.0,0.0,0.0,0.0,0.0,0.0,0.0,0.0,69.0,0.5,0.0,0.0,0.0,0.0,0.0,0.0,0.0,0.0,0.0,0.0,0.0,0.0,51.0,0.5,0.0,0.0,0.0,0.0,0.0,0.0,0.0,0.0,0.0,0.0,0.0,0.0,26.0,0.5,0.0,0.0,0.0,0.0,0.0,0.0,0.0,99.0,99.0,0.5,0.5,29.0,54.0,0.5,0.0,0.44401,0.5,0.40936,-0.004,-0.0191,-0.0044,0.0,0.0,0.0,0.0,0.0,30.0,0.5,0.0,0.0,0.0,0.0,0.0,0.0,0.0,0.0,0.0,0.0,0.0,0.0,37.0,0.5,0.0,0.0,0.0,0.0,0.0,0.0,0.0,0.5,1.5,0.5,0.5,3.0,159.0,0.5,0.0,0.40289,0.40388,0.36794,-0.0044,-0.0123,-0.0049,0.0,0.0,0.0,0.0,0.0,83.0,0.5,0.0,0.0,0.0,0.0,0.0,0.0,0.0,0.0,0.0,0.0,0.0,0.0,97.0,0.5,0.0,0.0,0.0,0.0,0.0,0.0,0.0,0.5,0.5,0.5,0.5,1.0,273.0,0.5,0.0,0.36288,0.31128,0.32746,-0.0048,-0.0058,-0.0055,0.0,0.0,0.0,0.0,0.0,315.0,0.5,0.0,0.0,0.0,0.0,0.0,0.0,0.0,0.5,0.5,0.5,0.5,1.0,183.0,0.5,0.0,0.33667,0.28468,0.301,-0.0052,-0.0063,-0.0059,0.0,0.0,0.0,0.0,0.0,212.0,1.0,0.0,0.0,0.0,0.0,0.0,0.0,0.0,0.5,2.0,0.5,1.5,150.0,505.0,1.0,0.0,0.31089,0.31234,0.31739,-0.0056,-0.0201,-0.0152,1.0,1.5,1.0,1.5,374.0,742.0,1.5,0.0,0.3247,0.28432,0.30285,-0.0101,-0.017,-0.0159,2.0,3.0,2.0,3.0,1179.0,1320.0,2.0,0.0,0.32858,0.28612,0.30647,-0.0185,-0.0312,-0.029,3.0,4.5,2.5,4.0,1582.0,1083.0,3.0,0.0,0.31048,0.27525,0.29036,-0.0238,-0.0459,-0.0391,5.0,6.5,3.5,6.0,1681.0,822.0,4.5,0.0,0.29792,0.26238,0.28083,-0.0331,-0.0656,-0.0571,9.0,9.5,5.0,9.0,2746.0,1110.0,7.0,0.0,0.28647,0.2502,0.27195,-0.0468,-0.0939,-0.0827,12.5,14.0,7.5,12.5,2571.0,1234.0,10.5,0.0,0.27827,0.23879,0.25803,-0.0678,-0.1343,-0.1136,20.0,21.5,11.0,20.0,5712.0,1639.0,15.5,0.0,0.26936,0.23169,0.25656,-0.0962,-0.1937,-0.1667,30.0,32.5,17.0,31.0,2152.0,961.0,23.5,0.0,0.26589,0.22568,0.25656,-0.1389,-0.271,-0.2343,46.0,47.5,24.5,44.0,5885.0,1288.0,34.5,0.0,0.25845,0.21922,0.25038,-0.19,-0.3643,-0.3098,66.0,67.5,36.5,63.0,2592.0,717.0,50.5,0.0,0.25742,0.2131,0.25041,-0.2587,-0.4709,-0.3989,91.0,92.5,52.0,86.0,2818.0,487.0,71.5,0.0,0.25541,0.20558,0.24855,-0.3371,-0.5848,-0.4921,120.5,122.0,73.5,117.5,1010.0,326.0,98.0,0.0,0.25877,0.19383,0.25826,-0.4241,-0.7021,-0.5806,155.5,156.0,100.5,154.0,400.0,224.0,129.5,0.0,0.26503,0.17503,0.2712,-0.5109,-0.8212,-0.6558,22.0,53.5,22.0,28.0,2670.0,1620.0,36.0,0.0,0.23222,0.24882,0.23873,0.3884,0.1961,0.2416,195.5,197.0,130.5,193.5,252.0,198.0,166.0,0.0,0.26775,0.15808,0.28384,-0.5934,-0.9162,-0.7183,18.5,41.0,18.5,21.0,5346.0,568.0,26.5,0.0,0.24351,0.26917,0.24948,0.3104,0.1608,0.1867,12.5,30.0,12.5,16.0,4710.0,734.0,19.5,0.0,0.24894,0.26958,0.26072,0.2415,0.1167,0.1451,248.5,248.5,166.5,214.0,359.0,103.0,206.0,0.0,0.27721,0.19985,0.20152,-0.6648,-0.9128,-0.868,227.5,278.0,227.5,278.0,30.0,30.0,249.0,0.0,0.35903,,0.30416,-0.6772,,-0.8146,9.5,23.5,9.5,12.0,6876.0,1695.0,15.0,0.0,0.26162,0.27936,0.26982,0.1924,0.0902,0.1115,0.0,0.0,0.0,0.0,0.0,0.0,294.5,0.0,0.0,0.0,0.0,0.0,0.0,0.0,,,,,,,,,,,,,,,,,,,,,,,,,,,,,,,,,,,,,,,,,,,,,,,,,,,,,,,,,,,,,,,,,,,,,,,,,,,,,,,,,,,,,,,,,,,,,,,,,,,,,,,,,,,,,,,,,,,,,,,,,,,,,,,,,,,,,,,,,,,,,,,,,,,,,,,,,,,,,,,,,,,,,,,,,,,,,,,,,,,,,,,,,,,,,,,,,,,,,,,,,,,,,,,,,,,,,,,,,,,,,,,,,,,,,,,,,,,,,,,,,,,,,,,,,,,,,,,,,,,,,,,,,,,,,,,,,,,,,,,,,,,,,,,,,,,,,,,,,,,,,,,,,,,,,,,,,,,,,,,,,,,,,,,,,,,,,,,,,,,,,,,,,,,,,,,,,,,,,,,,,,,,,,,,,,,,,,,,,,,,,,,,,,,,,,,,,,,,,,,,,,,,,,,,,,,,,,,,,,,,,,,,,,,,,,,,,,,,,,,,,,,,,,,,
2021-09-14,0.0,0.0,0.0,0.0,0.0,0.0,847.0,0.0,0,0,0,0,0,0,0.0,0.0,0.0,0.0,0.0,10.0,822.5,0.0,0,0,0,0,0,0,0.0,0.0,0.0,0.0,0.0,3.0,797.5,0.0,0,0,0,0,0,0,0.0,0.0,0.0,0.0,0.0,3.0,772.5,0.0,0,0,0,0,0,0,0.0,0.0,0.0,0.0,0.0,3.0,747.5,0.0,0,0,0,0,0,0,0.0,0.0,0.0,0.0,0.0,3.0,723.0,0.0,0,0,0,0,0,0,0.0,0.0,0.0,0.0,0.0,0.0,698.0,0.0,0,0,0,0,0,0,0.0,0.0,0.0,0.0,0.0,3.0,673.5,0.0,0,0,0,0,0,0,0.0,0.0,0.0,0.0,0.0,3.0,648.5,0.0,0,0,0,0,0,0,0.0,0.0,0.0,0.0,0.0,3.0,623.5,0.0,0,0,0,0,0,0,0.0,0.0,0.0,0.0,0.0,3.0,599.0,0.0,0,0,0,0,0,0,0.0,0.0,0.0,0.0,0.0,18.0,574.5,0.0,0,0,0,0,0,0,0.0,0.0,0.0,0.0,0.0,69.0,549.5,0.0,0.0,0.0,0.0,0.0,0.0,0.0,505.0,505.0,505.0,505.0,10.0,129.0,525.0,0.0,0.0,0.5,0.0,0.0,0.9121,0.0,0.0,0.0,0.0,0.0,0.0,119.0,500.5,0.0,0.0,0.0,0.0,0.0,0.0,0.0,0.0,0.0,0.0,0.0,0.0,106.0,476.0,0.0,0.0,0.0,0.0,0.0,0.0,0.0,437.0,437.0,437.0,437.0,20.0,168.0,427.0,0.0,,0.5,0.5,,0.8571,0.8699,0.0,0.0,0.0,0.0,0.0,136.0,378.5,0.0,0.0,0.0,0.0,0.0,0.0,0.0,0.0,0.0,0.0,0.0,0.0,190.0,330.5,0.0,0.0,0.0,0.0,0.0,0.0,0.0,0.0,0.0,0.0,0.0,0.0,116.0,283.0,0.0,0.0,0.0,0.0,0.0,0.0,0.0,0.0,0.0,0.0,0.0,0.0,162.0,237.0,0.0,0.0,0.0,0.0,0.0,0.0,0.0,238.0,238.0,165.5,166.5,375.0,430.0,192.5,0.0,0.23449,0.26404,0.18503,0.8898,0.7449,0.8579,191.0,192.0,119.0,131.0,690.0,724.0,151.5,0.0,0.21626,0.22114,0.20231,0.8486,0.6867,0.7489,133.5,133.5,87.5,98.0,656.0,809.0,116.0,0.0,0.12967,0.21804,0.20481,0.8861,0.5821,0.6404,114.0,114.0,63.0,72.0,1219.0,803.0,87.0,0.0,0.20579,0.21977,0.2108,0.6844,0.4712,0.5242,86.0,93.5,45.5,53.0,2903.0,1032.0,64.0,0.0,0.23554,0.22673,0.22064,0.5683,0.3694,0.4161,66.0,69.0,33.5,38.0,1377.0,1123.0,46.5,0.0,0.23573,0.2374,0.22769,0.4685,0.2861,0.3216,45.0,52.0,24.0,27.5,4104.0,2799.0,33.5,0.0,0.2441,0.24489,0.23672,0.3773,0.2168,0.2455,0.0,0.0,0.0,0.0,0.0,82.0,1.0,0.0,0.0,0.0,0.0,0.0,0.0,0.0,0.0,0.0,0.0,0.0,0.0,69.0,1.0,0.0,0.0,0.0,0.0,0.0,0.0,0.0,0.0,0.0,0.0,0.0,0.0,51.0,1.0,0.0,0.0,0.0,0.0,0.0,0.0,0.0,0.0,0.0,0.0,0.0,0.0,26.0,1.5,0.0,0.0,0.0,0.0,0.0,0.0,0.0,30.0,30.0,30.0,30.0,20.0,54.0,1.5,0.0,0.5,0.5,0.5,-0.0115,-0.0205,-0.0178,0.0,0.0,0.0,0.0,0.0,30.0,1.5,0.0,0.0,0.0,0.0,0.0,0.0,0.0,0.0,0.0,0.0,0.0,0.0,37.0,2.0,0.0,0.0,0.0,0.0,0.0,0.0,0.0,0.5,0.5,0.5,0.5,18.0,159.0,2.0,0.0,0.38694,0.34696,0.35718,-0.0047,-0.0054,-0.0052,0.0,0.0,0.0,0.0,0.0,83.0,2.5,0.0,0.0,0.0,0.0,0.0,0.0,0.0,0.0,0.0,0.0,0.0,0.0,97.0,2.5,0.0,0.0,0.0,0.0,0.0,0.0,0.0,1.5,1.5,0.5,1.0,77.0,277.0,3.0,0.0,0.34593,0.35206,0.34396,-0.0052,-0.0143,-0.0101,2.0,2.0,1.0,1.0,42.0,326.0,3.0,0.0,0.36173,0.3515,0.32941,-0.0094,-0.0185,-0.0105,0.5,1.5,0.5,1.5,27.0,206.0,3.5,0.0,0.31912,0.32155,0.33315,-0.0056,-0.0156,-0.0149,0.0,0.0,0.0,0.0,0.0,212.0,4.0,0.0,0.0,0.0,0.0,0.0,0.0,0.0,1.0,1.0,0.5,1.0,71.0,500.0,4.5,0.0,0.29269,0.27492,0.28617,-0.0061,-0.0125,-0.012,1.5,2.0,1.5,1.5,553.0,807.0,5.0,0.0,0.32272,0.28904,0.2882,-0.0151,-0.0221,-0.0171,2.5,3.0,2.0,2.5,698.0,1276.0,6.0,0.0,0.30671,0.27688,0.28085,-0.0204,-0.0329,-0.0275,4.0,4.5,3.0,4.0,932.0,1111.0,7.5,0.0,0.29634,0.26476,0.2723,-0.0301,-0.0486,-0.0425,5.0,7.0,5.0,6.0,1894.0,708.0,9.0,0.0,0.29247,0.25493,0.26075,-0.0474,-0.0732,-0.0626,7.5,11.0,6.5,9.0,1817.0,1294.0,11.5,0.0,0.27434,0.24659,0.24942,-0.0628,-0.1098,-0.0915,10.5,16.5,10.0,13.5,2506.0,1267.0,15.0,0.0,0.26692,0.23592,0.23848,-0.0923,-0.1582,-0.1325,17.0,26.0,15.0,21.0,5340.0,1524.0,21.0,0.0,0.25892,0.2314,0.23164,-0.1322,-0.2292,-0.1929,25.0,40.0,24.0,33.5,1533.0,1032.0,30.0,0.0,0.25919,0.22887,0.23107,-0.1919,-0.3184,-0.2759,37.0,60.0,35.0,50.5,3463.0,1091.0,44.0,0.0,0.25393,0.23006,0.23009,-0.2604,-0.4209,-0.3719,57.5,86.0,51.5,75.0,3530.0,689.0,65.0,0.0,0.25458,0.2334,0.23649,-0.3444,-0.5257,-0.4757,76.0,117.0,73.0,102.0,1145.0,434.0,92.0,0.0,0.25669,0.23651,0.23469,-0.4351,-0.6244,-0.5775,101.5,143.5,100.5,140.0,495.0,414.0,124.0,0.0,0.26286,0.20644,0.25316,-0.5254,-0.745,-0.659,140.0,191.0,140.0,176.0,1727.0,305.0,161.0,0.0,0.29258,0.23947,0.25268,-0.598,-0.7888,-0.7392,35.5,38.0,17.0,20.5,2620.0,1640.0,24.0,0.0,0.24907,0.25163,0.24834,0.2964,0.1616,0.1883,166.5,236.0,166.5,236.0,286.0,237.0,202.0,0.0,0.27038,0.2556,0.33415,-0.6868,-0.8343,-0.7376,26.5,28.0,13.0,14.5,5087.0,861.0,17.5,0.0,0.25624,0.2643,0.25477,0.2303,0.125,0.1398,19.5,21.0,10.0,11.5,3146.0,834.0,12.5,0.0,0.26533,0.2762,0.26952,0.179,0.0971,0.1105,232.5,285.0,227.5,285.0,332.0,118.0,245.0,0.0,0.35445,0.28621,0.37252,-0.6949,-0.8546,-0.7617,0.0,0.0,0.0,0.0,0.0,30.0,290.0,0.0,0.0,0.0,0.0,0.0,0.0,0.0,13.0,16.0,7.5,9.5,4589.0,2659.0,9.0,0.0,0.27531,0.2854,0.28568,0.1397,0.0742,0.0899,0.0,0.0,0.0,0.0,0.0,0.0,336.0,0.0,0.0,0.0,0.0,0.0,0.0,0.0,,,,,,,,,,,,,,,,,,,,,,,,,,,,,,,,,,,,,,,,,,,,,,,,,,,,,,,,,,,,,,,,,,,,,,,,,,,,,,,,,,,,,,,,,,,,,,,,,,,,,,,,,,,,,,,,,,,,,,,,,,,,,,,,,,,,,,,,,,,,,,,,,,,,,,,,,,,,,,,,,,,,,,,,,,,,,,,,,,,,,,,,,,,,,,,,,,,,,,,,,,,,,,,,,,,,,,,,,,,,,,,,,,,,,,,,,,,,,,,,,,,,,,,,,,,,,,,,,,,,,,,,,,,,,,,,,,,,,,,,,,,,,,,,,,,,,,,,,,,,,,,,,,,,,,,,,,,,,,,,,,,,,,,,,,,,,,,,,,,,,,,,,,,,,,,,,,,,,,,,,,,,,,,,,,,,,,,,,,,,,,,,,,,,,,,,,,,,,,,,,,,,,,,,,,,,,,,,,,,,,,,,,,,,,,,,,,,,,,,,,,,,,,,,
2021-09-15,0.0,0.0,0.0,0.0,0.0,0.0,828.5,0.0,0,0,0,0,0,0,0.0,0.0,0.0,0.0,0.0,10.0,804.0,0.0,0,0,0,0,0,0,0.0,0.0,0.0,0.0,0.0,3.0,779.0,0.0,0,0,0,0,0,0,0.0,0.0,0.0,0.0,0.0,3.0,754.0,0.0,0,0,0,0,0,0,0.0,0.0,0.0,0.0,0.0,3.0,729.0,0.0,0,0,0,0,0,0,0.0,0.0,0.0,0.0,0.0,3.0,704.5,0.0,0,0,0,0,0,0,0.0,0.0,0.0,0.0,0.0,0.0,679.5,0.0,0,0,0,0,0,0,0.0,0.0,0.0,0.0,0.0,3.0,654.5,0.0,0,0,0,0,0,0,0.0,0.0,0.0,0.0,0.0,3.0,630.0,0.0,0,0,0,0,0,0,0.0,0.0,0.0,0.0,0.0,3.0,605.0,0.0,0,0,0,0,0,0,0.0,0.0,0.0,0.0,0.0,3.0,580.5,0.0,0,0,0,0,0,0,0.0,0.0,0.0,0.0,0.0,18.0,555.5,0.0,0,0,0,0,0,0,0.0,0.0,0.0,0.0,0.0,69.0,531.0,0.0,0.0,0.0,0.0,0.0,0.0,0.0,0.0,0.0,0.0,0.0,0.0,129.0,506.0,0.0,0.0,0.0,0.0,0.0,0.0,0.0,0.0,0.0,0.0,0.0,0.0,119.0,481.5,0.0,0.0,0.0,0.0,0.0,0.0,0.0,0.0,0.0,0.0,0.0,0.0,106.0,457.0,0.0,0.0,0.0,0.0,0.0,0.0,0.0,0.0,0.0,0.0,0.0,0.0,168.0,407.5,0.0,0.0,0.0,0.0,0.0,0.0,0.0,415.0,420.0,405.0,420.0,4.0,132.0,358.5,0.0,,0.5,,,0.8043,,0.0,0.0,0.0,0.0,0.0,190.0,310.0,0.0,0.0,0.0,0.0,0.0,0.0,0.0,0.0,0.0,0.0,0.0,0.0,116.0,263.0,0.0,0.0,0.0,0.0,0.0,0.0,0.0,192.5,298.0,174.5,280.0,197.0,166.0,217.5,0.0,,0.26144,,,0.7771,,147.0,254.0,128.0,237.5,523.0,415.0,174.5,0.0,0.19933,0.22142,,0.9444,0.7229,,119.5,211.0,95.5,191.5,535.0,832.0,136.0,0.0,0.21609,0.22112,0.14287,0.8801,0.6182,0.9516,88.0,169.5,72.5,151.5,529.0,823.0,103.0,0.0,0.2164,0.23332,0.17483,0.8109,0.5067,0.8419,64.5,135.5,50.5,122.0,1471.0,742.0,76.0,0.0,0.22861,0.23129,0.20869,0.7139,0.4001,0.7088,52.0,103.5,35.5,92.5,4818.0,1149.0,55.0,0.0,0.22891,0.23606,0.21546,0.6167,0.3064,0.5988,33.0,78.0,25.5,67.5,4221.0,1256.0,39.5,0.0,0.23334,0.24494,0.21837,0.5136,0.2324,0.4888,25.0,57.5,19.0,49.5,7943.0,3068.0,28.0,0.0,0.23748,0.2571,0.22637,0.415,0.1778,0.3872,0.0,0.0,0.0,0.0,0.0,82.0,1.5,0.0,0.0,0.0,0.0,0.0,0.0,0.0,0.0,0.0,0.0,0.0,0.0,69.0,1.5,0.0,0.0,0.0,0.0,0.0,0.0,0.0,0.0,0.0,0.0,0.0,0.0,51.0,1.5,0.0,0.0,0.0,0.0,0.0,0.0,0.0,0.0,0.0,0.0,0.0,0.0,26.0,2.0,0.0,0.0,0.0,0.0,0.0,0.0,0.0,3.0,3.0,1.0,1.0,21.0,57.0,2.0,0.0,0.48334,0.48517,0.4786,-0.0073,-0.0202,-0.0073,0.0,0.0,0.0,0.0,0.0,30.0,2.0,0.0,0.0,0.0,0.0,0.0,0.0,0.0,0.0,0.0,0.0,0.0,0.0,37.0,2.5,0.0,0.0,0.0,0.0,0.0,0.0,0.0,0.0,0.0,0.0,0.0,0.0,159.0,2.5,0.0,0.0,0.0,0.0,0.0,0.0,0.0,0.0,0.0,0.0,0.0,0.0,83.0,2.5,0.0,0.0,0.0,0.0,0.0,0.0,0.0,0.0,0.0,0.0,0.0,0.0,97.0,3.0,0.0,0.0,0.0,0.0,0.0,0.0,0.0,0.0,0.0,0.0,0.0,0.0,277.0,3.0,0.0,0.0,0.0,0.0,0.0,0.0,0.0,0.0,0.0,0.0,0.0,0.0,326.0,3.5,0.0,0.0,0.0,0.0,0.0,0.0,0.0,0.0,0.0,0.0,0.0,0.0,206.0,3.5,0.0,0.0,0.0,0.0,0.0,0.0,0.0,2.0,2.0,2.0,2.0,1.0,212.0,4.0,0.0,0.38499,0.30809,0.37968,-0.0167,-0.0215,-0.017,1.5,1.5,1.0,1.0,268.0,401.0,4.0,0.0,0.33515,0.27925,0.33019,-0.0102,-0.0182,-0.0104,2.0,2.0,1.0,1.0,320.0,774.0,4.5,0.0,0.32087,0.27617,0.31588,-0.0106,-0.0237,-0.0108,3.0,3.5,1.5,1.5,986.0,1256.0,5.0,0.0,0.30983,0.27028,0.30453,-0.0158,-0.0394,-0.0161,4.5,5.5,2.5,3.0,1011.0,1145.0,6.5,0.0,0.30413,0.25982,0.30793,-0.0253,-0.0602,-0.0294,6.5,8.0,3.5,3.5,1531.0,517.0,8.0,0.0,0.2901,0.24493,0.28411,-0.0354,-0.0869,-0.0362,10.0,13.0,5.5,5.5,2496.0,1124.0,10.5,0.0,0.28263,0.23774,0.27613,-0.0535,-0.1329,-0.0548,15.0,21.0,7.5,8.0,2650.0,1418.0,15.0,0.0,0.26685,0.23261,0.26405,-0.0732,-0.1981,-0.0783,22.0,34.0,11.5,11.5,4098.0,1804.0,22.0,0.0,0.25892,0.23255,0.25122,-0.1073,-0.2856,-0.1104,34.5,55.0,18.0,18.5,3828.0,1230.0,33.5,0.0,0.25437,0.24275,0.24816,-0.1567,-0.3899,-0.1639,52.0,76.0,27.5,27.5,4689.0,1260.0,50.5,0.0,0.25072,0.2354,0.24083,-0.2209,-0.4932,-0.2286,79.0,105.0,41.0,41.0,2327.0,765.0,73.0,0.0,0.2486,0.23698,0.2371,-0.2999,-0.5969,-0.3116,108.5,141.5,62.5,65.5,1202.0,529.0,102.0,0.0,0.25806,0.24796,0.25363,-0.3933,-0.6839,-0.4121,153.5,170.5,87.5,92.0,868.0,514.0,136.0,0.0,0.26313,0.21227,0.26029,-0.4848,-0.8032,-0.5052,187.0,211.0,117.0,121.0,817.0,269.0,174.5,0.0,0.26811,0.19938,0.26068,-0.5723,-0.8867,-0.5949,18.0,42.0,14.0,35.0,3433.0,1948.0,19.5,0.0,0.24301,0.26729,0.23094,0.327,0.1348,0.2973,235.0,260.0,150.0,161.0,294.0,183.0,216.0,0.0,0.2712,0.22552,0.28347,-0.6533,-0.9067,-0.6629,14.0,31.0,11.0,25.5,4548.0,1047.0,14.0,0.0,0.25115,0.28156,0.24018,0.2546,0.106,0.2272,9.5,23.0,8.5,18.5,4539.0,1067.0,9.5,0.0,0.25992,0.29328,0.2488,0.1969,0.0827,0.1719,190.5,225.0,190.5,225.0,21.0,138.0,260.5,0.0,0.28799,,0.37957,-0.7143,,-0.6708,0.0,0.0,0.0,0.0,0.0,30.0,306.0,0.0,0.0,0.0,0.0,0.0,0.0,0.0,8.0,18.5,7.0,15.5,4335.0,2876.0,7.0,0.0,0.27563,0.30827,0.26863,0.1583,0.0673,0.1403,0.0,0.0,0.0,0.0,0.0,0.0,353.5,0.0,0.0,0.0,0.0,0.0,0.0,0.0,,,,,,,,,,,,,,,,,,,,,,,,,,,,,,,,,,,,,,,,,,,,,,,,,,,,,,,,,,,,,,,,,,,,,,,,,,,,,,,,,,,,,,,,,,,,,,,,,,,,,,,,,,,,,,,,,,,,,,,,,,,,,,,,,,,,,,,,,,,,,,,,,,,,,,,,,,,,,,,,,,,,,,,,,,,,,,,,,,,,,,,,,,,,,,,,,,,,,,,,,,,,,,,,,,,,,,,,,,,,,,,,,,,,,,,,,,,,,,,,,,,,,,,,,,,,,,,,,,,,,,,,,,,,,,,,,,,,,,,,,,,,,,,,,,,,,,,,,,,,,,,,,,,,,,,,,,,,,,,,,,,,,,,,,,,,,,,,,,,,,,,,,,,,,,,,,,,,,,,,,,,,,,,,,,,,,,,,,,,,,,,,,,,,,,,,,,,,,,,,,,,,,,,,,,,,,,,,,,,,,,,,,,,,,,,,,,,,,,,,,,,,,,,,
2021-09-16,0.0,0.0,0.0,0.0,0.0,0.0,955.0,0.0,0,0,0,0,0,0,0.0,0.0,0.0,0.0,0.0,10.0,930.0,0.0,0,0,0,0,0,0,0.0,0.0,0.0,0.0,0.0,3.0,905.0,0.0,0,0,0,0,0,0,0.0,0.0,0.0,0.0,0.0,3.0,880.0,0.0,0,0,0,0,0,0,0.0,0.0,0.0,0.0,0.0,3.0,855.0,0.0,0,0,0,0,0,0,0.0,0.0,0.0,0.0,0.0,3.0,830.0,0.0,0,0,0,0,0,0,0.0,0.0,0.0,0.0,0.0,0.0,805.0,0.0,0,0,0,0,0,0,0.0,0.0,0.0,0.0,0.0,3.0,780.0,0.0,0,0,0,0,0,0,0.0,0.0,0.0,0.0,0.0,3.0,755.0,0.0,0,0,0,0,0,0,0.0,0.0,0.0,0.0,0.0,3.0,730.0,0.0,0,0,0,0,0,0,0.0,0.0,0.0,0.0,0.0,3.0,705.0,0.0,0,0,0,0,0,0,0.0,0.0,0.0,0.0,0.0,18.0,680.0,0.0,0,0,0,0,0,0,0.0,0.0,0.0,0.0,0.0,69.0,655.0,0.0,0.0,0.0,0.0,0.0,0.0,0.0,0.0,0.0,0.0,0.0,0.0,129.0,630.0,0.0,0.0,0.0,0.0,0.0,0.0,0.0,0.0,0.0,0.0,0.0,0.0,119.0,605.0,0.0,0.0,0.0,0.0,0.0,0.0,0.0,0.0,0.0,0.0,0.0,0.0,106.0,580.0,0.0,0.0,0.0,0.0,0.0,0.0,0.0,0.0,0.0,0.0,0.0,0.0,168.0,530.5,0.0,0.0,0.0,0.0,0.0,0.0,0.0,0.0,0.0,0.0,0.0,0.0,132.0,481.0,0.0,0.0,0.0,0.0,0.0,0.0,0.0,0.0,0.0,0.0,0.0,0.0,190.0,432.0,0.0,0.0,0.0,0.0,0.0,0.0,0.0,369.0,399.0,369.0,399.0,15.0,113.0,383.5,0.0,,0.46397,0.5,,0.8416,0.8382,322.5,367.5,309.5,310.5,247.0,148.0,336.0,0.0,,0.36748,0.24882,,0.853,0.9461,271.5,307.5,269.5,287.5,377.0,434.0,289.5,0.0,,0.36819,0.37606,,0.8067,0.8199,216.0,272.0,216.0,220.5,680.0,784.0,245.0,0.0,,0.30311,0.24574,,0.7927,0.8618,182.5,236.5,177.5,178.0,323.0,758.0,202.5,0.0,0.21373,0.2963,0.23734,0.9116,0.7307,0.803,129.0,180.0,129.0,133.0,477.0,759.0,163.0,0.0,0.11333,0.24473,0.20809,0.9743,0.6807,0.7451,115.5,158.0,101.0,111.5,1372.0,1104.0,128.0,0.0,0.23346,0.25218,0.24724,0.7588,0.5834,0.6225,95.5,125.5,76.5,82.0,1658.0,1099.0,98.5,0.0,0.24043,0.25484,0.24069,0.666,0.4874,0.5255,55.0,100.0,53.5,57.0,6402.0,2595.0,75.5,0.0,0.25296,0.24732,0.23277,0.5684,0.3902,0.4226,0.0,0.0,0.0,0.0,0.0,82.0,0.5,0.0,0.0,0.0,0.0,0.0,0.0,0.0,0.0,0.0,0.0,0.0,0.0,69.0,0.5,0.0,0.0,0.0,0.0,0.0,0.0,0.0,0.0,0.0,0.0,0.0,0.0,51.0,0.5,0.0,0.0,0.0,0.0,0.0,0.0,0.0,0.0,0.0,0.0,0.0,0.0,26.0,0.5,0.0,0.0,0.0,0.0,0.0,0.0,0.0,0.0,0.0,0.0,0.0,0.0,57.0,0.5,0.0,0.0,0.0,0.0,0.0,0.0,0.0,0.0,0.0,0.0,0.0,0.0,30.0,0.5,0.0,0.0,0.0,0.0,0.0,0.0,0.0,0.0,0.0,0.0,0.0,0.0,37.0,0.5,0.0,0.0,0.0,0.0,0.0,0.0,0.0,0.0,0.0,0.0,0.0,0.0,159.0,0.5,0.0,0.0,0.0,0.0,0.0,0.0,0.0,0.0,0.0,0.0,0.0,0.0,83.0,0.5,0.0,0.0,0.0,0.0,0.0,0.0,0.0,0.0,0.0,0.0,0.0,0.0,97.0,0.5,0.0,0.0,0.0,0.0,0.0,0.0,0.0,0.0,0.0,0.0,0.0,0.0,277.0,0.5,0.0,0.0,0.0,0.0,0.0,0.0,0.0,0.0,0.0,0.0,0.0,0.0,326.0,0.5,0.0,0.0,0.0,0.0,0.0,0.0,0.0,0.0,0.0,0.0,0.0,0.0,206.0,0.5,0.0,0.0,0.0,0.0,0.0,0.0,0.0,0.0,0.0,0.0,0.0,0.0,212.0,0.5,0.0,0.0,0.0,0.0,0.0,0.0,0.0,1.0,1.0,1.0,1.0,280.0,368.0,0.5,0.0,0.37679,0.33488,0.34406,-0.0091,-0.0104,-0.0101,1.5,1.5,0.5,1.0,503.0,565.0,0.5,0.0,0.33317,0.33884,0.32958,-0.0054,-0.0149,-0.0105,2.0,2.5,1.0,1.5,1902.0,949.0,1.0,0.0,0.33408,0.33416,0.31843,-0.0102,-0.0237,-0.0156,2.5,3.0,1.5,2.5,2243.0,978.0,1.5,0.0,0.32375,0.31197,0.31283,-0.0151,-0.0296,-0.025,3.0,4.5,3.0,4.5,650.0,634.0,2.5,0.0,0.32903,0.30189,0.31335,-0.0274,-0.0433,-0.0417,4.0,6.0,3.5,6.0,1543.0,1215.0,4.0,0.0,0.30598,0.28472,0.29689,-0.0335,-0.0584,-0.056,7.0,8.5,5.5,8.5,926.0,1479.0,6.5,0.0,0.29982,0.27099,0.28413,-0.0505,-0.0819,-0.0782,10.0,13.0,8.5,12.5,2469.0,2087.0,10.0,0.0,0.29395,0.26307,0.27439,-0.0744,-0.1194,-0.111,13.0,19.5,12.5,19.0,2133.0,1651.0,15.0,0.0,0.2858,0.25508,0.2688,-0.1051,-0.1697,-0.1584,24.5,29.0,18.5,29.0,3897.0,1586.0,23.0,0.0,0.27961,0.24837,0.26681,-0.1473,-0.236,-0.2219,40.0,42.5,27.0,42.5,1682.0,753.0,33.5,0.0,0.27429,0.24323,0.26458,-0.2017,-0.3184,-0.2974,46.0,63.0,40.0,58.5,3312.0,803.0,48.5,0.0,0.27454,0.24636,0.2573,-0.2717,-0.4153,-0.3811,69.5,84.0,57.5,84.0,2578.0,545.0,68.5,0.0,0.27673,0.23559,0.26585,-0.3513,-0.5158,-0.4743,95.0,112.0,79.5,112.0,913.0,391.0,95.5,0.0,0.27959,0.23073,0.26783,-0.4353,-0.6192,-0.5639,45.0,76.5,39.0,46.0,5258.0,1898.0,58.0,0.0,0.25652,0.25267,0.25442,0.4759,0.3063,0.3422,128.0,150.5,108.0,150.5,430.0,276.0,127.5,0.0,0.28903,0.24532,0.29011,-0.5181,-0.6997,-0.6359,32.0,61.0,28.0,35.0,5966.0,1045.0,45.0,0.0,0.27094,0.25768,0.26505,0.3939,0.2351,0.2716,25.0,47.0,21.0,29.5,4950.0,1362.0,35.5,0.0,0.2787,0.26789,0.287,0.3206,0.1823,0.2248,164.5,184.5,146.5,184.5,75.0,201.0,164.5,0.0,0.31692,0.22873,0.28668,-0.5865,-0.7944,-0.711,195.0,217.0,194.0,201.0,46.0,36.0,205.0,0.0,0.36434,0.16273,0.18088,-0.6316,-0.937,-0.8919,21.0,40.0,16.0,23.5,9198.0,3819.0,28.0,0.0,0.30064,0.27884,0.30008,0.2693,0.142,0.1818,0.0,0.0,0.0,0.0,0.0,0.0,247.5,0.0,0.0,0.0,0.0,0.0,0.0,0.0,,,,,,,,,,,,,,,,,,,,,,,,,,,,,,,,,,,,,,,,,,,,,,,,,,,,,,,,,,,,,,,,,,,,,,,,,,,,,,,,,,,,,,,,,,,,,,,,,,,,,,,,,,,,,,,,,,,,,,,,,,,,,,,,,,,,,,,,,,,,,,,,,,,,,,,,,,,,,,,,,,,,,,,,,,,,,,,,,,,,,,,,,,,,,,,,,,,,,,,,,,,,,,,,,,,,,,,,,,,,,,,,,,,,,,,,,,,,,,,,,,,,,,,,,,,,,,,,,,,,,,,,,,,,,,,,,,,,,,,,,,,,,,,,,,,,,,,,,,,,,,,,,,,,,,,,,,,,,,,,,,,,,,,,,,,,,,,,,,,,,,,,,,,,,,,,,,,,,,,,,,,,,,,,,,,,,,,,,,,,,,,,,,,,,,,,,,,,,,,,,,,,,,,,,,,,,,,,,,,,,,,,,,,,,,,,,,,,,,,,,,,,,,,,
2021-09-17,0.0,0.0,0.0,0.0,0.0,0.0,891.0,0.0,0,0,0,0,0,0,0.0,0.0,0.0,0.0,0.0,10.0,866.0,0.0,0,0,0,0,0,0,0.0,0.0,0.0,0.0,0.0,3.0,841.0,0.0,0,0,0,0,0,0,0.0,0.0,0.0,0.0,0.0,3.0,816.0,0.0,0,0,0,0,0,0,0.0,0.0,0.0,0.0,0.0,3.0,791.0,0.0,0,0,0,0,0,0,0.0,0.0,0.0,0.0,0.0,3.0,766.0,0.0,0,0,0,0,0,0,0.0,0.0,0.0,0.0,0.0,0.0,741.0,0.0,0,0,0,0,0,0,0.0,0.0,0.0,0.0,0.0,3.0,716.0,0.0,0,0,0,0,0,0,0.0,0.0,0.0,0.0,0.0,3.0,691.0,0.0,0,0,0,0,0,0,0.0,0.0,0.0,0.0,0.0,3.0,666.0,0.0,0,0,0,0,0,0,0.0,0.0,0.0,0.0,0.0,3.0,641.0,0.0,0,0,0,0,0,0,0.0,0.0,0.0,0.0,0.0,18.0,616.0,0.0,0,0,0,0,0,0,0.0,0.0,0.0,0.0,0.0,69.0,591.0,0.0,0.0,0.0,0.0,0.0,0.0,0.0,0.0,0.0,0.0,0.0,0.0,129.0,566.5,0.0,0.0,0.0,0.0,0.0,0.0,0.0,0.0,0.0,0.0,0.0,0.0,119.0,541.5,0.0,0.0,0.0,0.0,0.0,0.0,0.0,0.0,0.0,0.0,0.0,0.0,106.0,516.5,0.0,0.0,0.0,0.0,0.0,0.0,0.0,0.0,0.0,0.0,0.0,0.0,168.0,467.0,0.0,0.0,0.0,0.0,0.0,0.0,0.0,0.0,0.0,0.0,0.0,0.0,132.0,418.0,0.0,0.0,0.0,0.0,0.0,0.0,0.0,0.0,0.0,0.0,0.0,0.0,190.0,369.0,0.0,0.0,0.0,0.0,0.0,0.0,0.0,0.0,0.0,0.0,0.0,0.0,113.0,321.0,0.0,0.0,0.0,0.0,0.0,0.0,0.0,298.5,298.5,298.5,298.5,2.0,148.0,274.0,0.0,,0.5,0.5,,0.7204,0.729,0.0,0.0,0.0,0.0,0.0,434.0,228.5,0.0,0.0,0.0,0.0,0.0,0.0,0.0,204.5,204.5,130.5,130.5,29.0,779.0,185.5,0.0,,0.24154,0.21342,,0.7071,0.7482,143.5,171.0,93.5,99.0,412.0,795.0,146.5,0.0,0.17048,0.22363,0.22108,0.8932,0.6138,0.6369,120.5,144.5,68.0,72.0,613.0,715.0,112.5,0.0,0.23395,0.22734,0.22374,0.7404,0.5004,0.523,94.5,110.5,50.0,53.0,1284.0,1142.0,85.0,0.0,0.23241,0.23748,0.23398,0.6461,0.3959,0.4153,61.0,89.5,37.5,39.5,2507.0,993.0,64.0,0.0,0.25573,0.25091,0.24668,0.5406,0.3101,0.3252,54.0,69.0,29.0,29.5,4017.0,2612.0,49.0,0.0,0.26432,0.26693,0.25888,0.4475,0.2444,0.2526,0.0,0.0,0.0,0.0,0.0,82.0,0.5,0.0,0.0,0.0,0.0,0.0,0.0,0.0,0.0,0.0,0.0,0.0,0.0,69.0,0.5,0.0,0.0,0.0,0.0,0.0,0.0,0.0,0.0,0.0,0.0,0.0,0.0,51.0,0.5,0.0,0.0,0.0,0.0,0.0,0.0,0.0,0.0,0.0,0.0,0.0,0.0,26.0,0.5,0.0,0.0,0.0,0.0,0.0,0.0,0.0,0.5,0.5,0.5,0.5,14.0,43.0,0.5,0.0,0.46888,0.41768,0.42209,-0.0041,-0.0047,-0.0047,0.0,0.0,0.0,0.0,0.0,30.0,0.5,0.0,0.0,0.0,0.0,0.0,0.0,0.0,0.0,0.0,0.0,0.0,0.0,37.0,0.5,0.0,0.0,0.0,0.0,0.0,0.0,0.0,0.0,0.0,0.0,0.0,0.0,159.0,0.5,0.0,0.0,0.0,0.0,0.0,0.0,0.0,0.0,0.0,0.0,0.0,0.0,83.0,0.5,0.0,0.0,0.0,0.0,0.0,0.0,0.0,0.0,0.0,0.0,0.0,0.0,97.0,0.5,0.0,0.0,0.0,0.0,0.0,0.0,0.0,0.0,0.0,0.0,0.0,0.0,277.0,0.5,0.0,0.0,0.0,0.0,0.0,0.0,0.0,1.0,1.0,1.0,1.0,13.0,316.0,0.5,0.0,0.39922,0.34309,0.34794,-0.0089,-0.0107,-0.0105,1.0,1.0,1.0,1.0,3.0,209.0,0.5,0.0,0.38416,0.32777,0.33264,-0.0093,-0.0111,-0.011,0.0,0.0,0.0,0.0,0.0,212.0,1.0,0.0,0.0,0.0,0.0,0.0,0.0,0.0,1.0,1.5,1.0,1.5,24.0,364.0,1.0,0.0,0.35436,0.31501,0.32016,-0.01,-0.0166,-0.0163,1.5,1.5,1.5,1.5,120.0,620.0,1.0,0.0,0.35904,0.2992,0.30442,-0.0142,-0.0174,-0.0171,2.0,2.0,2.0,2.0,24.0,956.0,1.5,0.0,0.34292,0.28031,0.28577,-0.0192,-0.0238,-0.0234,2.5,3.0,2.0,2.5,960.0,870.0,2.5,0.0,0.31159,0.2664,0.26345,-0.0209,-0.0356,-0.0306,4.0,4.5,3.5,4.0,1064.0,590.0,3.5,0.0,0.3089,0.25223,0.25228,-0.0345,-0.0531,-0.0478,7.0,7.0,5.0,6.5,2407.0,1177.0,5.5,0.0,0.29581,0.23989,0.24234,-0.0488,-0.0806,-0.0749,11.0,11.5,7.5,10.0,2107.0,1409.0,8.5,0.0,0.28597,0.23159,0.22956,-0.071,-0.1253,-0.1122,14.5,19.5,11.0,18.0,5092.0,1842.0,13.0,0.0,0.27517,0.22829,0.23004,-0.1011,-0.1932,-0.1798,22.0,32.0,16.5,29.0,3795.0,1279.0,20.0,0.0,0.26706,0.22727,0.22622,-0.1443,-0.2826,-0.2629,32.5,52.0,25.5,47.0,6481.0,1038.0,30.5,0.0,0.2642,0.23472,0.23064,-0.2052,-0.3903,-0.3677,45.0,76.5,40.0,69.5,3118.0,538.0,46.5,0.0,0.2689,0.23825,0.23142,-0.2846,-0.4985,-0.477,69.0,110.0,56.5,100.5,2444.0,574.0,69.0,0.0,0.26532,0.25402,0.24209,-0.3683,-0.5959,-0.5811,96.0,146.5,80.5,137.5,894.0,427.0,98.0,0.0,0.27147,0.26557,0.25749,-0.4602,-0.6789,-0.6669,129.0,184.5,111.5,178.0,312.0,396.0,133.0,0.0,0.28505,0.26951,0.27327,-0.5466,-0.7533,-0.7349,40.0,55.0,10.5,22.0,6758.0,1947.0,38.5,0.0,0.28004,0.21814,0.27007,0.3682,0.1274,0.1949,173.5,227.5,148.5,224.5,178.0,274.0,172.0,0.0,0.30521,0.28249,0.30438,-0.6189,-0.8063,-0.7747,35.0,43.0,19.0,20.0,3053.0,1156.0,31.0,0.0,0.2912,0.30288,0.29959,0.2996,0.1592,0.1668,23.0,35.5,15.5,17.0,3576.0,1715.0,25.5,0.0,0.30923,0.31872,0.31965,0.2483,0.1296,0.1391,214.5,273.0,190.0,270.0,223.0,183.0,214.5,0.0,0.33066,0.29913,0.32568,-0.6747,-0.8441,-0.8113,250.0,317.0,237.0,317.0,88.0,54.0,259.0,0.0,0.36872,0.29883,0.34916,-0.7108,-0.8866,-0.8378,20.0,30.0,12.0,12.0,6029.0,3702.0,21.0,0.0,0.32823,0.32848,0.3211,0.2085,0.1024,0.104,283.5,364.0,279.0,364.0,92.0,32.0,304.5,0.0,0.38328,0.30921,0.36855,-0.7522,-0.9118,-0.8611,18.0,24.5,10.5,11.5,1402.0,510.0,17.5,0.0,0.34114,0.34769,0.34843,0.1725,0.0875,0.094,14.0,20.5,8.5,10.5,5268.0,2538.0,15.0,0.0,0.35566,0.35908,0.37002,0.1447,0.0712,0.0829,0.0,0.0,0.0,0.0,0.0,0.0,351.0,0.0,0.0,0.0,0.0,0.0,0.0,0.0,0.0,0.0,0.0,0.0,0.0,0.0,398.5,0.0,0.0,0.0,0.0,0.0,0.0,0.0,,,,,,,,,,,,,,,,,,,,,,,,,,,,,,,,,,,,,,,,,,,,,,,,,,,,,,,,,,,,,,,,,,,,,,,,,,,,,,,,,,,,,,,,,,,,,,,,,,,,,,,,,,,,,,,,,,,,,,,,,,,,,,,,,,,,,,,,,,,,,,,,,,,,,,,,,,,,,,,,,,,,,,,,,,,,,,,,,,,,,,,,,,,,,,,,,,,,,,,,,,,,,,,,,,,,,,,,,,,,,,,,,,,,,,,,,,,,,,,,,,,,,,,,,,,,,,,,,,,,,,,,,,,,,,,,,,,,,,,,,,,,,,,,,,,,,,,,,,,,,,,,,,,,,,,,,,,,,,,,,,,,,,,,,,,,,,,,,,,,,,,,,,,,,,,,,,,,,,,,,,,,,,,,,,,,,,,,,,,,,,,,,,,,,,,,
2021-09-22,0.0,0.0,0.0,0.0,0.0,0.0,905.0,0.0,0,0,0,0,0,0,0.0,0.0,0.0,0.0,0.0,10.0,880.0,0.0,0,0,0,0,0,0,0.0,0.0,0.0,0.0,0.0,3.0,855.0,0.0,0,0,0,0,0,0,0.0,0.0,0.0,0.0,0.0,3.0,830.0,0.0,0,0,0,0,0,0,0.0,0.0,0.0,0.0,0.0,3.0,805.0,0.0,0,0,0,0,0,0,0.0,0.0,0.0,0.0,0.0,3.0,780.0,0.0,0,0,0,0,0,0,0.0,0.0,0.0,0.0,0.0,0.0,755.0,0.0,0,0,0,0,0,0,0.0,0.0,0.0,0.0,0.0,3.0,730.0,0.0,0,0,0,0,0,0,0.0,0.0,0.0,0.0,0.0,3.0,705.0,0.0,0,0,0,0,0,0,0.0,0.0,0.0,0.0,0.0,3.0,680.0,0.0,0,0,0,0,0,0,0.0,0.0,0.0,0.0,0.0,3.0,655.0,0.0,0,0,0,0,0,0,0.0,0.0,0.0,0.0,0.0,18.0,630.0,0.0,0,0,0,0,0,0,0.0,0.0,0.0,0.0,0.0,69.0,605.0,0.0,0.0,0.0,0.0,0.0,0.0,0.0,0.0,0.0,0.0,0.0,0.0,129.0,580.5,0.0,0.0,0.0,0.0,0.0,0.0,0.0,0.0,0.0,0.0,0.0,0.0,119.0,555.5,0.0,0.0,0.0,0.0,0.0,0.0,0.0,0.0,0.0,0.0,0.0,0.0,106.0,530.5,0.0,0.0,0.0,0.0,0.0,0.0,0.0,0.0,0.0,0.0,0.0,0.0,168.0,481.0,0.0,0.0,0.0,0.0,0.0,0.0,0.0,0.0,0.0,0.0,0.0,0.0,132.0,432.0,0.0,0.0,0.0,0.0,0.0,0.0,0.0,376.0,401.5,376.0,401.5,26.0,184.0,383.0,0.0,,0.5,,,0.8389,,353.0,353.0,353.0,353.0,10.0,113.0,335.0,0.0,,0.5,,,0.7973,,339.5,339.5,339.5,339.5,10.0,138.0,287.5,0.0,,0.5,,,0.7509,,229.0,292.5,229.0,292.5,194.0,446.0,241.5,0.0,,0.49712,0.19438,,0.7011,0.9853,140.0,240.0,140.0,233.5,396.0,714.0,198.0,0.0,,0.2665,,,0.7342,,111.5,204.0,107.0,194.5,334.0,748.0,157.5,0.0,0.22907,0.26706,0.16701,0.89,0.6367,0.9496,85.0,164.0,78.0,157.0,430.0,599.0,121.5,0.0,0.23995,0.2633,0.21647,0.8087,0.5318,0.8271,55.0,132.0,55.0,129.5,1849.0,1073.0,91.5,0.0,0.26115,0.26197,0.25959,0.7038,0.4243,0.6993,45.5,102.5,44.0,102.5,2022.0,962.0,68.0,0.0,0.26854,0.28744,0.2749,0.6036,0.3406,0.5961,34.5,76.0,31.5,74.5,6951.0,2602.0,50.5,0.0,0.26811,0.29291,0.26811,0.5028,0.2624,0.4967,0.0,0.0,0.0,0.0,0.0,82.0,0.5,0.0,0.0,0.0,0.0,0.0,0.0,0.0,0.0,0.0,0.0,0.0,0.0,69.0,0.5,0.0,0.0,0.0,0.0,0.0,0.0,0.0,0.0,0.0,0.0,0.0,0.0,51.0,0.5,0.0,0.0,0.0,0.0,0.0,0.0,0.0,0.0,0.0,0.0,0.0,0.0,26.0,0.5,0.0,0.0,0.0,0.0,0.0,0.0,0.0,0.0,0.0,0.0,0.0,0.0,43.0,0.5,0.0,0.0,0.0,0.0,0.0,0.0,0.0,0.0,0.0,0.0,0.0,0.0,30.0,0.5,0.0,0.0,0.0,0.0,0.0,0.0,0.0,0.0,0.0,0.0,0.0,0.0,37.0,0.5,0.0,0.0,0.0,0.0,0.0,0.0,0.0,0.0,0.0,0.0,0.0,0.0,159.0,0.5,0.0,0.0,0.0,0.0,0.0,0.0,0.0,0.0,0.0,0.0,0.0,0.0,83.0,0.5,0.0,0.0,0.0,0.0,0.0,0.0,0.0,0.0,0.0,0.0,0.0,0.0,97.0,0.5,0.0,0.0,0.0,0.0,0.0,0.0,0.0,0.0,0.0,0.0,0.0,0.0,277.0,0.5,0.0,0.0,0.0,0.0,0.0,0.0,0.0,0.0,0.0,0.0,0.0,0.0,316.0,0.5,0.0,0.0,0.0,0.0,0.0,0.0,0.0,0.0,0.0,0.0,0.0,0.0,209.0,0.5,0.0,0.0,0.0,0.0,0.0,0.0,0.0,0.0,0.0,0.0,0.0,0.0,212.0,1.0,0.0,0.0,0.0,0.0,0.0,0.0,0.0,0.0,0.0,0.0,0.0,0.0,364.0,1.0,0.0,0.0,0.0,0.0,0.0,0.0,0.0,1.0,1.5,1.0,1.0,267.0,582.0,1.0,0.0,0.39474,0.34182,0.3932,-0.0099,-0.017,-0.01,1.5,1.5,1.5,1.5,51.0,974.0,1.5,0.0,0.38316,0.30694,0.38154,-0.0147,-0.0187,-0.0147,2.0,3.0,2.0,2.0,525.0,836.0,2.5,0.0,0.36512,0.30622,0.36343,-0.0198,-0.0345,-0.0199,2.5,4.0,2.5,3.0,544.0,546.0,3.5,0.0,0.34297,0.28413,0.35202,-0.0255,-0.0473,-0.0293,4.5,6.5,4.0,4.5,549.0,1186.0,5.0,0.0,0.33523,0.27333,0.34107,-0.0393,-0.0741,-0.0429,6.0,9.0,5.5,6.0,954.0,1317.0,8.0,0.0,0.31816,0.2517,0.32218,-0.0542,-0.1043,-0.0577,12.0,15.0,8.0,8.5,2000.0,2082.0,12.0,0.0,0.30477,0.24356,0.30721,-0.0773,-0.1622,-0.0808,21.0,22.0,11.5,11.5,2033.0,1244.0,18.0,0.0,0.29061,0.22521,0.28821,-0.1089,-0.2328,-0.1097,33.0,36.0,18.5,20.0,3646.0,1318.0,27.5,0.0,0.28775,0.22046,0.29327,-0.1613,-0.3404,-0.1691,51.5,52.0,28.5,30.0,2473.0,786.0,41.5,0.0,0.28469,0.20206,0.2883,-0.228,-0.4652,-0.2349,77.0,80.5,43.0,44.0,1121.0,733.0,61.5,0.0,0.28466,0.20515,0.2849,-0.3098,-0.6022,-0.315,108.0,108.0,62.5,62.5,783.0,394.0,88.0,0.0,0.28651,0.17598,0.28224,-0.4012,-0.7598,-0.4057,133.5,136.5,87.0,93.5,432.0,347.0,120.5,0.0,0.28916,,0.3063,-0.4955,,-0.4995,25.0,58.5,25.0,57.5,4232.0,1947.0,38.0,0.0,0.28169,0.31223,0.28246,0.4091,0.2094,0.4038,166.0,168.5,122.5,127.0,150.0,232.0,158.0,0.0,0.31395,,0.3236,-0.5788,,-0.5806,22.0,45.0,22.0,44.5,1988.0,1110.0,29.0,0.0,0.29478,0.3414,0.2966,0.3293,0.1768,0.3254,19.0,33.5,17.5,31.5,3388.0,1106.0,23.0,0.0,0.30255,0.35601,0.2973,0.2595,0.1424,0.251,234.0,234.0,162.0,164.5,132.0,194.0,199.0,0.0,0.34043,,0.34248,-0.6453,,-0.6487,258.5,260.0,197.0,197.0,49.0,45.0,242.5,0.0,0.33892,,0.33016,-0.7149,,-0.7248,14.0,27.0,14.0,26.5,3156.0,3668.0,18.5,0.0,0.32075,0.36995,0.32135,0.2104,0.115,0.2072,271.5,271.5,271.5,271.5,10.0,32.0,288.0,0.0,0.48778,,0.47969,-0.6903,,-0.6969,12.5,21.0,10.5,19.5,1367.0,435.0,14.5,0.0,0.33285,0.37665,0.32728,0.1676,0.0892,0.1601,11.5,17.0,8.0,16.0,4365.0,1756.0,12.0,0.0,0.3483,0.38464,0.34451,0.1364,0.0696,0.131,0.0,0.0,0.0,0.0,0.0,0.0,334.0,0.0,0.0,0.0,0.0,0.0,0.0,0.0,0.0,0.0,0.0,0.0,0.0,0.0,381.5,0.0,0.0,0.0,0.0,0.0,0.0,0.0,,,,,,,,,,,,,,,,,,,,,,,,,,,,,,,,,,,,,,,,,,,,,,,,,,,,,,,,,,,,,,,,,,,,,,,,,,,,,,,,,,,,,,,,,,,,,,,,,,,,,,,,,,,,,,,,,,,,,,,,,,,,,,,,,,,,,,,,,,,,,,,,,,,,,,,,,,,,,,,,,,,,,,,,,,,,,,,,,,,,,,,,,,,,,,,,,,,,,,,,,,,,,,,,,,,,,,,,,,,,,,,,,,,,,,,,,,,,,,,,,,,,,,,,,,,,,,,,,,,,,,,,,,,,,,,,,,,,,,,,,,,,,,,,,,,,,,,,,,,,,,,,,,,,,,,,,,,,,,,,,,,,,,,,,,,,,,,,,,,,,,,,,,,,,,,,,,,,,,,,,,,,,,,,,,,,,,,,,,,,,,,,,,,,,,,,
2021-09-23,0.0,0.0,0.0,0.0,0.0,0.0,992.0,0.0,0,0,0,0,0,0,0.0,0.0,0.0,0.0,0.0,10.0,967.0,0.0,0,0,0,0,0,0,0.0,0.0,0.0,0.0,0.0,3.0,942.0,0.0,0,0,0,0,0,0,0.0,0.0,0.0,0.0,0.0,3.0,917.0,0.0,0,0,0,0,0,0,0.0,0.0,0.0,0.0,0.0,3.0,892.0,0.0,0,0,0,0,0,0,0.0,0.0,0.0,0.0,0.0,3.0,867.0,0.0,0,0,0,0,0,0,0.0,0.0,0.0,0.0,0.0,0.0,842.0,0.0,0,0,0,0,0,0,0.0,0.0,0.0,0.0,0.0,3.0,817.0,0.0,0,0,0,0,0,0,0.0,0.0,0.0,0.0,0.0,3.0,792.0,0.0,0,0,0,0,0,0,0.0,0.0,0.0,0.0,0.0,3.0,767.0,0.0,0,0,0,0,0,0,0.0,0.0,0.0,0.0,0.0,3.0,742.0,0.0,0,0,0,0,0,0,0.0,0.0,0.0,0.0,0.0,18.0,717.0,0.0,0,0,0,0,0,0,0.0,0.0,0.0,0.0,0.0,69.0,692.0,0.0,0.0,0.0,0.0,0.0,0.0,0.0,0.0,0.0,0.0,0.0,0.0,129.0,667.5,0.0,0.0,0.0,0.0,0.0,0.0,0.0,0.0,0.0,0.0,0.0,0.0,119.0,642.5,0.0,0.0,0.0,0.0,0.0,0.0,0.0,0.0,0.0,0.0,0.0,0.0,106.0,617.5,0.0,0.0,0.0,0.0,0.0,0.0,0.0,0.0,0.0,0.0,0.0,0.0,168.0,568.0,0.0,0.0,0.0,0.0,0.0,0.0,0.0,0.0,0.0,0.0,0.0,0.0,132.0,518.5,0.0,0.0,0.0,0.0,0.0,0.0,0.0,0.0,0.0,0.0,0.0,0.0,184.0,469.5,0.0,0.0,0.0,0.0,0.0,0.0,0.0,403.0,478.5,403.0,478.5,40.0,113.0,421.0,0.0,,0.5,,,0.8724,,0.0,0.0,0.0,0.0,0.0,138.0,373.0,0.0,0.0,0.0,0.0,0.0,0.0,0.0,0.0,0.0,0.0,0.0,0.0,446.0,325.5,0.0,0.0,0.0,0.0,0.0,0.0,0.0,263.0,351.5,226.0,351.5,925.0,645.0,279.5,0.0,,0.30599,,,0.8498,,212.0,304.0,186.0,301.0,663.0,757.0,235.0,0.0,,0.30559,,,0.7854,,170.0,268.5,144.5,268.5,521.0,606.0,193.5,0.0,0.1763,0.28347,0.29937,0.9844,0.7211,0.8929,138.0,230.0,112.0,230.0,877.0,973.0,155.5,0.0,0.26682,0.28369,0.32144,0.8788,0.629,0.8253,108.0,187.0,82.5,184.0,1526.0,811.0,122.0,0.0,0.25988,0.27724,0.28825,0.822,0.5309,0.7844,74.0,157.5,60.0,140.0,5245.0,2407.0,94.0,0.0,0.29554,0.27801,0.2571,0.7196,0.4303,0.7262,0.5,0.5,0.5,0.5,11.0,71.0,0.5,0.0,0.5,0.5,0.5,-0.0001,-0.0007,-0.0001,0.0,0.0,0.0,0.0,0.0,69.0,0.5,0.0,0.0,0.0,0.0,0.0,0.0,0.0,0.5,0.5,0.5,0.5,11.0,40.0,0.5,0.0,0.5,0.5,0.5,-0.0003,-0.0013,-0.0003,0.5,0.5,0.5,0.5,21.0,16.0,0.5,0.0,0.5,0.5,0.5,-0.0004,-0.0018,-0.0005,0.5,0.5,0.5,0.5,3.0,43.0,0.5,0.0,0.5,0.5,0.5,-0.0006,-0.0025,-0.0006,0.0,0.0,0.0,0.0,0.0,30.0,0.5,0.0,0.0,0.0,0.0,0.0,0.0,0.0,0.5,0.5,0.5,0.5,3.0,34.0,0.5,0.0,0.5,0.49976,0.5,-0.0011,-0.0044,-0.0012,0.0,0.0,0.0,0.0,0.0,159.0,0.5,0.0,0.0,0.0,0.0,0.0,0.0,0.0,0.0,0.0,0.0,0.0,0.0,83.0,0.5,0.0,0.0,0.0,0.0,0.0,0.0,0.0,0.0,0.0,0.0,0.0,0.0,97.0,0.5,0.0,0.0,0.0,0.0,0.0,0.0,0.0,0.0,0.0,0.0,0.0,0.0,277.0,0.5,0.0,0.0,0.0,0.0,0.0,0.0,0.0,1.5,1.5,1.5,1.5,3.0,316.0,0.5,0.0,0.5,0.47903,0.5,-0.0047,-0.0123,-0.0051,0.5,0.5,0.5,0.5,9.0,200.0,0.5,0.0,0.47705,0.40134,0.47193,-0.0044,-0.0054,-0.0044,0.0,0.0,0.0,0.0,0.0,212.0,0.5,0.0,0.0,0.0,0.0,0.0,0.0,0.0,1.0,1.0,1.0,1.0,110.0,304.0,1.0,0.0,0.48376,0.40246,0.47836,-0.0081,-0.0101,-0.0082,1.0,1.0,1.0,1.0,130.0,462.0,1.0,0.0,0.46723,0.38556,0.46178,-0.0084,-0.0105,-0.0085,1.5,1.5,1.0,1.0,163.0,964.0,1.5,0.0,0.43453,0.37266,0.42904,-0.009,-0.0156,-0.0091,2.0,2.0,1.0,1.0,413.0,948.0,2.0,0.0,0.40224,0.35325,0.3967,-0.0096,-0.0211,-0.0098,3.0,3.5,2.5,2.5,679.0,654.0,3.0,0.0,0.42282,0.34992,0.41665,-0.0209,-0.0348,-0.0212,4.0,5.0,2.5,2.5,1460.0,876.0,4.5,0.0,0.38778,0.33472,0.38152,-0.0226,-0.0493,-0.023,5.5,7.0,3.5,3.5,1056.0,1325.0,6.5,0.0,0.37405,0.31791,0.36745,-0.0313,-0.0687,-0.0319,8.0,10.5,5.5,6.5,3512.0,2311.0,9.0,0.0,0.36889,0.30645,0.37472,-0.047,-0.0996,-0.0536,12.0,16.0,7.5,8.0,3143.0,1105.0,13.0,0.0,0.35393,0.2976,0.35159,-0.0635,-0.1439,-0.0677,18.0,24.0,11.0,12.0,4930.0,1888.0,18.5,0.0,0.34544,0.28932,0.34525,-0.0896,-0.2029,-0.0966,29.0,36.0,16.0,16.5,2970.0,1394.0,27.0,0.0,0.33764,0.28458,0.33183,-0.1243,-0.2796,-0.1297,42.5,53.0,23.0,23.5,5045.0,1656.0,38.5,0.0,0.33054,0.28305,0.32316,-0.1693,-0.3707,-0.1759,59.0,75.5,32.5,32.5,3050.0,711.0,55.0,0.0,0.3238,0.28398,0.31259,-0.2253,-0.4692,-0.2323,82.0,104.5,45.0,45.5,1867.0,439.0,77.0,0.0,0.31712,0.29046,0.30632,-0.2923,-0.5656,-0.3032,58.0,125.0,46.0,120.0,6560.0,1839.0,71.5,0.0,0.29602,0.293,0.3027,0.6356,0.3448,0.6147,107.5,137.0,63.0,63.0,1127.0,269.0,104.5,0.0,0.31752,0.29307,0.30277,-0.3714,-0.6552,-0.3853,45.0,98.5,34.5,95.0,9212.0,1181.0,54.5,0.0,0.30178,0.3037,0.30992,0.5461,0.2718,0.5266,36.0,76.0,21.5,75.5,4736.0,878.0,42.5,0.0,0.30574,0.29241,0.32093,0.4585,0.1941,0.4435,151.5,177.5,86.5,86.5,841.0,273.0,137.5,0.0,0.32244,0.31254,0.30511,-0.455,-0.7218,-0.4734,185.0,217.5,124.5,124.5,416.0,159.0,175.5,0.0,0.36214,0.31807,0.34194,-0.5303,-0.7845,-0.5512,31.0,61.0,21.0,57.0,6567.0,3548.0,34.0,0.0,0.32137,0.33356,0.32173,0.3816,0.1722,0.3644,231.0,231.0,180.0,180.0,24.0,30.0,216.5,0.0,0.45065,,0.42841,-0.575,,-0.5944,21.5,47.0,16.5,46.0,2413.0,452.0,27.5,0.0,0.32835,0.34729,0.33746,0.3116,0.1373,0.3016,18.5,38.0,14.0,38.0,8106.0,1428.0,22.5,0.0,0.34376,0.36758,0.35553,0.2571,0.1147,0.2515,0.0,0.0,0.0,0.0,0.0,0.0,260.0,0.0,0.0,0.0,0.0,0.0,0.0,0.0,0.0,0.0,0.0,0.0,0.0,0.0,305.0,0.0,0.0,0.0,0.0,0.0,0.0,0.0,,,,,,,,,,,,,,,,,,,,,,,,,,,,,,,,,,,,,,,,,,,,,,,,,,,,,,,,,,,,,,,,,,,,,,,,,,,,,,,,,,,,,,,,,,,,,,,,,,,,,,,,,,,,,,,,,,,,,,,,,,,,,,,,,,,,,,,,,,,,,,,,,,,,,,,,,,,,,,,,,,,,,,,,,,,,,,,,,,,,,,,,,,,,,,,,,,,,,,,,,,,,,,,,,,,,,,,,,,,,,,,,,,,,,,,,,,,,,,,,,,,,,,,,,,,,,,,,,,,,,,,,,,,,,,,,,,,,,,,,,,,,,,,,,,,,,,,,,,,,,,,,,,,,,,,,,,,,,,,,,,,,,,,,,,,,,,,,,,,,,,,,,,,,,,,,,,,,,,,,,,,,,,,,,,,,,,,,,,,,,,,,,,,,,,,,
2021-09-24,0.0,0.0,0.0,0.0,0.0,0.0,1067.0,0.0,0,0,0,0,0,0,0.0,0.0,0.0,0.0,0.0,10.0,1042.0,0.0,0,0,0,0,0,0,0.0,0.0,0.0,0.0,0.0,3.0,1017.0,0.0,0,0,0,0,0,0,0.0,0.0,0.0,0.0,0.0,3.0,992.0,0.0,0,0,0,0,0,0,0.0,0.0,0.0,0.0,0.0,3.0,967.0,0.0,0,0,0,0,0,0,0.0,0.0,0.0,0.0,0.0,3.0,942.0,0.0,0,0,0,0,0,0,0.0,0.0,0.0,0.0,0.0,0.0,917.0,0.0,0,0,0,0,0,0,0.0,0.0,0.0,0.0,0.0,3.0,892.0,0.0,0,0,0,0,0,0,0.0,0.0,0.0,0.0,0.0,3.0,867.0,0.0,0,0,0,0,0,0,0.0,0.0,0.0,0.0,0.0,3.0,842.0,0.0,0,0,0,0,0,0,0.0,0.0,0.0,0.0,0.0,3.0,817.0,0.0,0,0,0,0,0,0,0.0,0.0,0.0,0.0,0.0,18.0,792.0,0.0,0,0,0,0,0,0,0.0,0.0,0.0,0.0,0.0,69.0,767.0,0.0,0.0,0.0,0.0,0.0,0.0,0.0,0.0,0.0,0.0,0.0,0.0,129.0,742.0,0.0,0.0,0.0,0.0,0.0,0.0,0.0,0.0,0.0,0.0,0.0,0.0,119.0,717.5,0.0,0.0,0.0,0.0,0.0,0.0,0.0,0.0,0.0,0.0,0.0,0.0,106.0,692.5,0.0,0.0,0.0,0.0,0.0,0.0,0.0,0.0,0.0,0.0,0.0,0.0,168.0,642.5,0.0,0.0,0.0,0.0,0.0,0.0,0.0,0.0,0.0,0.0,0.0,0.0,132.0,593.0,0.0,0.0,0.0,0.0,0.0,0.0,0.0,0.0,0.0,0.0,0.0,0.0,184.0,544.0,0.0,0.0,0.0,0.0,0.0,0.0,0.0,490.0,594.5,446.0,446.0,27.0,109.0,494.5,0.0,0.5,0.5,,0.9528,0.908,,590.5,590.5,385.0,391.5,13.0,136.0,446.0,0.0,0.5,0.48207,,0.9345,0.8859,,0.0,0.0,0.0,0.0,0.0,446.0,397.5,0.0,0.0,0.0,0.0,0.0,0.0,0.0,346.5,373.5,329.5,329.5,33.0,643.0,350.0,0.0,,0.5,0.40985,,0.8019,0.8793,299.0,342.0,232.0,262.5,306.0,746.0,303.5,0.0,0.28631,0.30969,0.18829,0.9597,0.8564,0.9803,342.5,342.5,190.5,219.0,325.0,582.0,258.5,0.0,0.5,0.30382,0.23705,0.8123,0.7977,0.9076,220.5,245.0,154.5,185.0,426.0,875.0,215.5,0.0,0.24418,0.30767,0.28711,0.9224,0.7195,0.801,186.0,201.5,118.5,145.5,566.0,631.0,176.0,0.0,0.24928,0.29465,0.27687,0.8641,0.6386,0.7287,145.0,171.5,89.5,112.0,1782.0,2156.0,140.0,0.0,0.29777,0.29193,0.27499,0.7541,0.5438,0.6368,0.0,0.0,0.0,0.0,0.0,71.0,0.5,0.0,0.0,0.0,0.0,0.0,0.0,0.0,0.0,0.0,0.0,0.0,0.0,69.0,0.5,0.0,0.0,0.0,0.0,0.0,0.0,0.0,0.0,0.0,0.0,0.0,0.0,40.0,0.5,0.0,0.0,0.0,0.0,0.0,0.0,0.0,0.0,0.0,0.0,0.0,0.0,16.0,0.5,0.0,0.0,0.0,0.0,0.0,0.0,0.0,0.5,0.5,0.5,0.5,5.0,38.0,0.5,0.0,0.5,0.5,0.5,-0.0003,-0.0012,-0.0007,0.0,0.0,0.0,0.0,0.0,30.0,0.5,0.0,0.0,0.0,0.0,0.0,0.0,0.0,0.0,0.0,0.0,0.0,0.0,34.0,0.5,0.0,0.0,0.0,0.0,0.0,0.0,0.0,0.0,0.0,0.0,0.0,0.0,159.0,0.5,0.0,0.0,0.0,0.0,0.0,0.0,0.0,0.0,0.0,0.0,0.0,0.0,83.0,0.5,0.0,0.0,0.0,0.0,0.0,0.0,0.0,0.0,0.0,0.0,0.0,0.0,97.0,0.5,0.0,0.0,0.0,0.0,0.0,0.0,0.0,0.0,0.0,0.0,0.0,0.0,277.0,0.5,0.0,0.0,0.0,0.0,0.0,0.0,0.0,0.5,0.5,0.5,0.5,2.0,314.0,0.5,0.0,0.5,0.45685,0.47926,-0.0033,-0.0048,-0.0045,0.0,0.0,0.0,0.0,0.0,200.0,0.5,0.0,0.0,0.0,0.0,0.0,0.0,0.0,0.0,0.0,0.0,0.0,0.0,212.0,0.5,0.0,0.0,0.0,0.0,0.0,0.0,0.0,0.5,0.5,0.5,0.5,4.0,300.0,0.5,0.0,0.46745,0.40802,0.43069,-0.0045,-0.0053,-0.005,0.0,0.0,0.0,0.0,0.0,462.0,1.0,0.0,0.0,0.0,0.0,0.0,0.0,0.0,1.0,1.0,1.0,1.0,10.0,954.0,1.0,0.0,0.45669,0.3925,0.41702,-0.0087,-0.0104,-0.0097,1.5,2.0,1.5,1.5,468.0,1031.0,1.5,0.0,0.44732,0.39649,0.40554,-0.0128,-0.0191,-0.0143,2.5,2.5,1.5,2.0,810.0,913.0,2.5,0.0,0.41325,0.37366,0.38736,-0.0138,-0.0246,-0.0193,3.0,3.5,2.5,3.0,1059.0,969.0,3.0,0.0,0.41016,0.35747,0.37634,-0.0218,-0.0344,-0.0283,4.5,5.5,4.0,5.0,1020.0,1536.0,4.5,0.0,0.40634,0.34939,0.37364,-0.0333,-0.0519,-0.0445,5.0,8.5,5.0,6.5,3001.0,2460.0,6.0,0.0,0.38501,0.34152,0.35338,-0.0424,-0.0766,-0.0585,9.5,13.0,8.0,10.0,3686.0,1122.0,8.5,0.0,0.38351,0.3346,0.34688,-0.0637,-0.111,-0.0856,14.0,18.5,9.0,14.5,3965.0,1773.0,12.0,0.0,0.35208,0.32217,0.33664,-0.0758,-0.1525,-0.1193,18.0,27.0,15.0,20.5,1654.0,1441.0,17.0,0.0,0.35689,0.31425,0.32494,-0.1145,-0.2095,-0.1624,26.0,39.0,20.5,29.5,5141.0,1650.0,24.0,0.0,0.34409,0.30827,0.31711,-0.152,-0.2808,-0.2202,36.0,54.0,28.0,38.0,2968.0,828.0,34.0,0.0,0.33205,0.29923,0.29453,-0.2001,-0.363,-0.2822,54.5,77.0,39.0,59.0,2923.0,638.0,48.0,0.0,0.32459,0.30368,0.30767,-0.2622,-0.4568,-0.3746,119.5,137.0,67.5,85.5,1517.0,1723.0,109.0,0.0,0.29786,0.29709,0.28068,0.6732,0.4483,0.5362,71.0,105.5,54.5,82.0,3563.0,536.0,67.5,0.0,0.32178,0.31088,0.31014,-0.337,-0.5482,-0.4647,92.0,107.0,51.0,66.5,3536.0,1114.0,84.0,0.0,0.29841,0.30592,0.29509,0.5846,0.3621,0.4414,69.0,84.0,38.0,50.0,3290.0,1271.0,64.5,0.0,0.30729,0.3136,0.30271,0.4941,0.287,0.3559,93.0,137.0,75.0,108.0,1378.0,321.0,92.0,0.0,0.32262,0.31309,0.30715,-0.4196,-0.6343,-0.5552,121.5,170.5,100.5,146.5,453.0,177.0,122.0,0.0,0.32604,0.30707,0.33434,-0.5039,-0.7175,-0.6284,58.0,65.0,29.0,40.0,5605.0,2786.0,49.0,0.0,0.31481,0.32544,0.32166,0.4098,0.2274,0.2897,156.5,213.5,133.0,189.0,417.0,110.0,157.0,0.0,0.3395,0.32784,0.36597,-0.5817,-0.7708,-0.6836,42.5,50.5,21.0,28.0,4027.0,419.0,37.5,0.0,0.32472,0.3305,0.3199,0.3355,0.1744,0.2216,36.0,37.5,15.5,20.5,8363.0,2785.0,28.5,0.0,0.32775,0.33838,0.32644,0.2674,0.134,0.1707,0.0,0.0,0.0,0.0,0.0,0.0,195.0,0.0,0.0,0.0,0.0,0.0,0.0,0.0,0.0,0.0,0.0,0.0,0.0,0.0,236.5,0.0,0.0,0.0,0.0,0.0,0.0,0.0,,,,,,,,,,,,,,,,,,,,,,,,,,,,,,,,,,,,,,,,,,,,,,,,,,,,,,,,,,,,,,,,,,,,,,,,,,,,,,,,,,,,,,,,,,,,,,,,,,,,,,,,,,,,,,,,,,,,,,,,,,,,,,,,,,,,,,,,,,,,,,,,,,,,,,,,,,,,,,,,,,,,,,,,,,,,,,,,,,,,,,,,,,,,,,,,,,,,,,,,,,,,,,,,,,,,,,,,,,,,,,,,,,,,,,,,,,,,,,,,,,,,,,,,,,,,,,,,,,,,,,,,,,,,,,,,,,,,,,,,,,,,,,,,,,,,,,,,,,,,,,,,,,,,,,,,,,,,,,,,,,,,,,,,,,,,,,,,,,,,,,,,,,,,,,,,,,,,,,,,,,,,,,,,,,,,,,,,,,,,,,,,,,,,,,,,
2021-09-27,1243.5,1243.5,1210.0,1210.0,2.0,0.0,1164.0,0.0,0,0,0,0,0,0,1231.5,1231.5,1200.5,1200.5,3.0,10.0,1139.0,0.0,0,0,0,0,0,0,1164.5,1175.5,1160.0,1175.5,3.0,6.0,1114.0,0.0,0,0,0,0,0,0,1136.0,1136.0,1136.0,1136.0,1.0,4.0,1089.0,0.0,0,0,0,0,0,0,1130.0,1130.0,1111.0,1111.0,2.0,3.0,1064.0,0.0,0,0,0,0,0,0,1130.5,1130.5,1085.0,1085.0,3.0,4.0,1039.0,0.0,0,0,0,0,0,0,1094.5,1094.5,1060.0,1060.0,4.0,0.0,1014.0,0.0,0,0,0,0,0,0,1068.5,1068.5,1035.0,1050.5,4.0,3.0,989.0,0.0,0,0,0,0,0,0,1043.5,1043.5,1025.5,1025.5,3.0,4.0,964.0,0.0,0,0,0,0,0,0,0.0,0.0,0.0,0.0,0.0,3.0,939.0,0.0,0,0,0,0,0,0,1012.0,1012.0,1012.0,1012.0,1.0,4.0,914.0,0.0,0,0,0,0,0,0,0.0,0.0,0.0,0.0,0.0,18.0,889.0,0.0,0,0,0,0,0,0,781.5,805.0,781.5,805.0,50.0,79.0,864.0,0.0,0.0,0.0,0.0,0.0,0.0,0.0,756.5,779.5,756.5,779.5,50.0,139.0,839.0,0.0,0.0,0.0,0.0,0.0,0.0,0.0,683.5,754.5,683.0,754.5,45.0,142.0,814.0,0.0,0.0,0.0,0.0,0.0,0.0,0.0,667.5,729.5,667.5,729.5,30.0,136.0,789.0,0.0,0.0,0.0,0.0,0.0,0.0,0.0,617.5,679.5,617.5,679.5,50.0,198.0,739.5,0.0,0.0,0.0,0.0,0.0,0.0,0.0,554.0,629.5,554.0,629.5,30.0,132.0,689.5,0.0,0.0,0.0,0.0,0.0,0.0,0.0,505.5,574.5,505.5,574.5,43.0,184.0,640.0,0.0,0.0,0.5,0.0,0.0,0.9541,0.0,458.5,669.0,458.5,657.0,52.0,108.0,590.5,0.0,0.0,0.5,0.0,0.0,0.9338,0.0,410.0,610.0,410.0,610.0,11.0,135.0,541.5,0.0,0.0,0.5,0.0,0.0,0.9077,0.0,359.0,608.0,359.0,560.0,126.0,409.0,493.0,0.0,0.0,0.5,0.31344,0.0,0.8753,0.9979,376.0,510.0,376.0,508.5,42.0,641.0,444.5,0.0,,0.5,,,0.8365,,279.5,507.0,279.5,507.0,61.0,746.0,397.5,0.0,,0.5,0.5,,0.7915,0.9308,236.0,456.0,236.0,456.0,23.0,570.0,351.0,0.0,,0.48414,0.5,,0.7465,0.9059,185.0,426.0,172.0,370.0,338.0,855.0,306.5,0.0,0.40824,0.34811,0.39845,0.945,0.7437,0.9226,149.5,379.0,134.0,322.5,583.0,503.0,263.5,0.0,0.39862,0.33081,0.37499,0.9241,0.6711,0.902,115.5,340.5,102.0,268.5,2135.0,1287.0,223.5,0.0,0.44249,0.32285,0.29418,0.8689,0.5823,0.9132,0.5,11.0,0.5,0.5,61.0,112.0,0.5,0.0,0.5,0.5,0.5,-0.0,-0.0001,-0.0,0.0,0.0,0.0,0.0,0.0,69.0,0.5,0.0,0.0,0.0,0.0,0.0,0.0,0.0,0.0,0.0,0.0,0.0,0.0,40.0,0.5,0.0,0.0,0.0,0.0,0.0,0.0,0.0,0.0,0.0,0.0,0.0,0.0,16.0,0.5,0.0,0.0,0.0,0.0,0.0,0.0,0.0,0.0,0.0,0.0,0.0,0.0,38.0,0.5,0.0,0.0,0.0,0.0,0.0,0.0,0.0,0.5,0.5,0.5,0.5,3.0,27.0,0.5,0.0,0.5,0.5,0.5,-0.0,-0.0005,-0.0,0.5,0.5,0.5,0.5,3.0,34.0,0.5,0.0,0.5,0.5,0.5,-0.0,-0.0008,-0.0001,0.0,0.0,0.0,0.0,0.0,159.0,0.5,0.0,0.0,0.0,0.0,0.0,0.0,0.0,0.5,0.5,0.5,0.5,3.0,83.0,0.5,0.0,0.5,0.5,0.5,-0.0001,-0.0016,-0.0001,0.0,0.0,0.0,0.0,0.0,97.0,0.5,0.0,0.0,0.0,0.0,0.0,0.0,0.0,104.5,104.5,0.5,0.5,40.0,243.0,0.5,0.0,0.5,0.5,0.5,-0.0002,-0.003,-0.0003,104.5,104.5,0.5,0.5,47.0,274.0,0.5,0.0,0.5,0.5,0.5,-0.0002,-0.004,-0.0005,0.0,0.0,0.0,0.0,0.0,200.0,0.5,0.0,0.0,0.0,0.0,0.0,0.0,0.0,0.0,0.0,0.0,0.0,0.0,212.0,0.5,0.0,0.0,0.0,0.0,0.0,0.0,0.0,2.0,2.0,0.5,2.0,11.0,300.0,0.5,1.0,0.5,0.5,0.5,-0.0007,-0.0094,-0.0013,0.5,0.5,0.5,0.5,10.0,452.0,0.5,0.0,0.5,0.43931,0.5,-0.001,-0.0054,-0.0017,1.0,1.0,1.0,1.0,10.0,954.0,1.0,0.0,0.5,0.44073,0.5,-0.0019,-0.0101,-0.0032,105.0,105.0,0.5,1.0,531.0,819.0,1.0,0.0,0.5,0.5,0.5,-0.0034,-0.0307,-0.0055,2.0,2.0,1.0,1.5,542.0,1013.0,1.5,0.0,0.5,0.40692,0.5,-0.0058,-0.0201,-0.0092,3.0,3.0,1.5,1.5,1487.0,1792.0,2.0,0.0,0.5,0.39384,0.48442,-0.0095,-0.0297,-0.0125,4.0,5.0,1.5,2.5,1877.0,2277.0,3.0,0.0,0.48146,0.38939,0.48396,-0.0124,-0.0467,-0.0197,6.0,7.0,3.0,3.5,3060.0,3084.0,4.5,0.0,0.49555,0.37239,0.47192,-0.0223,-0.0648,-0.0271,5.5,11.5,5.0,7.0,1379.0,1104.0,6.0,0.0,0.5,0.37096,0.49405,-0.0344,-0.0985,-0.0475,14.0,17.0,6.5,10.5,2476.0,2208.0,8.5,0.0,0.48497,0.36192,0.49439,-0.0447,-0.1385,-0.0672,19.0,23.5,6.5,13.5,1534.0,1379.0,12.5,0.0,0.44371,0.34625,0.47861,-0.0484,-0.1858,-0.0853,28.0,34.5,9.0,19.5,4865.0,2016.0,17.5,0.0,0.43283,0.34118,0.47937,-0.0653,-0.2525,-0.1155,39.0,48.0,13.5,23.5,1896.0,697.0,25.0,0.0,0.43197,0.33131,0.45564,-0.0919,-0.3291,-0.1402,55.0,67.0,17.0,31.0,2139.0,706.0,35.0,0.0,0.41232,0.32749,0.44613,-0.1157,-0.4185,-0.1779,89.5,296.0,76.5,240.0,1721.0,1447.0,186.5,0.0,0.42429,0.32241,0.38298,0.8371,0.4869,0.8048,78.0,93.5,24.5,39.5,2942.0,699.0,48.0,0.0,0.41095,0.33491,0.432,-0.1558,-0.5116,-0.2204,70.5,254.0,59.0,208.0,2403.0,629.0,153.5,0.0,0.41151,0.33516,0.4076,0.7952,0.3986,0.7338,48.5,215.0,44.0,171.5,2795.0,697.0,124.0,0.0,0.40285,0.34178,0.39599,0.7434,0.3189,0.6738,106.5,122.5,36.5,52.0,3774.0,1014.0,64.5,0.0,0.42031,0.33424,0.42626,-0.2092,-0.6018,-0.274,139.0,147.5,44.5,67.5,962.0,371.0,85.0,0.0,0.39764,0.29677,0.42121,-0.2542,-0.7096,-0.3342,38.0,182.5,32.5,142.5,5488.0,3048.0,98.5,0.0,0.4094,0.34864,0.40115,0.6786,0.2506,0.6029,178.0,187.0,64.0,85.0,1308.0,456.0,109.5,0.0,0.41285,0.30249,0.41191,-0.3225,-0.7839,-0.3989,28.0,147.0,25.0,114.0,2030.0,306.0,77.0,0.0,0.39145,0.36218,0.39462,0.616,0.1987,0.5314,21.5,251.0,18.5,91.0,6459.0,2785.0,59.5,0.0,0.5,0.37013,0.39503,0.5426,0.1537,0.4589,228.5,228.5,83.0,110.0,674.0,127.0,138.0,0.0,0.41159,0.30175,0.41797,-0.388,-0.8484,-0.4684,272.0,272.0,105.0,142.5,356.0,109.0,170.5,0.0,0.40891,0.29485,0.43861,-0.4562,-0.903,-0.5336,16.0,103.5,14.5,74.0,1218.0,297.0,45.0,0.0,0.41884,0.38454,0.40475,0.4762,0.1223,0.3922,12.5,85.0,11.5,60.0,3937.0,930.0,34.0,0.0,0.42594,0.39905,0.41444,0.4125,0.0979,0.3322,153.5,163.0,131.0,152.0,36.0,34.0,206.0,0.0,0.40823,,0.36134,-0.5253,,-0.624,188.0,195.5,162.5,176.5,120.0,108.0,245.0,0.0,0.41527,,0.32013,-0.5906,,-0.7203,,,,,,,,,,,,,,,,,,,,,,,,,,,,,,,,,,,,,,,,,,,,,,,,,,,,,,,,,,,,,,,,,,,,,,,,,,,,,,,,,,,,,,,,,,,,,,,,,,,,,,,,,,,,,,,,,,,,,,,,,,,,,,,,,,,,,,,,,,,,,,,,,,,,,,,,,,,,,,,,,,,,,,,,,,,,,,,,,,,,,,,,,,,,,,,,,,,,,,,,,,,,,,,,,,,,,,,,,,,,,,,,,,,,,,,,,,,,,,,,,,,,,,,,,,,,,,,,,,,,,,,,,,,,,,,,,,,,,,,,,,,,,,,,,,,,,,,,,,,,,,,,,,,,,,,,,,,,,,,,,,,,,,,,,,,,,,,,
2021-09-28,1299.0,1325.0,1299.0,1322.5,6.0,3.0,1300.0,1.0,0,0,0,0,0,0,1300.0,1300.0,1299.0,1299.0,4.0,13.0,1275.0,0.0,0,0,0,0,0,0,1249.0,1280.5,1249.0,1277.5,9.0,6.0,1250.0,0.0,0,0,0,0,0,0,1224.0,1255.5,1224.0,1252.5,4.0,4.0,1225.0,0.0,0,0,0,0,0,0,1199.0,1225.0,1199.0,1224.0,6.0,7.0,1200.0,0.0,0,0,0,0,0,0,1188.0,1205.5,1188.0,1205.5,2.0,4.0,1175.0,0.0,0,0,0,0,0,0,1163.0,1180.5,1163.0,1177.5,7.0,5.0,1150.0,0.0,0,0,0,0,0,0,1124.0,1155.5,1124.0,1155.5,4.0,3.0,1125.0,0.0,0,0,0,0,0,0,1105.0,1125.0,1098.5,1124.0,13.0,6.0,1100.0,0.0,0,0,0,0,0,0,1044.0,1105.5,1044.0,1102.5,9.0,8.0,1075.0,0.0,0,0,0,0,0,0,1063.0,1080.5,1063.0,1077.5,7.0,9.0,1050.0,0.0,0,0,0,0,0,0,1023.5,1050.0,1023.5,1049.0,11.0,22.0,1025.0,0.0,0,0,0,0,0,0,1013.0,1040.5,1013.0,1040.5,8.0,78.0,1000.0,0.0,0.0,0.0,0.0,0.0,0.0,0.0,0.0,0.0,0.0,0.0,0.0,139.0,975.0,0.0,0.0,0.0,0.0,0.0,0.0,0.0,0.0,0.0,0.0,0.0,0.0,142.0,950.0,0.0,0.0,0.0,0.0,0.0,0.0,0.0,0.0,0.0,0.0,0.0,0.0,136.0,925.0,0.0,0.0,0.0,0.0,0.0,0.0,0.0,0.0,0.0,0.0,0.0,0.0,198.0,875.0,0.0,0.0,0.0,0.0,0.0,0.0,0.0,0.0,0.0,0.0,0.0,0.0,132.0,825.0,0.0,0.0,0.0,0.0,0.0,0.0,0.0,0.0,0.0,0.0,0.0,0.0,184.0,775.5,0.0,0.0,0.0,0.0,0.0,0.0,0.0,0.0,0.0,0.0,0.0,0.0,108.0,726.0,0.0,0.0,0.0,0.0,0.0,0.0,0.0,0.0,0.0,0.0,0.0,0.0,135.0,676.5,0.0,0.0,0.0,0.0,0.0,0.0,0.0,0.0,0.0,0.0,0.0,0.0,409.0,627.0,0.0,0.0,0.0,0.0,0.0,0.0,0.0,671.5,671.5,671.5,671.5,2.0,639.0,578.5,0.0,0.0,0.5,0.0,0.0,0.9491,0.0,520.0,610.0,520.0,610.0,10.0,746.0,530.0,0.0,0.0,0.5,0.0,0.0,0.9281,0.0,520.0,545.0,520.0,545.0,6.0,567.0,482.0,2.0,,0.5,0.5,,0.9015,0.9578,409.5,518.0,409.5,490.0,100.0,772.0,435.0,1.0,,0.5,0.42405,,0.869,0.9656,343.0,466.0,343.0,460.0,79.0,500.0,389.5,0.0,,0.5,0.5,,0.8304,0.918,293.5,421.0,287.0,398.0,947.0,1205.0,344.5,0.0,,0.5,0.43979,,0.786,0.9168,0.0,0.0,0.0,0.0,0.0,112.0,0.5,0.0,0.0,0.0,0.0,0.0,0.0,0.0,0.0,0.0,0.0,0.0,0.0,69.0,0.5,0.0,0.0,0.0,0.0,0.0,0.0,0.0,0.0,0.0,0.0,0.0,0.0,40.0,0.5,0.0,0.0,0.0,0.0,0.0,0.0,0.0,0.0,0.0,0.0,0.0,0.0,16.0,0.5,0.0,0.0,0.0,0.0,0.0,0.0,0.0,0.0,0.0,0.0,0.0,0.0,38.0,0.5,0.0,0.0,0.0,0.0,0.0,0.0,0.0,0.5,0.5,0.5,0.5,2.0,27.0,0.5,0.0,0.5,0.5,0.5,-0.0,-0.0,-0.0,0.0,0.0,0.0,0.0,0.0,34.0,0.5,0.0,0.0,0.0,0.0,0.0,0.0,0.0,0.0,0.0,0.0,0.0,0.0,159.0,0.5,0.0,0.0,0.0,0.0,0.0,0.0,0.0,0.0,0.0,0.0,0.0,0.0,83.0,0.5,0.0,0.0,0.0,0.0,0.0,0.0,0.0,0.0,0.0,0.0,0.0,0.0,97.0,0.5,0.0,0.0,0.0,0.0,0.0,0.0,0.0,1.0,1.0,1.0,1.0,6.0,249.0,0.5,0.0,0.5,0.5,0.5,-0.0,-0.0003,-0.0,0.5,0.5,0.5,0.5,4.0,270.0,0.5,0.0,0.5,0.5,0.5,-0.0,-0.0004,-0.0001,0.0,0.0,0.0,0.0,0.0,200.0,0.5,0.0,0.0,0.0,0.0,0.0,0.0,0.0,2.0,2.0,1.0,1.0,6.0,218.0,0.5,0.0,0.5,0.5,0.5,-0.0001,-0.0008,-0.0002,0.5,0.5,0.5,0.5,24.0,276.0,0.5,0.0,0.5,0.5,0.5,-0.0002,-0.0011,-0.0002,0.5,0.5,0.5,0.5,1.0,451.0,0.5,0.0,0.5,0.5,0.5,-0.0002,-0.0016,-0.0004,0.5,0.5,0.5,0.5,494.0,460.0,0.5,0.0,0.5,0.5,0.5,-0.0005,-0.003,-0.0007,0.5,0.5,0.5,0.5,71.0,748.0,0.5,0.0,0.5,0.49238,0.5,-0.001,-0.0047,-0.0014,0.5,1.5,0.5,1.5,34.0,981.0,1.0,0.0,0.5,0.5,0.5,-0.0018,-0.009,-0.0025,1.5,1.5,0.5,0.5,655.0,1654.0,1.0,0.0,0.5,0.48795,0.5,-0.0033,-0.0129,-0.0045,2.0,2.0,0.5,1.0,770.0,1977.0,2.0,0.0,0.48524,0.47018,0.5,-0.0046,-0.0172,-0.0075,4.0,4.5,1.0,1.0,3010.0,3310.0,2.5,0.0,0.49208,0.49507,0.47307,-0.0084,-0.0335,-0.0088,7.5,8.0,2.0,2.0,2048.0,1494.0,4.0,0.0,0.5,0.5,0.48319,-0.0148,-0.0509,-0.0161,12.0,12.5,3.0,3.5,3901.0,2332.0,5.5,0.0,0.49801,0.5,0.48864,-0.0223,-0.0719,-0.0262,12.5,14.5,4.0,4.5,2303.0,1345.0,7.5,0.0,0.48354,0.48576,0.47067,-0.0295,-0.0925,-0.0338,19.0,19.5,7.0,7.0,3760.0,1932.0,10.5,0.0,0.49531,0.47574,0.47049,-0.0469,-0.1202,-0.0496,24.5,25.0,8.5,8.5,1689.0,449.0,14.5,0.0,0.47313,0.4597,0.44719,-0.0577,-0.1512,-0.0612,32.0,32.0,11.5,13.0,1744.0,850.0,20.0,0.0,0.46243,0.44388,0.44879,-0.0761,-0.1892,-0.0873,230.5,377.0,229.0,346.0,740.0,1424.0,301.5,0.0,0.34451,0.42886,0.37521,0.9517,0.7647,0.9183,40.0,42.0,15.5,15.5,1853.0,883.0,26.5,0.0,0.45227,0.43385,0.42265,-0.0995,-0.2375,-0.1063,195.0,337.0,195.0,308.0,389.0,618.0,260.0,0.0,0.40043,0.43446,0.41811,0.893,0.7025,0.8577,159.0,287.0,159.0,287.0,371.0,597.0,221.0,0.0,0.35253,0.41798,0.5,0.8811,0.6417,0.7746,53.0,57.0,21.5,23.5,4903.0,1288.0,35.0,0.0,0.4475,0.43477,0.42804,-0.1312,-0.2976,-0.1475,71.0,77.5,28.0,28.0,2152.0,541.0,46.5,0.0,0.43544,0.44456,0.40062,-0.1658,-0.3645,-0.179,138.0,250.0,132.0,228.0,3637.0,1091.0,186.5,0.0,0.38018,0.42447,0.41182,0.8155,0.5708,0.7612,89.0,93.0,38.0,43.0,2937.0,917.0,61.5,0.0,0.43221,0.42127,0.41723,-0.2118,-0.4289,-0.2413,113.0,213.5,105.5,213.0,996.0,226.0,156.0,0.0,0.38794,0.41907,0.49385,0.7541,0.4998,0.6753,88.0,182.0,84.5,158.0,6727.0,2467.0,129.5,0.0,0.40114,0.42118,0.40048,0.6852,0.4299,0.6384,113.0,117.0,52.5,58.5,1011.0,343.0,81.0,0.0,0.43751,0.41799,0.41958,-0.268,-0.5003,-0.3019,145.5,148.0,67.0,77.5,1550.0,402.0,104.5,0.0,0.4301,0.42793,0.42258,-0.3244,-0.5684,-0.367,70.0,152.0,68.5,131.0,1799.0,206.0,106.5,0.0,0.40511,0.42997,0.40631,0.617,0.3663,0.5675,58.0,131.5,55.0,123.0,5533.0,1604.0,87.0,0.0,0.43032,0.43734,0.46759,0.5466,0.3088,0.5019,175.5,175.5,91.0,101.5,583.0,219.0,131.5,0.0,0.44723,0.41116,0.43125,-0.3907,-0.6409,-0.4345,215.0,218.5,115.0,130.0,690.0,350.0,162.0,0.0,0.4514,0.44526,0.44361,-0.4539,-0.6876,-0.5,50.5,109.5,50.5,92.0,1291.0,242.0,70.0,0.0,0.4373,0.47464,0.43363,0.4816,0.2733,0.434,37.0,92.5,37.0,74.0,5711.0,1055.0,56.5,0.0,0.451,0.46208,0.43537,0.4217,0.2195,0.3721,196.0,196.0,158.0,158.0,5.0,5.0,195.0,0.0,0.5,,0.44244,-0.5114,,-0.564,263.0,263.0,177.5,177.5,143.0,101.0,231.5,0.0,0.47813,0.19789,0.39686,-0.5718,-0.9709,-0.6428,,,,,,,,,,,,,,,,,,,,,,,,,,,,,,,,,,,,,,,,,,,,,,,,,,,,,,,,,,,,,,,,,,,,,,,,,,,,,,,,,,,,,,,,,,,,,,,,,,,,,,,,,,,,,,,,,,,,,,,,,,,,,,,,,,,,,,,,,,,,,,,,,,,,,,,,,,,,,,,,,,,,,,,,,,,,,,,,,,,,,,,,,,,,,,,,,,,,,,,,,,,,,,,,,,,,,,,,,,,,,,,,,,,,,,,,,,,,,,,,,,,,,,,,,,,,,,,,,,,,,,,,,,,,,,,,,,,,,,,,
2021-09-29,0.0,0.0,0.0,0.0,0.0,3.0,1349.0,0.0,0,0,0,0,0,0,0.0,0.0,0.0,0.0,0.0,13.0,1324.0,0.0,0,0,0,0,0,0,0.0,0.0,0.0,0.0,0.0,6.0,1299.0,0.0,0,0,0,0,0,0,0.0,0.0,0.0,0.0,0.0,3.0,1274.0,1.0,0,0,0,0,0,0,0.0,0.0,0.0,0.0,0.0,7.0,1249.0,0.0,0,0,0,0,0,0,0.0,0.0,0.0,0.0,0.0,4.0,1224.0,0.0,0,0,0,0,0,0,0.0,0.0,0.0,0.0,0.0,5.0,1199.0,0.0,0,0,0,0,0,0,1120.0,1121.0,1120.0,1121.0,6.0,9.0,1174.0,0.0,0,0,0,0,0,0,1132.0,1133.0,1132.0,1133.0,7.0,3.0,1149.0,8.0,0,0,0,0,0,0,0.0,0.0,0.0,0.0,0.0,8.0,1124.0,0.0,0,0,0,0,0,0,0.0,0.0,0.0,0.0,0.0,9.0,1099.0,0.0,0,0,0,0,0,0,0.0,0.0,0.0,0.0,0.0,22.0,1074.0,0.0,0,0,0,0,0,0,0.0,0.0,0.0,0.0,0.0,13.0,1049.0,65.0,0.0,0.0,0.0,0.0,0.0,0.0,0.0,0.0,0.0,0.0,0.0,19.0,1024.0,120.0,0.0,0.0,0.0,0.0,0.0,0.0,0.0,0.0,0.0,0.0,0.0,19.0,999.0,123.0,0.0,0.0,0.0,0.0,0.0,0.0,0.0,0.0,0.0,0.0,0.0,56.0,974.0,80.0,0.0,0.0,0.0,0.0,0.0,0.0,0.0,0.0,0.0,0.0,0.0,63.0,924.0,135.0,0.0,0.0,0.0,0.0,0.0,0.0,0.0,0.0,0.0,0.0,0.0,67.0,874.0,65.0,0.0,0.0,0.0,0.0,0.0,0.0,799.5,799.5,799.5,799.5,3.0,129.0,824.5,55.0,0.0,0.0,0.0,0.0,0.0,0.0,0.0,0.0,0.0,0.0,0.0,79.0,774.5,29.0,0.0,0.0,0.0,0.0,0.0,0.0,0.0,0.0,0.0,0.0,0.0,135.0,725.0,0.0,0.0,0.0,0.0,0.0,0.0,0.0,700.0,700.0,700.0,700.0,1.0,409.0,675.5,0.0,0.0,0.0,0.0,0.0,0.0,0.0,650.0,650.0,650.0,650.0,1.0,638.0,626.0,0.0,0.0,0.5,0.0,0.0,0.968,0.0,610.0,610.0,500.0,500.0,33.0,717.0,577.0,0.0,0.0,0.5,,0.0,0.9527,,0.0,0.0,0.0,0.0,0.0,567.0,528.5,0.0,0.0,0.0,0.0,0.0,0.0,0.0,460.0,482.0,402.5,420.0,66.0,756.0,480.0,0.0,,0.48096,,,0.9143,,430.5,430.5,409.0,409.0,7.0,497.0,432.5,0.0,,0.5,0.49147,,0.8744,0.9092,405.0,433.0,333.0,340.0,119.0,1112.0,386.0,1.0,,0.5,,,0.836,,0.5,0.5,0.5,0.5,24.0,133.0,0.5,0.0,0.5,0.5,0.5,-0.0,-0.0,-0.0,0.5,0.5,0.5,0.5,3.0,72.0,0.5,0.0,0.5,0.5,0.5,-0.0,-0.0,-0.0,0.0,0.0,0.0,0.0,0.0,40.0,0.5,0.0,0.0,0.0,0.0,0.0,0.0,0.0,0.5,0.5,0.5,0.5,2.0,16.0,0.5,0.0,0.5,0.5,0.5,-0.0,-0.0,-0.0,0.5,0.5,0.5,0.5,2.0,38.0,0.5,0.0,0.5,0.5,0.5,-0.0,-0.0,-0.0,0.0,0.0,0.0,0.0,0.0,27.0,0.5,0.0,0.0,0.0,0.0,0.0,0.0,0.0,0.0,0.0,0.0,0.0,0.0,34.0,0.5,0.0,0.0,0.0,0.0,0.0,0.0,0.0,0.5,0.5,0.5,0.5,15.0,156.0,0.5,0.0,0.5,0.5,0.5,-0.0,-0.0,-0.0,0.5,0.5,0.5,0.5,3.0,83.0,0.5,0.0,0.5,0.5,0.5,-0.0,-0.0,-0.0,0.0,0.0,0.0,0.0,0.0,97.0,0.5,0.0,0.0,0.0,0.0,0.0,0.0,0.0,0.0,0.0,0.0,0.0,0.0,249.0,0.5,0.0,0.0,0.0,0.0,0.0,0.0,0.0,1.0,1.0,1.0,1.0,3.0,270.0,0.5,0.0,0.5,0.5,0.5,-0.0,-0.0001,-0.0001,1.0,1.0,1.0,1.0,3.0,200.0,0.5,0.0,0.5,0.5,0.5,-0.0,-0.0002,-0.0001,0.5,0.5,0.5,0.5,40.0,218.0,0.5,0.0,0.5,0.5,0.5,-0.0001,-0.0003,-0.0002,1.5,1.5,0.5,0.5,88.0,229.0,0.5,0.0,0.5,0.5,0.5,-0.0001,-0.0005,-0.0002,2.0,2.0,2.0,2.0,3.0,454.0,0.5,0.0,0.5,0.5,0.5,-0.0001,-0.0007,-0.0004,0.5,0.5,0.5,0.5,27.0,460.0,0.5,0.0,0.5,0.5,0.5,-0.0003,-0.0013,-0.0007,0.5,1.0,0.5,0.5,130.0,618.0,0.5,0.0,0.5,0.5,0.5,-0.0006,-0.0025,-0.0015,0.5,1.0,0.5,1.0,102.0,901.0,0.5,0.0,0.5,0.5,0.5,-0.0011,-0.0045,-0.0027,1.0,1.0,0.5,0.5,49.0,1607.0,1.0,0.0,0.5,0.5,0.49711,-0.0021,-0.0079,-0.0047,3.0,3.0,1.0,1.0,146.0,1954.0,1.5,0.0,0.5,0.5,0.5,-0.0037,-0.0131,-0.0084,1.0,1.5,0.5,1.0,555.0,3049.0,2.0,0.0,0.47929,0.46076,0.46733,-0.0047,-0.0138,-0.0093,1.5,2.0,1.0,1.5,256.0,1731.0,2.5,0.0,0.48516,0.44188,0.45637,-0.0088,-0.0186,-0.0137,4.5,5.0,2.5,3.0,998.0,2226.0,3.5,0.0,0.5,0.47295,0.46723,-0.0168,-0.039,-0.0249,6.0,6.5,4.5,5.0,838.0,1308.0,4.5,0.0,0.5,0.45367,0.46903,-0.0257,-0.0508,-0.0388,8.5,10.5,6.0,6.5,3910.0,2072.0,6.5,0.0,0.5,0.45729,0.4503,-0.0381,-0.0758,-0.0504,11.0,13.5,7.5,9.5,2925.0,505.0,9.0,0.0,0.49066,0.43761,0.44337,-0.0516,-0.0971,-0.0706,14.0,18.0,10.5,12.5,3499.0,854.0,12.5,0.0,0.48316,0.42233,0.42621,-0.0696,-0.1268,-0.092,300.0,385.0,284.5,316.5,141.0,1397.0,341.0,0.0,,0.5,0.44649,,0.7916,0.8612,20.0,25.0,15.5,19.0,2268.0,926.0,17.5,0.0,0.48439,0.41375,0.4278,-0.0963,-0.1678,-0.1293,293.0,340.0,228.5,285.0,293.0,604.0,297.5,0.0,,0.42802,0.4977,,0.771,0.7936,245.5,291.5,191.0,220.5,260.0,593.0,257.0,0.0,0.20006,0.41973,0.35873,0.9878,0.7133,0.8104,23.0,36.0,20.5,26.5,5634.0,1341.0,24.0,0.0,0.47359,0.41459,0.42161,-0.1235,-0.2226,-0.1709,32.5,49.0,28.0,36.0,1854.0,517.0,33.0,0.0,0.46958,0.41031,0.41407,-0.1598,-0.283,-0.2201,208.0,267.5,156.0,174.5,820.0,796.0,219.0,0.0,0.40562,0.4094,0.31942,0.8272,0.6485,0.7677,44.5,68.0,38.0,52.0,5012.0,1100.0,45.5,0.0,0.46799,0.41751,0.42399,-0.2036,-0.3537,-0.2849,193.0,230.0,130.0,154.5,363.0,266.0,185.5,0.0,0.4124,0.4214,0.38366,0.7702,0.5742,0.6614,146.5,197.5,105.0,123.0,2036.0,2312.0,155.5,0.0,0.42598,0.42242,0.37685,0.7046,0.5018,0.5863,63.5,90.0,51.5,68.5,1208.0,433.0,61.5,0.0,0.47113,0.42142,0.42062,-0.2553,-0.4258,-0.3496,85.0,115.5,65.5,90.0,2652.0,398.0,81.5,0.0,0.46412,0.42454,0.4235,-0.3084,-0.498,-0.4198,119.0,165.0,87.0,104.5,1748.0,441.0,130.0,0.0,0.42444,0.43676,0.40474,0.6407,0.4338,0.5082,110.0,146.5,71.5,86.5,4289.0,1137.0,109.0,0.0,0.4628,0.44857,0.42011,0.5698,0.3719,0.4383,100.0,145.0,85.5,121.0,608.0,196.0,106.0,0.0,0.4698,0.42933,0.44866,-0.3692,-0.5679,-0.4894,127.5,177.5,112.5,157.5,625.0,281.0,135.0,0.0,0.4895,0.43286,0.48182,-0.432,-0.6338,-0.5495,85.5,122.5,60.0,71.0,2757.0,612.0,91.5,0.0,0.46691,0.46585,0.43263,0.5069,0.3192,0.3749,81.0,103.5,50.0,57.0,4304.0,1112.0,77.0,0.0,0.47803,0.48022,0.43971,0.447,0.2728,0.3164,172.0,200.5,139.5,188.0,186.0,127.0,167.0,0.0,0.49707,0.38037,0.48087,-0.4913,-0.7236,-0.6095,205.5,238.5,177.0,216.5,321.0,122.0,203.0,0.0,0.5,0.37613,0.45967,-0.549,-0.7866,-0.6748,61.0,88.0,41.0,49.0,810.0,254.0,66.0,0.0,0.49176,0.49042,0.46263,0.3925,0.2308,0.2726,51.5,76.5,36.5,40.0,1344.0,270.0,56.5,0.0,0.5,0.5,0.47279,0.3416,0.1944,0.2298,45.0,67.0,31.0,34.0,5376.0,545.0,49.5,0.0,0.5,0.5,0.49017,0.2919,0.1583,0.197,264.0,299.5,232.5,266.0,81.0,55.0,242.0,0.0,0.5,0.48422,0.5,-0.6051,-0.7724,-0.7098,0.0,0.0,0.0,0.0,0.0,0.0,282.5,0.0,0.0,0.0,0.0,0.0,0.0,0.0,0.0,0.0,0.0,0.0,0.0,0.0,325.0,0.0,0.0,0.0,0.0,0.0,0.0,0.0,,,,,,,,,,,,,,,,,,,,,,,,,,,,,,,,,,,,,,,,,,,,,,,,,,,,,,,,,,,,,,,,,,,,,,,,,,,,,,,,,,,,,,,,,,,,,,,,,,,,,,,,,,,,,,,,,,,,,,,,,,,,,,,,,,,,,,,,,,,,,,,,,,,,,,,,,,,,,,,,,,,,,,,,,,,,,,,,,,,,,,,,,,,,,,,,,,,,
2021-09-30,1388.5,1535.5,1388.5,1535.5,18.0,12.0,1358.0,0.0,0,0,0,0,0,0,1365.5,1512.5,1365.5,1508.0,12.0,13.0,1333.0,0.0,0,0,0,0,0,0,1338.5,1492.0,1338.5,1492.0,31.0,32.0,1308.0,0.0,0,0,0,0,0,0,1315.0,1464.5,1315.0,1463.5,33.0,27.0,1283.0,0.0,0,0,0,0,0,0,1295.5,1435.0,1295.5,1435.0,20.0,8.0,1258.0,0.0,0,0,0,0,0,0,1412.0,1412.0,1412.0,1412.0,5.0,5.0,1233.0,0.0,0,0,0,0,0,0,1245.5,1391.0,1245.5,1384.0,28.0,10.0,1208.0,0.0,0,0,0,0,0,0,1222.5,1364.5,1222.5,1364.5,12.0,18.0,1183.0,0.0,0,0,0,0,0,0,1191.0,1342.0,1191.0,1342.0,15.0,15.0,1158.0,0.0,0,0,0,0,0,0,1170.0,1316.0,1170.0,1316.0,25.0,19.0,1133.0,0.0,0,0,0,0,0,0,1138.5,1291.0,1138.5,1285.5,24.0,18.0,1108.0,0.0,0,0,0,0,0,0,1118.0,1259.5,1118.0,1259.5,37.0,33.0,1083.0,0.0,0,0,0,0,0,0,1094.5,1241.0,1094.5,1235.5,16.0,21.0,1058.0,0.0,0.0,0.0,0.0,0.0,0.0,0.0,1073.0,1237.5,1073.0,1211.0,12.0,25.0,1033.0,0.0,0.0,0.0,0.0,0.0,0.0,0.0,970.0,1191.0,970.0,1184.5,21.0,34.0,1008.0,0.0,0.0,0.0,0.0,0.0,0.0,0.0,1015.5,1168.0,1015.5,1168.0,27.0,68.0,983.0,0.0,0.0,0.0,0.0,0.0,0.0,0.0,895.0,1137.0,895.0,1109.0,18.0,75.0,933.0,0.0,0.0,0.0,0.0,0.0,0.0,0.0,914.5,1068.0,914.5,1068.0,25.0,84.0,883.0,0.0,0.0,0.0,0.0,0.0,0.0,0.0,870.5,1013.5,870.5,1009.5,21.0,135.0,833.0,0.0,0.0,0.0,0.0,0.0,0.0,0.0,814.0,986.5,814.0,959.5,34.0,103.0,783.0,0.0,0.0,0.0,0.0,0.0,0.0,0.0,771.0,912.0,771.0,905.5,9.0,138.0,733.5,0.0,0.0,0.0,0.0,0.0,0.0,0.0,719.5,869.0,719.5,869.0,15.0,421.0,683.5,0.0,0.0,0.0,0.0,0.0,0.0,0.0,667.5,818.5,665.5,805.0,59.0,657.0,634.0,0.0,0.0,0.5,0.0,0.0,0.9783,0.0,551.5,761.5,527.5,760.0,151.0,764.0,585.0,1.0,0.0,0.5,0.0,0.0,0.9665,0.0,573.5,711.5,573.5,711.5,6.0,567.0,535.5,0.0,0.0,0.5,0.0,0.0,0.9502,0.0,444.0,667.5,422.0,661.5,59.0,756.0,487.0,0.0,0.0,0.34546,0.0,0.0,0.9815,0.0,415.5,620.5,393.5,592.0,143.0,424.0,439.0,0.0,0.0,0.5,0.0,0.0,0.9008,0.0,353.0,598.0,275.5,564.5,94.0,1101.0,391.5,6.0,0.0,,,0.0,,,0.5,0.5,0.5,0.5,45.0,178.0,0.5,0.0,0.5,0.5,0.5,-0.0,-0.0,-0.0,0.5,0.5,0.5,0.5,48.0,114.0,0.5,0.0,0.5,0.5,0.5,-0.0,-0.0,-0.0,0.5,0.5,0.5,0.5,45.0,85.0,0.5,0.0,0.5,0.5,0.5,-0.0,-0.0,-0.0,0.0,0.0,0.0,0.0,0.0,16.0,0.5,0.0,0.0,0.0,0.0,0.0,0.0,0.0,0.5,0.5,0.5,0.5,48.0,43.0,0.5,0.0,0.5,0.5,0.5,-0.0,-0.0,-0.0,0.5,0.5,0.5,0.5,24.0,38.0,0.5,0.0,0.5,0.5,0.5,-0.0,-0.0,-0.0,0.5,0.5,0.5,0.5,38.0,45.0,0.5,0.0,0.5,0.5,0.5,-0.0,-0.0,-0.0,0.5,0.5,0.5,0.5,32.0,158.0,0.5,0.0,0.5,0.5,0.5,-0.0,-0.0,-0.0,0.5,0.5,0.5,0.5,3.0,80.0,0.5,0.0,0.5,0.5,0.5,-0.0,-0.0,-0.0,0.5,0.5,0.5,0.5,1.0,97.0,0.5,0.0,0.5,0.5,0.5,-0.0,-0.0,-0.0,0.5,0.5,0.5,0.5,9.0,252.0,0.5,0.0,0.5,0.5,0.5,-0.0,-0.0,-0.0,0.0,0.0,0.0,0.0,0.0,270.0,0.5,0.0,0.0,0.0,0.0,0.0,0.0,0.0,0.0,0.0,0.0,0.0,0.0,200.0,0.5,0.0,0.0,0.0,0.0,0.0,0.0,0.0,0.5,1.0,0.5,0.5,26.0,204.0,0.5,0.0,0.5,0.5,0.5,-0.0,-0.0001,-0.0,0.5,0.5,0.5,0.5,48.0,229.0,0.5,0.0,0.5,0.5,0.5,-0.0,-0.0002,-0.0,0.5,0.5,0.5,0.5,107.0,347.0,0.5,0.0,0.5,0.5,0.5,-0.0,-0.0003,-0.0,0.5,0.5,0.5,0.5,12.0,460.0,0.5,0.0,0.5,0.5,0.5,-0.0,-0.0006,-0.0,0.5,1.0,0.5,0.5,233.0,474.0,0.5,0.0,0.5,0.5,0.5,-0.0,-0.0013,-0.0001,0.5,0.5,0.5,0.5,68.0,846.0,0.5,0.0,0.5,0.5,0.5,-0.0001,-0.0025,-0.0001,0.5,0.5,0.5,0.5,411.0,1511.0,0.5,0.0,0.5,0.5,0.5,-0.0002,-0.0046,-0.0003,0.5,0.5,0.5,0.5,689.0,1664.0,0.5,0.0,0.5,0.46812,0.5,-0.0004,-0.0052,-0.0006,1.0,1.5,0.5,1.0,1614.0,2551.0,1.0,0.0,0.5,0.49793,0.5,-0.0009,-0.0132,-0.0011,1.5,1.5,0.5,0.5,352.0,1467.0,1.5,0.0,0.5,0.4593,0.5,-0.0016,-0.0142,-0.0021,2.5,4.0,1.0,1.0,2149.0,1855.0,2.0,0.0,0.5,0.49325,0.5,-0.0029,-0.0318,-0.0037,4.0,5.5,1.5,2.0,1420.0,1376.0,3.0,0.0,0.5,0.47862,0.5,-0.0051,-0.0431,-0.0064,8.0,9.5,2.0,3.5,3827.0,2243.0,4.5,0.0,0.5,0.4892,0.5,-0.0085,-0.0674,-0.0104,8.0,11.0,2.5,2.5,1278.0,305.0,6.0,0.0,0.5,0.45708,0.5,-0.0135,-0.0809,-0.0165,11.5,15.0,4.0,5.0,3046.0,701.0,9.0,0.0,0.5,0.44372,0.5,-0.021,-0.1074,-0.0252,337.0,539.0,282.0,539.0,75.0,1388.0,346.0,0.0,,0.36047,,,0.8979,,15.0,21.5,5.5,5.5,2577.0,628.0,13.0,0.0,0.5,0.43866,0.5,-0.0313,-0.1453,-0.0373,295.0,497.0,243.5,467.0,149.0,609.0,301.5,0.0,,0.38968,,,0.8319,,240.0,453.0,199.0,422.0,754.0,581.0,259.5,0.0,,0.36075,,,0.7884,,21.0,31.0,8.0,8.5,5659.0,1499.0,18.5,0.0,0.5,0.43863,0.5,-0.0454,-0.1941,-0.0534,29.0,42.0,9.5,9.5,2687.0,878.0,26.5,0.0,0.49511,0.43202,0.47506,-0.062,-0.248,-0.0647,215.0,400.0,166.5,400.0,571.0,927.0,220.5,0.0,,0.37955,0.29469,,0.7079,0.983,47.0,57.5,14.0,15.0,5169.0,1553.0,37.5,0.0,0.49666,0.43275,0.48389,-0.0858,-0.3124,-0.0935,174.0,383.5,143.0,383.5,354.0,276.0,185.5,0.0,0.38771,0.41572,0.5,0.9356,0.6219,0.8681,142.0,320.0,103.0,320.0,1474.0,2247.0,154.5,0.0,,0.36661,0.43155,,0.5494,0.8634,55.0,78.0,19.5,20.0,1956.0,518.0,52.5,0.0,0.4942,0.43974,0.4745,-0.1133,-0.3829,-0.1204,85.0,101.5,26.0,28.5,4364.0,744.0,71.5,0.0,0.48782,0.44376,0.47791,-0.1446,-0.454,-0.1593,118.5,295.0,86.0,262.0,3264.0,353.0,128.0,0.0,0.39131,0.39426,0.32531,0.8642,0.4682,0.8826,96.0,274.0,70.0,274.0,4096.0,1252.0,106.0,0.0,0.49284,0.4108,0.5,0.7679,0.3963,0.7403,98.5,128.0,40.0,41.0,1359.0,448.0,95.0,0.0,0.5,0.44539,0.48964,-0.1899,-0.5246,-0.2076,129.5,158.0,52.0,65.0,801.0,400.0,123.0,0.0,0.5,0.44723,0.5,-0.2349,-0.5929,-0.2597,80.0,250.0,55.0,218.0,2230.0,700.0,88.5,0.0,0.5,0.41794,0.48717,0.7155,0.3298,0.6919,66.5,200.0,45.0,199.0,5822.0,1349.0,74.0,0.0,0.47093,0.43498,0.5,0.6695,0.2763,0.633,162.5,187.5,66.0,89.5,713.0,220.0,155.5,0.0,0.5,0.43297,0.5,-0.2845,-0.6637,-0.3118,195.0,235.0,89.0,123.0,472.0,170.0,191.0,0.0,0.5,0.48588,0.5,-0.3378,-0.6994,-0.367,59.5,163.5,36.0,154.0,1202.0,371.0,63.5,0.0,0.44756,0.44647,0.47234,0.6143,0.2286,0.5779,44.5,157.5,34.0,145.0,1798.0,375.0,54.0,0.0,0.5,0.48736,0.5,0.5486,0.2048,0.5174,36.0,140.0,26.0,129.0,5655.0,1125.0,47.0,0.0,0.5,0.48777,0.5,0.4909,0.1654,0.4596,235.0,273.0,115.0,128.0,357.0,138.0,230.0,0.0,0.5,0.48739,0.5,-0.3939,-0.7498,-0.4244,271.5,288.0,271.5,283.5,4.0,1.0,271.0,0.0,0.5,0.3199,0.5,-0.4514,-0.9024,-0.4826,0.0,0.0,0.0,0.0,0.0,0.0,313.5,0.0,0.0,0.0,0.0,0.0,0.0,0.0,,,,,,,,,,,,,,,,,,,,,,,,,,,,,,,,,,,,,,,,,,,,,,,,,,,,,,,,,,,,,,,,,,,,,,,,,,,,,,,,,,,,,,,,,,,,,,,,,,,,,,,,,,,,,,,,,,,,,,,,,,,,,,,,,,,,,,,,,,,,,,,,,,,,,,,,,,,,,,,,,,,,,,,,,,,,,,,,,,,,,,,,,,,,,,,,,,,,
2021-10-08,1447.5,1468.5,1447.5,1468.5,6.0,3.0,1528.0,15.0,0,0,0,0,0,0,1384.5,1443.5,1384.5,1443.5,11.0,13.0,1503.0,1.0,0,0,0,0,0,0,1393.0,1394.0,1393.0,1394.0,9.0,38.0,1478.0,0.0,0,0,0,0,0,0,1445.5,1445.5,1445.5,1445.5,3.0,6.0,1453.0,18.0,0,0,0,0,0,0,1331.0,1350.0,1331.0,1350.0,15.0,3.0,1428.0,8.0,0,0,0,0,0,0,1323.0,1395.0,1323.0,1395.0,12.0,3.0,1403.0,8.0,0,0,0,0,0,0,1280.5,1318.0,1280.5,1318.0,6.0,3.0,1378.0,7.0,0,0,0,0,0,0,1293.0,1293.0,1293.0,1293.0,6.0,0.0,1353.0,24.0,0,0,0,0,0,0,1243.5,1323.0,1243.5,1323.0,12.0,0.0,1328.0,21.0,0,0,0,0,0,0,1222.5,1222.5,1222.5,1222.5,3.0,19.0,1303.0,0.0,0,0,0,0,0,0,1197.5,1197.5,1197.5,1197.5,3.0,21.0,1278.0,0.0,0,0,0,0,0,0,1155.5,1174.0,1155.5,1174.0,12.0,4.0,1253.0,35.0,0,0,0,0,0,0,1168.5,1222.0,1168.5,1222.0,6.0,7.0,1228.0,17.0,0.0,0.0,0.0,0.0,0.0,0.0,1122.5,1193.5,1122.5,1193.5,9.0,19.0,1203.0,12.0,0.0,0.0,0.0,0.0,0.0,0.0,1059.0,1167.5,1059.0,1167.5,21.0,16.0,1178.0,36.0,0.0,0.0,0.0,0.0,0.0,0.0,1094.0,1094.0,1094.0,1094.0,3.0,25.0,1153.0,46.0,0.0,0.0,0.0,0.0,0.0,0.0,0.0,0.0,0.0,0.0,0.0,24.0,1103.0,51.0,0.0,0.0,0.0,0.0,0.0,0.0,972.5,1048.0,972.5,1047.5,20.0,28.0,1053.0,63.0,0.0,0.0,0.0,0.0,0.0,0.0,998.5,998.5,994.0,994.0,10.0,113.0,1003.0,19.0,0.0,0.0,0.0,0.0,0.0,0.0,854.5,947.5,854.5,947.5,12.0,64.0,953.0,42.0,0.0,0.0,0.0,0.0,0.0,0.0,784.0,784.0,784.0,784.0,6.0,113.0,903.0,28.0,0.0,0.0,0.0,0.0,0.0,0.0,757.5,843.5,756.5,843.5,15.0,427.0,853.5,0.0,0.0,0.0,0.0,0.0,0.0,0.0,791.5,791.5,791.5,791.5,3.0,440.0,804.0,214.0,0.0,0.0,0.0,0.0,0.0,0.0,749.0,749.0,749.0,749.0,8.0,215.0,754.0,553.0,0.0,0.0,0.0,0.0,0.0,0.0,606.5,698.5,605.5,698.0,19.0,536.0,704.5,27.0,0.0,0.5,0.0,0.0,0.9994,0.0,593.5,647.5,593.5,647.5,6.0,399.0,654.5,360.0,0.0,0.5,0.0,0.0,0.9983,0.0,518.0,596.0,483.0,596.0,13.0,190.0,605.0,234.0,0.0,0.5,0.0,0.0,0.9957,0.0,473.0,550.0,473.0,550.0,15.0,1082.0,555.5,19.0,0.0,0.5,,0.0,0.9902,,0.5,0.5,0.5,0.5,21.0,199.0,0.5,0.0,0.5,0.5,0.5,0.0,0.0,0.0,0.5,0.5,0.5,0.5,21.0,135.0,0.5,0.0,0.5,0.5,0.5,0.0,0.0,0.0,0.5,0.5,0.5,0.5,21.0,106.0,0.5,0.0,0.5,0.5,0.5,0.0,0.0,0.0,0.5,0.5,0.5,0.5,21.0,37.0,0.5,0.0,0.5,0.5,0.5,0.0,0.0,0.0,0.5,0.5,0.5,0.5,21.0,64.0,0.5,0.0,0.5,0.5,0.5,0.0,0.0,0.0,0.5,0.5,0.5,0.5,21.0,59.0,0.5,0.0,0.5,0.5,0.5,0.0,-0.0,0.0,0.5,0.5,0.5,0.5,21.0,66.0,0.5,0.0,0.5,0.5,0.5,0.0,-0.0,0.0,0.5,0.5,0.5,0.5,21.0,176.0,0.5,0.0,0.5,0.5,0.5,0.0,-0.0,0.0,0.5,0.5,0.5,0.5,21.0,101.0,0.5,0.0,0.5,0.5,0.5,0.0,-0.0,0.0,0.5,0.5,0.5,0.5,21.0,118.0,0.5,0.0,0.5,0.5,0.5,0.0,-0.0,-0.0,0.5,0.5,0.5,0.5,21.0,252.0,0.5,0.0,0.5,0.5,0.5,0.0,-0.0,-0.0,0.5,0.5,0.5,0.5,21.0,273.0,0.5,0.0,0.5,0.5,0.5,-0.0,-0.0,-0.0,0.5,0.5,0.5,0.5,21.0,221.0,0.5,0.0,0.5,0.5,0.5,-0.0,-0.0,-0.0,0.5,0.5,0.5,0.5,21.0,225.0,0.5,0.0,0.5,0.5,0.5,-0.0,-0.0,-0.0,0.5,0.5,0.5,0.5,23.0,245.0,0.5,0.0,0.5,0.5,0.5,-0.0,-0.0,-0.0,0.5,0.5,0.5,0.5,23.0,357.0,0.5,0.0,0.5,0.5,0.5,-0.0,-0.0,-0.0,0.5,0.5,0.5,0.5,21.0,460.0,0.5,0.0,0.5,0.5,0.5,-0.0,-0.0,-0.0,0.5,0.5,0.5,0.5,18.0,492.0,0.5,0.0,0.5,0.5,0.5,-0.0,-0.0,-0.0,0.5,0.5,0.5,0.5,22.0,842.0,0.5,0.0,0.5,0.5,0.5,-0.0,-0.0,-0.0,0.5,0.5,0.5,0.5,26.0,1507.0,0.5,0.0,0.5,0.5,0.5,-0.0,-0.0,-0.0,0.5,0.5,0.5,0.5,21.0,1659.0,0.5,0.0,0.5,0.5,0.5,-0.0,-0.0,-0.0,0.5,0.5,0.5,0.5,45.0,2530.0,0.5,0.0,0.5,0.5,0.5,-0.0,-0.0,-0.0,0.5,0.5,0.5,0.5,72.0,1486.0,1.0,0.0,0.5,0.5,0.5,-0.0,-0.0001,-0.0,0.5,0.5,0.5,0.5,84.0,1835.0,1.0,0.0,0.5,0.5,0.5,-0.0,-0.0002,-0.0,0.5,0.5,0.5,0.5,268.0,1417.0,1.5,0.0,0.5,0.5,0.5,-0.0,-0.0006,-0.0,0.5,1.5,0.5,0.5,1302.0,2501.0,2.0,0.0,0.5,0.5,0.5,-0.0,-0.0017,-0.0001,0.5,1.0,0.5,0.5,237.0,318.0,2.0,0.0,0.5,0.5,0.5,-0.0001,-0.0043,-0.0003,1.0,1.0,0.5,0.5,433.0,782.0,2.5,0.0,0.5,0.5,0.5,-0.0002,-0.0098,-0.0009,500.0,603.5,393.0,496.5,208.0,1243.0,506.0,10.0,,0.5,,,0.9795,,1.5,1.5,0.5,0.5,694.0,729.0,3.0,0.0,0.5,0.49984,0.5,-0.0006,-0.0205,-0.0022,464.0,464.0,350.0,444.0,39.0,375.0,456.5,228.0,,0.5,,,0.9608,,470.0,470.0,304.0,403.5,190.0,475.0,407.5,0.0,,0.5,,,0.9307,,2.0,2.0,0.5,0.5,2352.0,1998.0,3.5,0.0,0.5,0.4608,0.5,-0.0016,-0.0284,-0.0052,3.0,6.5,1.0,1.5,1098.0,1155.0,4.5,0.0,0.5,0.5,0.5,-0.0038,-0.0693,-0.0111,463.0,463.0,224.5,362.5,529.0,611.0,358.5,10.0,0.34521,0.31823,,0.9997,0.9692,,3.0,11.0,1.5,2.5,1467.0,1642.0,5.5,0.0,0.5,0.49868,0.5,-0.0083,-0.1133,-0.0222,320.0,336.0,210.0,290.5,124.0,192.0,310.0,0.0,,0.5,,,0.8251,,350.0,370.0,138.0,291.0,759.0,2128.0,262.0,1.0,0.5,0.36789,0.5,0.9682,0.8135,0.9297,0.5,16.5,0.5,3.0,1032.0,569.0,7.0,0.0,0.43997,0.47577,0.48671,-0.0081,-0.1636,-0.037,26.5,28.0,5.0,5.0,2259.0,1082.0,9.0,0.0,0.5,0.48129,0.47083,-0.0318,-0.2445,-0.0592,308.5,317.0,107.0,241.5,397.0,214.0,216.0,0.0,0.47548,0.4143,0.44388,0.9527,0.6839,0.9126,262.0,275.0,76.0,189.0,1538.0,573.0,172.5,0.0,0.5,0.41041,0.33198,0.9088,0.5663,0.9206,30.0,40.5,9.0,9.5,1665.0,801.0,13.0,0.0,0.5,0.46078,0.47348,-0.0556,-0.3317,-0.1011,13.0,64.5,13.0,16.5,3007.0,937.0,19.5,0.0,0.5,0.48536,0.47369,-0.0912,-0.4409,-0.1584,245.5,245.5,56.0,151.0,1419.0,278.0,134.0,0.0,0.5,0.43826,0.38923,0.8595,0.4474,0.8105,116.5,199.0,39.0,119.5,3135.0,641.0,103.0,0.0,0.5,0.44975,0.43112,0.7956,0.3418,0.6937,13.0,91.0,13.0,25.5,857.0,335.0,31.0,0.0,0.4741,0.49034,0.46213,-0.1284,-0.5449,-0.2271,34.0,121.0,34.0,40.0,1161.0,393.0,50.0,0.0,0.5,0.48489,0.46278,-0.2044,-0.6459,-0.3173,148.0,156.0,29.0,87.0,1328.0,497.0,79.0,0.0,0.5,0.48009,0.42254,0.7182,0.2619,0.5877,147.5,147.5,21.0,68.5,2059.0,444.0,61.5,0.0,0.5,0.5,0.46601,0.6302,0.1963,0.4771,160.0,160.0,15.0,48.5,5561.0,1096.0,48.5,0.0,0.5,0.5,0.46783,0.5361,0.1364,0.3763,41.5,157.0,41.5,60.0,579.0,285.0,76.0,0.0,0.5,0.48866,0.46703,-0.2818,-0.7341,-0.4187,66.0,187.0,66.0,90.0,323.0,151.0,108.5,0.0,0.5,0.39047,0.5,-0.3698,-0.8662,-0.5199,96.5,228.0,96.5,122.0,42.0,25.0,145.5,0.0,0.5,0.2882,0.5,-0.4639,-0.9735,-0.6147,120.0,120.0,10.5,36.0,1075.0,293.0,38.5,0.0,0.5,0.5,0.48953,0.4412,0.0909,0.2937,125.5,150.5,125.5,150.5,30.0,30.0,185.5,0.0,0.5,,0.47984,-0.5588,,-0.7105,,,,,,,,,,,,,,,,,,,,,,,,,,,,,,,,,,,,,,,,,,,,,,,,,,,,,,,,,,,,,,,,,,,,,,,,,,,,,,,,,,,,,,,,,,,,,,,,,,,,,,,,,,,,,,,,,,,,,,,,,,,,,,,,,,,,,,,,,,,,,,,,,,,,,,,,,,,,,,,,,,,,,,,,
2021-10-11,0.0,0.0,0.0,0.0,0.0,3.0,1686.0,0.0,0,0,0,0,0,0,0.0,0.0,0.0,0.0,0.0,13.0,1661.0,0.0,0,0,0,0,0,0,0.0,0.0,0.0,0.0,0.0,38.0,1636.0,0.0,0,0,0,0,0,0,0.0,0.0,0.0,0.0,0.0,6.0,1611.0,0.0,0,0,0,0,0,0,0.0,0.0,0.0,0.0,0.0,3.0,1586.0,0.0,0,0,0,0,0,0,0.0,0.0,0.0,0.0,0.0,3.0,1561.0,0.0,0,0,0,0,0,0,0.0,0.0,0.0,0.0,0.0,3.0,1536.0,0.0,0,0,0,0,0,0,0.0,0.0,0.0,0.0,0.0,0.0,1511.0,0.0,0,0,0,0,0,0,0.0,0.0,0.0,0.0,0.0,0.0,1486.0,0.0,0,0,0,0,0,0,0.0,0.0,0.0,0.0,0.0,19.0,1461.0,0.0,0,0,0,0,0,0,0.0,0.0,0.0,0.0,0.0,21.0,1436.0,0.0,0,0,0,0,0,0,0.0,0.0,0.0,0.0,0.0,4.0,1411.0,0.0,0,0,0,0,0,0,0.0,0.0,0.0,0.0,0.0,7.0,1386.0,0.0,0.0,0.0,0.0,0.0,0.0,0.0,0.0,0.0,0.0,0.0,0.0,19.0,1361.0,0.0,0.0,0.0,0.0,0.0,0.0,0.0,0.0,0.0,0.0,0.0,0.0,16.0,1336.0,0.0,0.0,0.0,0.0,0.0,0.0,0.0,0.0,0.0,0.0,0.0,0.0,25.0,1311.0,0.0,0.0,0.0,0.0,0.0,0.0,0.0,0.0,0.0,0.0,0.0,0.0,24.0,1261.0,0.0,0.0,0.0,0.0,0.0,0.0,0.0,0.0,0.0,0.0,0.0,0.0,28.0,1211.0,0.0,0.0,0.0,0.0,0.0,0.0,0.0,0.0,0.0,0.0,0.0,0.0,113.0,1161.0,0.0,0.0,0.0,0.0,0.0,0.0,0.0,0.0,0.0,0.0,0.0,0.0,64.0,1111.0,0.0,0.0,0.0,0.0,0.0,0.0,0.0,0.0,0.0,0.0,0.0,0.0,78.0,1061.0,35.0,0.0,0.0,0.0,0.0,0.0,0.0,1090.0,1090.0,1090.0,1090.0,1.0,422.0,1011.0,4.0,0.0,0.0,0.0,0.0,0.0,0.0,1050.0,1097.0,1050.0,1097.0,5.0,417.0,961.0,22.0,0.0,0.0,0.0,0.0,0.0,0.0,0.0,0.0,0.0,0.0,0.0,184.0,911.0,31.0,0.0,0.0,0.0,0.0,0.0,0.0,995.5,995.5,995.5,995.5,4.0,521.0,861.0,15.0,0.0,0.0,0.0,0.0,0.0,0.0,0.0,0.0,0.0,0.0,0.0,359.0,811.0,40.0,0.0,0.0,0.0,0.0,0.0,0.0,0.0,0.0,0.0,0.0,0.0,143.0,761.0,47.0,0.0,0.0,0.0,0.0,0.0,0.0,0.0,0.0,0.0,0.0,0.0,875.0,711.0,207.0,0.0,0.0,0.0,0.0,0.0,0.0,0.0,0.0,0.0,0.0,0.0,199.0,0.5,0.0,0.0,0.0,0.0,0.0,0.0,0.0,0.0,0.0,0.0,0.0,0.0,135.0,0.5,0.0,0.0,0.0,0.0,0.0,0.0,0.0,0.0,0.0,0.0,0.0,0.0,106.0,0.5,0.0,0.0,0.0,0.0,0.0,0.0,0.0,0.0,0.0,0.0,0.0,0.0,37.0,0.5,0.0,0.0,0.0,0.0,0.0,0.0,0.0,0.0,0.0,0.0,0.0,0.0,64.0,0.5,0.0,0.0,0.0,0.0,0.0,0.0,0.0,0.0,0.0,0.0,0.0,0.0,59.0,0.5,0.0,0.0,0.0,0.0,0.0,0.0,0.0,0.0,0.0,0.0,0.0,0.0,66.0,0.5,0.0,0.0,0.0,0.0,0.0,0.0,0.0,0.0,0.0,0.0,0.0,0.0,176.0,0.5,0.0,0.0,0.0,0.0,0.0,0.0,0.0,0.0,0.0,0.0,0.0,0.0,101.0,0.5,0.0,0.0,0.0,0.0,0.0,0.0,0.0,0.0,0.0,0.0,0.0,0.0,118.0,0.5,0.0,0.0,0.0,0.0,0.0,0.0,0.0,0.0,0.0,0.0,0.0,0.0,252.0,0.5,0.0,0.0,0.0,0.0,0.0,0.0,0.0,0.5,0.5,0.5,0.5,22.0,251.0,0.5,0.0,0.5,0.5,0.5,0.0,0.0,0.0,0.5,0.5,0.5,0.5,43.0,221.0,0.5,0.0,0.5,0.5,0.5,0.0,0.0,0.0,0.5,0.5,0.5,0.5,36.0,225.0,0.5,0.0,0.5,0.5,0.5,0.0,0.0,0.0,0.5,0.5,0.5,0.5,24.0,245.0,0.5,0.0,0.5,0.5,0.5,0.0,0.0,0.0,0.5,0.5,0.5,0.5,35.0,322.0,0.5,0.0,0.5,0.5,0.5,0.0,0.0,0.0,0.5,0.5,0.5,0.5,63.0,397.0,0.5,0.0,0.5,0.5,0.5,0.0,0.0,0.0,0.0,0.0,0.0,0.0,0.0,492.0,0.5,0.0,0.0,0.0,0.0,0.0,0.0,0.0,0.0,0.0,0.0,0.0,0.0,842.0,0.5,0.0,0.0,0.0,0.0,0.0,0.0,0.0,0.5,0.5,0.5,0.5,1.0,1506.0,0.5,0.0,0.5,0.5,0.5,0.0,0.0,0.0,0.5,0.5,0.5,0.5,95.0,1641.0,0.5,0.0,0.5,0.5,0.5,0.0,0.0,0.0,0.5,0.5,0.5,0.5,8.0,2525.0,0.5,0.0,0.5,0.5,0.5,0.0,0.0,0.0,0.5,0.5,0.5,0.5,17.0,1484.0,0.5,0.0,0.5,0.5,0.5,0.0,-0.0,0.0,0.5,0.5,0.5,0.5,2.0,1833.0,0.5,0.0,0.5,0.5,0.5,0.0,-0.0,0.0,0.5,0.5,0.5,0.5,17.0,1420.0,0.5,0.0,0.5,0.5,0.5,0.0,-0.0,0.0,0.0,0.0,0.0,0.0,0.0,2501.0,0.5,0.0,0.0,0.0,0.0,0.0,0.0,0.0,0.0,0.0,0.0,0.0,0.0,318.0,0.5,0.0,0.0,0.0,0.0,0.0,0.0,0.0,0.5,0.5,0.5,0.5,80.0,782.0,0.5,0.0,0.5,0.5,0.5,-0.0,-0.0,-0.0,796.5,796.5,796.5,796.5,1.0,949.0,661.0,294.0,0.0,0.5,0.0,0.0,1.0,0.0,0.5,0.5,0.5,0.5,73.0,729.0,0.5,0.0,0.5,0.5,0.5,-0.0,-0.0,-0.0,718.0,718.0,718.0,718.0,3.0,330.0,611.0,42.0,0.0,0.5,0.0,0.0,1.0,0.0,613.0,688.0,604.5,688.0,12.0,378.0,561.0,91.0,0.0,0.5,0.0,0.0,0.9999,0.0,0.5,0.5,0.5,0.5,149.0,1912.0,0.5,0.0,0.5,0.5,0.5,-0.0,-0.0,-0.0,1.0,1.0,0.5,0.5,267.0,1097.0,0.5,0.0,0.5,0.5,0.5,-0.0,-0.0001,-0.0,600.0,651.5,600.0,651.5,31.0,585.0,511.0,12.0,0.5,0.5,0.5,1.0,0.9997,1.0,2.0,2.5,0.5,0.5,1182.0,1795.0,0.5,0.0,0.5,0.5,0.5,-0.0,-0.0003,-0.0,286.0,286.0,286.0,286.0,1.0,163.0,461.0,29.0,,,,,,,364.0,555.0,341.0,555.0,201.0,1497.0,411.0,637.0,0.5,0.5,0.5,1.0,0.9933,1.0,3.0,3.0,0.5,0.5,521.0,594.0,0.5,0.0,0.5,0.5,0.5,-0.0,-0.0017,-0.0,5.0,5.5,0.5,0.5,2098.0,1173.0,0.5,0.0,0.5,0.5,0.5,-0.0,-0.0067,-0.0,295.5,479.0,295.0,425.0,531.0,387.0,361.5,3.0,,0.5,,,0.9781,,246.5,465.5,246.5,465.5,696.0,343.0,312.5,12.0,0.5,0.5,0.5,0.9999,0.9414,0.9999,7.0,7.5,0.5,0.5,2915.0,1827.0,0.5,0.0,0.5,0.5,0.5,-0.0,-0.0219,-0.0,13.5,13.5,0.5,0.5,2566.0,1097.0,1.5,0.0,0.5,0.5,0.5,-0.0001,-0.0586,-0.0001,225.0,427.0,206.5,423.5,405.0,249.0,265.0,1.0,0.5,0.5,0.5,0.9995,0.8695,0.9995,121.0,396.0,121.0,396.0,892.0,583.0,219.0,2.0,0.5,0.5,0.5,0.998,0.7542,0.998,18.0,20.0,0.5,0.5,1588.0,534.0,4.0,0.0,0.5,0.5,0.5,-0.0005,-0.1305,-0.0005,37.0,43.0,0.5,0.5,2785.0,1115.0,8.0,0.0,0.5,0.5,0.5,-0.002,-0.2458,-0.002,102.5,357.0,102.5,357.0,512.0,415.0,176.0,0.0,0.5,0.5,0.5,0.9929,0.6016,0.9929,75.5,313.5,75.5,313.5,781.0,387.0,137.0,5.0,0.5,0.5,0.5,0.9787,0.4337,0.9787,55.0,276.0,51.0,274.0,2922.0,695.0,103.0,0.0,0.5,0.5,0.5,0.9461,0.279,0.9461,48.0,48.0,1.0,1.0,1157.0,473.0,15.0,0.0,0.5,0.5,0.5,-0.0071,-0.3984,-0.0071,179.0,179.0,2.0,2.0,1656.0,353.0,26.0,0.0,0.5,0.5,0.5,-0.0213,-0.5663,-0.0213,97.0,99.0,2.5,5.5,1154.0,274.0,42.0,0.0,0.48434,0.5,0.5,-0.0485,-0.721,-0.0539,39.5,230.0,39.5,230.0,2109.0,529.0,75.0,0.0,0.5,0.5,0.5,0.884,0.1589,0.884,123.0,124.0,5.0,5.5,2269.0,631.0,64.0,0.0,0.45061,0.33842,0.46225,-0.0929,-0.9317,-0.0984,30.5,159.5,30.5,159.5,768.0,199.0,53.0,0.0,0.5,0.5,0.5,0.7845,0.0798,0.7845,20.0,145.0,20.0,145.0,884.0,129.0,37.0,0.0,0.5,0.5,0.5,0.6499,0.0352,0.6499,18.0,118.0,18.0,103.0,5324.0,830.0,25.5,0.0,0.5,0.5,0.5,0.495,0.0137,0.495,153.0,153.0,9.0,12.0,859.0,293.0,92.0,0.0,0.40149,,0.44704,-0.1651,,-0.1902,79.5,80.0,20.0,20.0,273.0,155.0,126.0,0.0,0.38746,,0.38746,-0.3126,,-0.3126,195.5,204.5,31.5,31.5,131.0,51.0,164.5,0.0,0.29379,,0.29379,-0.5156,,-0.5156,,,,,,,,,,,,,,,,,,,,,,,,,,,,,,,,,,,,,,,,,,,,,,,,,,,,,,,,,,,,,,,,,,,,,,,,,,,,,,,,,,,,
2021-10-12,0.0,0.0,0.0,0.0,0.0,0.0,2045.0,3.0,0,0,0,0,0,0,0.0,0.0,0.0,0.0,0.0,0.0,2020.0,13.0,0,0,0,0,0,0,0.0,0.0,0.0,0.0,0.0,0.0,1995.0,38.0,0,0,0,0,0,0,0.0,0.0,0.0,0.0,0.0,0.0,1970.0,6.0,0,0,0,0,0,0,0.0,0.0,0.0,0.0,0.0,0.0,1945.0,3.0,0,0,0,0,0,0,0.0,0.0,0.0,0.0,0.0,0.0,1920.0,3.0,0,0,0,0,0,0,0.0,0.0,0.0,0.0,0.0,0.0,1895.0,3.0,0,0,0,0,0,0,0.0,0.0,0.0,0.0,0.0,0.0,1870.0,0.0,0,0,0,0,0,0,0.0,0.0,0.0,0.0,0.0,0.0,1845.0,0.0,0,0,0,0,0,0,0.0,0.0,0.0,0.0,0.0,0.0,1820.0,19.0,0,0,0,0,0,0,0.0,0.0,0.0,0.0,0.0,0.0,1795.0,21.0,0,0,0,0,0,0,0.0,0.0,0.0,0.0,0.0,0.0,1770.0,4.0,0,0,0,0,0,0,0.0,0.0,0.0,0.0,0.0,0.0,1745.0,7.0,0.0,0.0,0.0,0.0,0.0,0.0,0.0,0.0,0.0,0.0,0.0,0.0,1720.0,19.0,0.0,0.0,0.0,0.0,0.0,0.0,0.0,0.0,0.0,0.0,0.0,0.0,1695.0,16.0,0.0,0.0,0.0,0.0,0.0,0.0,0.0,0.0,0.0,0.0,0.0,0.0,1670.0,25.0,0.0,0.0,0.0,0.0,0.0,0.0,0.0,0.0,0.0,0.0,0.0,0.0,1620.0,24.0,0.0,0.0,0.0,0.0,0.0,0.0,0.0,0.0,0.0,0.0,0.0,0.0,1570.0,28.0,0.0,0.0,0.0,0.0,0.0,0.0,0.0,0.0,0.0,0.0,0.0,0.0,1520.0,113.0,0.0,0.0,0.0,0.0,0.0,0.0,0.0,0.0,0.0,0.0,0.0,0.0,1470.0,64.0,0.0,0.0,0.0,0.0,0.0,0.0,0.0,0.0,0.0,0.0,0.0,0.0,1420.0,78.0,0.0,0.0,0.0,0.0,0.0,0.0,0.0,0.0,0.0,0.0,0.0,0.0,1370.0,422.0,0.0,0.0,0.0,0.0,0.0,0.0,1148.0,1148.0,1148.0,1148.0,1.0,0.0,1320.0,417.0,0.0,0.0,0.0,0.0,0.0,0.0,1300.0,1308.0,1300.0,1308.0,24.0,0.0,1270.0,184.0,0.0,0.0,0.0,0.0,0.0,0.0,0.0,0.0,0.0,0.0,0.0,0.0,1220.0,521.0,0.0,0.0,0.0,0.0,0.0,0.0,0.0,0.0,0.0,0.0,0.0,0.0,1170.0,359.0,0.0,0.0,0.0,0.0,0.0,0.0,0.0,0.0,0.0,0.0,0.0,0.0,1120.0,143.0,0.0,0.0,0.0,0.0,0.0,0.0,0.0,0.0,0.0,0.0,0.0,0.0,1070.0,875.0,0.0,0.0,0.0,0.0,0.0,0.0,419.0,419.0,0.5,0.5,4.0,0.0,0.0,0.0,,,,,,,0.0,0.0,0.0,0.0,0.0,0.0,0.0,0.0,,,,,,,0.0,0.0,0.0,0.0,0.0,0.0,0.0,0.0,,,,,,,0.0,0.0,0.0,0.0,0.0,0.0,0.0,0.0,,,,,,,0.0,0.0,0.0,0.0,0.0,0.0,0.0,0.0,,,,,,,0.0,0.0,0.0,0.0,0.0,0.0,0.0,0.0,,,,,,,0.0,0.0,0.0,0.0,0.0,0.0,0.0,0.0,,,,,,,0.0,0.0,0.0,0.0,0.0,0.0,0.0,0.0,,,,,,,0.0,0.0,0.0,0.0,0.0,0.0,0.0,0.0,,,,,,,0.0,0.0,0.0,0.0,0.0,0.0,0.0,0.0,,,,,,,0.0,0.0,0.0,0.0,0.0,0.0,0.0,0.0,,,,,,,0.0,0.0,0.0,0.0,0.0,0.0,0.0,0.0,,,,,,,0.0,0.0,0.0,0.0,0.0,0.0,0.0,0.0,,,,,,,0.0,0.0,0.0,0.0,0.0,0.0,0.0,0.0,,,,,,,0.0,0.0,0.0,0.0,0.0,0.0,0.0,0.0,,,,,,,0.0,0.0,0.0,0.0,0.0,0.0,0.0,0.0,,,,,,,0.0,0.0,0.0,0.0,0.0,0.0,0.0,0.0,,,,,,,0.0,0.0,0.0,0.0,0.0,0.0,0.0,0.0,,,,,,,0.0,0.0,0.0,0.0,0.0,0.0,0.0,0.0,,,,,,,0.0,0.0,0.0,0.0,0.0,0.0,0.0,0.0,,,,,,,0.0,0.0,0.0,0.0,0.0,0.0,0.0,0.0,,,,,,,0.0,0.0,0.0,0.0,0.0,0.0,0.0,0.0,,,,,,,0.0,0.0,0.0,0.0,0.0,0.0,0.0,0.0,,,,,,,0.0,0.0,0.0,0.0,0.0,0.0,0.0,0.0,,,,,,,0.0,0.0,0.0,0.0,0.0,0.0,0.0,0.0,,,,,,,0.5,0.5,0.5,0.5,10.0,0.0,0.0,0.0,,,,,,,0.0,0.0,0.0,0.0,0.0,0.0,0.0,0.0,,,,,,,0.5,0.5,0.5,0.5,10.0,0.0,0.0,0.0,,,,,,,962.5,980.0,900.0,900.0,11.0,0.0,1020.0,941.0,0.0,0.0,0.0,0.0,0.0,0.0,0.5,0.5,0.5,0.5,63.0,0.0,0.0,0.0,,,,,,,1031.0,1031.0,1031.0,1031.0,3.0,0.0,970.0,327.0,0.0,0.0,0.0,0.0,0.0,0.0,856.0,976.0,856.0,976.0,7.0,0.0,920.0,377.0,0.0,,0.0,0.0,,0.0,0.5,2.0,0.5,0.5,142.0,0.0,0.0,0.0,,,,,,,0.5,0.5,0.5,0.5,6.0,0.0,0.0,0.0,,,,,,,700.0,931.0,700.0,850.0,142.0,0.0,870.0,533.0,0.0,,,0.0,,,0.5,0.5,0.5,0.5,2.0,0.0,0.0,0.0,,,,,,,693.0,854.5,693.0,854.5,8.0,0.0,820.0,161.0,0.0,,,0.0,,,756.0,831.0,665.5,666.5,113.0,0.0,770.0,1397.0,,,,,,,0.5,0.5,0.5,0.5,13.0,0.0,0.0,0.0,,,,,,,0.5,0.5,0.5,0.5,40.0,0.0,0.0,0.0,,,,,,,670.0,757.0,670.0,680.0,9.0,0.0,720.0,383.0,,,,,,,600.0,732.5,600.0,635.0,114.0,0.0,670.0,313.0,,,,,,,0.5,0.5,0.5,0.5,24.0,0.0,0.0,0.0,,,,,,,0.5,0.5,0.5,0.5,11.0,0.0,0.0,0.0,,,,,,,550.0,595.0,76.5,595.0,16.0,0.0,620.0,241.0,,,,,,,480.0,639.0,477.5,477.5,505.0,0.0,570.0,524.0,,,,,,,0.5,0.5,0.5,0.5,2.0,0.0,0.0,0.0,,,,,,,0.5,0.5,0.5,0.5,39.0,0.0,0.0,0.0,,,,,,,461.0,596.0,428.0,428.0,548.0,0.0,520.0,336.0,,,,,,,411.5,557.0,377.5,377.5,540.0,0.0,470.0,310.0,,,,,,,286.0,522.0,286.0,300.0,879.0,0.0,420.0,373.0,,,,,,,0.5,0.5,0.5,0.5,53.0,0.0,0.0,0.0,,,,,,,0.5,1.0,0.5,0.5,256.0,0.0,0.0,0.0,,,,,,,2.0,2.0,0.5,0.5,568.0,0.0,0.0,0.0,,,,,,,302.0,460.0,247.0,247.0,696.0,0.0,370.0,286.0,,,,,,,6.0,6.0,0.5,0.5,1598.0,0.0,0.0,0.0,,,,,,,242.0,410.0,229.0,229.0,297.0,0.0,320.0,126.0,,,,,,,210.5,360.0,179.0,179.0,393.0,0.0,270.0,105.0,,,,,,,144.5,339.5,98.5,126.5,1415.0,0.0,220.0,355.0,,,,,,,5.5,10.0,0.5,0.5,1141.0,0.0,0.0,0.0,,,,,,,10.5,20.0,0.5,0.5,1876.0,0.0,0.0,0.0,,,,,,,22.0,22.0,0.5,1.0,2897.0,0.0,0.0,0.0,,,,,,,100.0,231.0,43.0,43.0,212.0,0.0,170.0,33.0,,,,,,,80.0,190.0,36.5,40.0,198.0,0.0,120.0,100.0,,,,,,,50.0,185.0,0.5,0.5,3693.0,0.0,70.0,3.0,,,,,,,31.0,33.0,0.5,0.5,567.0,0.0,0.0,0.0,,,,,,,70.0,70.0,0.5,0.5,1371.0,0.0,0.0,0.0,,,,,,,65.0,88.0,6.0,19.5,2913.0,0.0,0.0,127.0,,,,,,
