time,C,C,C,C,C,C,C,C,C,P,P,P,P,P,P,P,P,P,C,C,C,C,C,C,C,C,C,P,P,P,P,P,P,P,P,P,C,C,C,C,C,C,C,C,C,P,P,P,P,P,P,P,P,P,C,C,C,C,C,C,C,C,C,P,P,P,P,P,P,P,P,P,C,C,C,C,C,C,C,C,C,P,P,P,P,P,P,P,P,P,C,C,C,C,C,C,C,C,C,P,P,P,P,P,P,P,P,P,C,C,C,C,C,C,C,C,C,P,P,P,P,P,P,P,P,P,C,C,C,C,C,C,C,C,C,P,P,P,P,P,P,P,P,P,C,C,C,C,C,C,C,C,C,P,P,P,P,P,P,P,P,P,C,C,C,C,C,C,C,C,C,P,P,P,P,P,P,P,P,P,C,C,C,C,C,C,C,C,C,P,P,P,P,P,P,P,P,P,C,C,C,C,C,C,C,C,C,P,P,P,P,P,P,P,P,P,C,C,C,C,C,C,C,C,C,P,P,P,P,P,P,P,P,P,C,C,C,C,C,C,C,C,C,P,P,P,P,P,P,P,P,P,C,C,C,C,C,C,C,C,C,P,P,P,P,P,P,P,P,P,C,C,C,C,C,C,C,C,C,P,P,P,P,P,P,P,P,P,C,C,C,C,C,C,C,C,C,P,P,P,P,P,P,P,P,P,C,C,C,C,C,C,C,C,C,P,P,P,P,P,P,P,P,P,C,C,C,C,C,C,C,C,C,P,P,P,P,P,P,P,P,P,C,C,C,C,C,C,C,C,C,P,P,P,P,P,P,P,P,P,C,C,C,C,C,C,C,C,C,P,P,P,P,P,P,P,P,P,C,C,C,C,C,C,C,C,C,P,P,P,P,P,P,P,P,P,C,C,C,C,C,C,C,C,C,P,P,P,P,P,P,P,P,P,C,C,C,C,C,C,C,C,C,P,P,P,P,P,P,P,P,P,C,C,C,C,C,C,C,C,C,P,P,P,P,P,P,P,P,P,C,C,C,C,C,C,C,C,C,P,P,P,P,P,P,P,P,P,C,C,C,C,C,C,C,C,C,P,P,P,P,P,P,P,P,P,C,C,C,C,C,C,C,C,C,P,P,P,P,P,P,P,P,P,C,C,C,C,C,C,C,C,C,P,P,P,P,P,P,P,P,P,C,C,C,C,C,C,C,C,C,P,P,P,P,P,P,P,P,P,C,C,C,C,C,C,C,C,C,P,P,P,P,P,P,P,P,P,C,C,C,C,C,C,C,C,C,P,P,P,P,P,P,P,P,P,C,C,C,C,C,C,C,C,C,P,P,P,P,P,P,P,P,P,C,C,C,C,C,C,C,C,C,P,P,P,P,P,P,P,P,P,C,C,C,C,C,C,C,C,C,P,P,P,P,P,P,P,P,P,C,C,C,C,C,C,C,C,C,P,P,P,P,P,P,P,P,P,C,C,C,C,C,C,C,C,C,P,P,P,P,P,P,P,P,P,C,C,C,C,C,C,C,C,C,P,P,P,P,P,P,P,P,P,C,C,C,C,C,C,C,C,C,P,P,P,P,P,P,P,P,P,C,C,C,C,C,C,C,C,C,P,P,P,P,P,P,P,P,P,C,C,C,C,C,C,C,C,C,P,P,P,P,P,P,P,P,P,C,C,C,C,C,C,C,C,C,P,P,P,P,P,P,P,P,P,C,C,C,C,C,C,C,C,C,P,P,P,P,P,P,P,P,P,C,C,C,C,C,C,C,C,C,P,P,P,P,P,P,P,P,P,C,C,C,C,C,C,C,C,C,P,P,P,P,P,P,P,P,P,C,C,C,C,C,C,C,C,C,P,P,P,P,P,P,P,P,P,C,C,C,C,C,C,C,C,C,P,P,P,P,P,P,P,P,P,C,C,C,C,C,C,C,C,C,P,P,P,P,P,P,P,P,P,C,C,C,C,C,C,C,C,C,P,P,P,P,P,P,P,P,P,C,C,C,C,C,C,C,C,C,P,P,P,P,P,P,P,P,P,C,C,C,C,C,C,C,C,C,P,P,P,P,P,P,P,P,P,C,C,C,C,C,C,C,C,C,P,P,P,P,P,P,P,P,P,C,C,C,C,C,C,C,C,C,P,P,P,P,P,P,P,P,P,C,C,C,C,C,C,C,C,C,P,P,P,P,P,P,P,P,P,C,C,C,C,C,C,C,C,C,P,P,P,P,P,P,P,P,P,C,C,C,C,C,C,C,C,C,P,P,P,P,P,P,P,P,P,C,C,C,C,C,C,C,C,C,P,P,P,P,P,P,P,P,P,C,C,C,C,C,C,C,C,C,P,P,P,P,P,P,P,P,P,C,C,C,C,C,C,C,C,C,P,P,P,P,P,P,P,P,P,C,C,C,C,C,C,C,C,C,P,P,P,P,P,P,P,P,P,C,C,C,C,C,C,C,C,C,P,P,P,P,P,P,P,P,P,C,C,C,C,C,C,C,C,C,P,P,P,P,P,P,P,P,P,C,C,C,C,C,C,C,C,C,P,P,P,P,P,P,P,P,P,C,C,C,C,C,C,C,C,C,P,P,P,P,P,P,P,P,P,C,C,C,C,C,C,C,C,C,P,P,P,P,P,P,P,P,P,C,C,C,C,C,C,C,C,C,P,P,P,P,P,P,P,P,P,C,C,C,C,C,C,C,C,C,P,P,P,P,P,P,P,P,P,C,C,C,C,C,C,C,C,C,P,P,P,P,P,P,P,P,P,C,C,C,C,C,C,C,C,C,P,P,P,P,P,P,P,P,P,C,C,C,C,C,C,C,C,C,P,P,P,P,P,P,P,P,P,C,C,C,C,C,C,C,C,C,P,P,P,P,P,P,P,P,P,C,C,C,C,C,C,C,C,C,P,P,P,P,P,P,P,P,P,C,C,C,C,C,C,C,C,C,P,P,P,P,P,P,P,P,P,C,C,C,C,C,C,C,C,C,P,P,P,P,P,P,P,P,P,C,C,C,C,C,C,C,C,C,P,P,P,P,P,P,P,P,P,C,C,C,C,C,C,C,C,C,P,P,P,P,P,P,P,P,P,C,C,C,C,C,C,C,C,C,P,P,P,P,P,P,P,P,P,C,C,C,C,C,C,C,C,C,P,P,P,P,P,P,P,P,P,C,C,C,C,C,C,C,C,C,P,P,P,P,P,P,P,P,P,C,C,C,C,C,C,C,C,C,P,P,P,P,P,P,P,P,P,C,C,C,C,C,C,C,C,C,P,P,P,P,P,P,P,P,P,C,C,C,C,C,C,C,C,C,P,P,P,P,P,P,P,P,P,C,C,C,C,C,C,C,C,C,P,P,P,P,P,P,P,P,P,C,C,C,C,C,C,C,C,C,P,P,P,P,P,P,P,P,P,C,C,C,C,C,C,C,C,C,P,P,P,P,P,P,P,P,P,C,C,C,C,C,C,C,C,C,P,P,P,P,P,P,P,P,P,C,C,C,C,C,C,C,C,C,P,P,P,P,P,P,P,P,P,C,C,C,C,C,C,C,C,C,P,P,P,P,P,P,P,P,P,C,C,C,C,C,C,C,C,C,P,P,P,P,P,P,P,P,P,C,C,C,C,C,C,C,C,C,P,P,P,P,P,P,P,P,P,C,C,C,C,C,C,C,C,C,P,P,P,P,P,P,P,P,P,C,C,C,C,C,C,C,C,C,P,P,P,P,P,P,P,P,P
time,410.00,410.00,410.00,410.00,410.00,410.00,410.00,410.00,410.00,410.00,410.00,410.00,410.00,410.00,410.00,410.00,410.00,410.00,420.00,420.00,420.00,420.00,420.00,420.00,420.00,420.00,420.00,420.00,420.00,420.00,420.00,420.00,420.00,420.00,420.00,420.00,430.00,430.00,430.00,430.00,430.00,430.00,430.00,430.00,430.00,430.00,430.00,430.00,430.00,430.00,430.00,430.00,430.00,430.00,440.00,440.00,440.00,440.00,440.00,440.00,440.00,440.00,440.00,440.00,440.00,440.00,440.00,440.00,440.00,440.00,440.00,440.00,442.00,442.00,442.00,442.00,442.00,442.00,442.00,442.00,442.00,442.00,442.00,442.00,442.00,442.00,442.00,442.00,442.00,442.00,443.00,443.00,443.00,443.00,443.00,443.00,443.00,443.00,443.00,443.00,443.00,443.00,443.00,443.00,443.00,443.00,443.00,443.00,444.00,444.00,444.00,444.00,444.00,444.00,444.00,444.00,444.00,444.00,444.00,444.00,444.00,444.00,444.00,444.00,444.00,444.00,445.00,445.00,445.00,445.00,445.00,445.00,445.00,445.00,445.00,445.00,445.00,445.00,445.00,445.00,445.00,445.00,445.00,445.00,446.00,446.00,446.00,446.00,446.00,446.00,446.00,446.00,446.00,446.00,446.00,446.00,446.00,446.00,446.00,446.00,446.00,446.00,447.00,447.00,447.00,447.00,447.00,447.00,447.00,447.00,447.00,447.00,447.00,447.00,447.00,447.00,447.00,447.00,447.00,447.00,448.00,448.00,448.00,448.00,448.00,448.00,448.00,448.00,448.00,448.00,448.00,448.00,448.00,448.00,448.00,448.00,448.00,448.00,449.00,449.00,449.00,449.00,449.00,449.00,449.00,449.00,449.00,449.00,449.00,449.00,449.00,449.00,449.00,449.00,449.00,449.00,450.00,450.00,450.00,450.00,450.00,450.00,450.00,450.00,450.00,450.00,450.00,450.00,450.00,450.00,450.00,450.00,450.00,450.00,451.00,451.00,451.00,451.00,451.00,451.00,451.00,451.00,451.00,451.00,451.00,451.00,451.00,451.00,451.00,451.00,451.00,451.00,452.00,452.00,452.00,452.00,452.00,452.00,452.00,452.00,452.00,452.00,452.00,452.00,452.00,452.00,452.00,452.00,452.00,452.00,453.00,453.00,453.00,453.00,453.00,453.00,453.00,453.00,453.00,453.00,453.00,453.00,453.00,453.00,453.00,453.00,453.00,453.00,454.00,454.00,454.00,454.00,454.00,454.00,454.00,454.00,454.00,454.00,454.00,454.00,454.00,454.00,454.00,454.00,454.00,454.00,455.00,455.00,455.00,455.00,455.00,455.00,455.00,455.00,455.00,455.00,455.00,455.00,455.00,455.00,455.00,455.00,455.00,455.00,456.00,456.00,456.00,456.00,456.00,456.00,456.00,456.00,456.00,456.00,456.00,456.00,456.00,456.00,456.00,456.00,456.00,456.00,457.00,457.00,457.00,457.00,457.00,457.00,457.00,457.00,457.00,457.00,457.00,457.00,457.00,457.00,457.00,457.00,457.00,457.00,458.00,458.00,458.00,458.00,458.00,458.00,458.00,458.00,458.00,458.00,458.00,458.00,458.00,458.00,458.00,458.00,458.00,458.00,459.00,459.00,459.00,459.00,459.00,459.00,459.00,459.00,459.00,459.00,459.00,459.00,459.00,459.00,459.00,459.00,459.00,459.00,460.00,460.00,460.00,460.00,460.00,460.00,460.00,460.00,460.00,460.00,460.00,460.00,460.00,460.00,460.00,460.00,460.00,460.00,461.00,461.00,461.00,461.00,461.00,461.00,461.00,461.00,461.00,461.00,461.00,461.00,461.00,461.00,461.00,461.00,461.00,461.00,462.00,462.00,462.00,462.00,462.00,462.00,462.00,462.00,462.00,462.00,462.00,462.00,462.00,462.00,462.00,462.00,462.00,462.00,470.00,470.00,470.00,470.00,470.00,470.00,470.00,470.00,470.00,470.00,470.00,470.00,470.00,470.00,470.00,470.00,470.00,470.00,480.00,480.00,480.00,480.00,480.00,480.00,480.00,480.00,480.00,480.00,480.00,480.00,480.00,480.00,480.00,480.00,480.00,480.00,490.00,490.00,490.00,490.00,490.00,490.00,490.00,490.00,490.00,490.00,490.00,490.00,490.00,490.00,490.00,490.00,490.00,490.00,500.00,500.00,500.00,500.00,500.00,500.00,500.00,500.00,500.00,500.00,500.00,500.00,500.00,500.00,500.00,500.00,500.00,500.00,411.00,411.00,411.00,411.00,411.00,411.00,411.00,411.00,411.00,411.00,411.00,411.00,411.00,411.00,411.00,411.00,411.00,411.00,412.00,412.00,412.00,412.00,412.00,412.00,412.00,412.00,412.00,412.00,412.00,412.00,412.00,412.00,412.00,412.00,412.00,412.00,413.00,413.00,413.00,413.00,413.00,413.00,413.00,413.00,413.00,413.00,413.00,413.00,413.00,413.00,413.00,413.00,413.00,413.00,414.00,414.00,414.00,414.00,414.00,414.00,414.00,414.00,414.00,414.00,414.00,414.00,414.00,414.00,414.00,414.00,414.00,414.00,415.00,415.00,415.00,415.00,415.00,415.00,415.00,415.00,415.00,415.00,415.00,415.00,415.00,415.00,415.00,415.00,415.00,415.00,416.00,416.00,416.00,416.00,416.00,416.00,416.00,416.00,416.00,416.00,416.00,416.00,416.00,416.00,416.00,416.00,416.00,416.00,417.00,417.00,417.00,417.00,417.00,417.00,417.00,417.00,417.00,417.00,417.00,417.00,417.00,417.00,417.00,417.00,417.00,417.00,418.00,418.00,418.00,418.00,418.00,418.00,418.00,418.00,418.00,418.00,418.00,418.00,418.00,418.00,418.00,418.00,418.00,418.00,419.00,419.00,419.00,419.00,419.00,419.00,419.00,419.00,419.00,419.00,419.00,419.00,419.00,419.00,419.00,419.00,419.00,419.00,421.00,421.00,421.00,421.00,421.00,421.00,421.00,421.00,421.00,421.00,421.00,421.00,421.00,421.00,421.00,421.00,421.00,421.00,422.00,422.00,422.00,422.00,422.00,422.00,422.00,422.00,422.00,422.00,422.00,422.00,422.00,422.00,422.00,422.00,422.00,422.00,423.00,423.00,423.00,423.00,423.00,423.00,423.00,423.00,423.00,423.00,423.00,423.00,423.00,423.00,423.00,423.00,423.00,423.00,424.00,424.00,424.00,424.00,424.00,424.00,424.00,424.00,424.00,424.00,424.00,424.00,424.00,424.00,424.00,424.00,424.00,424.00,425.00,425.00,425.00,425.00,425.00,425.00,425.00,425.00,425.00,425.00,425.00,425.00,425.00,425.00,425.00,425.00,425.00,425.00,426.00,426.00,426.00,426.00,426.00,426.00,426.00,426.00,426.00,426.00,426.00,426.00,426.00,426.00,426.00,426.00,426.00,426.00,427.00,427.00,427.00,427.00,427.00,427.00,427.00,427.00,427.00,427.00,427.00,427.00,427.00,427.00,427.00,427.00,427.00,427.00,428.00,428.00,428.00,428.00,428.00,428.00,428.00,428.00,428.00,428.00,428.00,428.00,428.00,428.00,428.00,428.00,428.00,428.00,429.00,429.00,429.00,429.00,429.00,429.00,429.00,429.00,429.00,429.00,429.00,429.00,429.00,429.00,429.00,429.00,429.00,429.00,431.00,431.00,431.00,431.00,431.00,431.00,431.00,431.00,431.00,431.00,431.00,431.00,431.00,431.00,431.00,431.00,431.00,431.00,432.00,432.00,432.00,432.00,432.00,432.00,432.00,432.00,432.00,432.00,432.00,432.00,432.00,432.00,432.00,432.00,432.00,432.00,433.00,433.00,433.00,433.00,433.00,433.00,433.00,433.00,433.00,433.00,433.00,433.00,433.00,433.00,433.00,433.00,433.00,433.00,434.00,434.00,434.00,434.00,434.00,434.00,434.00,434.00,434.00,434.00,434.00,434.00,434.00,434.00,434.00,434.00,434.00,434.00,435.00,435.00,435.00,435.00,435.00,435.00,435.00,435.00,435.00,435.00,435.00,435.00,435.00,435.00,435.00,435.00,435.00,435.00,436.00,436.00,436.00,436.00,436.00,436.00,436.00,436.00,436.00,436.00,436.00,436.00,436.00,436.00,436.00,436.00,436.00,436.00,437.00,437.00,437.00,437.00,437.00,437.00,437.00,437.00,437.00,437.00,437.00,437.00,437.00,437.00,437.00,437.00,437.00,437.00,438.00,438.00,438.00,438.00,438.00,438.00,438.00,438.00,438.00,438.00,438.00,438.00,438.00,438.00,438.00,438.00,438.00,438.00,439.00,439.00,439.00,439.00,439.00,439.00,439.00,439.00,439.00,439.00,439.00,439.00,439.00,439.00,439.00,439.00,439.00,439.00,441.00,441.00,441.00,441.00,441.00,441.00,441.00,441.00,441.00,441.00,441.00,441.00,441.00,441.00,441.00,441.00,441.00,441.00,463.00,463.00,463.00,463.00,463.00,463.00,463.00,463.00,463.00,463.00,463.00,463.00,463.00,463.00,463.00,463.00,463.00,463.00,464.00,464.00,464.00,464.00,464.00,464.00,464.00,464.00,464.00,464.00,464.00,464.00,464.00,464.00,464.00,464.00,464.00,464.00,465.00,465.00,465.00,465.00,465.00,465.00,465.00,465.00,465.00,465.00,465.00,465.00,465.00,465.00,465.00,465.00,465.00,465.00,466.00,466.00,466.00,466.00,466.00,466.00,466.00,466.00,466.00,466.00,466.00,466.00,466.00,466.00,466.00,466.00,466.00,466.00,467.00,467.00,467.00,467.00,467.00,467.00,467.00,467.00,467.00,467.00,467.00,467.00,467.00,467.00,467.00,467.00,467.00,467.00,468.00,468.00,468.00,468.00,468.00,468.00,468.00,468.00,468.00,468.00,468.00,468.00,468.00,468.00,468.00,468.00,468.00,468.00,469.00,469.00,469.00,469.00,469.00,469.00,469.00,469.00,469.00,469.00,469.00,469.00,469.00,469.00,469.00,469.00,469.00,469.00,471.00,471.00,471.00,471.00,471.00,471.00,471.00,471.00,471.00,471.00,471.00,471.00,471.00,471.00,471.00,471.00,471.00,471.00,472.00,472.00,472.00,472.00,472.00,472.00,472.00,472.00,472.00,472.00,472.00,472.00,472.00,472.00,472.00,472.00,472.00,472.00,473.00,473.00,473.00,473.00,473.00,473.00,473.00,473.00,473.00,473.00,473.00,473.00,473.00,473.00,473.00,473.00,473.00,473.00,474.00,474.00,474.00,474.00,474.00,474.00,474.00,474.00,474.00,474.00,474.00,474.00,474.00,474.00,474.00,474.00,474.00,474.00,475.00,475.00,475.00,475.00,475.00,475.00,475.00,475.00,475.00,475.00,475.00,475.00,475.00,475.00,475.00,475.00,475.00,475.00,476.00,476.00,476.00,476.00,476.00,476.00,476.00,476.00,476.00,476.00,476.00,476.00,476.00,476.00,476.00,476.00,476.00,476.00,477.00,477.00,477.00,477.00,477.00,477.00,477.00,477.00,477.00,477.00,477.00,477.00,477.00,477.00,477.00,477.00,477.00,477.00,478.00,478.00,478.00,478.00,478.00,478.00,478.00,478.00,478.00,478.00,478.00,478.00,478.00,478.00,478.00,478.00,478.00,478.00,479.00,479.00,479.00,479.00,479.00,479.00,479.00,479.00,479.00,479.00,479.00,479.00,479.00,479.00,479.00,479.00,479.00,479.00,481.00,481.00,481.00,481.00,481.00,481.00,481.00,481.00,481.00,481.00,481.00,481.00,481.00,481.00,481.00,481.00,481.00,481.00,482.00,482.00,482.00,482.00,482.00,482.00,482.00,482.00,482.00,482.00,482.00,482.00,482.00,482.00,482.00,482.00,482.00,482.00,483.00,483.00,483.00,483.00,483.00,483.00,483.00,483.00,483.00,483.00,483.00,483.00,483.00,483.00,483.00,483.00,483.00,483.00,484.00,484.00,484.00,484.00,484.00,484.00,484.00,484.00,484.00,484.00,484.00,484.00,484.00,484.00,484.00,484.00,484.00,484.00,485.00,485.00,485.00,485.00,485.00,485.00,485.00,485.00,485.00,485.00,485.00,485.00,485.00,485.00,485.00,485.00,485.00,485.00,486.00,486.00,486.00,486.00,486.00,486.00,486.00,486.00,486.00,486.00,486.00,486.00,486.00,486.00,486.00,486.00,486.00,486.00,487.00,487.00,487.00,487.00,487.00,487.00,487.00,487.00,487.00,487.00,487.00,487.00,487.00,487.00,487.00,487.00,487.00,487.00,488.00,488.00,488.00,488.00,488.00,488.00,488.00,488.00,488.00,488.00,488.00,488.00,488.00,488.00,488.00,488.00,488.00,488.00,489.00,489.00,489.00,489.00,489.00,489.00,489.00,489.00,489.00,489.00,489.00,489.00,489.00,489.00,489.00,489.00,489.00,489.00,491.00,491.00,491.00,491.00,491.00,491.00,491.00,491.00,491.00,491.00,491.00,491.00,491.00,491.00,491.00,491.00,491.00,491.00,492.00,492.00,492.00,492.00,492.00,492.00,492.00,492.00,492.00,492.00,492.00,492.00,492.00,492.00,492.00,492.00,492.00,492.00,493.00,493.00,493.00,493.00,493.00,493.00,493.00,493.00,493.00,493.00,493.00,493.00,493.00,493.00,493.00,493.00,493.00,493.00,494.00,494.00,494.00,494.00,494.00,494.00,494.00,494.00,494.00,494.00,494.00,494.00,494.00,494.00,494.00,494.00,494.00,494.00,495.00,495.00,495.00,495.00,495.00,495.00,495.00,495.00,495.00,495.00,495.00,495.00,495.00,495.00,495.00,495.00,495.00,495.00,496.00,496.00,496.00,496.00,496.00,496.00,496.00,496.00,496.00,496.00,496.00,496.00,496.00,496.00,496.00,496.00,496.00,496.00,497.00,497.00,497.00,497.00,497.00,497.00,497.00,497.00,497.00,497.00,497.00,497.00,497.00,497.00,497.00,497.00,497.00,497.00,498.00,498.00,498.00,498.00,498.00,498.00,498.00,498.00,498.00,498.00,498.00,498.00,498.00,498.00,498.00,498.00,498.00,498.00,499.00,499.00,499.00,499.00,499.00,499.00,499.00,499.00,499.00,499.00,499.00,499.00,499.00,499.00,499.00,499.00,499.00,499.00,505.00,505.00,505.00,505.00,505.00,505.00,505.00,505.00,505.00,505.00,505.00,505.00,505.00,505.00,505.00,505.00,505.00,505.00
time,close,volume,oi,delta,imp_vol,gamma,rho,theta,vega,close,volume,oi,delta,imp_vol,gamma,rho,theta,vega,close,volume,oi,delta,imp_vol,gamma,rho,theta,vega,close,volume,oi,delta,imp_vol,gamma,rho,theta,vega,close,volume,oi,delta,imp_vol,gamma,rho,theta,vega,close,volume,oi,delta,imp_vol,gamma,rho,theta,vega,close,volume,oi,delta,imp_vol,gamma,rho,theta,vega,close,volume,oi,delta,imp_vol,gamma,rho,theta,vega,close,volume,oi,delta,imp_vol,gamma,rho,theta,vega,close,volume,oi,delta,imp_vol,gamma,rho,theta,vega,close,volume,oi,delta,imp_vol,gamma,rho,theta,vega,close,volume,oi,delta,imp_vol,gamma,rho,theta,vega,close,volume,oi,delta,imp_vol,gamma,rho,theta,vega,close,volume,oi,delta,imp_vol,gamma,rho,theta,vega,close,volume,oi,delta,imp_vol,gamma,rho,theta,vega,close,volume,oi,delta,imp_vol,gamma,rho,theta,vega,close,volume,oi,delta,imp_vol,gamma,rho,theta,vega,close,volume,oi,delta,imp_vol,gamma,rho,theta,vega,close,volume,oi,delta,imp_vol,gamma,rho,theta,vega,close,volume,oi,delta,imp_vol,gamma,rho,theta,vega,close,volume,oi,delta,imp_vol,gamma,rho,theta,vega,close,volume,oi,delta,imp_vol,gamma,rho,theta,vega,close,volume,oi,delta,imp_vol,gamma,rho,theta,vega,close,volume,oi,delta,imp_vol,gamma,rho,theta,vega,close,volume,oi,delta,imp_vol,gamma,rho,theta,vega,close,volume,oi,delta,imp_vol,gamma,rho,theta,vega,close,volume,oi,delta,imp_vol,gamma,rho,theta,vega,close,volume,oi,delta,imp_vol,gamma,rho,theta,vega,close,volume,oi,delta,imp_vol,gamma,rho,theta,vega,close,volume,oi,delta,imp_vol,gamma,rho,theta,vega,close,volume,oi,delta,imp_vol,gamma,rho,theta,vega,close,volume,oi,delta,imp_vol,gamma,rho,theta,vega,close,volume,oi,delta,imp_vol,gamma,rho,theta,vega,close,volume,oi,delta,imp_vol,gamma,rho,theta,vega,close,volume,oi,delta,imp_vol,gamma,rho,theta,vega,close,volume,oi,delta,imp_vol,gamma,rho,theta,vega,close,volume,oi,delta,imp_vol,gamma,rho,theta,vega,close,volume,oi,delta,imp_vol,gamma,rho,theta,vega,close,volume,oi,delta,imp_vol,gamma,rho,theta,vega,close,volume,oi,delta,imp_vol,gamma,rho,theta,vega,close,volume,oi,delta,imp_vol,gamma,rho,theta,vega,close,volume,oi,delta,imp_vol,gamma,rho,theta,vega,close,volume,oi,delta,imp_vol,gamma,rho,theta,vega,close,volume,oi,delta,imp_vol,gamma,rho,theta,vega,close,volume,oi,delta,imp_vol,gamma,rho,theta,vega,close,volume,oi,delta,imp_vol,gamma,rho,theta,vega,close,volume,oi,delta,imp_vol,gamma,rho,theta,vega,close,volume,oi,delta,imp_vol,gamma,rho,theta,vega,close,volume,oi,delta,imp_vol,gamma,rho,theta,vega,close,volume,oi,delta,imp_vol,gamma,rho,theta,vega,close,volume,oi,delta,imp_vol,gamma,rho,theta,vega,close,volume,oi,delta,imp_vol,gamma,rho,theta,vega,close,volume,oi,delta,imp_vol,gamma,rho,theta,vega,close,volume,oi,delta,imp_vol,gamma,rho,theta,vega,close,volume,oi,delta,imp_vol,gamma,rho,theta,vega,close,volume,oi,delta,imp_vol,gamma,rho,theta,vega,close,volume,oi,delta,imp_vol,gamma,rho,theta,vega,close,volume,oi,delta,imp_vol,gamma,rho,theta,vega,close,volume,oi,delta,imp_vol,gamma,rho,theta,vega,close,volume,oi,delta,imp_vol,gamma,rho,theta,vega,close,volume,oi,delta,imp_vol,gamma,rho,theta,vega,close,volume,oi,delta,imp_vol,gamma,rho,theta,vega,close,volume,oi,delta,imp_vol,gamma,rho,theta,vega,close,volume,oi,delta,imp_vol,gamma,rho,theta,vega,close,volume,oi,delta,imp_vol,gamma,rho,theta,vega,close,volume,oi,delta,imp_vol,gamma,rho,theta,vega,close,volume,oi,delta,imp_vol,gamma,rho,theta,vega,close,volume,oi,delta,imp_vol,gamma,rho,theta,vega,close,volume,oi,delta,imp_vol,gamma,rho,theta,vega,close,volume,oi,delta,imp_vol,gamma,rho,theta,vega,close,volume,oi,delta,imp_vol,gamma,rho,theta,vega,close,volume,oi,delta,imp_vol,gamma,rho,theta,vega,close,volume,oi,delta,imp_vol,gamma,rho,theta,vega,close,volume,oi,delta,imp_vol,gamma,rho,theta,vega,close,volume,oi,delta,imp_vol,gamma,rho,theta,vega,close,volume,oi,delta,imp_vol,gamma,rho,theta,vega,close,volume,oi,delta,imp_vol,gamma,rho,theta,vega,close,volume,oi,delta,imp_vol,gamma,rho,theta,vega,close,volume,oi,delta,imp_vol,gamma,rho,theta,vega,close,volume,oi,delta,imp_vol,gamma,rho,theta,vega,close,volume,oi,delta,imp_vol,gamma,rho,theta,vega,close,volume,oi,delta,imp_vol,gamma,rho,theta,vega,close,volume,oi,delta,imp_vol,gamma,rho,theta,vega,close,volume,oi,delta,imp_vol,gamma,rho,theta,vega,close,volume,oi,delta,imp_vol,gamma,rho,theta,vega,close,volume,oi,delta,imp_vol,gamma,rho,theta,vega,close,volume,oi,delta,imp_vol,gamma,rho,theta,vega,close,volume,oi,delta,imp_vol,gamma,rho,theta,vega,close,volume,oi,delta,imp_vol,gamma,rho,theta,vega,close,volume,oi,delta,imp_vol,gamma,rho,theta,vega,close,volume,oi,delta,imp_vol,gamma,rho,theta,vega,close,volume,oi,delta,imp_vol,gamma,rho,theta,vega,close,volume,oi,delta,imp_vol,gamma,rho,theta,vega,close,volume,oi,delta,imp_vol,gamma,rho,theta,vega,close,volume,oi,delta,imp_vol,gamma,rho,theta,vega,close,volume,oi,delta,imp_vol,gamma,rho,theta,vega,close,volume,oi,delta,imp_vol,gamma,rho,theta,vega,close,volume,oi,delta,imp_vol,gamma,rho,theta,vega,close,volume,oi,delta,imp_vol,gamma,rho,theta,vega,close,volume,oi,delta,imp_vol,gamma,rho,theta,vega,close,volume,oi,delta,imp_vol,gamma,rho,theta,vega,close,volume,oi,delta,imp_vol,gamma,rho,theta,vega,close,volume,oi,delta,imp_vol,gamma,rho,theta,vega,close,volume,oi,delta,imp_vol,gamma,rho,theta,vega,close,volume,oi,delta,imp_vol,gamma,rho,theta,vega,close,volume,oi,delta,imp_vol,gamma,rho,theta,vega,close,volume,oi,delta,imp_vol,gamma,rho,theta,vega,close,volume,oi,delta,imp_vol,gamma,rho,theta,vega,close,volume,oi,delta,imp_vol,gamma,rho,theta,vega,close,volume,oi,delta,imp_vol,gamma,rho,theta,vega,close,volume,oi,delta,imp_vol,gamma,rho,theta,vega,close,volume,oi,delta,imp_vol,gamma,rho,theta,vega,close,volume,oi,delta,imp_vol,gamma,rho,theta,vega,close,volume,oi,delta,imp_vol,gamma,rho,theta,vega,close,volume,oi,delta,imp_vol,gamma,rho,theta,vega,close,volume,oi,delta,imp_vol,gamma,rho,theta,vega,close,volume,oi,delta,imp_vol,gamma,rho,theta,vega,close,volume,oi,delta,imp_vol,gamma,rho,theta,vega,close,volume,oi,delta,imp_vol,gamma,rho,theta,vega,close,volume,oi,delta,imp_vol,gamma,rho,theta,vega,close,volume,oi,delta,imp_vol,gamma,rho,theta,vega,close,volume,oi,delta,imp_vol,gamma,rho,theta,vega,close,volume,oi,delta,imp_vol,gamma,rho,theta,vega,close,volume,oi,delta,imp_vol,gamma,rho,theta,vega,close,volume,oi,delta,imp_vol,gamma,rho,theta,vega,close,volume,oi,delta,imp_vol,gamma,rho,theta,vega,close,volume,oi,delta,imp_vol,gamma,rho,theta,vega,close,volume,oi,delta,imp_vol,gamma,rho,theta,vega,close,volume,oi,delta,imp_vol,gamma,rho,theta,vega,close,volume,oi,delta,imp_vol,gamma,rho,theta,vega,close,volume,oi,delta,imp_vol,gamma,rho,theta,vega,close,volume,oi,delta,imp_vol,gamma,rho,theta,vega,close,volume,oi,delta,imp_vol,gamma,rho,theta,vega,close,volume,oi,delta,imp_vol,gamma,rho,theta,vega,close,volume,oi,delta,imp_vol,gamma,rho,theta,vega,close,volume,oi,delta,imp_vol,gamma,rho,theta,vega,close,volume,oi,delta,imp_vol,gamma,rho,theta,vega,close,volume,oi,delta,imp_vol,gamma,rho,theta,vega,close,volume,oi,delta,imp_vol,gamma,rho,theta,vega,close,volume,oi,delta,imp_vol,gamma,rho,theta,vega,close,volume,oi,delta,imp_vol,gamma,rho,theta,vega,close,volume,oi,delta,imp_vol,gamma,rho,theta,vega,close,volume,oi,delta,imp_vol,gamma,rho,theta,vega,close,volume,oi,delta,imp_vol,gamma,rho,theta,vega,close,volume,oi,delta,imp_vol,gamma,rho,theta,vega,close,volume,oi,delta,imp_vol,gamma,rho,theta,vega,close,volume,oi,delta,imp_vol,gamma,rho,theta,vega,close,volume,oi,delta,imp_vol,gamma,rho,theta,vega,close,volume,oi,delta,imp_vol,gamma,rho,theta,vega,close,volume,oi,delta,imp_vol,gamma,rho,theta,vega,close,volume,oi,delta,imp_vol,gamma,rho,theta,vega,close,volume,oi,delta,imp_vol,gamma,rho,theta,vega,close,volume,oi,delta,imp_vol,gamma,rho,theta,vega,close,volume,oi,delta,imp_vol,gamma,rho,theta,vega,close,volume,oi,delta,imp_vol,gamma,rho,theta,vega,close,volume,oi,delta,imp_vol,gamma,rho,theta,vega,close,volume,oi,delta,imp_vol,gamma,rho,theta,vega,close,volume,oi,delta,imp_vol,gamma,rho,theta,vega,close,volume,oi,delta,imp_vol,gamma,rho,theta,vega,close,volume,oi,delta,imp_vol,gamma,rho,theta,vega,close,volume,oi,delta,imp_vol,gamma,rho,theta,vega,close,volume,oi,delta,imp_vol,gamma,rho,theta,vega,close,volume,oi,delta,imp_vol,gamma,rho,theta,vega,close,volume,oi,delta,imp_vol,gamma,rho,theta,vega,close,volume,oi,delta,imp_vol,gamma,rho,theta,vega,close,volume,oi,delta,imp_vol,gamma,rho,theta,vega,close,volume,oi,delta,imp_vol,gamma,rho,theta,vega,close,volume,oi,delta,imp_vol,gamma,rho,theta,vega,close,volume,oi,delta,imp_vol,gamma,rho,theta,vega,close,volume,oi,delta,imp_vol,gamma,rho,theta,vega,close,volume,oi,delta,imp_vol,gamma,rho,theta,vega,close,volume,oi,delta,imp_vol,gamma,rho,theta,vega,close,volume,oi,delta,imp_vol,gamma,rho,theta,vega,close,volume,oi,delta,imp_vol,gamma,rho,theta,vega,close,volume,oi,delta,imp_vol,gamma,rho,theta,vega,close,volume,oi,delta,imp_vol,gamma,rho,theta,vega,close,volume,oi,delta,imp_vol,gamma,rho,theta,vega,close,volume,oi,delta,imp_vol,gamma,rho,theta,vega,close,volume,oi,delta,imp_vol,gamma,rho,theta,vega,close,volume,oi,delta,imp_vol,gamma,rho,theta,vega,close,volume,oi,delta,imp_vol,gamma,rho,theta,vega,close,volume,oi,delta,imp_vol,gamma,rho,theta,vega,close,volume,oi,delta,imp_vol,gamma,rho,theta,vega,close,volume,oi,delta,imp_vol,gamma,rho,theta,vega
2023-11-22 16:00:00,,,,0.9885,0.2379,0.00136,0.15489,-0.06251,0.0257,0.08,44.0,,-0.01035,0.23565,0.00131,-0.00183,-0.0201,0.02447,35.3,1.0,,0.98152,0.20041,0.00247,0.15748,-0.06991,0.03931,0.11,4,,-0.01647,0.19711,0.00234,-0.00291,-0.02494,0.03654,25.73,6.0,,0.96921,0.15922,0.00483,0.15914,-0.07732,0.06101,0.16,94,,-0.02983,0.15871,0.00479,-0.00527,-0.03277,0.06033,,,,0.9265,0.12413,0.01253,0.15544,-0.09674,0.12345,0.36,221,,-0.07061,0.12266,0.01237,-0.01245,-0.04935,0.12039,14.59,6.0,,0.91227,0.11569,0.01539,0.1537,-0.09998,0.14126,0.45,96,,-0.08938,0.11689,0.01551,-0.01575,-0.05578,0.1439,,,,0.90032,0.11313,0.0173,0.15198,-0.10394,0.15533,0.5,249,,-0.10141,0.1143,0.01741,-0.01788,-0.05959,0.15792,,,,0.88654,0.11061,0.01944,0.14993,-0.10807,0.17064,0.58,38,,-0.11468,0.11147,0.01951,-0.02021,-0.06318,0.17254,,,,0.87048,0.10822,0.02182,0.14748,-0.11245,0.18738,0.65,46,,-0.13039,0.10888,0.02185,-0.02299,-0.06715,0.18881,10.62,30.0,,0.85294,0.10547,0.02442,0.14477,-0.11633,0.20442,0.76,36,,-0.14863,0.10642,0.02444,-0.0262,-0.07129,0.2064,9.98,3.0,,0.83133,0.10339,0.02727,0.14134,-0.12105,0.22378,0.84,35,,-0.16985,0.10415,0.02725,-0.02995,-0.07561,0.22525,8.61,20.0,,0.8076,0.10098,0.03034,0.13754,-0.1251,0.24313,0.98,54,,-0.19405,0.10194,0.03026,-0.03422,-0.07978,0.24483,7.77,38.0,,0.77951,0.09909,0.03353,0.13296,-0.12951,0.26366,1.35,311,,-0.22168,0.09987,0.03342,-0.0391,-0.08378,0.26486,7.21,9,,0.74814,0.09717,0.0368,0.1278,-0.13331,0.2838,1.36,1542,,-0.25297,0.09795,0.03664,-0.04463,-0.08741,0.28478,6.64,25,,0.7129,0.09542,0.04003,0.12195,-0.13655,0.30312,1.62,82,,-0.28809,0.09622,0.0398,-0.05084,-0.09051,0.3039,5.65,8,,0.67385,0.09385,0.04307,0.11542,-0.13901,0.32075,1.78,33,,-0.32669,0.09451,0.04283,-0.05767,-0.09262,0.32119,4.86,138,,0.63159,0.09218,0.04588,0.10832,-0.14006,0.33558,2.09,115,,-0.36914,0.09317,0.04544,-0.06519,-0.09392,0.33596,4.37,114,,0.58582,0.09088,0.0481,0.10058,-0.14007,0.34688,2.5,1362,,-0.41464,0.09207,0.0475,-0.07327,-0.09403,0.34707,3.52,2401,,0.53757,0.08959,0.04974,0.0924,-0.1384,0.35359,2.81,865,,-0.46238,0.09108,0.04893,-0.08175,-0.0926,0.35363,3.14,877,,0.48748,0.08845,0.05058,0.08387,-0.1351,0.35502,3.37,299,,-0.51159,0.09027,0.04956,-0.09051,-0.08961,0.35503,2.52,57,,0.43662,0.08759,0.05046,0.07519,-0.1303,0.35073,4.02,15,,-0.56114,0.08978,0.04926,-0.09935,-0.08524,0.35097,2.14,589,,0.38588,0.0867,0.04951,0.0665,-0.12369,0.34061,4.4,76,,-0.60996,0.08945,0.04811,-0.10809,-0.07939,0.34153,1.83,86,,0.33576,0.08561,0.0478,0.05791,-0.11516,0.32472,5.79,7,,-0.65673,0.08947,0.0461,-0.11649,-0.07253,0.32728,1.36,385,,0.28802,0.08482,0.04514,0.04971,-0.10569,0.30386,5.53,204,,-0.70008,0.08997,0.04333,-0.12432,-0.06517,0.30934,1.19,160,,0.24376,0.0843,0.04174,0.0421,-0.09562,0.27921,6.77,16.0,,-0.73899,0.091,0.04004,-0.1314,-0.05777,0.28914,0.77,55,,0.20329,0.08386,0.03784,0.03513,-0.08506,0.25179,8.27,20.0,,-0.77239,0.09278,0.03647,-0.13753,-0.05105,0.26849,0.1,60,,0.03223,0.08505,0.00953,0.00558,-0.02108,0.06431,,,,-0.87011,0.13822,0.01712,-0.15753,-0.04899,0.18776,0.03,1631.0,,0.00782,0.10936,0.00221,0.00135,-0.00785,0.01915,25.88,3.0,,-0.87452,0.22642,0.0102,-0.16229,-0.10284,0.18328,,,,0.00395,0.13889,0.00095,0.00068,-0.00537,0.01043,,,,-0.9197,0.25897,0.00643,-0.17384,-0.07325,0.1321,0.02,15.0,,0.00323,0.173,0.00064,0.00056,-0.00554,0.00872,,,,-0.93008,0.31371,0.00477,-0.17948,-0.08221,0.11876,,,,,,,,,,,,,,,,,,,,,,,,,,,,,,,,,,,,,,,,,,,,,,,,,,,,,,,,,,,,,,,,,,,,,,,,,,,,,,,,,,,,,,,,,,,,,,,,,,,,,,,,,,,,,,,,,,,,,,,,,,,,,,,,,,,,,,,,,,,,,,,,,,,,,,,,,,,,,,,,,,,,,,,,,,,,,,,,,,,,,,,,,,,,,,,,,,,,,,,,,,,,,,,,,,,,,,,,,,,,,,,,,,,,,,,,,,,,,,,,,,,,,,,,,,,,,,,,,,,,,,,,,,,,,,,,,,,,,,,,,,,,,,,,,,,,,,,,,,,,,,,,,,,,,,,,,,,,,,,,,,,,,,,,,,,,,,,,,,,,,,,,,,,,,,,,,,,,,,,,,,,,,,,,,,,,,,,,,,,,,,,,,,,,,,,,,,,,,,,,,,,,,,,,,,,,,,,,,,,,,,,,,,,,,,,,,,,,,,,,,,,,,,,,,,,,,,,,,,,,,,,,,,,,,,,,,,,,,,,,,,,,,,,,,,,,,,,,,,,,,,,,,,,,,,,,,,,,,,,,,,,,,,,,,,,,,,,,,,,,,,,,,,,,,,,,,,,,,,,,,,,,,,,,,,,,,,,,,,,,,,,,,,,,,,,,,,,,,,,,,,,,,,,,,,,,,,,,,,,,,,,,,,,,,,,,,,,,,,,,,,,,,,,,,,,,,,,,,,,,,,,,,,,,,,,,,,,,,,,,,,,,,,,,,,,,,,,,,,,,,,,,,,,,,,,,,,,,,,,,,,,,,,,,,,,,,,,,,,,,,,,,,,,,,,,,,,,,,,,,,,,,,,,,,,,,,,,,,,,,,,,,,,,,,,,,,,,,,,,,,,,,,,,,,,,,,,,,,,,,,,,,,,,,,,,,,,,,,,,,,,,,,,,,,,,,,,,,,,,,,,,,,,,,,,,,,,,,,,,,,,,,,,,,,,,,,,,,,,,,,,,,,,,,,,,,,,,,,,,,,,,,,,,,,,,,,,,,,,,,,,,,,,,,,,,,,,,,,,,,,,,,,,,,,,,,,,,,,,,,,,,,,,,,,,,,,,,,,,,,,,,,,,,,,,,,,,,,,,,,,,,,,,,,,,,,,,,,,,,,,,,,,,,,,,,,,,,,,,,,,,,,,,,,,,,,,,,,,,,,,,,,,,,,,,,,,,,,,,,,,,,,,,,,,,,,,,,,,,,,,,,,,,,,,,,,,,
2023-11-24 13:00:00,,,,,,,,,,0.08,,38.0,,,,,,,35.3,,1.0,,,,,,,0.1,1,2.0,,,,,,,25.73,,6.0,,,,,,,0.13,9,71.0,,,,,,,,,,,,,,,,0.29,172,219.0,,,,,,,14.59,,2.0,,,,,,,0.34,9,62.0,,,,,,,,,,,,,,,,0.41,212,231.0,,,,,,,,,,,,,,,,0.46,36,36.0,,,,,,,11.26,1.0,,,,,,,,0.46,278,41.0,,,,,,,10.62,,9.0,,,,,,,0.61,7,31.0,,,,,,,9.98,,3.0,,,,,,,0.6,44,27.0,,,,,,,8.61,,10.0,,,,,,,0.69,234,49.0,,,,,,,7.77,,19.0,,,,,,,0.82,17,302.0,,,,,,,6.86,10,9.0,,,,,,,0.96,553,1043.0,,,,,,,6.04,16,25.0,,,,,,,1.16,237,76.0,,,,,,,5.28,35,7.0,,,,,,,1.43,265,18.0,,,,,,,4.93,13,54.0,,,,,,,1.67,623,66.0,,,,,,,4.01,155,105.0,,,,,,,1.99,673,256.0,,,,,,,3.39,1889,1043.0,,,,,,,2.42,1562,416.0,,,,,,,2.77,349,380.0,,,,,,,2.82,689,84.0,,,,,,,2.26,361,43.0,,,,,,,3.44,48,15.0,,,,,,,1.88,327,224.0,,,,,,,4.37,23,74.0,,,,,,,1.46,500,27.0,,,,,,,4.85,2,3.0,,,,,,,1.14,561,243.0,,,,,,,5.62,132,187.0,,,,,,,0.88,480,141.0,,,,,,,6.77,,3.0,,,,,,,0.68,396,50.0,,,,,,,8.27,,6.0,,,,,,,0.07,21,39.0,,,,,,,,,,,,,,,,0.03,,1606.0,,,,,,,25.88,,3.0,,,,,,,,,,,,,,,,,,,,,,,,,0.02,,15.0,,,,,,,,,,,,,,,,,,,,,,,,,,,,,,,,,,,,,,,,,,,,,,,,,,,,,,,,,,,,,,,,,,,,,,,,,,,,,,,0.08,1.0,,,,,,,,,,,,,,,,,,,,,,,,,,,,,,,,,,,,,,,,,,,,,,,,,,,,,,,,,,,,,,,,,,,,,,,,,,,,,,,,,,,,,,,,,,,,,,,,,,34.74,1.0,,,,,,,,,,,,,,,,,,,,,,,,,,,,,,,,,,,,,,,,,,,,0.1,2.0,,,,,,,,,,,,,,,,,,,,,,,,,,30.65,1.0,,,,,,,,0.11,1.0,,,,,,,,,,,,,,,,,,,,,,,,,,,,,,,,,,,,,,,,,,,,,,,,,,,,,,,,,,,,,,,,,,,,,,,0.11,1.0,,,,,,,,,,,,,,,,,0.16,1.0,,,,,,,,,,,,,,,,,0.15,35.0,,,,,,,,,,,,,,,,,0.16,50.0,,,,,,,,,,,,,,,,,0.14,4.0,,,,,,,,,,,,,,,,,,,,,,,,,,,,,,,,,,,,,,,,,,,,,,,,,,,,,,,,,,,,,,,,,,,,,,,0.18,540.0,,,,,,,,,,,,,,,,,,,,,,,,,,,,,,,,,,,0.31,31.0,,,,,,,,0.52,325.0,,,,,,,,,,,,,,,,,0.39,401.0,,,,,,,,9.15,2.0,,,,,,,,0.4,13.0,,,,,,,,,,,,,,,,,0.19,9.0,,,,,,,,,,,,,,,,,0.14,5.0,,,,,,,,,,,,,,,,,0.12,1.0,,,,,,,,,,,,,,,,,0.1,15.0,,,,,,,,,,,,,,,,,0.08,1.0,,,,,,,,,,,,,,,,,0.06,1.0,,,,,,,,,,,,,,,,,,,,,,,,,,,,,,,,,,,0.04,5.0,,,,,,,,,,,,,,,,,0.04,6.0,,,,,,,,,,,,,,,,,,,,,,,,,,,,,,,,,,,,,,,,,,,,,,,,,,,,,,,,,,,,,,,,,,,,,,,,,,,,,,,,,,,,,,,,,,,,,,,,,,,,,,,,,,,,,,,,,,,,,,,,,,,,,,,,,,,,,,,,,,,,,,,,,,,,,,,,,,,,,,,,,,,,,,,,,,,,,,,,,,,,,,,,,,,,,,,,,,,,,0.02,8.0,,,,,,,,,,,,,,,,,,,,,,,,,,,,,,,,,,,,,,,,,,,,,,,,,,,,,,,,,,,,,,,,,,,,,,,,,,,,,,,,,,,,,,,,,,,,,,,,,,,,,,,,,,,,,,,,,,,,,,,,,,,,,,,,,,,,,,,,,,,,,,,,,,,,,,,,,,,,,,,,,,,,,,,,,,,,,,,,,,,,,,,,,,,,,,,,,,,,,,,,,,,,,,,,,,,,,,,,,,,,,,,,,,,,,,,,
2023-11-24 16:00:00,,,,0.98305,0.27629,0.00179,0.13331,-0.07921,0.03405,0.08,,38.0,-0.00808,0.24432,0.00109,-0.00124,-0.0181,0.01834,35.3,,1.0,0.97756,0.22566,0.0028,0.13579,-0.08205,0.04348,0.1,1,2.0,-0.01266,0.20288,0.00194,-0.00194,-0.02211,0.02714,25.73,,6.0,0.96719,0.17517,0.00498,0.13752,-0.08591,0.06005,0.13,9,71.0,-0.02275,0.1616,0.00403,-0.00348,-0.02877,0.04479,,,,0.93454,0.12955,0.0118,0.13586,-0.09857,0.10515,0.29,172,219.0,-0.05112,0.11991,0.01055,-0.0078,-0.04061,0.08706,14.59,,2.0,0.92434,0.11892,0.01438,0.13497,-0.09988,0.11763,0.34,9,62.0,-0.06614,0.11354,0.01364,-0.01009,-0.04674,0.1066,,,,0.91518,0.11519,0.01619,0.13391,-0.10286,0.12832,0.41,212,231.0,-0.07591,0.11055,0.01558,-0.01158,-0.05038,0.11851,,,,0.90361,0.11194,0.01833,0.13248,-0.10666,0.14117,0.46,36,36.0,-0.08777,0.10779,0.01782,-0.01339,-0.05456,0.1322,11.26,1.0,,0.89087,0.10836,0.02073,0.13086,-0.1101,0.15458,0.46,278,41.0,-0.10106,0.10475,0.02035,-0.01541,-0.05852,0.14668,10.62,,9.0,0.87449,0.10547,0.02353,0.12869,-0.11465,0.17077,0.61,7,31.0,-0.11802,0.10232,0.02329,-0.018,-0.06353,0.16397,9.98,,3.0,0.85513,0.10272,0.02667,0.12607,-0.11943,0.1885,0.6,44,27.0,-0.13659,0.09938,0.02655,-0.02083,-0.06784,0.18152,8.61,,10.0,0.83305,0.09982,0.03015,0.12303,-0.1239,0.20706,0.69,234,49.0,-0.16012,0.09718,0.03019,-0.02442,-0.07322,0.20189,7.77,,19.0,0.80608,0.0975,0.03392,0.11924,-0.12899,0.22754,0.82,17,302.0,-0.18724,0.09494,0.03414,-0.02857,-0.07832,0.22303,6.86,10,9.0,0.77568,0.09497,0.03795,0.11493,-0.1333,0.24799,0.96,553,1043.0,-0.21847,0.09271,0.03834,-0.03334,-0.083,0.24457,6.04,16,25.0,0.74031,0.09274,0.04209,0.10985,-0.13732,0.26857,1.16,237,76.0,-0.25468,0.09071,0.04264,-0.03887,-0.08729,0.26612,5.28,35,7.0,0.70001,0.09072,0.04616,0.10402,-0.14058,0.28812,1.43,265,18.0,-0.29593,0.08891,0.04684,-0.04518,-0.0908,0.28654,4.93,13,54.0,0.65514,0.08873,0.05001,0.09748,-0.14247,0.30532,1.67,623,66.0,-0.34226,0.08741,0.05065,-0.05228,-0.09329,0.30461,4.01,155,105.0,0.60531,0.08725,0.05316,0.09017,-0.14329,0.3191,1.99,673,256.0,-0.39286,0.08605,0.05385,-0.06003,-0.09415,0.3188,3.39,1889,1043.0,0.55193,0.08593,0.05546,0.08231,-0.14221,0.32792,2.42,1562,416.0,-0.44708,0.08496,0.05609,-0.06835,-0.09325,0.32787,2.77,349,380.0,0.49601,0.08464,0.05679,0.07405,-0.13886,0.33074,2.82,689,84.0,-0.50359,0.08402,0.05721,-0.07704,-0.0902,0.33074,2.26,361,43.0,0.43889,0.08374,0.05674,0.06558,-0.13364,0.3269,3.44,48,15.0,-0.56085,0.08348,0.05691,-0.08587,-0.08532,0.32687,1.88,327,224.0,0.38163,0.08263,0.05561,0.05707,-0.1258,0.31613,4.37,23,74.0,-0.61729,0.08305,0.05535,-0.09459,-0.07833,0.31629,1.46,500,27.0,0.32597,0.08174,0.05313,0.04878,-0.11619,0.29882,4.85,2,3.0,-0.67086,0.08307,0.05246,-0.1029,-0.07006,0.29982,1.14,561,243.0,0.27334,0.081,0.0495,0.04093,-0.10514,0.27588,5.62,132,187.0,-0.72022,0.08341,0.04858,-0.1106,-0.06078,0.27882,0.88,480,141.0,0.22432,0.08018,0.04501,0.03361,-0.09277,0.24829,6.77,,3.0,-0.76276,0.08467,0.04393,-0.11728,-0.05208,0.2559,0.68,396,50.0,0.18092,0.07967,0.03983,0.02713,-0.08034,0.21831,8.27,,6.0,-0.79747,0.08695,0.03905,-0.12281,-0.04471,0.23361,0.07,21,39.0,0.02463,0.08482,0.0082,0.0037,-0.01793,0.04787,,,,-0.88238,0.13932,0.01702,-0.13824,-0.04947,0.16311,0.03,,1606.0,0.00521,0.11005,0.00164,0.00078,-0.0059,0.01244,25.88,,3.0,-0.91313,0.20482,0.00927,-0.1462,-0.06321,0.13064,,,,0.00397,0.14847,0.00095,0.00059,-0.00616,0.00975,,,,-0.92831,0.26576,0.00617,-0.15182,-0.07439,0.11285,0.02,,15.0,0.00231,0.17803,0.00049,0.00035,-0.00452,0.006,,,,-0.93776,0.32311,0.00455,-0.15656,-0.08349,0.10106,,,,0.98275,0.2708,0.00186,0.1336,-0.07915,0.03457,,,,-0.00823,0.23935,0.00113,-0.00126,-0.01801,0.01864,,,,0.98277,0.26433,0.0019,0.13393,-0.07834,0.03454,,,,-0.00839,0.23439,0.00118,-0.00129,-0.01793,0.01896,,,,0.98179,0.26081,0.00202,0.13411,-0.07979,0.03626,,,,-0.00976,0.23432,0.00134,-0.0015,-0.02046,0.02165,,,,0.98161,0.25487,0.00209,0.13442,-0.07937,0.03658,0.08,1.0,,-0.00996,0.22927,0.0014,-0.00153,-0.02035,0.02202,,,,0.98135,0.24912,0.00216,0.13471,-0.07909,0.03703,,,,-0.01016,0.22423,0.00145,-0.00156,-0.02025,0.02242,,,,0.98023,0.24561,0.00231,0.13487,-0.08061,0.03896,,,,-0.01038,0.21919,0.00151,-0.00159,-0.02015,0.02283,,,,0.9795,0.24092,0.00243,0.13509,-0.0812,0.04021,,,,-0.0106,0.21415,0.00158,-0.00162,-0.02004,0.02326,,,,0.97959,0.23414,0.00249,0.13544,-0.08007,0.04004,,,,-0.01211,0.21312,0.00178,-0.00185,-0.02237,0.02611,,,,0.97797,0.23137,0.00269,0.13552,-0.0823,0.0428,,,,-0.01238,0.208,0.00186,-0.0019,-0.02224,0.02662,34.74,1.0,,0.97676,0.22073,0.00295,0.136,-0.08249,0.04481,,,,-0.01296,0.19775,0.00204,-0.00198,-0.02197,0.02769,,,,0.97569,0.21622,0.00313,0.13617,-0.08332,0.04657,,,,-0.01462,0.19602,0.00228,-0.00224,-0.02414,0.03072,,,,0.97516,0.21055,0.00328,0.13642,-0.08311,0.04745,0.1,2.0,,-0.01498,0.19082,0.00239,-0.00229,-0.02397,0.03137,,,,0.97388,0.20617,0.00349,0.13655,-0.08409,0.04952,,,,-0.01535,0.18561,0.00251,-0.00235,-0.0238,0.03205,30.65,1.0,,0.97376,0.19962,0.00362,0.13687,-0.08305,0.04972,0.11,1.0,,-0.01714,0.18334,0.00279,-0.00262,-0.02582,0.03522,,,,0.97218,0.1955,0.00388,0.13696,-0.08432,0.05225,,,,-0.0176,0.17806,0.00294,-0.00269,-0.02562,0.03603,,,,0.97086,0.19075,0.00414,0.13709,-0.08502,0.05434,,,,-0.01809,0.17278,0.0031,-0.00277,-0.02541,0.03688,,,,0.96952,0.18588,0.00441,0.13721,-0.08563,0.05645,,,,-0.02005,0.17004,0.00344,-0.00307,-0.02727,0.04025,,,,0.96825,0.18074,0.0047,0.13735,-0.08598,0.05843,0.11,1.0,,-0.02064,0.16468,0.00364,-0.00315,-0.02703,0.04125,,,,0.96562,0.17014,0.00533,0.13762,-0.08641,0.06244,0.16,1.0,,-0.02346,0.15616,0.00428,-0.00358,-0.02848,0.04596,,,,0.96432,0.16462,0.00569,0.13775,-0.0864,0.06441,0.15,35.0,,-0.02575,0.15276,0.00473,-0.00393,-0.03008,0.0497,,,,0.96119,0.161,0.00623,0.1376,-0.08851,0.06904,0.16,50.0,,-0.02661,0.14724,0.00504,-0.00406,-0.02975,0.05109,,,,0.95976,0.15524,0.00666,0.13772,-0.08829,0.07113,0.14,4.0,,-0.02912,0.14355,0.00557,-0.00445,-0.03121,0.05506,,,,0.95726,0.1504,0.00722,0.13767,-0.08913,0.07474,,,,-0.03177,0.13966,0.00616,-0.00485,-0.03257,0.05918,,,,0.95183,0.14797,0.00809,0.13717,-0.09292,0.08237,,,,-0.03457,0.13558,0.0068,-0.00528,-0.03382,0.06344,,,,0.94843,0.14322,0.00883,0.13698,-0.09404,0.08704,,,,-0.03754,0.13132,0.00751,-0.00573,-0.03497,0.06788,,,,0.9446,0.13847,0.00967,0.13673,-0.09523,0.09217,0.18,540.0,,-0.04234,0.12825,0.00848,-0.00646,-0.03756,0.07484,,,,0.94031,0.1337,0.01063,0.13641,-0.09645,0.09779,,,,-0.04577,0.12357,0.00937,-0.00698,-0.03843,0.0797,,,,0.92775,0.12553,0.01314,0.13516,-0.10099,0.11352,0.31,31.0,,-0.05842,0.11696,0.01202,-0.00891,-0.04388,0.09677,0.52,325.0,,0.14412,0.07958,0.03438,0.02162,-0.06865,0.18826,,,,-0.82423,0.09037,0.03442,-0.12715,-0.03929,0.21401,0.39,401.0,,0.11205,0.07926,0.02898,0.01682,-0.057,0.15804,9.15,2.0,,-0.8409,0.09609,0.03035,-0.12998,-0.03811,0.20066,0.4,13.0,,0.08742,0.07972,0.02403,0.01312,-0.0475,0.13181,,,,-0.85321,0.10244,0.02698,-0.13217,-0.03821,0.19018,0.19,9.0,,0.06718,0.08012,0.01957,0.01009,-0.03886,0.10789,,,,-0.86211,0.1094,0.02422,-0.13384,-0.03953,0.18227,0.14,5.0,,0.05172,0.08088,0.01579,0.00777,-0.03179,0.08789,,,,-0.86695,0.11762,0.02198,-0.13491,-0.04319,0.17785,0.12,1.0,,0.03892,0.08134,0.01249,0.00585,-0.02531,0.0699,,,,-0.87231,0.12516,0.02007,-0.13605,-0.04574,0.17283,0.1,15.0,,0.03162,0.08351,0.01026,0.00475,-0.02182,0.05895,,,,-0.87779,0.1322,0.01843,-0.13721,-0.04749,0.1676,0.08,1.0,,0.02067,0.08745,0.00686,0.00311,-0.01588,0.0413,,,,-0.88682,0.14617,0.01578,-0.13924,-0.05106,0.15869,0.06,1.0,,0.01693,0.08956,0.00566,0.00254,-0.01368,0.03485,,,,-0.89127,0.15266,0.01468,-0.14024,-0.05211,0.15418,,,,0.01333,0.09096,0.00453,0.002,-0.01128,0.02837,,,,-0.89467,0.15951,0.01373,-0.14109,-0.05385,0.15066,0.04,5.0,,0.0098,0.09135,0.00346,0.00147,-0.00866,0.02173,,,,-0.89789,0.16622,0.01288,-0.14191,-0.05541,0.14729,0.04,6.0,,0.00941,0.09565,0.00318,0.00141,-0.00872,0.02096,,,,-0.90109,0.17268,0.01211,-0.14273,-0.05662,0.14388,,,,0.00905,0.09991,0.00295,0.00136,-0.00878,0.02025,,,,-0.90384,0.17924,0.01143,-0.14347,-0.05805,0.14092,,,,0.00871,0.10414,0.00273,0.00131,-0.00884,0.0196,,,,-0.90638,0.18575,0.01081,-0.14419,-0.05945,0.13816,,,,0.00557,0.1021,0.00188,0.00084,-0.00583,0.01321,,,,-0.90859,0.19233,0.01026,-0.14485,-0.06102,0.13573,,,,0.00539,0.10609,0.00176,0.00081,-0.00587,0.01282,,,,-0.91091,0.19862,0.00974,-0.14554,-0.06216,0.13314,,,,0.00505,0.11398,0.00154,0.00076,-0.00593,0.01209,,,,-0.91503,0.21114,0.00884,-0.14682,-0.06451,0.12849,,,,0.00489,0.11789,0.00145,0.00073,-0.00595,0.01176,,,,-0.91694,0.21729,0.00845,-0.14744,-0.06557,0.1263,,,,0.00475,0.12178,0.00137,0.00071,-0.00598,0.01146,,,,-0.9184,0.22375,0.00809,-0.148,-0.06717,0.12462,,,,0.00462,0.12566,0.00129,0.00069,-0.00601,0.01118,,,,-0.92028,0.22962,0.00775,-0.14861,-0.06787,0.12242,,,,0.00449,0.1295,0.00122,0.00067,-0.00604,0.0109,,,,-0.92182,0.23572,0.00744,-0.14918,-0.06899,0.12062,,,,0.00438,0.13334,0.00116,0.00066,-0.00607,0.01065,,,,-0.92329,0.24176,0.00715,-0.14973,-0.07004,0.11888,0.02,8.0,,0.00426,0.13714,0.0011,0.00064,-0.00609,0.0104,,,,-0.92462,0.24784,0.00688,-0.15026,-0.0712,0.1173,,,,0.00416,0.14094,0.00105,0.00062,-0.00612,0.01018,,,,-0.9256,0.25422,0.00664,-0.15075,-0.07286,0.11612,,,,0.00406,0.14472,0.001,0.00061,-0.00614,0.00996,,,,-0.92691,0.2601,0.0064,-0.15128,-0.07378,0.11454,,,,0.00388,0.15221,0.00091,0.00058,-0.00619,0.00956,,,,-0.92925,0.27189,0.00597,-0.15229,-0.07576,0.1117,,,,0.00271,0.14976,0.00067,0.00041,-0.00441,0.00692,,,,-0.93044,0.2776,0.00577,-0.1528,-0.07652,0.11024,,,,0.00265,0.15336,0.00064,0.0004,-0.00443,0.00679,,,,-0.93138,0.28355,0.00559,-0.15328,-0.07768,0.10908,,,,0.0026,0.15691,0.00062,0.00039,-0.00443,0.00666,,,,-0.93233,0.28941,0.00542,-0.15375,-0.07873,0.10791,,,,0.00254,0.16047,0.00059,0.00038,-0.00445,0.00654,,,,-0.93338,0.29502,0.00525,-0.15424,-0.07944,0.1066,,,,0.00249,0.16402,0.00057,0.00037,-0.00447,0.00642,,,,-0.93425,0.30082,0.0051,-0.15471,-0.08046,0.10551,,,,0.00245,0.16755,0.00055,0.00037,-0.00448,0.00631,,,,-0.93512,0.30653,0.00495,-0.15517,-0.08138,0.10442,,,,0.0024,0.17106,0.00053,0.00036,-0.00449,0.00621,,,,-0.93607,0.31203,0.00481,-0.15565,-0.08201,0.10322,,,,0.00235,0.17454,0.00051,0.00035,-0.0045,0.0061,,,,-0.93696,0.31754,0.00467,-0.15611,-0.08269,0.10209,,,,,,,,,,,,,,,,,,
2023-11-28 16:00:00,,,,0.97574,0.36305,0.00231,0.08723,-0.12626,0.03794,0.08,,38.0,-0.00569,0.28213,0.00085,-0.00057,-0.01898,0.01091,35.15,,2.0,0.96933,0.29434,0.00347,0.08877,-0.12639,0.04626,0.05,1,2.0,-0.0086,0.23058,0.0015,-0.00087,-0.02225,0.01573,25.73,,6.0,0.95785,0.22567,0.00588,0.08981,-0.12703,0.06015,0.08,54,66.0,-0.01678,0.183,0.00338,-0.00169,-0.03131,0.02808,15.57,2.0,42.0,0.92923,0.15831,0.01266,0.08911,-0.13213,0.09082,0.17,183,388.0,-0.03992,0.1327,0.00963,-0.00401,-0.04614,0.05793,12.56,3.0,2.0,0.90952,0.15098,0.016,0.08757,-0.14489,0.10944,0.24,193,88.0,-0.05221,0.12419,0.01277,-0.00524,-0.0533,0.07187,,,,0.90131,0.14476,0.0178,0.08696,-0.14696,0.11671,0.22,748,1195.0,-0.06096,0.12046,0.01487,-0.00612,-0.05823,0.0812,11.5,7.0,6.0,0.89147,0.13874,0.0199,0.08619,-0.14949,0.12507,0.24,117,1069.0,-0.07218,0.1172,0.01743,-0.00724,-0.06437,0.09252,10.94,,3.0,0.87872,0.13347,0.02239,0.08513,-0.15352,0.13539,0.29,19908,587.0,-0.08413,0.11305,0.02029,-0.00845,-0.06944,0.10396,9.99,21.0,9.0,0.86317,0.12856,0.02528,0.08379,-0.15829,0.14725,0.36,427,341.0,-0.10052,0.10992,0.0238,-0.01009,-0.07668,0.1186,8.9,2.0,23.0,0.84493,0.12368,0.02859,0.08217,-0.16308,0.16021,0.43,101,114.0,-0.12129,0.1073,0.0279,-0.01218,-0.08522,0.13566,7.3,1.0,50.0,0.82232,0.11941,0.03234,0.08012,-0.16888,0.17497,0.53,1025,320.0,-0.14633,0.10478,0.03251,-0.01469,-0.09413,0.15434,6.63,21.0,71.0,0.79568,0.11526,0.03651,0.07766,-0.17451,0.19066,0.64,230,512.0,-0.17563,0.10207,0.0376,-0.01763,-0.10258,0.17389,5.75,42,142.0,0.76396,0.11146,0.04103,0.07469,-0.18009,0.20716,0.8,2232,2508.0,-0.2106,0.09955,0.04308,-0.02115,-0.11085,0.19428,5.42,150,125.0,0.72636,0.10818,0.04568,0.07112,-0.18548,0.22388,0.97,1422,463.0,-0.25203,0.09735,0.0487,-0.02532,-0.11866,0.21477,4.52,192,137.0,0.68317,0.10512,0.0503,0.06699,-0.18955,0.23955,1.24,1428,268.0,-0.29944,0.09513,0.05425,-0.03009,-0.12469,0.23379,4.0,450,186.0,0.63421,0.10241,0.05454,0.06227,-0.1919,0.25305,1.46,944,663.0,-0.35338,0.09324,0.05921,-0.03552,-0.12884,0.25012,3.35,2116,308.0,0.58008,0.09993,0.05809,0.05702,-0.19169,0.26298,1.85,1915,973.0,-0.41274,0.09139,0.06328,-0.04151,-0.12986,0.262,2.76,5202,2431.0,0.52163,0.09768,0.06057,0.05134,-0.18837,0.26803,2.26,3456,1333.0,-0.47658,0.08953,0.06607,-0.04795,-0.12704,0.26798,2.21,2518,991.0,0.46035,0.09601,0.06141,0.04535,-0.18217,0.26712,2.78,1562,452.0,-0.54328,0.08825,0.06674,-0.0547,-0.12102,0.26684,1.78,869,229.0,0.39833,0.09462,0.06058,0.03927,-0.17255,0.25969,3.54,448,72.0,-0.61066,0.08686,0.06557,-0.06153,-0.11059,0.258,1.38,881,377.0,0.33734,0.09332,0.05815,0.03329,-0.15949,0.24583,3.95,130,97.0,-0.67622,0.08573,0.06224,-0.06819,-0.09682,0.24174,1.03,597,534.0,0.27979,0.09241,0.05409,0.02763,-0.14417,0.22645,3.9,76,109.0,-0.73755,0.08483,0.05704,-0.07445,-0.08047,0.21921,0.78,2207,1129.0,0.22628,0.09138,0.04891,0.02236,-0.12649,0.20249,5.76,8,352.0,-0.79196,0.0844,0.0504,-0.08003,-0.06317,0.19272,0.57,1491,625.0,0.17857,0.09049,0.04286,0.01765,-0.10795,0.17571,7.06,2.0,3.0,-0.83689,0.08484,0.04309,-0.08469,-0.04705,0.16561,0.42,672,459.0,0.13676,0.08948,0.03637,0.01353,-0.08902,0.14743,7.6,11.0,6.0,-0.85676,0.09178,0.03653,-0.08688,-0.04528,0.15191,0.03,46,77.0,0.01496,0.09846,0.0057,0.00148,-0.01637,0.02544,,,,-0.86658,0.19061,0.01676,-0.08971,-0.12896,0.14473,0.03,,1606.0,0.00511,0.13836,0.00158,0.00051,-0.00883,0.00993,25.4,13.0,4.0,-0.92412,0.24551,0.00861,-0.09757,-0.09941,0.09583,,,,0.0028,0.17819,0.00072,0.00028,-0.00658,0.00579,,,,-0.9171,0.351,0.00644,-0.09912,-0.17615,0.1025,0.02,,15.0,0.00229,0.22181,0.00048,0.00023,-0.0068,0.00483,,,,-0.92823,0.42292,0.00479,-0.10242,-0.19205,0.09182,,,,0.97517,0.35637,0.0024,0.08739,-0.12649,0.03871,,,,-0.0058,0.27628,0.00089,-0.00059,-0.0189,0.01111,,,,0.97441,0.35017,0.0025,0.08753,-0.12729,0.0397,,,,-0.00591,0.27043,0.00092,-0.0006,-0.01882,0.0113,,,,0.97423,0.34213,0.00258,0.08772,-0.12593,0.03994,,,,-0.00603,0.26458,0.00096,-0.00061,-0.01874,0.01151,,,,0.97371,0.33509,0.00268,0.08788,-0.12574,0.04062,0.08,,1.0,-0.00753,0.26652,0.00116,-0.00076,-0.02296,0.014,,,,0.97242,0.33012,0.00283,0.08797,-0.12801,0.0423,0.05,2.0,,-0.00769,0.26053,0.00121,-0.00078,-0.02285,0.01426,,,,0.97233,0.32166,0.00291,0.0882,-0.12614,0.04242,0.05,,184.0,-0.00786,0.25454,0.00126,-0.00079,-0.02273,0.01453,,,,0.97149,0.31525,0.00305,0.08832,-0.1267,0.0435,0.06,,1.0,-0.00803,0.24855,0.00131,-0.00081,-0.02262,0.01481,,,,0.97141,0.30673,0.00314,0.08855,-0.1247,0.04361,,,,-0.00821,0.24256,0.00137,-0.00083,-0.0225,0.0151,,,,0.96971,0.30223,0.00334,0.08858,-0.12764,0.04577,0.05,1.0,,-0.0084,0.23657,0.00144,-0.00085,-0.02238,0.01541,34.74,,1.0,0.96815,0.28822,0.00366,0.08887,-0.12737,0.04774,,,,-0.01032,0.23039,0.00177,-0.00104,-0.02606,0.01844,,,,0.96777,0.28021,0.0038,0.08906,-0.12594,0.04821,,,,-0.01057,0.22427,0.00185,-0.00107,-0.0259,0.01884,,,,0.9668,0.2734,0.00399,0.08918,-0.12604,0.04941,0.1,,2.0,-0.01084,0.21815,0.00195,-0.00109,-0.02574,0.01926,32.67,6.0,,0.96537,0.26739,0.00422,0.08925,-0.12722,0.05118,,,,-0.01112,0.21202,0.00205,-0.00112,-0.02556,0.01969,30.65,,1.0,0.96456,0.25998,0.00443,0.08939,-0.12655,0.05216,0.11,,1.0,-0.01301,0.21058,0.00236,-0.00131,-0.02906,0.02255,29.55,,2.0,0.96286,0.25412,0.00471,0.08943,-0.12797,0.05422,,,,-0.01337,0.20434,0.00249,-0.00135,-0.02886,0.0231,28.64,,1.0,0.9623,0.24605,0.00492,0.08958,-0.12639,0.05489,0.07,50.0,,-0.01375,0.19808,0.00263,-0.00138,-0.02863,0.02366,,,,0.96085,0.23938,0.00522,0.08968,-0.12677,0.05663,0.09,,1.0,-0.01415,0.19182,0.00279,-0.00143,-0.02841,0.02426,25.85,1.0,3.0,0.95922,0.23285,0.00555,0.08971,-0.12734,0.05855,0.11,,1.0,-0.01627,0.18938,0.00318,-0.00164,-0.03159,0.02735,23.47,4.0,,0.95618,0.21881,0.00626,0.08985,-0.12717,0.06209,0.1,,8.0,-0.01733,0.17661,0.0036,-0.00174,-0.03103,0.02886,22.53,2.0,,0.95436,0.21191,0.00668,0.0899,-0.12729,0.06417,0.1,,39.0,-0.01969,0.17344,0.00409,-0.00198,-0.03394,0.03218,,,,0.95173,0.20586,0.0072,0.08984,-0.12871,0.06714,0.09,103.0,58.0,-0.02037,0.16692,0.00438,-0.00205,-0.03358,0.03312,,,,0.95055,0.19775,0.00764,0.08994,-0.12704,0.06846,0.09,27.0,4.0,-0.02294,0.16327,0.00495,-0.00231,-0.03628,0.03661,20.49,5.0,,0.94764,0.19145,0.00826,0.08988,-0.12817,0.07167,0.1,587.0,15.0,-0.02381,0.15658,0.00532,-0.00239,-0.03583,0.03777,,,,0.94522,0.18432,0.0089,0.08985,-0.12804,0.07429,0.1,67.0,1.0,-0.02664,0.1524,0.00601,-0.00268,-0.03825,0.0415,,,,0.94202,0.17768,0.00965,0.08976,-0.12874,0.07772,0.14,1.0,2.0,-0.02964,0.14795,0.00676,-0.00298,-0.04054,0.04534,,,,0.93767,0.17177,0.01057,0.08954,-0.1307,0.08228,0.12,34.0,541.0,-0.03283,0.14316,0.00761,-0.0033,-0.04261,0.04934,16.74,3.0,1.0,0.93413,0.16468,0.01151,0.08939,-0.13078,0.08591,0.14,403.0,64.0,-0.03625,0.13808,0.00855,-0.00364,-0.04449,0.05352,,,,0.92326,0.15221,0.01401,0.08875,-0.13406,0.09666,0.16,132.0,40.0,-0.04586,0.12871,0.01111,-0.00461,-0.04994,0.06479,0.28,190.0,319.0,0.10354,0.08925,0.02996,0.01025,-0.07257,0.12114,8.27,2.0,,-0.81932,0.12264,0.03183,-0.08345,-0.09533,0.17682,0.2,821.0,439.0,0.07652,0.08901,0.02399,0.00757,-0.05751,0.09673,9.15,,,-0.82556,0.1348,0.02832,-0.0843,-0.10506,0.17293,0.11,180.0,46.0,0.05402,0.08814,0.01847,0.00536,-0.04325,0.07386,10.26,,,-0.83464,0.14456,0.02551,-0.08542,-0.10976,0.16709,0.09,1130.0,54.0,0.03955,0.08897,0.01426,0.00392,-0.03387,0.05748,,,,-0.84267,0.15406,0.02317,-0.08644,-0.11401,0.16174,0.09,63.0,313.0,0.02823,0.08946,0.01074,0.0028,-0.0257,0.04355,,,,-0.84969,0.16342,0.0212,-0.08735,-0.11807,0.15692,0.08,5.0,5.0,0.02022,0.09032,0.00803,0.00201,-0.01954,0.03291,,,,-0.85594,0.17262,0.0195,-0.0882,-0.12189,0.1525,0.04,12.0,24.0,0.01578,0.09278,0.00633,0.00157,-0.0162,0.02663,,,,-0.86156,0.18167,0.01803,-0.08897,-0.12549,0.14843,0.03,46.0,17.0,0.01095,0.09953,0.0043,0.00109,-0.01261,0.01943,,,,-0.87114,0.19945,0.01563,-0.09039,-0.1323,0.14128,0.02,1.0,1.0,0.01044,0.10492,0.00392,0.00104,-0.01272,0.01864,,,,-0.87536,0.20813,0.01464,-0.09103,-0.13539,0.13803,0.01,2.0,8.0,0.00664,0.10367,0.00267,0.00066,-0.00844,0.01253,,,,-0.87926,0.21669,0.01375,-0.09163,-0.13832,0.13499,0.04,,5.0,0.00636,0.10873,0.00245,0.00063,-0.0085,0.01206,,,,-0.88278,0.22521,0.01295,-0.0922,-0.14125,0.13218,0.02,1.0,6.0,0.00611,0.11375,0.00226,0.00061,-0.00856,0.01163,,,,-0.88614,0.23355,0.01223,-0.09276,-0.14389,0.12947,0.02,,5.0,0.00587,0.11873,0.00209,0.00058,-0.00862,0.01124,,,,-0.88924,0.24182,0.01158,-0.09328,-0.14646,0.12694,0.02,253.0,2.0,0.00566,0.12369,0.00194,0.00056,-0.00868,0.01088,,,,-0.89215,0.24998,0.01099,-0.09379,-0.14888,0.12452,,,,0.00547,0.12861,0.00181,0.00054,-0.00873,0.01054,,,,-0.8948,0.25814,0.01046,-0.09427,-0.15137,0.1223,,,,0.00528,0.1335,0.00169,0.00052,-0.00879,0.01023,,,,-0.89723,0.26629,0.00996,-0.09474,-0.15392,0.12024,,,,0.00496,0.14319,0.00149,0.00049,-0.00888,0.00966,,,,-0.90183,0.28216,0.00909,-0.09563,-0.15834,0.11627,,,,0.00481,0.148,0.0014,0.00048,-0.00893,0.00941,,,,-0.90397,0.28996,0.00871,-0.09606,-0.16037,0.1144,,,,0.00467,0.15278,0.00132,0.00046,-0.00898,0.00917,,,,-0.90596,0.29773,0.00835,-0.09648,-0.16242,0.11264,,,,0.00455,0.15754,0.00125,0.00045,-0.00902,0.00894,,,,-0.90779,0.30553,0.00802,-0.09688,-0.16458,0.11101,,,,0.00442,0.16227,0.00119,0.00044,-0.00907,0.00873,,,,-0.90931,0.31355,0.00772,-0.09725,-0.16724,0.10964,,,,0.00431,0.16697,0.00113,0.00043,-0.00911,0.00853,,,,-0.91126,0.32081,0.00742,-0.09767,-0.16845,0.10788,0.02,,8.0,0.0042,0.17165,0.00107,0.00042,-0.00915,0.00834,,,,-0.91283,0.32843,0.00715,-0.09804,-0.17044,0.10645,,,,0.00293,0.16924,0.00079,0.00029,-0.00653,0.00604,,,,-0.91431,0.33601,0.0069,-0.09841,-0.1724,0.10508,0.01,100.0,,0.00286,0.17372,0.00075,0.00028,-0.00655,0.00591,,,,-0.91576,0.3435,0.00667,-0.09877,-0.17424,0.10375,,,,0.00274,0.18263,0.00068,0.00027,-0.0066,0.00567,,,,-0.91843,0.35842,0.00624,-0.09946,-0.17794,0.10125,,,,0.00268,0.18706,0.00066,0.00026,-0.00663,0.00556,,,,-0.92044,0.36448,0.00602,-0.09989,-0.17718,0.09936,,,,0.00262,0.19147,0.00063,0.00026,-0.00665,0.00545,,,,-0.92149,0.37203,0.00583,-0.10022,-0.17935,0.09835,,,,0.00257,0.19585,0.0006,0.00025,-0.00667,0.00535,,,,-0.92221,0.3801,0.00567,-0.10049,-0.18254,0.09766,,,,0.00252,0.20023,0.00058,0.00025,-0.0067,0.00526,,,,-0.92296,0.38793,0.00552,-0.1008,-0.18536,0.09695,,,,0.00247,0.20458,0.00056,0.00024,-0.00672,0.00516,,,,-0.92422,0.3948,0.00535,-0.10113,-0.18633,0.09572,,,,0.00242,0.20892,0.00054,0.00024,-0.00674,0.00507,,,,-0.92529,0.40189,0.0052,-0.10146,-0.1878,0.09469,,,,0.00237,0.21323,0.00052,0.00023,-0.00676,0.00499,,,,-0.92613,0.40928,0.00506,-0.10176,-0.18988,0.09387,,,,0.00233,0.21753,0.0005,0.00023,-0.00678,0.00491,,,,-0.92719,0.41615,0.00492,-0.10208,-0.19103,0.09283,,,,,,,,,,,,,,,,,,
2023-11-29 16:00:00,,,,0.95387,0.45419,0.00337,0.07434,-0.23547,0.06054,0.08,,38.0,-0.00436,0.28863,0.0007,-0.00038,-0.0164,0.00805,34.88,4.0,2.0,0.94243,0.37207,0.00491,0.07526,-0.23202,0.07228,0.04,15,2.0,-0.0071,0.23696,0.00132,-0.00063,-0.02069,0.01243,26.96,18.0,6.0,0.92681,0.28402,0.00775,0.0758,-0.21743,0.08715,0.07,5,115.0,-0.01339,0.18493,0.00295,-0.00118,-0.02791,0.02162,15.57,,44.0,0.89154,0.19742,0.01496,0.07463,-0.20518,0.11688,0.16,270,455.0,-0.03659,0.13534,0.00941,-0.00321,-0.04702,0.05043,12.98,9.0,5.0,0.86655,0.18991,0.018,0.07281,-0.22301,0.13531,0.18,78,192.0,-0.05127,0.12845,0.01302,-0.0045,-0.05836,0.06619,13.65,1.0,,0.85755,0.18171,0.01967,0.07221,-0.22281,0.14148,0.2,437,1582.0,-0.06031,0.12454,0.01526,-0.00529,-0.06413,0.07524,11.5,,7.0,0.84644,0.17415,0.02159,0.07143,-0.22388,0.14879,0.24,121,1117.0,-0.06999,0.11986,0.0178,-0.00614,-0.06903,0.08447,10.3,136.0,3.0,0.83749,0.16397,0.0238,0.07084,-0.21938,0.15444,0.29,17568,19873.0,-0.08428,0.11664,0.02106,-0.0074,-0.07709,0.09729,11.34,3.0,29.0,0.81911,0.15907,0.02628,0.06941,-0.22571,0.16542,0.35,498,650.0,-0.1013,0.11327,0.02485,-0.00889,-0.08542,0.11147,8.69,6.0,23.0,0.80155,0.15197,0.02912,0.06806,-0.22718,0.17513,0.42,3140,150.0,-0.12289,0.11037,0.02929,-0.01079,-0.0951,0.12799,8.69,5.0,51.0,0.77974,0.14584,0.03227,0.06633,-0.23018,0.18625,0.52,941,812.0,-0.14902,0.10756,0.0343,-0.01308,-0.10519,0.14604,7.04,6.0,58.0,0.75429,0.13992,0.03574,0.06428,-0.23291,0.19793,0.64,741,633.0,-0.1804,0.10482,0.03984,-0.01583,-0.11528,0.16529,6.4,87,169.0,0.72509,0.13393,0.03957,0.0619,-0.23448,0.20975,0.81,2695,1834.0,-0.21762,0.10211,0.0458,-0.0191,-0.12474,0.18509,5.13,102,252.0,0.69014,0.12891,0.04347,0.05902,-0.2365,0.22178,0.98,2605,1062.0,-0.26113,0.09939,0.05199,-0.02292,-0.13284,0.20449,4.33,285,168.0,0.6503,0.12403,0.04743,0.0557,-0.23679,0.23284,1.21,3586,1091.0,-0.31082,0.09635,0.05826,-0.02729,-0.13818,0.22216,3.84,513,293.0,0.60448,0.12026,0.05089,0.05184,-0.23651,0.24222,1.5,3054,918.0,-0.36805,0.0936,0.064,-0.03233,-0.14104,0.23707,3.4,952,637.0,0.55428,0.1163,0.054,0.0476,-0.23264,0.24857,1.85,2829,1085.0,-0.43199,0.09095,0.06869,-0.03796,-0.14009,0.24726,2.8,6766,3558.0,0.49974,0.11294,0.05613,0.04297,-0.22605,0.25091,2.24,9154,1373.0,-0.50159,0.08811,0.07195,-0.0441,-0.13399,0.2509,2.26,4727,1572.0,0.44221,0.10993,0.05707,0.03806,-0.21592,0.24828,2.71,5670,1058.0,-0.57543,0.0854,0.0729,-0.05061,-0.1228,0.24639,1.81,9985,414.0,0.38359,0.10755,0.05642,0.03305,-0.20274,0.24017,3.32,6770,259.0,-0.65317,0.08153,0.07194,-0.05748,-0.10389,0.23213,1.39,5211,536.0,0.32547,0.10535,0.05433,0.02807,-0.18597,0.22652,3.86,2303,130.0,-0.73094,0.07787,0.06733,-0.06437,-0.08032,0.20751,1.05,3208,937.0,0.26968,0.10338,0.0508,0.02327,-0.16637,0.20786,4.93,297,108.0,-0.80878,0.07298,0.05928,-0.07128,-0.05032,0.17122,0.79,5069,1337.0,0.21831,0.10181,0.04602,0.01885,-0.1453,0.18543,5.7,299,352.0,-0.87523,0.06903,0.04727,-0.07721,-0.02142,0.12913,0.57,4130,1714.0,0.1723,0.10042,0.0404,0.01489,-0.12343,0.16055,6.59,90.0,3.0,-0.92178,0.06715,0.0345,-0.08143,0.00063,0.0917,0.41,5638,1040.0,0.13275,0.0993,0.03435,0.01148,-0.10214,0.13502,5.93,14.0,17.0,-0.92756,0.07594,0.02877,-0.08213,-0.00187,0.08647,0.04,85,120.0,0.0113,0.10288,0.00458,0.00098,-0.01426,0.01865,,,,-0.98729,0.10456,0.0049,-0.08884,0.0339,0.02027,0.01,500.0,1606.0,0.00362,0.14366,0.0012,0.00031,-0.00718,0.00683,24.39,33.0,5.0,-0.95146,0.23093,0.0069,-0.08769,-0.05537,0.06308,,,,0.00277,0.19238,0.0007,0.00024,-0.00751,0.00537,,,,-0.99156,0.22197,0.0016,-0.09304,0.02985,0.01404,0.02,,15.0,0.00227,0.23897,0.00047,0.0002,-0.00776,0.00449,,,,-0.99201,0.27951,0.00121,-0.095,0.02689,0.01335,,,,0.95319,0.44528,0.00348,0.07447,-0.23402,0.06126,0.03,3.0,,-0.00444,0.28255,0.00073,-0.00039,-0.01633,0.00819,,,,0.95239,0.43664,0.00359,0.07459,-0.23299,0.0621,,,,-0.00596,0.287,0.00094,-0.00053,-0.02152,0.01063,,,,0.95094,0.42963,0.00374,0.07465,-0.2346,0.06362,0.05,1.0,,-0.00608,0.28073,0.00097,-0.00054,-0.02142,0.01083,,,,0.94999,0.42116,0.00388,0.07476,-0.23383,0.06461,0.05,1.0,1.0,-0.00621,0.27448,0.00101,-0.00055,-0.02132,0.01103,,,,0.94833,0.41431,0.00404,0.07482,-0.23578,0.06633,0.05,,2.0,-0.00634,0.26822,0.00106,-0.00056,-0.02122,0.01124,,,,0.94841,0.40311,0.00415,0.07501,-0.2304,0.06624,0.05,,184.0,-0.00648,0.26197,0.0011,-0.00057,-0.02112,0.01145,37.95,7.0,,0.9463,0.39704,0.00435,0.07503,-0.23367,0.0684,0.06,,1.0,-0.00662,0.25571,0.00115,-0.00058,-0.02102,0.01168,38.51,6.0,,0.9459,0.38686,0.00449,0.07517,-0.22993,0.06879,,,,-0.00677,0.24946,0.00121,-0.0006,-0.02091,0.01192,,,,0.94484,0.3781,0.00467,0.07527,-0.22861,0.06986,0.05,,1.0,-0.00694,0.24321,0.00126,-0.00061,-0.0208,0.01217,34.74,,1.0,0.9428,0.36009,0.00505,0.07548,-0.22506,0.07191,0.05,4.0,,-0.00728,0.23072,0.00139,-0.00064,-0.02058,0.0127,,,,0.94091,0.35265,0.00529,0.0755,-0.226,0.07378,,,,-0.00911,0.23164,0.00169,-0.0008,-0.02517,0.01546,,,,0.9386,0.34577,0.00556,0.0755,-0.22798,0.07604,0.1,,2.0,-0.00935,0.22507,0.00177,-0.00082,-0.02499,0.01582,32.67,,2.0,0.93822,0.3351,0.00576,0.07565,-0.22319,0.0764,,,,-0.0096,0.21865,0.00187,-0.00085,-0.02483,0.01619,30.65,,1.0,0.93515,0.32916,0.00609,0.07558,-0.22689,0.07937,0.11,,1.0,-0.00986,0.21222,0.00197,-0.00087,-0.02466,0.01658,29.55,,2.0,0.93468,0.31846,0.00633,0.07572,-0.22198,0.07981,,,,-0.01014,0.20579,0.00208,-0.00089,-0.02449,0.01699,28.64,,1.0,0.9333,0.3092,0.00663,0.07579,-0.21966,0.08112,0.07,,50.0,-0.01044,0.19935,0.00221,-0.00092,-0.02431,0.01742,,,,0.9298,0.30312,0.00703,0.07569,-0.2232,0.0844,0.09,,1.0,-0.01258,0.19824,0.00261,-0.00111,-0.02842,0.02047,25.85,,4.0,0.92935,0.29208,0.00734,0.07583,-0.21755,0.08481,0.07,20.0,1.0,-0.01297,0.19153,0.00277,-0.00114,-0.02815,0.02103,23.47,,4.0,0.92461,0.27522,0.00819,0.0758,-0.21593,0.08916,0.1,,8.0,-0.01384,0.17833,0.00315,-0.00122,-0.02767,0.02224,22.53,,2.0,0.92202,0.2667,0.00867,0.07576,-0.21496,0.09149,0.1,,39.0,-0.01627,0.17581,0.00367,-0.00143,-0.03132,0.02556,,,,0.91805,0.25963,0.00924,0.07562,-0.21679,0.095,0.09,2.0,143.0,-0.01686,0.16905,0.00393,-0.00148,-0.03101,0.02635,,,,0.91637,0.2494,0.00977,0.07565,-0.21253,0.09646,0.09,7.0,31.0,-0.01948,0.16583,0.00454,-0.00171,-0.03439,0.0298,21.07,12.0,5.0,0.91291,0.24105,0.01042,0.07554,-0.21191,0.09945,0.09,3951.0,551.0,-0.02024,0.15886,0.00489,-0.00178,-0.03398,0.0308,,,,0.90922,0.23257,0.01114,0.07541,-0.21104,0.10258,0.1,4.0,68.0,-0.02313,0.15494,0.00561,-0.00203,-0.03703,0.03446,,,,0.90512,0.22414,0.01195,0.07524,-0.21028,0.106,0.11,52.0,3.0,-0.02617,0.15058,0.00641,-0.0023,-0.03987,0.03823,,,,0.90084,0.21546,0.01284,0.07506,-0.20904,0.1095,0.11,165.0,550.0,-0.02941,0.14583,0.00729,-0.00258,-0.04247,0.04213,16.74,,4.0,0.89452,0.20822,0.0139,0.07471,-0.21071,0.11456,0.12,72.0,413.0,-0.03286,0.14073,0.00828,-0.00289,-0.04485,0.04619,13.91,2.0,,0.88408,0.19001,0.0163,0.07417,-0.20652,0.12259,0.16,14.0,124.0,-0.04271,0.1314,0.01099,-0.00375,-0.05166,0.0572,0.25,2669.0,448.0,0.09859,0.09786,0.02821,0.00853,-0.08111,0.10927,8.05,23.0,2.0,-0.91328,0.09265,0.02703,-0.08111,-0.02112,0.09914,0.19,1425.0,1206.0,0.07213,0.09712,0.02248,0.00624,-0.06344,0.08644,8.07,1.0,,-0.98472,0.06552,0.00919,-0.08746,0.03691,0.02383,0.11,2040.0,172.0,0.05267,0.09717,0.01758,0.00456,-0.04948,0.06763,10.26,,,-0.98076,0.07594,0.00969,-0.08732,0.03222,0.02912,0.08,839.0,203.0,0.03566,0.09587,0.01301,0.00309,-0.03553,0.04937,,,,-0.98648,0.07803,0.00693,-0.088,0.0365,0.02141,0.05,454.0,275.0,0.02438,0.09559,0.00951,0.00211,-0.02576,0.03601,,,,-0.96406,0.10441,0.01195,-0.08626,0.01067,0.04937,0.03,76.0,9.0,0.01979,0.09903,0.0077,0.00171,-0.02231,0.03018,,,,-0.98704,0.09121,0.00571,-0.08843,0.03531,0.02061,0.04,145.0,36.0,0.01191,0.09695,0.00508,0.00103,-0.01409,0.01953,,,,-0.97248,0.1139,0.00876,-0.08737,0.01603,0.03951,0.04,433.0,58.0,0.00717,0.102,0.0031,0.00062,-0.00946,0.01252,,,,-0.98795,0.11034,0.00443,-0.08908,0.03398,0.01934,0.03,8.0,2.0,0.00684,0.10748,0.00282,0.00059,-0.00955,0.01201,,,,-0.98827,0.11652,0.00409,-0.0893,0.03366,0.01888,0.03,4.0,10.0,0.00654,0.11291,0.00258,0.00057,-0.00962,0.01155,,,,-0.94038,0.17887,0.0105,-0.08538,-0.04776,0.0743,0.05,103.0,5.0,0.00626,0.1183,0.00237,0.00054,-0.00969,0.01112,,,,-0.92494,0.2038,0.01102,-0.08426,-0.08279,0.08885,0.02,46.0,7.0,0.00602,0.12366,0.00219,0.00052,-0.00977,0.01073,,,,-0.98851,0.13601,0.00344,-0.0899,0.03181,0.01853,0.02,51.0,5.0,0.00579,0.12898,0.00203,0.0005,-0.00983,0.01038,,,,-0.94464,0.20292,0.00872,-0.08633,-0.05377,0.07007,0.02,,255.0,0.00401,0.12857,0.00147,0.00035,-0.00706,0.00748,,,,-0.98842,0.14939,0.00316,-0.09028,0.03019,0.01865,,,,0.00387,0.13361,0.00137,0.00034,-0.0071,0.00724,,,,-0.94768,0.21781,0.00777,-0.08697,-0.056,0.06699,,,,0.00374,0.13864,0.00128,0.00032,-0.00713,0.00703,,,,-0.92866,0.25073,0.00861,-0.08555,-0.10562,0.08545,,,,0.00351,0.14865,0.00113,0.0003,-0.00722,0.00664,,,,-0.98937,0.17311,0.00252,-0.09112,0.02933,0.01729,,,,0.00341,0.1536,0.00106,0.0003,-0.00725,0.00646,,,,-0.92356,0.2877,0.00791,-0.0857,-0.13759,0.09011,,,,0.00331,0.15853,0.001,0.00029,-0.00729,0.0063,,,,-0.95436,0.25306,0.00599,-0.08851,-0.05925,0.06002,0.01,254.0,,0.00322,0.16344,0.00095,0.00028,-0.00732,0.00614,,,,-0.98941,0.19221,0.00227,-0.0917,0.02748,0.01723,0.01,2.0,,0.00314,0.16832,0.0009,0.00027,-0.00735,0.00599,,,,-0.9461,0.28362,0.00611,-0.08819,-0.08986,0.0686,,,,0.00306,0.17318,0.00085,0.00026,-0.00739,0.00586,,,,-0.98928,0.20533,0.00214,-0.09207,0.02588,0.01741,0.02,,8.0,0.00298,0.17801,0.00081,0.00026,-0.00742,0.00572,,,,-0.98956,0.21077,0.00204,-0.09229,0.02597,0.01701,,,,0.00291,0.18283,0.00077,0.00025,-0.00745,0.0056,,,,-0.98992,0.21584,0.00193,-0.09251,0.02632,0.01648,0.01,,100.0,0.00284,0.18761,0.00074,0.00025,-0.00748,0.00548,,,,-0.98978,0.2226,0.00189,-0.09269,0.02533,0.01669,,,,0.00271,0.19712,0.00067,0.00023,-0.00753,0.00526,,,,-0.99155,0.22807,0.00156,-0.09323,0.02935,0.01405,,,,0.00266,0.20186,0.00064,0.00023,-0.00757,0.00516,,,,-0.99181,0.23298,0.00148,-0.09344,0.02967,0.01366,,,,0.0026,0.20656,0.00062,0.00022,-0.00759,0.00506,,,,-0.9919,0.23859,0.00143,-0.09364,0.02949,0.01353,,,,0.00255,0.21124,0.00059,0.00022,-0.00761,0.00497,,,,-0.99107,0.24829,0.0015,-0.09376,0.02645,0.01477,0.01,15.0,,0.0025,0.21591,0.00057,0.00022,-0.00764,0.00488,,,,-0.96474,0.3323,0.00369,-0.09172,-0.06388,0.04859,,,,0.00245,0.22057,0.00055,0.00021,-0.00767,0.0048,,,,-0.99179,0.25703,0.00135,-0.0942,0.02782,0.0137,,,,0.0024,0.22519,0.00053,0.00021,-0.00769,0.00471,,,,-0.99168,0.26351,0.00133,-0.09439,0.02701,0.01387,,,,0.00236,0.22979,0.00051,0.0002,-0.00771,0.00463,,,,-0.96619,0.35217,0.00337,-0.09242,-0.06611,0.04694,,,,0.00231,0.23439,0.00049,0.0002,-0.00774,0.00456,,,,-0.96512,0.36262,0.00336,-0.09252,-0.07271,0.04816,,,,,,,,,,,,,,,,,,
2023-11-30 16:00:00,,,,,,,,,,,,,,,,,,,34.88,,6.0,0.99977,0.01,0.0,0.06887,-0.04239,0.0,0.03,2,14.0,-0.0052,0.25673,0.001,-0.00039,-0.0185,0.00875,26.96,,23.0,0.99977,0.01,0.0,0.07051,-0.04383,0.0,0.04,3,116.0,-0.0089,0.19938,0.00206,-0.00067,-0.02298,0.01407,15.57,,44.0,0.99977,0.01,0.0,0.07214,-0.04526,0.0,0.07,171,464.0,-0.02088,0.14334,0.00599,-0.00157,-0.03412,0.02936,12.98,,12.0,0.99977,0.01,0.0,0.07247,-0.04555,0.0,0.09,723,219.0,-0.02806,0.13417,0.0082,-0.00212,-0.04079,0.03764,11.63,2.0,1.0,0.99977,0.01,0.0,0.07263,-0.04569,0.0,0.11,730,1569.0,-0.03446,0.13117,0.00995,-0.0026,-0.04717,0.04461,10.76,4.0,7.0,0.99977,0.01,0.0,0.0728,-0.04584,0.0,0.12,194,1123.0,-0.0412,0.12719,0.01187,-0.00311,-0.0528,0.05161,9.3,14.0,70.0,0.99977,0.01,0.0,0.07296,-0.04598,0.0,0.16,899,6203.0,-0.0507,0.12413,0.01437,-0.00382,-0.06073,0.06097,9.87,5.0,29.0,0.99977,0.01,0.0,0.07312,-0.04612,0.0,0.18,441,946.0,-0.06292,0.12137,0.01742,-0.00474,-0.0702,0.07228,9.83,38.0,28.0,0.97502,0.08543,0.0116,0.07143,-0.06924,0.03387,0.24,1555,2124.0,-0.0779,0.11854,0.02102,-0.00587,-0.08054,0.08518,9.22,49.0,53.0,0.95007,0.0913,0.01923,0.06971,-0.08976,0.06001,0.3,693,884.0,-0.09574,0.11542,0.02519,-0.00722,-0.09114,0.09937,6.18,59.0,54.0,0.91879,0.09516,0.02697,0.06752,-0.11234,0.08771,0.39,1064,911.0,-0.12015,0.11355,0.03016,-0.00906,-0.10517,0.11705,6.4,651,128.0,0.88425,0.09663,0.03446,0.06508,-0.13297,0.11383,0.51,6330,2717.0,-0.15056,0.11213,0.03565,-0.01136,-0.12065,0.13665,6.12,533,312.0,0.84427,0.09714,0.04204,0.06222,-0.15256,0.1396,0.66,4124,2019.0,-0.1851,0.11002,0.04151,-0.01397,-0.13445,0.1561,5.3,1375,286.0,0.79681,0.09762,0.04948,0.0588,-0.17176,0.16511,0.82,3497,2295.0,-0.22757,0.10883,0.04743,-0.01718,-0.14934,0.17645,4.62,2262,351.0,0.7443,0.09717,0.05657,0.055,-0.18724,0.1879,1.05,4773,1397.0,-0.2757,0.10747,0.05317,-0.02082,-0.16192,0.1953,3.89,8738,880.0,0.68464,0.09694,0.06268,0.05064,-0.20016,0.2077,1.34,7569,2191.0,-0.32971,0.10616,0.05832,-0.02492,-0.17163,0.21163,3.26,12243,4281.0,0.61967,0.0966,0.06741,0.04589,-0.20858,0.22259,1.67,8317,4406.0,-0.38929,0.10528,0.06229,-0.02943,-0.17821,0.22417,2.6,6382,2209.0,0.55084,0.09616,0.07036,0.04083,-0.21154,0.23128,2.1,5233,2902.0,-0.4526,0.10459,0.06477,-0.03424,-0.18029,0.23155,2.1,7198,2976.0,0.47996,0.09575,0.07116,0.0356,-0.20873,0.2329,2.56,2581,1826.0,-0.51774,0.10437,0.0653,-0.0392,-0.17791,0.23295,1.62,4457,1527.0,0.40899,0.09507,0.06989,0.03036,-0.1995,0.22711,3.12,522,575.0,-0.58237,0.10436,0.06397,-0.04413,-0.17058,0.22818,1.24,2777,1477.0,0.34043,0.0946,0.06627,0.02529,-0.18528,0.21429,3.55,70,195.0,-0.64396,0.1049,0.06074,-0.04885,-0.15949,0.2178,0.94,2683,2171.0,0.27554,0.09378,0.06091,0.02048,-0.16585,0.19525,4.42,64,438.0,-0.70118,0.10551,0.05624,-0.05325,-0.14457,0.20282,0.69,1619,2695.0,0.21607,0.09276,0.05403,0.01607,-0.14285,0.1713,6.59,,43.0,-0.75132,0.10699,0.05063,-0.05713,-0.1288,0.18515,0.48,1507,3997.0,0.16427,0.0919,0.04606,0.01223,-0.11877,0.1447,6.17,9.0,28.0,-0.79382,0.10916,0.04464,-0.06044,-0.11307,0.16655,0.02,27,142.0,0.01241,0.09966,0.00552,0.00093,-0.01622,0.0188,,,,-0.90155,0.17221,0.0172,-0.06978,-0.10062,0.10126,0.01,,1541.0,0.00384,0.14526,0.00134,0.00029,-0.00827,0.00667,24.5,2.0,7.0,-0.93026,0.25982,0.00879,-0.07357,-0.12158,0.07807,,,,0.00289,0.19819,0.00076,0.00021,-0.00869,0.00517,,,,-0.94435,0.34009,0.00563,-0.07627,-0.13587,0.06542,0.02,,15.0,0.00235,0.24874,0.0005,0.00017,-0.00901,0.00429,,,,-0.95229,0.41697,0.00406,-0.0785,-0.1497,0.05785,,,,0.99977,0.01,0.0,0.06739,-0.0411,0.0,0.03,,3.0,-0.0043,0.31549,0.00068,-0.00033,-0.01923,0.00739,,,,0.99977,0.01,0.0,0.06755,-0.04125,0.0,0.03,6.0,,-0.00438,0.30895,0.00071,-0.00033,-0.01916,0.00751,,,,0.99977,0.01,0.0,0.06772,-0.04139,0.0,0.05,,1.0,-0.00447,0.30241,0.00074,-0.00034,-0.01908,0.00765,40.76,2.0,,0.99977,0.01,0.0,0.06788,-0.04153,0.0,0.05,,2.0,-0.00456,0.29588,0.00077,-0.00035,-0.01901,0.00779,,,,0.99977,0.01,0.0,0.06804,-0.04168,0.0,0.05,,2.0,-0.00465,0.28935,0.0008,-0.00035,-0.01893,0.00793,,,,0.99977,0.01,0.0,0.06821,-0.04182,0.0,0.03,126.0,184.0,-0.00475,0.28283,0.00084,-0.00036,-0.01885,0.00808,37.95,,7.0,0.99977,0.01,0.0,0.06837,-0.04196,0.0,0.06,,1.0,-0.00486,0.2763,0.00087,-0.00037,-0.01877,0.00824,38.51,,6.0,0.99977,0.01,0.0,0.06853,-0.04211,0.0,,,,-0.00497,0.26978,0.00091,-0.00038,-0.01868,0.00841,,,,0.99977,0.01,0.0,0.0687,-0.04225,0.0,0.03,3.0,1.0,-0.00508,0.26325,0.00095,-0.00038,-0.01859,0.00857,34.74,,1.0,0.99977,0.01,0.0,0.06903,-0.04254,0.0,0.03,34.0,4.0,-0.00532,0.2502,0.00104,-0.0004,-0.0184,0.00894,31.74,3.0,,0.99977,0.01,0.0,0.06919,-0.04268,0.0,0.03,12.0,,-0.00545,0.24369,0.0011,-0.00041,-0.01831,0.00914,,,,0.99977,0.01,0.0,0.06935,-0.04282,0.0,0.04,3.0,2.0,-0.00733,0.24662,0.00141,-0.00055,-0.02406,0.01186,32.67,,2.0,0.99977,0.01,0.0,0.06952,-0.04297,0.0,,,,-0.00574,0.23064,0.00121,-0.00043,-0.01811,0.00956,30.65,,1.0,0.99977,0.01,0.0,0.06968,-0.04311,0.0,0.04,2.0,1.0,-0.00589,0.22412,0.00128,-0.00045,-0.01801,0.00978,29.55,,2.0,0.99977,0.01,0.0,0.06985,-0.04325,0.0,0.04,1.0,,-0.00792,0.22641,0.00164,-0.0006,-0.02363,0.01271,29.0,1.0,1.0,0.99977,0.01,0.0,0.07001,-0.0434,0.0,0.07,,50.0,-0.00815,0.21966,0.00173,-0.00062,-0.02348,0.01302,27.68,1.0,,0.99977,0.01,0.0,0.07017,-0.04354,0.0,0.09,,1.0,-0.00838,0.2129,0.00183,-0.00063,-0.02331,0.01335,25.85,,4.0,0.99977,0.01,0.0,0.07034,-0.04368,0.0,0.05,2.0,21.0,-0.00863,0.20615,0.00194,-0.00065,-0.02316,0.0137,22.88,2.0,4.0,0.99977,0.01,0.0,0.07067,-0.04397,0.0,0.05,33.0,8.0,-0.00918,0.19261,0.0022,-0.00069,-0.02281,0.01447,22.53,,2.0,0.99977,0.01,0.0,0.07083,-0.04412,0.0,0.04,18.0,39.0,-0.00949,0.18583,0.00234,-0.00072,-0.02263,0.01489,,,,0.99977,0.01,0.0,0.07099,-0.04426,0.0,0.06,1.0,144.0,-0.00981,0.17903,0.0025,-0.00074,-0.02243,0.01533,,,,0.99977,0.01,0.0,0.07116,-0.0444,0.0,0.04,455.0,38.0,-0.01017,0.17223,0.00269,-0.00077,-0.02224,0.01581,21.64,2.0,17.0,0.99977,0.01,0.0,0.07132,-0.04455,0.0,0.06,211.0,3590.0,-0.01283,0.17102,0.00331,-0.00097,-0.027,0.01935,,,,0.99977,0.01,0.0,0.07149,-0.04469,0.0,0.05,76.0,71.0,-0.01333,0.164,0.00357,-0.00101,-0.02673,0.02,,,,0.99977,0.01,0.0,0.07165,-0.04483,0.0,0.05,233.0,53.0,-0.01386,0.15696,0.00385,-0.00105,-0.02643,0.02069,,,,0.99977,0.01,0.0,0.07181,-0.04498,0.0,0.06,230.0,600.0,-0.01685,0.15426,0.00464,-0.00127,-0.03068,0.02446,16.74,,4.0,0.99977,0.01,0.0,0.07198,-0.04512,0.0,0.06,3352.0,439.0,-0.01759,0.14702,0.00505,-0.00133,-0.03029,0.02538,13.91,,2.0,0.99977,0.01,0.0,0.07231,-0.04541,0.0,0.07,92.0,133.0,-0.02435,0.13902,0.00703,-0.00184,-0.03761,0.03343,0.32,256.0,2040.0,0.11845,0.0902,0.03758,0.00882,-0.09285,0.11588,9.1,9.0,5.0,-0.82727,0.11267,0.03877,-0.06309,-0.10002,0.14932,0.21,797.0,2019.0,0.08522,0.09011,0.02959,0.00635,-0.07259,0.09115,9.71,2.0,1.0,-0.85353,0.11701,0.03351,-0.06521,-0.08909,0.13401,0.13,534.0,1120.0,0.05977,0.09013,0.02253,0.00446,-0.05506,0.06944,8.77,1.0,,-0.8708,0.12365,0.0291,-0.06666,-0.08419,0.12299,0.09,222.0,803.0,0.04021,0.08985,0.01647,0.003,-0.03985,0.05061,,,,-0.87941,0.13339,0.0257,-0.06747,-0.08718,0.11719,0.06,45.0,460.0,0.02731,0.09043,0.0119,0.00204,-0.02906,0.03679,,,,-0.88607,0.14336,0.02297,-0.06813,-0.09092,0.11256,0.02,65.0,78.0,0.01819,0.09103,0.00839,0.00136,-0.02071,0.02612,,,,-0.89191,0.15312,0.02071,-0.06873,-0.09434,0.10838,0.02,147.0,127.0,0.01317,0.09325,0.00621,0.00098,-0.01603,0.0198,,,,-0.89691,0.16281,0.01882,-0.06927,-0.09774,0.10472,0.04,,428.0,0.00784,0.09943,0.0037,0.00058,-0.01082,0.01259,,,,-0.90549,0.18164,0.01582,-0.07024,-0.1037,0.09825,0.03,,10.0,0.00744,0.10542,0.00334,0.00055,-0.01093,0.01202,,,,-0.90927,0.19076,0.01462,-0.07069,-0.1062,0.09533,0.01,440.0,14.0,0.00708,0.11135,0.00302,0.00053,-0.01103,0.01151,,,,-0.91324,0.19926,0.01354,-0.07115,-0.10741,0.09219,0.05,,108.0,0.00675,0.11723,0.00275,0.0005,-0.01112,0.01104,,,,-0.91606,0.20842,0.01262,-0.07152,-0.11026,0.08993,0.01,22.0,49.0,0.00646,0.12307,0.00252,0.00048,-0.01121,0.01062,,,,-0.91905,0.21707,0.01179,-0.07191,-0.11206,0.0875,0.02,,56.0,0.0062,0.12887,0.00232,0.00046,-0.0113,0.01024,,,,-0.92074,0.22675,0.01111,-0.0722,-0.11627,0.08611,0.01,5.0,255.0,0.00596,0.13463,0.00215,0.00044,-0.01139,0.00988,,,,-0.92388,0.23459,0.01041,-0.0726,-0.1165,0.0835,0.01,300.0,,0.00574,0.14034,0.00199,0.00043,-0.01146,0.00955,,,,-0.92603,0.24323,0.00982,-0.07293,-0.11859,0.08169,,,,0.00397,0.13981,0.00144,0.0003,-0.00822,0.00689,,,,-0.92799,0.25184,0.0093,-0.07324,-0.12072,0.08002,,,,0.00371,0.15068,0.00126,0.00028,-0.00832,0.00648,,,,-0.9321,0.26808,0.00834,-0.07387,-0.12314,0.07647,,,,0.00359,0.15607,0.00118,0.00027,-0.00837,0.00629,,,,-0.93452,0.27531,0.0079,-0.07422,-0.12262,0.07435,,,,0.00348,0.16143,0.00111,0.00026,-0.00841,0.00612,,,,-0.93499,0.28509,0.00759,-0.07442,-0.12754,0.07393,0.01,,254.0,0.00338,0.16675,0.00104,0.00025,-0.00845,0.00596,,,,-0.9365,0.29321,0.00724,-0.07469,-0.12905,0.07259,0.01,,2.0,0.00329,0.17206,0.00099,0.00024,-0.00849,0.00581,,,,-0.93854,0.3003,0.00689,-0.07501,-0.1285,0.07076,,,,0.0032,0.17734,0.00093,0.00024,-0.00854,0.00567,,,,-0.93998,0.30812,0.00659,-0.07528,-0.12956,0.06945,0.02,,8.0,0.00311,0.1826,0.00089,0.00023,-0.00858,0.00553,,,,-0.94061,0.31712,0.00635,-0.07549,-0.13309,0.06888,,,,0.00303,0.18782,0.00084,0.00023,-0.00862,0.00541,,,,-0.94152,0.32552,0.00611,-0.07573,-0.13545,0.06804,0.01,,100.0,0.00296,0.19301,0.0008,0.00022,-0.00865,0.00528,,,,-0.94334,0.33217,0.00584,-0.07603,-0.13434,0.06636,,,,0.00282,0.20334,0.00073,0.00021,-0.00872,0.00506,,,,-0.94458,0.34937,0.00546,-0.07645,-0.14016,0.06521,,,,0.00276,0.20847,0.0007,0.0002,-0.00876,0.00496,,,,-0.94563,0.35699,0.00526,-0.07669,-0.1412,0.06423,,,,0.0027,0.21358,0.00067,0.0002,-0.00879,0.00486,,,,-0.94729,0.36321,0.00505,-0.07698,-0.13956,0.06266,,,,0.00264,0.21867,0.00064,0.0002,-0.00882,0.00477,,,,-0.94743,0.37241,0.00491,-0.07715,-0.14381,0.06253,0.01,,15.0,0.00259,0.22373,0.00061,0.00019,-0.00886,0.00468,,,,-0.94794,0.38076,0.00477,-0.07736,-0.14645,0.06204,,,,0.00253,0.22877,0.00059,0.00019,-0.00889,0.00459,,,,-0.94888,0.3881,0.00461,-0.07759,-0.14717,0.06115,,,,0.00248,0.23379,0.00056,0.00018,-0.00892,0.00451,,,,-0.95034,0.39412,0.00443,-0.07786,-0.14541,0.05974,,,,0.00244,0.2388,0.00054,0.00018,-0.00895,0.00443,,,,-0.95077,0.40235,0.00431,-0.07806,-0.14797,0.05933,,,,0.00239,0.24376,0.00052,0.00018,-0.00897,0.00435,,,,-0.95171,0.40929,0.00418,-0.07829,-0.1481,0.05842,,,,,,,,,,,,,,,,,,
2023-12-01 16:00:00,,,,,,,,,,,,,,,,,,,39.36,8.0,6.0,0.99557,0.29278,0.00079,0.05711,-0.06154,0.0067,0.02,8,14.0,-0.00322,0.28276,0.00064,-0.0002,-0.01468,0.00524,25.77,7.0,23.0,0.99447,0.22225,0.00129,0.0584,-0.06161,0.00823,0.02,10,119.0,-0.00629,0.22738,0.00145,-0.0004,-0.02137,0.00951,15.57,,44.0,0.99247,0.15128,0.0025,0.05965,-0.06113,0.0109,0.04,220,576.0,-0.01157,0.16264,0.00347,-0.00073,-0.02591,0.01625,16.94,6.0,12.0,0.97713,0.16523,0.00607,0.05895,-0.092,0.0289,0.04,1168,543.0,-0.01263,0.14764,0.00412,-0.0008,-0.02532,0.01753,16.61,3.0,2.0,0.97682,0.15593,0.00651,0.05906,-0.08995,0.02923,0.04,10314,2171.0,-0.01607,0.14512,0.00516,-0.00101,-0.03058,0.02157,15.24,11.0,9.0,0.97286,0.15139,0.00766,0.05895,-0.09491,0.0334,0.05,1217,1137.0,-0.01688,0.13733,0.00568,-0.00107,-0.03014,0.0225,14.23,23.0,77.0,0.97051,0.14406,0.00863,0.05894,-0.09596,0.03581,0.05,3594,6202.0,-0.0207,0.13349,0.00696,-0.00131,-0.0348,0.02677,12.9,9.0,25.0,0.96793,0.13654,0.00976,0.05891,-0.09683,0.0384,0.06,3049,1319.0,-0.02188,0.12544,0.00776,-0.00138,-0.0342,0.02805,12.45,21.0,58.0,0.96398,0.12984,0.0113,0.0588,-0.09925,0.04228,0.06,5403,1929.0,-0.02627,0.12055,0.00941,-0.00166,-0.03824,0.03271,10.59,14.0,20.0,0.95908,0.12321,0.01322,0.05863,-0.1021,0.04694,0.08,4758,1005.0,-0.03107,0.115,0.01134,-0.00196,-0.04182,0.0376,10.35,39.0,103.0,0.95224,0.11715,0.01576,0.05833,-0.10641,0.0532,0.1,1868,1535.0,-0.03935,0.11113,0.01425,-0.00248,-0.04893,0.04565,9.28,96,85.0,0.94357,0.11114,0.01897,0.05792,-0.11136,0.06076,0.12,12023,3086.0,-0.04833,0.10613,0.01762,-0.00305,-0.05497,0.05389,8.09,71,225.0,0.92871,0.10722,0.02361,0.05712,-0.12147,0.07293,0.16,6101,2713.0,-0.06254,0.10256,0.02235,-0.00395,-0.06487,0.06604,7.55,190,364.0,0.90984,0.10319,0.02931,0.05607,-0.13245,0.08714,0.21,5351,3208.0,-0.08325,0.09997,0.02854,-0.00525,-0.07836,0.08224,6.65,636,485.0,0.88359,0.10002,0.03642,0.05455,-0.14643,0.10496,0.27,6456,2219.0,-0.10909,0.09695,0.03591,-0.00689,-0.09221,0.10035,5.85,613,751.0,0.84901,0.09733,0.04478,0.0525,-0.16219,0.12559,0.37,9726,1665.0,-0.1436,0.09444,0.04466,-0.00906,-0.10811,0.12154,4.87,6241,5172.0,0.80561,0.09472,0.05409,0.04989,-0.17786,0.14762,0.52,10730,4651.0,-0.19002,0.09304,0.05433,-0.012,-0.12665,0.14567,4.15,6714,2605.0,0.75005,0.09316,0.06351,0.04651,-0.19436,0.17047,0.72,12358,2610.0,-0.24583,0.09145,0.06415,-0.01553,-0.14307,0.16903,3.34,9848,3168.0,0.68512,0.09149,0.0723,0.04254,-0.20695,0.19058,0.97,8526,1773.0,-0.31188,0.08998,0.07323,-0.01971,-0.15615,0.18985,2.66,12521,2178.0,0.61062,0.09043,0.07898,0.03796,-0.21526,0.2058,1.31,11704,728.0,-0.3879,0.08932,0.07989,-0.02452,-0.16532,0.2056,2.1,16231,1425.0,0.53003,0.08954,0.08275,0.03298,-0.21656,0.21349,1.73,8452,233.0,-0.46941,0.08827,0.08394,-0.0297,-0.16617,0.21348,1.59,13849,2379.0,0.44682,0.08879,0.08295,0.02782,-0.20991,0.2122,2.24,4382,450.0,-0.55364,0.08778,0.08388,-0.03505,-0.15987,0.21216,1.17,7250,3570.0,0.36525,0.08839,0.07923,0.02276,-0.19599,0.20178,2.86,599.0,43.0,-0.63614,0.08735,0.08006,-0.04031,-0.1456,0.20149,0.82,3780,3982.0,0.2889,0.088,0.07233,0.01801,-0.17539,0.18339,3.54,138.0,35.0,-0.71212,0.08745,0.07264,-0.04517,-0.1259,0.18303,0.03,2055,151.0,0.01901,0.09433,0.00916,0.00119,-0.02443,0.02489,,,,-0.86654,0.17498,0.0229,-0.05596,-0.15949,0.11554,0.01,3.0,1541.0,0.00422,0.14241,0.00163,0.00026,-0.00972,0.00668,21.59,1.0,7.0,-0.90449,0.28396,0.01111,-0.05968,-0.21254,0.09094,,,,0.00309,0.20092,0.00087,0.00019,-0.01029,0.00504,,,,-0.92426,0.37911,0.00699,-0.06229,-0.24164,0.0764,0.02,,15.0,0.00247,0.25662,0.00056,0.00015,-0.01069,0.00411,,,,-0.93562,0.46868,0.00499,-0.06437,-0.26595,0.0674,,,,,,,,,,,,,,,,,,,,,,,,,,,,,,,,,,,,,,,,,,,,,,,,,,,,,,,40.76,,2.0,0.99652,0.32941,0.00056,0.05635,-0.0587,0.00533,0.02,488.0,2.0,-0.00284,0.32358,0.0005,-0.00018,-0.01503,0.00468,,,,0.99629,0.32437,0.00061,0.05647,-0.05963,0.00566,0.02,70.0,2.0,-0.0029,0.31678,0.00052,-0.00018,-0.01498,0.00477,,,,0.99556,0.32437,0.00072,0.05656,-0.06312,0.0067,0.03,,310.0,-0.00296,0.30996,0.00054,-0.00019,-0.01492,0.00485,42.36,1.0,7.0,0.99659,0.3055,0.00059,0.05676,-0.05752,0.00522,0.06,,1.0,-0.00302,0.30315,0.00057,-0.00019,-0.01486,0.00494,38.51,,6.0,0.99599,0.30434,0.00069,0.05686,-0.06022,0.00609,,,,-0.00308,0.29635,0.00059,-0.0002,-0.0148,0.00504,,,,0.99571,0.29934,0.00075,0.05698,-0.06127,0.0065,0.02,102.0,4.0,-0.00315,0.28956,0.00062,-0.0002,-0.01474,0.00514,34.74,,1.0,0.99439,0.2945,0.00098,0.05719,-0.06659,0.00834,0.02,123.0,38.0,-0.0033,0.27597,0.00067,-0.00021,-0.01462,0.00535,35.4,2.0,3.0,0.99595,0.27375,0.00078,0.05741,-0.05907,0.00615,0.02,13.0,12.0,-0.00512,0.28422,0.00097,-0.00032,-0.02233,0.00793,32.92,7.0,,0.99541,0.27066,0.00089,0.05751,-0.06109,0.00692,0.02,1.0,5.0,-0.00524,0.27712,0.00101,-0.00033,-0.02222,0.0081,31.86,5.0,2.0,0.9948,0.26748,0.00101,0.0576,-0.06326,0.00777,0.03,1.0,,-0.00537,0.27002,0.00106,-0.00034,-0.02211,0.00827,30.65,,1.0,0.99441,0.26223,0.0011,0.05772,-0.06438,0.0083,0.04,,3.0,-0.0055,0.26292,0.00112,-0.00035,-0.022,0.00845,32.9,1.0,2.0,0.99399,0.25695,0.0012,0.05782,-0.06554,0.00888,0.04,,1.0,-0.00564,0.25581,0.00117,-0.00036,-0.02187,0.00864,31.74,1.0,2.0,0.99462,0.24497,0.00114,0.058,-0.06254,0.00802,0.07,,50.0,-0.00579,0.24871,0.00123,-0.00037,-0.02176,0.00884,27.68,,1.0,0.99409,0.24027,0.00126,0.05811,-0.06401,0.00874,0.09,,1.0,-0.00595,0.24161,0.0013,-0.00038,-0.02163,0.00906,25.85,,4.0,0.99386,0.23359,0.00134,0.05823,-0.06428,0.00905,0.02,21.0,23.0,-0.00611,0.23449,0.00137,-0.00039,-0.0215,0.00928,24.87,15.0,6.0,0.99412,0.21625,0.0014,0.05852,-0.06225,0.0087,0.03,220.0,41.0,-0.00648,0.22027,0.00154,-0.00041,-0.02124,0.00977,22.53,,2.0,0.99381,0.20991,0.00151,0.05864,-0.06271,0.00912,0.02,52.0,50.0,-0.00667,0.21314,0.00163,-0.00042,-0.02109,0.01003,,,,0.9945,0.19856,0.00143,0.05882,-0.05999,0.00818,0.02,14.0,145.0,-0.00688,0.206,0.00174,-0.00044,-0.02094,0.01031,,,,0.9915,0.20365,0.00207,0.05876,-0.06853,0.01217,0.02,23.0,482.0,-0.00711,0.19887,0.00185,-0.00045,-0.02079,0.01061,21.22,1.0,17.0,0.99305,0.18936,0.00186,0.059,-0.06315,0.01013,0.03,12.0,3749.0,-0.00735,0.19172,0.00198,-0.00047,-0.02063,0.01093,,,,0.99135,0.18757,0.00229,0.05903,-0.0672,0.01235,0.03,416.0,147.0,-0.00761,0.18456,0.00212,-0.00048,-0.02046,0.01127,,,,0.99176,0.17794,0.00231,0.05919,-0.06524,0.01183,0.03,18.0,152.0,-0.0103,0.18502,0.00275,-0.00065,-0.02671,0.01468,20.7,26.0,,0.99128,0.17125,0.00252,0.0593,-0.06561,0.01244,0.02,31.0,778.0,-0.01069,0.17757,0.00296,-0.00068,-0.02646,0.01516,20.1,9.0,4.0,0.99117,0.16334,0.00267,0.05943,-0.065,0.01258,0.02,30.0,3770.0,-0.01111,0.17012,0.0032,-0.0007,-0.0262,0.01569,17.64,9.0,2.0,0.99232,0.14371,0.00268,0.05977,-0.06072,0.0111,0.03,206.0,186.0,-0.01207,0.15515,0.00377,-0.00076,-0.02562,0.01686,0.57,4348.0,2055.0,0.22098,0.08775,0.06301,0.01379,-0.15056,0.15933,4.3,679.0,5.0,-0.77703,0.08844,0.06281,-0.04935,-0.10416,0.16007,0.38,3245.0,1625.0,0.16344,0.08764,0.05244,0.0102,-0.12403,0.13243,5.14,10.0,3.0,-0.83393,0.08852,0.05242,-0.05303,-0.07806,0.13369,0.26,6431.0,1191.0,0.11616,0.08735,0.04169,0.00726,-0.09735,0.10494,5.94,23.0,1.0,-0.8745,0.09079,0.04231,-0.0557,-0.0581,0.11068,0.18,1204.0,999.0,0.08171,0.08804,0.03196,0.0051,-0.0754,0.08109,7.4,14.0,,-0.88759,0.10089,0.03522,-0.05666,-0.06014,0.10238,0.11,886.0,477.0,0.05664,0.08905,0.02382,0.00354,-0.05722,0.06111,8.36,9015.0,,-0.83841,0.14192,0.03212,-0.05376,-0.14557,0.13134,0.07,419.0,102.0,0.03871,0.09021,0.01732,0.00242,-0.04254,0.04504,,,,-0.85225,0.1513,0.02838,-0.05479,-0.1456,0.12382,0.05,148.0,238.0,0.02863,0.09337,0.01306,0.00179,-0.03423,0.03513,9.9,5.0,,-0.85555,0.16623,0.02545,-0.05511,-0.16076,0.12192,0.02,101.0,428.0,0.01373,0.09699,0.00674,0.00086,-0.01896,0.01884,,,,-0.87158,0.18711,0.02085,-0.05642,-0.16745,0.1125,0.03,35.0,10.0,0.00863,0.09742,0.00448,0.00054,-0.01268,0.01257,,,,-0.87727,0.19806,0.01909,-0.05691,-0.17242,0.109,0.02,10.0,454.0,0.00813,0.10404,0.00398,0.00051,-0.01283,0.01194,,,,-0.88233,0.20886,0.01757,-0.05736,-0.17714,0.1058,0.02,7.0,108.0,0.00769,0.11059,0.00357,0.00048,-0.01296,0.01137,,,,-0.88374,0.2225,0.01636,-0.05756,-0.18944,0.10487,0.02,9.0,71.0,0.00731,0.11709,0.00322,0.00046,-0.01309,0.01086,,,,-0.88805,0.23299,0.01521,-0.05797,-0.1936,0.10208,0.01,2.0,56.0,0.00696,0.12353,0.00292,0.00043,-0.01321,0.01041,,,,-0.89176,0.24357,0.0142,-0.05834,-0.19813,0.09964,0.01,3.0,260.0,0.00665,0.12993,0.00267,0.00042,-0.01333,0.01,,,,-0.89537,0.25381,0.01329,-0.0587,-0.20191,0.09723,0.02,1.0,300.0,0.00637,0.13627,0.00245,0.0004,-0.01343,0.00962,,,,-0.89857,0.26406,0.01249,-0.05904,-0.20585,0.09505,0.01,9.0,,0.00439,0.13637,0.00176,0.00027,-0.00965,0.00691,,,,-0.90178,0.27389,0.01176,-0.05938,-0.20883,0.09284,0.02,19.0,,0.00407,0.14841,0.00151,0.00025,-0.00979,0.00645,,,,-0.90697,0.29398,0.01053,-0.05998,-0.21625,0.08919,,,,0.00392,0.15438,0.0014,0.00024,-0.00985,0.00625,,,,-0.90925,0.30396,0.01,-0.06026,-0.21996,0.08757,,,,0.00379,0.16031,0.00131,0.00024,-0.00992,0.00606,,,,-0.91146,0.31375,0.00951,-0.06053,-0.2233,0.08597,0.01,,254.0,0.00367,0.16619,0.00123,0.00023,-0.00997,0.00588,,,,-0.91384,0.32299,0.00905,-0.06082,-0.22537,0.08423,0.01,,2.0,0.00355,0.17205,0.00115,0.00022,-0.01002,0.00572,,,,-0.91565,0.33281,0.00864,-0.06107,-0.229,0.0829,,,,0.00345,0.1779,0.00109,0.00022,-0.01009,0.00557,,,,-0.91777,0.3419,0.00826,-0.06134,-0.23091,0.08133,0.02,,8.0,0.00335,0.18369,0.00102,0.00021,-0.01013,0.00542,,,,-0.91942,0.35148,0.00791,-0.06158,-0.23413,0.08009,,,,0.00325,0.18946,0.00097,0.0002,-0.01018,0.00529,,,,-0.9211,0.36079,0.00758,-0.06182,-0.23678,0.07882,0.01,,100.0,0.00317,0.1952,0.00092,0.0002,-0.01023,0.00516,,,,-0.92252,0.37035,0.00729,-0.06205,-0.24013,0.07774,,,,0.00301,0.2066,0.00083,0.00019,-0.01033,0.00492,,,,-0.92559,0.38843,0.00673,-0.06251,-0.24458,0.07538,,,,0.00293,0.21226,0.00079,0.00018,-0.01038,0.00481,,,,-0.92699,0.39741,0.00649,-0.06274,-0.24679,0.07428,,,,0.00286,0.21788,0.00075,0.00018,-0.01041,0.00471,,,,-0.92824,0.40652,0.00626,-0.06295,-0.24939,0.07331,,,,0.0028,0.22349,0.00072,0.00017,-0.01046,0.00461,,,,-0.92938,0.41568,0.00605,-0.06316,-0.2522,0.07241,0.01,,15.0,0.00274,0.22908,0.00068,0.00017,-0.0105,0.00452,,,,-0.93077,0.42414,0.00583,-0.06338,-0.25342,0.07131,,,,0.00268,0.23462,0.00066,0.00017,-0.01054,0.00443,,,,-0.93155,0.43375,0.00566,-0.06357,-0.25742,0.07068,,,,0.00262,0.24017,0.00063,0.00016,-0.01058,0.00435,,,,-0.93289,0.44198,0.00547,-0.06379,-0.25828,0.06961,,,,0.00257,0.24568,0.0006,0.00016,-0.01062,0.00427,,,,-0.93375,0.45113,0.0053,-0.06398,-0.26135,0.06892,,,,0.00251,0.25116,0.00058,0.00016,-0.01066,0.00419,,,,-0.93484,0.4596,0.00514,-0.06419,-0.26291,0.06803,,,,0.00225,0.28363,0.00046,0.00014,-0.01087,0.00379,,,,-0.94077,0.50896,0.00431,-0.06538,-0.27047,0.06314
2023-12-04 16:00:00,,,,,,,,,,,,,,,,,,,35.73,11.0,14.0,0.98376,0.53619,0.00223,0.02249,-0.22507,0.01362,0.02,5,17.0,-0.00244,0.40585,0.00055,-6e-05,-0.02599,0.00256,25.05,2.0,30.0,0.97924,0.40416,0.00365,0.02291,-0.2134,0.01679,0.02,194,117.0,-0.00449,0.31436,0.00124,-0.00011,-0.03473,0.00443,16.66,70.0,44.0,0.96934,0.27225,0.00753,0.02322,-0.20326,0.02331,0.02,581,443.0,-0.00664,0.20523,0.00268,-0.00017,-0.03199,0.00627,13.09,9.0,12.0,0.96651,0.24434,0.00903,0.02325,-0.19793,0.02508,0.02,2195,1273.0,-0.00737,0.18308,0.0033,-0.00018,-0.03124,0.00688,13.98,1.0,3.0,0.97465,0.21297,0.00821,0.02354,-0.15086,0.0199,0.02,1636,10990.0,-0.0078,0.17194,0.00369,-0.0002,-0.03082,0.00723,12.02,9.0,10.0,0.9708,0.20368,0.00966,0.0235,-0.15894,0.0224,0.03,877,1784.0,-0.01239,0.17163,0.00554,-0.00031,-0.04607,0.01084,11.99,52.0,88.0,0.96889,0.19032,0.0109,0.02351,-0.15727,0.02362,0.03,2920,6269.0,-0.01322,0.15979,0.0063,-0.00033,-0.04531,0.01146,9.89,4.0,32.0,0.99992,0.01,0.0,0.02431,-0.04614,0.0,0.04,1440,3996.0,-0.01833,0.15518,0.00859,-0.00046,-0.05819,0.01517,9.85,15.0,56.0,0.99992,0.01,0.0,0.02436,-0.04628,0.0,0.04,1720,6262.0,-0.01975,0.1427,0.00995,-0.00049,-0.05693,0.01617,7.07,3.0,26.0,0.99992,0.01,0.0,0.02442,-0.04642,0.0,0.05,5979,3946.0,-0.02585,0.13543,0.01315,-0.00065,-0.06768,0.02028,8.05,105.0,104.0,0.99992,0.01,0.0,0.02447,-0.04657,0.0,0.06,4593,2404.0,-0.03689,0.13046,0.01832,-0.00092,-0.08733,0.02722,6.95,617,102.0,0.99992,0.01,0.0,0.02452,-0.04671,0.0,0.1,11493,8562.0,-0.05295,0.12562,0.02546,-0.00133,-0.11227,0.03643,6.05,136,262.0,0.99992,0.01,0.0,0.02458,-0.04685,0.0,0.16,5089,3144.0,-0.08124,0.1239,0.03597,-0.00203,-0.15387,0.05076,4.77,598,413.0,0.99992,0.01,0.0,0.02463,-0.047,0.0,0.25,6362,3704.0,-0.1204,0.12197,0.04871,-0.00302,-0.20128,0.06766,3.83,1785,427.0,0.94825,0.0693,0.04531,0.0234,-0.10684,0.0357,0.39,11028,2223.0,-0.17464,0.12099,0.0631,-0.00437,-0.25554,0.0868,3.04,12117,665.0,0.8321,0.08632,0.08623,0.02055,-0.2228,0.08462,0.61,20511,4794.0,-0.24682,0.12177,0.07684,-0.00618,-0.31367,0.10645,2.37,18193,4606.0,0.71649,0.09317,0.10778,0.01771,-0.30114,0.11417,0.9,36597,4464.0,-0.32994,0.12176,0.0882,-0.00826,-0.35773,0.12209,1.75,50141,2825.0,0.59646,0.09676,0.11868,0.01475,-0.34564,0.13055,1.28,25409,5511.0,-0.42285,0.1226,0.09469,-0.0106,-0.38629,0.13199,1.24,35951,2594.0,0.4759,0.09958,0.11859,0.01178,-0.3585,0.13426,1.77,13287,1972.0,-0.51855,0.12451,0.09492,-0.01301,-0.39543,0.13436,0.83,23521,2557.0,0.3613,0.10034,0.11071,0.00895,-0.33557,0.12629,2.38,2343,2338.0,-0.60977,0.12691,0.08967,-0.01531,-0.3832,0.12937,0.54,12652,3659.0,0.26011,0.10132,0.09496,0.00645,-0.29085,0.10939,3.1,1168,1479.0,-0.68923,0.1314,0.0797,-0.01733,-0.35987,0.11906,0.33,15463,3234.0,0.17623,0.10174,0.07546,0.00437,-0.23151,0.08732,3.9,609,1573.0,-0.75264,0.13806,0.06787,-0.01895,-0.33313,0.10652,0.19,9407,4774.0,0.1116,0.10174,0.05534,0.00277,-0.16894,0.06411,4.73,156.0,350.0,-0.79977,0.14698,0.05651,-0.02017,-0.31,0.09444,0.1,3703,4219.0,0.06864,0.10312,0.038,0.00171,-0.11872,0.04463,5.52,133.0,100.0,-0.83118,0.15934,0.04688,-0.021,-0.29958,0.08492,0.01,119,1336.0,0.00602,0.15339,0.0033,0.00015,-0.02245,0.00576,,,,-0.89616,0.30378,0.0176,-0.02306,-0.41934,0.06079,0.01,202.0,1541.0,0.00385,0.25086,0.00135,0.0001,-0.02449,0.00386,25.2,2.0,6.0,-0.92764,0.45492,0.00897,-0.02439,-0.48278,0.04641,,,,0.00289,0.34266,0.00077,7e-05,-0.02583,0.00299,,,,-0.94037,0.60143,0.00584,-0.02525,-0.55383,0.03993,0.02,,15.0,0.00235,0.4303,0.00051,6e-05,-0.02683,0.00248,,,,-0.9506,0.7294,0.00415,-0.02605,-0.57888,0.03441,,,,,,,,,,,,,,,,,,,,,,0.99054,0.59984,0.00124,0.02225,-0.16879,0.0085,0.01,1.0,6.0,-0.00205,0.48959,0.00039,-5e-05,-0.02677,0.00219,,,,0.98566,0.62981,0.00171,0.02215,-0.23423,0.01223,0.02,,5.0,-0.00209,0.47911,0.00041,-5e-05,-0.02669,0.00223,40.76,,2.0,0.98572,0.61404,0.00174,0.02221,-0.22882,0.01218,0.01,17.0,490.0,-0.00213,0.4686,0.00043,-5e-05,-0.02658,0.00227,,,,0.98549,0.60061,0.00181,0.02226,-0.22743,0.01236,0.02,,70.0,-0.00218,0.45815,0.00044,-5e-05,-0.0265,0.00231,,,,0.98929,0.55446,0.0015,0.02244,-0.17328,0.00948,0.03,,310.0,-0.00223,0.44767,0.00046,-6e-05,-0.0264,0.00236,42.36,,6.0,0.98908,0.54195,0.00156,0.02249,-0.17274,0.00965,0.06,,1.0,-0.00228,0.43721,0.00048,-6e-05,-0.0263,0.00241,38.51,,6.0,0.98446,0.56223,0.00205,0.0224,-0.22653,0.01311,,,,-0.00233,0.42676,0.00051,-6e-05,-0.0262,0.00246,36.33,5.0,,0.9841,0.5493,0.00214,0.02244,-0.22597,0.01337,0.01,16488.0,104.0,-0.00238,0.41629,0.00053,-6e-05,-0.02609,0.00251,33.58,1.0,1.0,0.98377,0.52078,0.0023,0.02254,-0.21981,0.01361,0.01,333.0,155.0,-0.0035,0.41196,0.00076,-9e-05,-0.0365,0.00354,35.4,,3.0,0.98332,0.50819,0.00241,0.02259,-0.21981,0.01394,0.02,,22.0,-0.00359,0.40087,0.00079,-9e-05,-0.03628,0.00362,33.2,19.0,7.0,0.98294,0.49499,0.00252,0.02263,-0.21864,0.0142,0.02,,6.0,-0.00368,0.39007,0.00083,-9e-05,-0.03611,0.00371,31.86,,7.0,0.98268,0.48107,0.00263,0.02268,-0.21605,0.01439,0.03,,1.0,-0.00377,0.37926,0.00088,-9e-05,-0.03592,0.00379,30.18,1.0,1.0,0.98229,0.4678,0.00276,0.02272,-0.2147,0.01467,0.02,17.0,3.0,-0.00388,0.36845,0.00093,-0.0001,-0.03574,0.00389,32.9,,2.0,0.98721,0.42556,0.00229,0.02293,-0.161,0.01108,0.04,,1.0,-0.00398,0.35764,0.00098,-0.0001,-0.03555,0.00398,31.74,,2.0,0.98135,0.4416,0.00305,0.02281,-0.21263,0.01533,0.07,,50.0,-0.0041,0.34684,0.00103,-0.0001,-0.03536,0.00409,28.5,1.0,1.0,0.98084,0.42845,0.00322,0.02285,-0.21148,0.01569,0.01,2.0,1.0,-0.00422,0.33602,0.0011,-0.00011,-0.03516,0.00419,25.85,,4.0,0.98004,0.41644,0.00343,0.02288,-0.21272,0.01625,0.02,80.0,42.0,-0.00435,0.32521,0.00116,-0.00011,-0.03496,0.00431,25.63,3.0,18.0,0.97895,0.38962,0.00384,0.02297,-0.20938,0.017,0.01,8.0,260.0,-0.00464,0.30353,0.00132,-0.00012,-0.03451,0.00456,22.53,,2.0,0.97867,0.37499,0.00403,0.02301,-0.20504,0.01719,0.01,141.0,100.0,-0.00479,0.29267,0.00141,-0.00012,-0.03427,0.0047,,,,0.98453,0.33703,0.0034,0.02325,-0.15402,0.01306,0.03,8.0,149.0,-0.00496,0.28182,0.00151,-0.00012,-0.03404,0.00485,22.5,1.0,,0.97682,0.34988,0.00464,0.02308,-0.20545,0.01845,0.02,,504.0,-0.00515,0.27094,0.00162,-0.00013,-0.03379,0.00501,21.54,9.0,18.0,0.97438,0.34144,0.00517,0.02307,-0.21545,0.02007,0.02,262.0,3748.0,-0.00534,0.26004,0.00175,-0.00013,-0.03352,0.00518,20.39,1.0,,0.97371,0.3272,0.00551,0.02311,-0.21202,0.02051,0.03,,563.0,-0.00556,0.24913,0.00189,-0.00014,-0.03324,0.00536,,,,0.9805,0.29162,0.0048,0.02336,-0.16054,0.01594,0.02,1.0,156.0,-0.00579,0.2382,0.00205,-0.00015,-0.03296,0.00556,20.7,,23.0,0.97173,0.29982,0.00639,0.02316,-0.20777,0.02179,0.02,465.0,774.0,-0.00605,0.22723,0.00223,-0.00015,-0.03264,0.00578,17.18,25.0,11.0,0.97046,0.28634,0.00694,0.02319,-0.2063,0.0226,0.02,1157.0,3768.0,-0.00633,0.21624,0.00244,-0.00016,-0.03232,0.00601,14.07,14.0,11.0,0.96819,0.25795,0.00819,0.02324,-0.19968,0.02404,0.02,572.0,156.0,-0.00698,0.19418,0.00297,-0.00017,-0.03163,0.00656,0.06,3560.0,2521.0,0.03918,0.10367,0.02422,0.00097,-0.07622,0.02859,6.69,130.0,131.0,-0.84649,0.17799,0.03944,-0.02144,-0.31562,0.07981,0.04,2876.0,1896.0,0.02536,0.10833,0.01618,0.00063,-0.05546,0.01996,8.23,7.0,11.0,-0.85726,0.19733,0.03388,-0.02176,-0.33495,0.07602,0.03,2476.0,4456.0,0.01789,0.11467,0.01138,0.00044,-0.0436,0.01486,9.37,10.0,20.0,-0.86699,0.21545,0.02957,-0.02206,-0.34959,0.07244,0.01,3693.0,1202.0,0.01104,0.11786,0.0073,0.00027,-0.02951,0.0098,9.27,2.0,5.0,-0.87157,0.23666,0.02627,-0.02223,-0.37745,0.07071,0.02,4514.0,679.0,0.0102,0.1288,0.00624,0.00025,-0.03004,0.00915,10.69,10515.0,9015.0,-0.8824,0.25032,0.02335,-0.02255,-0.37446,0.06646,0.01,202.0,349.0,0.00948,0.1396,0.0054,0.00024,-0.03052,0.00859,11.69,10000.0,,-0.88914,0.26661,0.02102,-0.02277,-0.38285,0.06372,0.02,107.0,330.0,0.00641,0.14333,0.00373,0.00016,-0.02221,0.00608,13.1,5.0,5.0,-0.89432,0.28352,0.0191,-0.02296,-0.39417,0.06157,0.01,29.0,514.0,0.00569,0.16347,0.00294,0.00014,-0.02271,0.00547,,,,-0.90266,0.31705,0.01608,-0.02328,-0.41677,0.05799,0.01,197.0,41.0,0.00539,0.17346,0.00264,0.00013,-0.02295,0.00521,,,,-0.90679,0.33264,0.01485,-0.02344,-0.42389,0.05617,0.01,3482.0,464.0,0.00512,0.18337,0.00239,0.00013,-0.02317,0.00498,,,,-0.91007,0.34876,0.01379,-0.02357,-0.43345,0.0547,0.02,,115.0,0.00488,0.19322,0.00217,0.00012,-0.02339,0.00478,,,,-0.91325,0.36437,0.01285,-0.02371,-0.44132,0.05325,0.01,6.0,80.0,0.00467,0.20299,0.00199,0.00012,-0.0236,0.00459,,,,-0.91607,0.38002,0.01202,-0.02383,-0.4496,0.05194,0.01,,56.0,0.00447,0.21268,0.00182,0.00011,-0.02379,0.00442,,,,-0.91872,0.39531,0.01128,-0.02395,-0.45691,0.0507,0.01,,262.0,0.0043,0.22232,0.00168,0.00011,-0.02398,0.00426,,,,-0.92144,0.40996,0.0106,-0.02407,-0.462,0.04941,0.02,,301.0,0.00413,0.23189,0.00156,0.0001,-0.02415,0.00412,,,,-0.92363,0.42514,0.01,-0.02418,-0.4694,0.04836,0.01,5.0,9.0,0.00399,0.24141,0.00145,0.0001,-0.02433,0.00399,,,,-0.9256,0.44031,0.00947,-0.02429,-0.47701,0.04741,0.01,64.0,19.0,0.00372,0.26025,0.00126,9e-05,-0.02464,0.00375,,,,-0.92954,0.46941,0.00852,-0.02449,-0.48836,0.04547,,,,0.0036,0.2696,0.00119,9e-05,-0.02479,0.00364,,,,-0.93106,0.48441,0.00812,-0.02459,-0.49607,0.04471,0.01,20.0,,0.00349,0.2789,0.00111,9e-05,-0.02494,0.00354,,,,-0.93303,0.49794,0.00772,-0.02469,-0.49861,0.04372,0.01,,254.0,0.00339,0.28816,0.00105,8e-05,-0.02509,0.00345,,,,-0.93432,0.51281,0.00738,-0.02478,-0.50628,0.04306,0.01,,2.0,0.00329,0.29734,0.00099,8e-05,-0.02521,0.00336,,,,-0.9359,0.52662,0.00706,-0.02487,-0.51032,0.04226,,,,0.00321,0.3065,0.00094,8e-05,-0.02535,0.00328,,,,-0.93742,0.54027,0.00675,-0.02496,-0.51401,0.04148,0.02,,8.0,0.00312,0.31561,0.00089,8e-05,-0.02548,0.0032,,,,-0.93866,0.55436,0.00648,-0.02505,-0.5195,0.04083,,,,0.00304,0.32467,0.00085,8e-05,-0.0256,0.00313,,,,-0.93984,0.56837,0.00622,-0.02513,-0.5249,0.04022,0.01,,100.0,0.00297,0.33368,0.0008,7e-05,-0.02571,0.00306,,,,-0.94089,0.5825,0.00599,-0.02521,-0.5309,0.03966,,,,0.00283,0.35159,0.00073,7e-05,-0.02594,0.00293,,,,-0.94319,0.60934,0.00555,-0.02538,-0.53851,0.03844,,,,0.00276,0.36049,0.0007,7e-05,-0.02605,0.00287,,,,-0.94438,0.62227,0.00534,-0.02546,-0.54091,0.03781,,,,0.0027,0.36936,0.00067,7e-05,-0.02617,0.00281,,,,-0.94509,0.63662,0.00517,-0.02553,-0.54827,0.03742,,,,0.00264,0.37816,0.00064,7e-05,-0.02626,0.00275,,,,-0.94585,0.65051,0.005,-0.02561,-0.55442,0.03702,0.01,,15.0,0.00259,0.38693,0.00061,6e-05,-0.02636,0.0027,,,,-0.94689,0.66322,0.00483,-0.02569,-0.55661,0.03645,,,,0.00254,0.3957,0.00059,6e-05,-0.02647,0.00265,,,,-0.94756,0.6771,0.00469,-0.02576,-0.56293,0.03608,,,,0.00249,0.4044,0.00057,6e-05,-0.02656,0.00261,,,,-0.94861,0.68931,0.00453,-0.02584,-0.56378,0.0355,,,,0.00244,0.41308,0.00054,6e-05,-0.02666,0.00256,,,,-0.94954,0.70178,0.00438,-0.02592,-0.56569,0.03499,,,,0.00239,0.42171,0.00052,6e-05,-0.02675,0.00252,,,,-0.95031,0.71474,0.00425,-0.02599,-0.56927,0.03456,,,,,,,,,,,,,,,,,,
2023-12-05 16:00:00,,,,,,,,,,,,,,,,,,,36.45,1,20,0.99097,0.68399,0.00149,0.01128,-0.24159,0.00578,0.01,2,13,-0.00245,0.57150,0.00056,-0.00003,-0.05193,0.00182,26.62,15,31,0.98806,0.51360,0.00254,0.01152,-0.23463,0.00738,0.01,237,282,-0.00323,0.42384,0.00097,-0.00004,-0.04941,0.00234,17.43,19,56,0.98120,0.34427,0.00560,0.01170,-0.23414,0.01091,0.01,36,627,-0.00668,0.28789,0.00272,-0.00008,-0.06406,0.00447,14.66,7,16,0.97844,0.31058,0.00697,0.01172,-0.23680,0.01225,0.02,419,2983,-0.00742,0.25658,0.00335,-0.00009,-0.06260,0.00490,13.68,884,2,0.97749,0.29167,0.00770,0.01173,-0.23195,0.01270,0.01,814,11314,-0.00786,0.24083,0.00375,-0.00010,-0.06180,0.00516,12.25,50,15,0.97722,0.27056,0.00839,0.01176,-0.22031,0.01284,0.01,785,1684,-0.00837,0.22501,0.00424,-0.00010,-0.06094,0.00544,11.37,73,123,0.98446,0.23058,0.00710,0.01188,-0.15327,0.00927,0.01,1849,6225,-0.00894,0.20911,0.00484,-0.00011,-0.06002,0.00577,10.22,44,33,0.97812,0.22516,0.00974,0.01183,-0.18628,0.01241,0.02,1234,3664,-0.00961,0.19310,0.00558,-0.00012,-0.05900,0.00615,9.81,103,52,0.97463,0.21030,0.01181,0.01182,-0.19443,0.01406,0.01,7020,6193,-0.01040,0.17697,0.00652,-0.00013,-0.05786,0.00659,8.66,76,29,0.97189,0.19263,0.01405,0.01181,-0.19413,0.01532,0.01,4488,5476,-0.01134,0.16072,0.00775,-0.00014,-0.05663,0.00710,7.64,219,115,0.97416,0.16691,0.01511,0.01187,-0.16574,0.01428,0.02,7793,3737,-0.01250,0.14432,0.00939,-0.00016,-0.05526,0.00773,6.71,2664,604,0.95290,0.16866,0.02450,0.01162,-0.24369,0.02337,0.03,60325,10727,-0.02060,0.13799,0.01511,-0.00026,-0.08118,0.01182,5.75,608,260,0.94498,0.14987,0.03121,0.01155,-0.24456,0.02644,0.03,10840,3805,-0.02985,0.12696,0.02242,-0.00037,-0.10176,0.01614,4.72,997,649,0.92768,0.13495,0.04288,0.01136,-0.26673,0.03272,0.06,23835,3568,-0.04732,0.11752,0.03525,-0.00059,-0.13676,0.02351,3.85,2913,319,0.89451,0.12340,0.06216,0.01097,-0.31257,0.04337,0.10,38194,4394,-0.08528,0.11247,0.05825,-0.00106,-0.20635,0.03714,2.90,13759,1873,0.83035,0.11720,0.09067,0.01020,-0.39499,0.06008,0.22,69085,6135,-0.15584,0.11060,0.09087,-0.00194,-0.30996,0.05690,2.11,41943,5211,0.73120,0.11311,0.12266,0.00900,-0.48287,0.07843,0.41,132319,8667,-0.25976,0.10821,0.12598,-0.00323,-0.40882,0.07710,1.41,139376,4135,0.59733,0.11184,0.14554,0.00736,-0.54827,0.09201,0.71,145751,5259,-0.39759,0.10609,0.15291,-0.00494,-0.47238,0.09171,0.87,156485,7400,0.44741,0.10978,0.15150,0.00552,-0.54271,0.09403,1.17,65408,3657,-0.55547,0.10421,0.15946,-0.00691,-0.46780,0.09392,0.49,95626,5649,0.30179,0.10877,0.13477,0.00372,-0.46973,0.08291,1.79,11379,2100,-0.70836,0.10302,0.14011,-0.00882,-0.39053,0.08159,0.25,41854,4163,0.17860,0.10685,0.10277,0.00221,-0.34359,0.06209,2.56,7866,1348,-0.84645,0.09636,0.10333,-0.01055,-0.23315,0.05630,0.11,89490,6270,0.09606,0.10741,0.06669,0.00119,-0.22430,0.04054,3.50,1080,1617,-0.93812,0.09110,0.05630,-0.01171,-0.08809,0.02900,0.05,37585,7899,0.04360,0.10608,0.03655,0.00054,-0.11953,0.02202,4.58,276,399,-0.95134,0.10964,0.03868,-0.01190,-0.08666,0.02399,0.03,7372,4974,0.02460,0.11310,0.02134,0.00031,-0.07915,0.01377,6.19,104,65,-0.83387,0.22931,0.04571,-0.01049,-0.64573,0.05929,0.01,138,1279,0.00597,0.21872,0.00324,0.00007,-0.04459,0.00405,13.80,4,,-0.89980,0.42822,0.01725,-0.01153,-0.85819,0.04180,0.01,,1743,0.00383,0.35634,0.00134,0.00005,-0.04874,0.00272,23.91,1,4,-0.92758,0.64926,0.00892,-0.01213,-1.02654,0.03276,,,,0.00288,0.48597,0.00076,0.00004,-0.05145,0.00211,,,,-0.94221,0.84818,0.00573,-0.01258,-1.12776,0.02749,0.02,,15,0.00234,0.60977,0.00050,0.00003,-0.05348,0.00175,43.27,31,,-0.95090,1.03609,0.00412,-0.01296,-1.21238,0.02415,,,,0.99552,0.77902,0.00070,0.01109,-0.16282,0.00309,0.01,,4,-0.00201,0.70468,0.00038,-0.00003,-0.05367,0.00152,,,,0.99520,0.76806,0.00076,0.01111,-0.16898,0.00329,0.01,,6,-0.00205,0.68985,0.00039,-0.00003,-0.05350,0.00155,,,,0.99517,0.75009,0.00078,0.01115,-0.16680,0.00331,0.02,,5,-0.00210,0.67505,0.00041,-0.00003,-0.05333,0.00158,41.04,2,2,0.99411,0.75262,0.00093,0.01115,-0.19164,0.00395,0.01,,507,-0.00214,0.66020,0.00043,-0.00003,-0.05313,0.00161,41.51,3,,0.99161,0.77392,0.00124,0.01115,-0.25309,0.00541,0.02,,70,-0.00219,0.64539,0.00045,-0.00003,-0.05293,0.00164,,,,0.99435,0.71124,0.00095,0.01121,-0.17862,0.00381,0.03,,310,-0.00223,0.63063,0.00047,-0.00003,-0.05277,0.00167,42.36,,6,0.99200,0.72923,0.00126,0.01121,-0.23289,0.00519,0.06,,1,-0.00228,0.61585,0.00049,-0.00003,-0.05258,0.00171,38.16,7,6,0.99144,0.71723,0.00136,0.01123,-0.24140,0.00551,,,,-0.00234,0.60107,0.00051,-0.00003,-0.05238,0.00174,36.33,,5,0.99167,0.69489,0.00137,0.01126,-0.23081,0.00538,0.01,,16590,-0.00239,0.58630,0.00053,-0.00003,-0.05217,0.00178,34.81,2,,0.99096,0.66468,0.00154,0.01130,-0.23636,0.00578,0.01,,334,-0.00251,0.55677,0.00059,-0.00003,-0.05174,0.00186,34.73,2,3,0.99034,0.65201,0.00166,0.01132,-0.24411,0.00612,0.02,,22,-0.00257,0.54199,0.00062,-0.00003,-0.05150,0.00190,33.73,3,26,0.99132,0.62148,0.00159,0.01137,-0.21763,0.00558,0.01,2,6,-0.00264,0.52722,0.00065,-0.00003,-0.05126,0.00195,32.35,2,7,0.99132,0.60222,0.00164,0.01139,-0.21241,0.00558,0.03,,1,-0.00271,0.51248,0.00068,-0.00003,-0.05104,0.00199,31.30,1,2,0.99028,0.59372,0.00184,0.01140,-0.22757,0.00616,0.01,2,19,-0.00278,0.49769,0.00072,-0.00004,-0.05077,0.00204,30.21,7,2,0.98908,0.58529,0.00206,0.01141,-0.24452,0.00682,0.04,,1,-0.00286,0.48293,0.00076,-0.00004,-0.05051,0.00209,28.71,30,2,0.99096,0.54826,0.00187,0.01146,-0.20325,0.00578,0.07,,50,-0.00295,0.46818,0.00081,-0.00004,-0.05026,0.00215,28.58,2,2,0.99119,0.52684,0.00190,0.01150,-0.19363,0.00565,0.01,,2,-0.00304,0.45341,0.00085,-0.00004,-0.04999,0.00221,27.22,3,4,0.99148,0.50513,0.00192,0.01153,-0.18346,0.00549,0.01,54,107,-0.00313,0.43864,0.00091,-0.00004,-0.04971,0.00227,25.21,13,20,0.99016,0.47814,0.00230,0.01156,-0.19404,0.00623,0.01,1252,259,-0.00334,0.40908,0.00103,-0.00004,-0.04914,0.00241,24.66,1,2,0.98745,0.47786,0.00285,0.01157,-0.22946,0.00770,0.01,107,213,-0.00346,0.39427,0.00110,-0.00004,-0.04882,0.00248,23.64,13,,0.98891,0.44845,0.00273,0.01160,-0.20050,0.00691,0.01,2435,151,-0.00358,0.37945,0.00118,-0.00004,-0.04850,0.00256,22.19,1,1,0.98610,0.44613,0.00334,0.01159,-0.23352,0.00841,0.01,148,504,-0.00372,0.36462,0.00127,-0.00005,-0.04817,0.00265,21.08,115,21,0.99296,0.38110,0.00215,0.01171,-0.13362,0.00464,0.01,280,3748,-0.00386,0.34976,0.00137,-0.00005,-0.04782,0.00274,20.60,1,1,0.98383,0.41699,0.00406,0.01163,-0.24590,0.00958,0.01,1210,563,-0.00559,0.34995,0.00191,-0.00007,-0.06654,0.00381,18.94,1,,0.99305,0.34434,0.00235,0.01176,-0.12443,0.00458,0.01,401,156,-0.00582,0.33449,0.00207,-0.00007,-0.06596,0.00395,18.20,2,23,0.98790,0.35647,0.00370,0.01173,-0.17886,0.00746,0.01,400,1055,-0.00608,0.31900,0.00226,-0.00008,-0.06536,0.00411,17.50,16,32,0.99002,0.32620,0.00342,0.01178,-0.14868,0.00630,0.02,86,4492,-0.00637,0.30347,0.00247,-0.00008,-0.06474,0.00428,15.54,25,23,0.98044,0.32578,0.00612,0.01171,-0.23025,0.01128,0.01,120,704,-0.00703,0.27228,0.00301,-0.00009,-0.06338,0.00467,0.02,6014,3708,0.01470,0.12109,0.01287,0.00018,-0.05459,0.00889,6.40,79,125,-0.80320,0.30789,0.03785,-0.01015,-0.98520,0.06595,0.01,2805,3167,0.01314,0.13721,0.01031,0.00016,-0.05606,0.00807,7.48,4,7,-0.85783,0.28443,0.03324,-0.01084,-0.72589,0.05348,0.01,5182,5331,0.00865,0.14551,0.00676,0.00011,-0.04131,0.00560,8.75,43,16,-0.87037,0.30625,0.02898,-0.01102,-0.73334,0.05020,0.01,1951,4234,0.00792,0.16027,0.00567,0.00010,-0.04199,0.00519,9.27,,1,-0.87541,0.33515,0.02576,-0.01111,-0.78301,0.04884,0.01,2732,4743,0.00731,0.17520,0.00484,0.00009,-0.04275,0.00483,10.37,17711,9010,-0.88382,0.35744,0.02299,-0.01125,-0.79495,0.04650,0.01,746,362,0.00679,0.18985,0.00419,0.00008,-0.04341,0.00453,11.38,10006,,-0.96968,0.25036,0.01152,-0.01232,-0.15814,0.01631,0.01,59,323,0.00636,0.20436,0.00367,0.00008,-0.04403,0.00427,13.10,,,-0.89521,0.40494,0.01885,-0.01144,-0.83801,0.04317,0.01,34,497,0.00564,0.23296,0.00289,0.00007,-0.04513,0.00385,,,,-0.90267,0.45402,0.01593,-0.01158,-0.89271,0.04090,0.01,,207,0.00535,0.24707,0.00260,0.00007,-0.04562,0.00367,,,,-0.90647,0.47674,0.01473,-0.01165,-0.91080,0.03971,0.01,,3638,0.00509,0.26107,0.00236,0.00006,-0.04609,0.00351,,,,-0.88777,0.54937,0.01459,-0.01147,-1.21287,0.04537,0.02,,115,0.00485,0.27496,0.00214,0.00006,-0.04653,0.00336,,,,-0.91327,0.52064,0.01275,-0.01180,-0.94083,0.03757,0.01,3,86,0.00464,0.28876,0.00196,0.00006,-0.04695,0.00323,18.46,6700,,-0.91592,0.54327,0.01194,-0.01186,-0.96007,0.03669,0.01,,56,0.00445,0.30244,0.00180,0.00006,-0.04733,0.00311,,,,-0.91875,0.56464,0.01120,-0.01191,-0.97300,0.03575,0.01,1,262,0.00427,0.31605,0.00167,0.00005,-0.04772,0.00300,,,,-0.92139,0.58559,0.01053,-0.01197,-0.98447,0.03487,0.01,2,301,0.00411,0.32956,0.00154,0.00005,-0.04807,0.00290,,,,-0.92353,0.60721,0.00995,-0.01203,-1.00010,0.03415,0.01,1,9,0.00397,0.34299,0.00144,0.00005,-0.04841,0.00281,,,,-0.92578,0.62784,0.00940,-0.01208,-1.01097,0.03338,0.01,,83,0.00370,0.36961,0.00125,0.00005,-0.04905,0.00264,,,,-0.92944,0.66957,0.00848,-0.01219,-1.03741,0.03212,,,,0.00359,0.38281,0.00118,0.00004,-0.04936,0.00257,,,,-0.98570,0.47093,0.00324,-0.01291,-0.15425,0.00863,0.01,,20,0.00348,0.39596,0.00111,0.00004,-0.04968,0.00250,,,,-0.93286,0.71058,0.00769,-0.01228,-1.06067,0.03090,0.01,,254,0.00338,0.40900,0.00104,0.00004,-0.04994,0.00243,,,,-0.93422,0.73144,0.00736,-0.01232,-1.07512,0.03041,0.01,,2,0.00328,0.42199,0.00098,0.00004,-0.05022,0.00237,,,,-0.93588,0.75071,0.00703,-0.01237,-1.08186,0.02982,,,,0.00319,0.43492,0.00093,0.00004,-0.05049,0.00231,,,,-0.98656,0.53672,0.00269,-0.01302,-0.17004,0.00817,0.02,,8,0.00311,0.44776,0.00088,0.00004,-0.05072,0.00226,,,,-0.93854,0.79038,0.00646,-0.01246,-1.10242,0.02885,,,,0.00303,0.46058,0.00084,0.00004,-0.05099,0.00220,,,,-0.93982,0.80980,0.00620,-0.01250,-1.11123,0.02837,0.01,,100,0.00295,0.47329,0.00080,0.00004,-0.05121,0.00215,,,,-0.98804,0.57775,0.00226,-0.01312,-0.16356,0.00739,,,,0.00282,0.49861,0.00073,0.00003,-0.05169,0.00206,,,,-0.94301,0.86866,0.00554,-0.01262,-1.14295,0.02719,,,,0.00276,0.51119,0.00069,0.00003,-0.05193,0.00202,,,,-0.94591,0.87867,0.00525,-0.01268,-1.10754,0.02609,,,,0.00269,0.52367,0.00066,0.00003,-0.05212,0.00198,,,,-0.94642,0.89925,0.00509,-0.01273,-1.12503,0.02591,,,,0.00264,0.53615,0.00064,0.00003,-0.05235,0.00195,,,,-0.98668,0.67537,0.00212,-0.01323,-0.22397,0.00811,0.01,,15,0.00258,0.54851,0.00061,0.00003,-0.05252,0.00191,,,,-0.94677,0.94476,0.00482,-0.01278,-1.17854,0.02576,,,,0.00253,0.56090,0.00059,0.00003,-0.05275,0.00187,,,,-0.98825,0.69453,0.00185,-0.01332,-0.20213,0.00728,,,,0.00248,0.57318,0.00056,0.00003,-0.05293,0.00184,,,,-0.98999,0.69298,0.00161,-0.01337,-0.16809,0.00633,,,,0.00243,0.58542,0.00054,0.00003,-0.05311,0.00181,,,,-0.98917,0.71830,0.00167,-0.01338,-0.19232,0.00678,,,,0.00239,0.59764,0.00052,0.00003,-0.05331,0.00178,,,,-0.95028,1.01721,0.00424,-0.01293,-1.20209,0.02440,,,,,,,,,,,,,,,,,,
