time,C,C,C,C,C,C,C,C,C,C,C,C,C,C,C,C,C,C,C,C,C,C,C,C,C,C,C,C,C,C,C,C,C,C,C,C,C,C,C,C,C,C,C,C,C,C,C,C,C,C,C,C,C,C,C,C,C,C,C,C,C,C,C,C,C,C,C,C,C,C,C,C,C,C,C,C,C,C,C,C,C,C,C,C,C,C,C,C,C,C,C,C,C,C,C,C,C,C,C,C,C,C,C,C,C,C,C,C,C,C,C,C,C,C,C,C,C,C,C,C,C,C,C,C,C,C,C,C,C,C,C,C,C,C,C,C,C,C,C,C,C,C,C,C,C,C,C,C,C,C,C,C,C,C,C,C,C,C,C,C,C,C,C,C,C,C,C,C,C,C,C,C,C,C,C,C,C,C,C,C,C,C,C,C,C,C,C,C,C,C,C,C,C,C,C,C,C,C,C,C,C,C,C,C,C,C,C,C,C,C,C,C,C,C,C,C,C,C,C,C,C,C,C,C,C,C,C,C,C,C,C,C,C,C,C,C,C,C,C,C,C,C,C,C,C,C,C,C,C,C,C,C,C,C,C,C,C,C,C,C,C,C,C,C,C,C,C,C,C,C,C,C,C,C,C,C,C,C,C,C,C,C,C,C,C,C,C,C,C,C,C,C,C,C,C,C,C,C,C,C,C,C,C,C,C,C,C,C,C,C,C,C,C,C,C,C,C,C,C,C,C,C,C,C,C,C,C,C,C,C,C,C,C,C,C,C,C,C,C,C,C,C,C,C,C,C,C,C,C,C,C,C,C,C,C,C,C,C,C,C,C,C,C,C,C,C,C,C,C,C,C,C,C,C,C,C,C,C,C,C,C,C,C,C,C,C,C,C,C,C,C,C,P,P,P,P,P,P,P,P,P,P,P,P,P,P,P,P,P,P,P,P,P,P,P,P,P,P,P,P,P,P,P,P,P,P,P,P,P,P,P,P,P,P,P,P,P,P,P,P,P,P,P,P,P,P,P,P,P,P,P,P,P,P,P,P,P,P,P,P,P,P,P,P,P,P,P,P,P,P,P,P,P,P,P,P,P,P,P,P,P,P,P,P,P,P,P,P,P,P,P,P,P,P,P,P,P,P,P,P,P,P,P,P,P,P,P,P,P,P,P,P,P,P,P,P,P,P,P,P,P,P,P,P,P,P,P,P,P,P,P,P,P,P,P,P,P,P,P,P,P,P,P,P,P,P,P,P,P,P,P,P,P,P,P,P,P,P,P,P,P,P,P,P,P,P,P,P,P,P,P,P,P,P,P,P,P,P,P,P,P,P,P,P,P,P,P,P,P,P,P,P,P,P,P,P,P,P,P,P,P,P,P,P,P,P,P,P,P,P,P,P,P,P,P,P,P,P,P,P,P,P,P,P,P,P,P,P,P,P,P,P,P,P,P,P,P,P,P,P,P,P,P,P,P,P,P,P,P,P,P,P,P,P,P,P,P,P,P,P,P,P,P,P,P,P,P,P,P,P,P,P,P,P,P,P,P,P,P,P,P,P,P,P,P,P,P,P,P,P,P,P,P,P,P,P,P,P,P,P,P,P,P,P,P,P,P,P,P,P,P,P,P,P,P,P,P,P,P,P,P,P,P,P,P,P,P,P,P,P,P,P,P,P,P,P,P,P,P,P,P,P,P,P,P,P,P,P,P,P,P,P,P,P,P,P,P,P,P,P,P,P,P,P,P,P,P,P,P,P,P,P,P,P,P,P,P,P,P,P,P,P,P,P,C,C,C,C,C,C,C,C,C,C,C,C,C,C,P,P,P,P,P,P,P,P,P,P,P,P,P,P,C,C,C,C,C,C,C,C,C,C,C,C,C,C,P,P,P,P,P,P,P,P,P,P,P,P,P,P,C,C,C,C,C,C,C,C,C,C,C,C,C,C,P,P,P,P,P,P,P,P,P,P,P,P,P,P
time,3300,3300,3300,3300,3300,3300,3300,3300,3300,3300,3300,3300,3300,3300,3350,3350,3350,3350,3350,3350,3350,3350,3350,3350,3350,3350,3350,3350,3400,3400,3400,3400,3400,3400,3400,3400,3400,3400,3400,3400,3400,3400,3450,3450,3450,3450,3450,3450,3450,3450,3450,3450,3450,3450,3450,3450,3500,3500,3500,3500,3500,3500,3500,3500,3500,3500,3500,3500,3500,3500,3550,3550,3550,3550,3550,3550,3550,3550,3550,3550,3550,3550,3550,3550,3600,3600,3600,3600,3600,3600,3600,3600,3600,3600,3600,3600,3600,3600,3650,3650,3650,3650,3650,3650,3650,3650,3650,3650,3650,3650,3650,3650,3700,3700,3700,3700,3700,3700,3700,3700,3700,3700,3700,3700,3700,3700,3750,3750,3750,3750,3750,3750,3750,3750,3750,3750,3750,3750,3750,3750,3800,3800,3800,3800,3800,3800,3800,3800,3800,3800,3800,3800,3800,3800,3850,3850,3850,3850,3850,3850,3850,3850,3850,3850,3850,3850,3850,3850,3900,3900,3900,3900,3900,3900,3900,3900,3900,3900,3900,3900,3900,3900,3950,3950,3950,3950,3950,3950,3950,3950,3950,3950,3950,3950,3950,3950,4000,4000,4000,4000,4000,4000,4000,4000,4000,4000,4000,4000,4000,4000,4050,4050,4050,4050,4050,4050,4050,4050,4050,4050,4050,4050,4050,4050,4100,4100,4100,4100,4100,4100,4100,4100,4100,4100,4100,4100,4100,4100,4150,4150,4150,4150,4150,4150,4150,4150,4150,4150,4150,4150,4150,4150,4200,4200,4200,4200,4200,4200,4200,4200,4200,4200,4200,4200,4200,4200,4250,4250,4250,4250,4250,4250,4250,4250,4250,4250,4250,4250,4250,4250,4300,4300,4300,4300,4300,4300,4300,4300,4300,4300,4300,4300,4300,4300,4350,4350,4350,4350,4350,4350,4350,4350,4350,4350,4350,4350,4350,4350,4400,4400,4400,4400,4400,4400,4400,4400,4400,4400,4400,4400,4400,4400,4450,4450,4450,4450,4450,4450,4450,4450,4450,4450,4450,4450,4450,4450,4500,4500,4500,4500,4500,4500,4500,4500,4500,4500,4500,4500,4500,4500,4550,4550,4550,4550,4550,4550,4550,4550,4550,4550,4550,4550,4550,4550,4600,4600,4600,4600,4600,4600,4600,4600,4600,4600,4600,4600,4600,4600,4650,4650,4650,4650,4650,4650,4650,4650,4650,4650,4650,4650,4650,4650,3300,3300,3300,3300,3300,3300,3300,3300,3300,3300,3300,3300,3300,3300,3350,3350,3350,3350,3350,3350,3350,3350,3350,3350,3350,3350,3350,3350,3400,3400,3400,3400,3400,3400,3400,3400,3400,3400,3400,3400,3400,3400,3450,3450,3450,3450,3450,3450,3450,3450,3450,3450,3450,3450,3450,3450,3500,3500,3500,3500,3500,3500,3500,3500,3500,3500,3500,3500,3500,3500,3550,3550,3550,3550,3550,3550,3550,3550,3550,3550,3550,3550,3550,3550,3600,3600,3600,3600,3600,3600,3600,3600,3600,3600,3600,3600,3600,3600,3650,3650,3650,3650,3650,3650,3650,3650,3650,3650,3650,3650,3650,3650,3700,3700,3700,3700,3700,3700,3700,3700,3700,3700,3700,3700,3700,3700,3750,3750,3750,3750,3750,3750,3750,3750,3750,3750,3750,3750,3750,3750,3800,3800,3800,3800,3800,3800,3800,3800,3800,3800,3800,3800,3800,3800,3850,3850,3850,3850,3850,3850,3850,3850,3850,3850,3850,3850,3850,3850,3900,3900,3900,3900,3900,3900,3900,3900,3900,3900,3900,3900,3900,3900,3950,3950,3950,3950,3950,3950,3950,3950,3950,3950,3950,3950,3950,3950,4000,4000,4000,4000,4000,4000,4000,4000,4000,4000,4000,4000,4000,4000,4050,4050,4050,4050,4050,4050,4050,4050,4050,4050,4050,4050,4050,4050,4100,4100,4100,4100,4100,4100,4100,4100,4100,4100,4100,4100,4100,4100,4150,4150,4150,4150,4150,4150,4150,4150,4150,4150,4150,4150,4150,4150,4200,4200,4200,4200,4200,4200,4200,4200,4200,4200,4200,4200,4200,4200,4250,4250,4250,4250,4250,4250,4250,4250,4250,4250,4250,4250,4250,4250,4300,4300,4300,4300,4300,4300,4300,4300,4300,4300,4300,4300,4300,4300,4350,4350,4350,4350,4350,4350,4350,4350,4350,4350,4350,4350,4350,4350,4400,4400,4400,4400,4400,4400,4400,4400,4400,4400,4400,4400,4400,4400,4450,4450,4450,4450,4450,4450,4450,4450,4450,4450,4450,4450,4450,4450,4500,4500,4500,4500,4500,4500,4500,4500,4500,4500,4500,4500,4500,4500,4550,4550,4550,4550,4550,4550,4550,4550,4550,4550,4550,4550,4550,4550,4600,4600,4600,4600,4600,4600,4600,4600,4600,4600,4600,4600,4600,4600,4650,4650,4650,4650,4650,4650,4650,4650,4650,4650,4650,4650,4650,4650,3250,3250,3250,3250,3250,3250,3250,3250,3250,3250,3250,3250,3250,3250,3250,3250,3250,3250,3250,3250,3250,3250,3250,3250,3250,3250,3250,3250,3200,3200,3200,3200,3200,3200,3200,3200,3200,3200,3200,3200,3200,3200,3200,3200,3200,3200,3200,3200,3200,3200,3200,3200,3200,3200,3200,3200,3150,3150,3150,3150,3150,3150,3150,3150,3150,3150,3150,3150,3150,3150,3150,3150,3150,3150,3150,3150,3150,3150,3150,3150,3150,3150,3150,3150
time,open,high,low,close,volume,oi,settle,exercise,imp_vol_h,imp_vol_l,imp_vol_c,delta_h,delta_l,delta_c,open,high,low,close,volume,oi,settle,exercise,imp_vol_h,imp_vol_l,imp_vol_c,delta_h,delta_l,delta_c,open,high,low,close,volume,oi,settle,exercise,imp_vol_h,imp_vol_l,imp_vol_c,delta_h,delta_l,delta_c,open,high,low,close,volume,oi,settle,exercise,imp_vol_h,imp_vol_l,imp_vol_c,delta_h,delta_l,delta_c,open,high,low,close,volume,oi,settle,exercise,imp_vol_h,imp_vol_l,imp_vol_c,delta_h,delta_l,delta_c,open,high,low,close,volume,oi,settle,exercise,imp_vol_h,imp_vol_l,imp_vol_c,delta_h,delta_l,delta_c,open,high,low,close,volume,oi,settle,exercise,imp_vol_h,imp_vol_l,imp_vol_c,delta_h,delta_l,delta_c,open,high,low,close,volume,oi,settle,exercise,imp_vol_h,imp_vol_l,imp_vol_c,delta_h,delta_l,delta_c,open,high,low,close,volume,oi,settle,exercise,imp_vol_h,imp_vol_l,imp_vol_c,delta_h,delta_l,delta_c,open,high,low,close,volume,oi,settle,exercise,imp_vol_h,imp_vol_l,imp_vol_c,delta_h,delta_l,delta_c,open,high,low,close,volume,oi,settle,exercise,imp_vol_h,imp_vol_l,imp_vol_c,delta_h,delta_l,delta_c,open,high,low,close,volume,oi,settle,exercise,imp_vol_h,imp_vol_l,imp_vol_c,delta_h,delta_l,delta_c,open,high,low,close,volume,oi,settle,exercise,imp_vol_h,imp_vol_l,imp_vol_c,delta_h,delta_l,delta_c,open,high,low,close,volume,oi,settle,exercise,imp_vol_h,imp_vol_l,imp_vol_c,delta_h,delta_l,delta_c,open,high,low,close,volume,oi,settle,exercise,imp_vol_h,imp_vol_l,imp_vol_c,delta_h,delta_l,delta_c,open,high,low,close,volume,oi,settle,exercise,imp_vol_h,imp_vol_l,imp_vol_c,delta_h,delta_l,delta_c,open,high,low,close,volume,oi,settle,exercise,imp_vol_h,imp_vol_l,imp_vol_c,delta_h,delta_l,delta_c,open,high,low,close,volume,oi,settle,exercise,imp_vol_h,imp_vol_l,imp_vol_c,delta_h,delta_l,delta_c,open,high,low,close,volume,oi,settle,exercise,imp_vol_h,imp_vol_l,imp_vol_c,delta_h,delta_l,delta_c,open,high,low,close,volume,oi,settle,exercise,imp_vol_h,imp_vol_l,imp_vol_c,delta_h,delta_l,delta_c,open,high,low,close,volume,oi,settle,exercise,imp_vol_h,imp_vol_l,imp_vol_c,delta_h,delta_l,delta_c,open,high,low,close,volume,oi,settle,exercise,imp_vol_h,imp_vol_l,imp_vol_c,delta_h,delta_l,delta_c,open,high,low,close,volume,oi,settle,exercise,imp_vol_h,imp_vol_l,imp_vol_c,delta_h,delta_l,delta_c,open,high,low,close,volume,oi,settle,exercise,imp_vol_h,imp_vol_l,imp_vol_c,delta_h,delta_l,delta_c,open,high,low,close,volume,oi,settle,exercise,imp_vol_h,imp_vol_l,imp_vol_c,delta_h,delta_l,delta_c,open,high,low,close,volume,oi,settle,exercise,imp_vol_h,imp_vol_l,imp_vol_c,delta_h,delta_l,delta_c,open,high,low,close,volume,oi,settle,exercise,imp_vol_h,imp_vol_l,imp_vol_c,delta_h,delta_l,delta_c,open,high,low,close,volume,oi,settle,exercise,imp_vol_h,imp_vol_l,imp_vol_c,delta_h,delta_l,delta_c,open,high,low,close,volume,oi,settle,exercise,imp_vol_h,imp_vol_l,imp_vol_c,delta_h,delta_l,delta_c,open,high,low,close,volume,oi,settle,exercise,imp_vol_h,imp_vol_l,imp_vol_c,delta_h,delta_l,delta_c,open,high,low,close,volume,oi,settle,exercise,imp_vol_h,imp_vol_l,imp_vol_c,delta_h,delta_l,delta_c,open,high,low,close,volume,oi,settle,exercise,imp_vol_h,imp_vol_l,imp_vol_c,delta_h,delta_l,delta_c,open,high,low,close,volume,oi,settle,exercise,imp_vol_h,imp_vol_l,imp_vol_c,delta_h,delta_l,delta_c,open,high,low,close,volume,oi,settle,exercise,imp_vol_h,imp_vol_l,imp_vol_c,delta_h,delta_l,delta_c,open,high,low,close,volume,oi,settle,exercise,imp_vol_h,imp_vol_l,imp_vol_c,delta_h,delta_l,delta_c,open,high,low,close,volume,oi,settle,exercise,imp_vol_h,imp_vol_l,imp_vol_c,delta_h,delta_l,delta_c,open,high,low,close,volume,oi,settle,exercise,imp_vol_h,imp_vol_l,imp_vol_c,delta_h,delta_l,delta_c,open,high,low,close,volume,oi,settle,exercise,imp_vol_h,imp_vol_l,imp_vol_c,delta_h,delta_l,delta_c,open,high,low,close,volume,oi,settle,exercise,imp_vol_h,imp_vol_l,imp_vol_c,delta_h,delta_l,delta_c,open,high,low,close,volume,oi,settle,exercise,imp_vol_h,imp_vol_l,imp_vol_c,delta_h,delta_l,delta_c,open,high,low,close,volume,oi,settle,exercise,imp_vol_h,imp_vol_l,imp_vol_c,delta_h,delta_l,delta_c,open,high,low,close,volume,oi,settle,exercise,imp_vol_h,imp_vol_l,imp_vol_c,delta_h,delta_l,delta_c,open,high,low,close,volume,oi,settle,exercise,imp_vol_h,imp_vol_l,imp_vol_c,delta_h,delta_l,delta_c,open,high,low,close,volume,oi,settle,exercise,imp_vol_h,imp_vol_l,imp_vol_c,delta_h,delta_l,delta_c,open,high,low,close,volume,oi,settle,exercise,imp_vol_h,imp_vol_l,imp_vol_c,delta_h,delta_l,delta_c,open,high,low,close,volume,oi,settle,exercise,imp_vol_h,imp_vol_l,imp_vol_c,delta_h,delta_l,delta_c,open,high,low,close,volume,oi,settle,exercise,imp_vol_h,imp_vol_l,imp_vol_c,delta_h,delta_l,delta_c,open,high,low,close,volume,oi,settle,exercise,imp_vol_h,imp_vol_l,imp_vol_c,delta_h,delta_l,delta_c,open,high,low,close,volume,oi,settle,exercise,imp_vol_h,imp_vol_l,imp_vol_c,delta_h,delta_l,delta_c,open,high,low,close,volume,oi,settle,exercise,imp_vol_h,imp_vol_l,imp_vol_c,delta_h,delta_l,delta_c,open,high,low,close,volume,oi,settle,exercise,imp_vol_h,imp_vol_l,imp_vol_c,delta_h,delta_l,delta_c,open,high,low,close,volume,oi,settle,exercise,imp_vol_h,imp_vol_l,imp_vol_c,delta_h,delta_l,delta_c,open,high,low,close,volume,oi,settle,exercise,imp_vol_h,imp_vol_l,imp_vol_c,delta_h,delta_l,delta_c,open,high,low,close,volume,oi,settle,exercise,imp_vol_h,imp_vol_l,imp_vol_c,delta_h,delta_l,delta_c,open,high,low,close,volume,oi,settle,exercise,imp_vol_h,imp_vol_l,imp_vol_c,delta_h,delta_l,delta_c,open,high,low,close,volume,oi,settle,exercise,imp_vol_h,imp_vol_l,imp_vol_c,delta_h,delta_l,delta_c,open,high,low,close,volume,oi,settle,exercise,imp_vol_h,imp_vol_l,imp_vol_c,delta_h,delta_l,delta_c,open,high,low,close,volume,oi,settle,exercise,imp_vol_h,imp_vol_l,imp_vol_c,delta_h,delta_l,delta_c,open,high,low,close,volume,oi,settle,exercise,imp_vol_h,imp_vol_l,imp_vol_c,delta_h,delta_l,delta_c,open,high,low,close,volume,oi,settle,exercise,imp_vol_h,imp_vol_l,imp_vol_c,delta_h,delta_l,delta_c,open,high,low,close,volume,oi,settle,exercise,imp_vol_h,imp_vol_l,imp_vol_c,delta_h,delta_l,delta_c,open,high,low,close,volume,oi,settle,exercise,imp_vol_h,imp_vol_l,imp_vol_c,delta_h,delta_l,delta_c
2020-02-24,857.4,857.4,822.4,847.2,23.0,52.0,839.8,0.0,0.0,0.0,0.0,0.0,0.0,0.0,778.2,778.2,773.8,773.8,10.0,11.0,793.6,0.0,0.0,0.0,0.0,0.0,0.0,0.0,,,,570.8,0.0,28.0,746.2,0.0,0.0,0.0,0.0,0.0,0.0,0.0,677.6,677.6,677.6,677.6,6.0,17.0,697.8,0.0,0.0,0.34566,,0.0,0.9181,,,,,590.0,0.0,11.0,650.0,0.0,0.0,0.0,,0.0,0.0,,606.0,606.0,606.0,606.0,4.0,55.0,602.8,0.0,,0.39205,0.30848,,0.8539,0.9135,570.4,570.4,554.2,554.2,2.0,62.0,556.0,0.0,0.23479,0.36117,0.27926,0.9529,0.8483,0.9134,516.4,521.8,496.2,521.8,17.0,70.0,515.2,0.0,0.22381,0.31372,0.31568,0.9441,0.8532,0.865,474.6,474.6,474.6,474.6,6.0,105.0,467.4,0.0,0.21825,0.3581,0.2991,0.9285,0.7985,0.8504,430.4,434.2,430.4,434.2,6.0,46.0,421.6,0.0,0.23436,0.34271,0.29856,0.8887,0.7778,0.8217,390.8,390.8,390.4,390.4,6.0,114.0,379.4,0.0,0.23199,0.33442,0.28678,0.8603,0.7507,0.7979,347.2,352.6,342.2,342.2,12.0,57.0,340.0,0.0,0.23851,0.308,0.2637,0.8187,0.73,0.7787,288.0,312.2,288.0,312.0,9.0,596.0,302.4,0.0,0.23445,0.26952,0.27536,0.7824,0.7119,0.7313,271.4,279.0,248.6,265.8,45.0,66.0,265.2,0.0,0.24077,0.25736,0.25238,0.7335,0.6739,0.7024,245.0,252.8,214.0,231.4,239.0,415.0,231.6,0.0,0.25424,0.25052,0.24838,0.6792,0.6288,0.6574,215.2,215.2,183.8,201.6,83.0,88.0,199.6,0.0,0.24292,0.2473,0.24826,0.6363,0.5792,0.608,181.6,184.4,155.4,174.0,160.0,199.0,173.2,0.0,0.23944,0.24297,0.24758,0.5862,0.5276,0.5575,157.0,158.2,132.6,147.8,165.0,240.0,147.8,0.0,0.23928,0.24353,0.24507,0.5339,0.4756,0.5061,136.2,140.2,112.0,126.4,193.0,336.0,126.2,0.0,0.24798,0.24353,0.24619,0.4835,0.4245,0.4554,105.6,112.8,95.0,105.8,117.0,258.0,105.6,0.0,0.23767,0.24548,0.2446,0.4294,0.3765,0.405,91.0,95.4,79.0,88.8,186.0,248.0,88.8,0.0,0.23935,0.24529,0.245,0.3805,0.33,0.3575,75.6,81.8,67.0,75.2,152.0,267.0,75.2,0.0,0.2437,0.24857,0.24755,0.3366,0.2894,0.3146,73.0,73.0,57.2,63.4,278.0,415.0,64.0,0.0,0.25332,0.2528,0.24994,0.3014,0.2537,0.2751,60.8,60.8,48.4,54.2,91.0,254.0,53.6,0.0,0.25379,0.25606,0.25418,0.2623,0.221,0.2412,51.0,51.0,41.2,48.0,94.0,204.0,45.0,0.0,0.25567,0.25999,0.26202,0.228,0.1925,0.2146,42.2,42.4,35.6,39.2,72.0,229.0,39.0,0.0,0.25699,0.26521,0.26149,0.1966,0.1688,0.1832,36.0,36.6,29.4,33.0,108.0,247.0,33.4,0.0,0.26204,0.26637,0.26424,0.1723,0.1441,0.1584,29.6,32.2,25.6,28.4,182.0,441.0,28.4,0.0,0.26849,0.27194,0.26884,0.1525,0.1266,0.1383,15.0,15.2,11.8,12.6,330.0,779.0,12.6,0.0,0.37746,0.38079,0.37442,-0.0455,-0.0567,-0.0487,13.4,16.0,12.8,14.2,436.0,353.0,14.2,0.0,0.36367,0.36406,0.36349,-0.0504,-0.0617,-0.0555,16.6,17.4,15.0,15.0,187.0,317.0,15.0,0.0,0.35588,0.34995,0.34726,-0.0589,-0.0686,-0.0605,17.8,18.6,15.8,16.4,153.0,242.0,16.8,0.0,0.33948,0.33423,0.33364,-0.0642,-0.0755,-0.0676,19.8,21.0,17.6,18.6,155.0,207.0,18.8,0.0,0.32739,0.32292,0.3228,-0.0726,-0.0862,-0.0774,23.6,24.0,20.4,20.6,69.0,186.0,21.2,0.0,0.31841,0.31252,0.30984,-0.0842,-0.0991,-0.0874,24.6,26.6,22.6,24.0,117.0,533.0,24.6,0.0,0.30553,0.29921,0.30093,-0.0951,-0.1119,-0.1018,29.2,30.2,26.4,29.2,37.0,341.0,29.2,0.0,0.29699,0.28779,0.29592,-0.1107,-0.1283,-0.1212,32.4,35.4,31.4,34.0,225.0,579.0,34.0,0.0,0.29012,0.27918,0.28704,-0.1301,-0.1496,-0.1407,40.6,42.2,36.2,40.0,124.0,303.0,39.4,0.0,0.28033,0.2723,0.27917,-0.1501,-0.1756,-0.1639,48.2,50.8,43.0,47.0,137.0,215.0,47.2,0.0,0.27348,0.26676,0.27123,-0.1757,-0.2063,-0.1906,54.6,59.6,52.2,54.2,59.0,202.0,56.6,0.0,0.26935,0.25854,0.26116,-0.2068,-0.239,-0.2194,65.0,72.2,63.4,68.6,95.0,147.0,68.6,0.0,0.26607,0.25475,0.26291,-0.2423,-0.2791,-0.2608,84.0,88.6,75.4,76.2,102.0,277.0,82.2,0.0,0.26087,0.25412,0.24792,-0.28,-0.3244,-0.2949,88.0,104.2,88.0,97.6,241.0,339.0,97.8,0.0,0.25346,0.24807,0.25453,-0.3204,-0.3703,-0.3454,115.0,121.6,105.6,112.2,65.0,161.0,117.4,0.0,0.25122,0.24129,0.24517,-0.3668,-0.4197,-0.3911,129.0,148.0,124.0,138.2,239.0,265.0,138.4,0.0,0.24644,0.24509,0.25067,-0.4151,-0.4723,-0.4428,144.2,173.2,144.2,164.0,158.0,151.0,164.0,0.0,0.2407,0.24272,0.25161,-0.4661,-0.5246,-0.4931,171.8,202.8,171.8,189.8,94.0,118.0,190.2,0.0,0.2427,0.24332,0.24855,-0.5177,-0.5756,-0.5438,200.4,231.4,200.4,217.0,58.0,63.0,222.0,0.0,0.24226,0.23813,0.2437,-0.5686,-0.6282,-0.5954,248.0,253.2,236.6,236.6,46.0,63.0,256.8,0.0,0.25033,0.21585,0.22131,-0.6129,-0.6957,-0.6604,301.6,301.6,274.6,279.8,44.0,50.0,290.8,0.0,0.25818,0.23763,0.23529,-0.6527,-0.7207,-0.696,314.6,340.6,312.2,319.2,33.0,54.0,330.8,0.0,0.26232,0.23897,0.23953,-0.6912,-0.7601,-0.7348,364.2,364.2,364.2,364.2,3.0,24.0,369.8,0.0,0.29029,0.19855,0.25207,-0.7065,-0.8454,-0.7609,387.0,405.0,387.0,405.0,5.0,29.0,411.0,0.0,0.26014,0.18888,0.25352,-0.7676,-0.8902,-0.7939,444.4,444.4,435.4,435.4,9.0,30.0,455.6,0.0,0.27765,0.15749,0.2241,-0.7831,-0.9525,-0.8575,488.8,488.8,488.8,488.8,3.0,60.0,498.4,0.0,0.30523,,0.25153,-0.787,,-0.8547,538.4,538.4,538.4,538.4,3.0,82.0,541.2,0.0,0.32402,,0.26794,-0.7969,,-0.8626,,,,,,,,,,,,,,,,,,,,,,,,,,,,,,,,,,,,,,,,,,,,,,,,,,,,,,,,,,,,,,,,,,,,,,,,,,,,,,,,,,,,
2020-02-25,768.2,844.4,768.2,844.4,13.0,59.0,841.6,0.0,0.0,0.0,0.0,0.0,0.0,0.0,751.2,757.0,719.8,757.0,11.0,17.0,795.6,0.0,0.0,0.0,0.0,0.0,0.0,0.0,727.0,727.0,727.0,727.0,3.0,28.0,747.2,0.0,0.0,0.54703,0.0,0.0,0.8273,0.0,666.6,666.6,661.6,661.6,7.0,20.0,699.0,0.0,,0.47759,,,0.8344,,617.8,617.8,617.8,617.8,4.0,13.0,650.8,0.0,,0.4646,,,0.819,,569.0,569.0,569.0,569.0,3.0,55.0,603.2,0.0,,0.43834,,,0.808,,483.0,532.6,483.0,532.6,10.0,68.0,557.6,0.0,,0.31843,0.18917,,0.848,0.9753,484.8,484.8,443.8,449.4,14.0,62.0,509.8,0.0,,0.32036,,,0.8182,,400.8,400.8,400.8,400.8,6.0,102.0,463.6,0.0,,0.3095,,,0.7938,,399.2,399.2,354.4,366.2,22.0,45.0,421.4,0.0,0.18091,0.28913,,0.9319,0.7723,,361.0,361.0,317.6,317.6,15.0,114.0,378.6,0.0,0.20462,0.28705,,0.8758,0.7353,,324.0,331.6,274.4,290.0,26.0,53.0,337.6,0.0,0.23521,0.26919,0.14197,0.8072,0.7037,0.9106,278.8,299.0,241.8,299.0,54.0,595.0,300.0,0.0,0.24606,0.26828,0.26135,0.7563,0.6587,0.737,241.4,260.4,212.4,260.4,72.0,59.0,260.6,0.0,0.2393,0.26884,0.25277,0.7158,0.6114,0.6981,207.8,230.6,177.8,230.0,505.0,659.0,230.0,0.0,0.24466,0.25662,0.25532,0.6641,0.5642,0.6496,180.8,200.2,151.2,194.4,149.0,112.0,195.6,0.0,0.24414,0.25386,0.24483,0.6139,0.5131,0.6034,155.2,171.8,132.2,166.4,230.0,253.0,166.4,0.0,0.24268,0.25947,0.24313,0.5623,0.4637,0.5516,129.2,146.4,108.8,139.8,219.0,263.0,141.6,0.0,0.24186,0.2537,0.23951,0.5097,0.4122,0.4985,97.0,125.4,86.8,119.0,337.0,348.0,119.0,0.0,0.24393,0.24586,0.24103,0.4581,0.359,0.4464,90.0,105.6,77.4,99.4,192.0,276.0,100.8,0.0,0.24388,0.25633,0.24038,0.4075,0.321,0.3952,81.0,88.0,65.4,84.6,243.0,303.0,84.8,0.0,0.24348,0.25888,0.24384,0.3588,0.2813,0.349,66.0,74.8,57.6,70.8,120.0,291.0,70.8,0.0,0.24689,0.26661,0.24538,0.3158,0.2501,0.3051,54.6,63.0,49.0,60.0,284.0,475.0,60.0,0.0,0.24942,0.26999,0.24897,0.2759,0.2187,0.2668,49.2,53.4,43.8,50.2,109.0,262.0,50.2,0.0,0.25295,0.2785,0.2513,0.2408,0.1957,0.2311,39.0,47.0,34.6,44.2,95.0,214.0,42.6,0.0,0.26041,0.27461,0.25892,0.2134,0.1639,0.2047,34.2,39.6,32.2,35.0,44.0,219.0,36.8,0.0,0.26317,0.28614,0.25631,0.185,0.1498,0.1714,30.0,34.0,27.2,31.8,145.0,257.0,31.8,0.0,0.2677,0.28857,0.26613,0.1616,0.1297,0.1542,21.2,29.8,17.6,27.0,259.0,506.0,27.0,0.0,0.27381,0.27142,0.26975,0.1428,0.0949,0.1335,12.8,17.8,12.8,17.0,435.0,923.0,17.0,0.0,0.38051,0.3771,0.40179,-0.0491,-0.0668,-0.0596,14.8,19.0,14.8,17.6,384.0,540.0,17.6,0.0,0.37166,0.36084,0.38338,-0.0567,-0.0734,-0.0641,16.4,21.0,16.2,19.4,234.0,346.0,19.4,0.0,0.3582,0.34755,0.37057,-0.0633,-0.0825,-0.0717,18.6,22.2,17.4,20.8,85.0,230.0,20.8,0.0,0.34302,0.33003,0.35508,-0.0699,-0.0905,-0.0789,20.2,25.0,19.6,22.6,129.0,164.0,22.6,0.0,0.33164,0.31796,0.34062,-0.0796,-0.1031,-0.0877,23.4,29.4,22.2,24.8,69.0,211.0,24.8,0.0,0.3206,0.30978,0.32684,-0.091,-0.1204,-0.0982,27.8,34.4,25.8,28.0,245.0,531.0,28.0,0.0,0.31171,0.30117,0.31547,-0.1055,-0.14,-0.1119,31.6,39.8,30.0,31.4,109.0,378.0,31.4,0.0,0.30284,0.29138,0.30324,-0.1224,-0.1617,-0.1271,37.4,45.0,35.0,36.2,268.0,673.0,36.2,0.0,0.29428,0.2789,0.29351,-0.142,-0.1847,-0.1465,44.0,56.0,41.8,41.8,101.0,305.0,41.8,0.0,0.2882,0.2775,0.28382,-0.1665,-0.2197,-0.169,51.2,65.4,49.2,49.4,200.0,247.0,49.4,0.0,0.28081,0.26895,0.27664,-0.1933,-0.2533,-0.1967,59.6,74.0,58.4,58.4,69.0,217.0,58.4,0.0,0.27464,0.25592,0.26971,-0.2246,-0.2886,-0.2283,73.4,95.0,70.0,70.2,180.0,200.0,70.2,0.0,0.27026,0.26261,0.26536,-0.2608,-0.3388,-0.2656,91.2,112.8,83.0,83.0,190.0,297.0,83.0,0.0,0.26511,0.25891,0.25942,-0.3001,-0.386,-0.3057,107.0,131.2,97.8,97.8,244.0,397.0,97.8,0.0,0.25971,0.25226,0.25356,-0.3429,-0.4353,-0.3497,127.8,155.0,115.8,115.8,196.0,157.0,115.8,0.0,0.25615,0.2505,0.24944,-0.3896,-0.4872,-0.3978,149.8,182.6,139.8,140.2,192.0,319.0,140.0,0.0,0.25853,0.25076,0.25182,-0.4392,-0.5389,-0.4489,177.0,212.2,164.4,164.4,146.0,158.0,161.6,0.0,0.25781,0.25017,0.24969,-0.4886,-0.5896,-0.5,202.4,242.4,192.4,192.4,178.0,160.0,192.4,0.0,0.25863,0.24637,0.24963,-0.5374,-0.6406,-0.5505,236.8,282.8,225.8,225.8,133.0,63.0,221.8,0.0,0.26443,0.25681,0.25449,-0.5825,-0.6786,-0.5972,281.0,320.8,255.8,255.8,72.0,83.0,255.8,0.0,0.26097,0.25973,0.24981,-0.6297,-0.7179,-0.6467,316.8,358.8,299.6,308.4,34.0,59.0,292.2,0.0,0.27785,0.25913,0.28142,-0.6609,-0.7569,-0.667,347.2,391.8,344.8,344.8,29.0,56.0,331.4,0.0,0.29516,0.24265,0.28213,-0.6868,-0.8092,-0.7046,434.6,434.6,434.6,434.6,3.0,27.0,371.6,0.0,0.39125,0.24413,0.37925,-0.6598,-0.8393,-0.6726,,,,405.0,0.0,29.0,412.6,0.0,0.0,0.0,0.2444,0.0,0.0,-0.8105,479.4,479.4,479.4,479.4,1.0,30.0,457.4,0.0,0.33541,,0.31934,-0.7514,,-0.7703,534.4,534.4,528.6,528.6,4.0,61.0,501.0,0.0,0.35497,,0.33821,-0.763,,-0.7815,,,,538.4,0.0,82.0,546.0,0.0,0.0,0.0,0.25375,0.0,0.0,-0.8822,,,,,,,,,,,,,,,,,,,,,,,,,,,,,,,,,,,,,,,,,,,,,,,,,,,,,,,,,,,,,,,,,,,,,,,,,,,,,,,,,,,,
2020-02-26,827.8,828.0,820.0,820.0,18.0,65.0,797.0,0.0,0.0,0.0,0.0,0.0,0.0,0.0,,,,757.0,0.0,17.0,749.4,0.0,0.0,0.0,0.0,0.0,0.0,0.0,,,,727.0,0.0,28.0,701.4,0.0,0.0,0.0,0.43202,0.0,0.0,0.8902,,,,661.6,0.0,20.0,653.2,0.0,0.0,0.0,0.34908,0.0,0.0,0.9151,,,,617.8,0.0,13.0,605.6,0.0,0.0,0.0,0.34968,0.0,0.0,0.8963,600.4,600.4,580.0,580.0,2.0,54.0,558.6,0.0,0.29339,0.41955,0.36524,0.9265,0.8285,0.8663,521.8,551.4,510.4,510.4,53.0,88.0,512.4,0.0,0.27615,0.33973,0.27538,0.919,0.8479,0.9025,480.0,502.0,473.4,479.6,41.0,73.0,468.4,0.0,0.25687,0.34704,0.31295,0.9118,0.8166,0.8498,441.0,449.4,432.4,432.4,30.0,131.0,423.8,0.0,0.22464,0.34036,0.29477,0.9148,0.7912,0.8337,400.0,412.4,394.2,394.2,31.0,64.0,381.2,0.0,0.24738,0.33709,0.29719,0.8661,0.7614,0.7998,340.4,379.2,340.2,340.2,65.0,92.0,340.4,0.0,0.2675,0.29865,0.26043,0.8158,0.748,0.7907,296.0,334.8,296.0,304.6,41.0,46.0,304.0,0.0,0.25396,0.27966,0.26307,0.7895,0.7194,0.7482,267.0,295.0,266.8,279.0,30.0,595.0,267.4,0.0,0.2479,0.28648,0.27993,0.7526,0.6734,0.6955,226.8,260.8,225.0,232.6,82.0,71.0,232.6,0.0,0.24907,0.26662,0.25361,0.7065,0.6358,0.6627,206.2,230.8,192.0,203.0,314.0,806.0,203.0,0.0,0.25318,0.25909,0.25429,0.6565,0.5889,0.6128,165.2,196.8,165.2,171.4,106.0,143.0,172.2,0.0,0.24589,0.25805,0.24731,0.6091,0.5384,0.5626,142.8,169.8,138.8,146.8,385.0,324.0,146.8,0.0,0.24631,0.2535,0.24779,0.557,0.4868,0.51,127.2,145.0,117.0,124.8,198.0,288.0,124.6,0.0,0.24602,0.25237,0.24825,0.5046,0.4356,0.458,100.0,120.0,97.0,105.0,191.0,387.0,105.0,0.0,0.24116,0.25006,0.24817,0.4511,0.3849,0.4073,82.2,102.0,82.2,89.0,238.0,316.0,89.0,0.0,0.24359,0.25272,0.25051,0.401,0.3395,0.3602,70.4,86.4,69.0,73.8,229.0,292.0,74.4,0.0,0.24614,0.25457,0.25039,0.3541,0.297,0.3145,60.4,71.8,58.8,63.0,181.0,289.0,63.0,0.0,0.24664,0.25873,0.2548,0.309,0.2603,0.2761,52.0,60.6,49.8,53.8,304.0,426.0,52.8,0.0,0.24981,0.26222,0.25924,0.2697,0.2269,0.2418,41.4,51.4,41.4,44.8,144.0,316.0,44.8,0.0,0.2537,0.26392,0.26101,0.2352,0.1954,0.2087,35.8,43.6,35.6,39.0,102.0,221.0,38.0,0.0,0.25762,0.26903,0.26732,0.2045,0.1707,0.1837,32.0,36.8,30.0,33.0,90.0,221.0,33.0,0.0,0.26105,0.27218,0.27073,0.1771,0.1474,0.1592,31.8,32.4,25.8,28.6,147.0,302.0,28.2,0.0,0.26814,0.27698,0.27612,0.1566,0.1286,0.1396,27.0,28.2,22.2,24.2,210.0,511.0,24.2,0.0,0.27385,0.28162,0.27936,0.1376,0.1121,0.1206,17.8,19.2,13.6,15.8,447.0,992.0,15.8,0.0,0.38766,0.39629,0.38608,-0.0513,-0.0684,-0.0591,18.8,21.0,17.2,17.2,342.0,533.0,16.8,0.0,0.38676,0.38236,0.37181,-0.0628,-0.0761,-0.0657,21.4,22.6,18.8,18.8,152.0,382.0,18.2,0.0,0.37307,0.3667,0.35776,-0.0699,-0.084,-0.0732,22.6,24.6,22.2,22.2,91.0,224.0,20.2,0.0,0.36646,0.35195,0.35056,-0.0817,-0.0934,-0.0857,25.4,26.8,22.6,23.2,78.0,153.0,22.8,0.0,0.3458,0.33704,0.332,-0.0872,-0.1041,-0.0932,27.4,29.8,25.8,25.8,29.0,206.0,25.8,0.0,0.33567,0.32388,0.3189,-0.0999,-0.1176,-0.1054,32.0,34.0,29.4,29.4,136.0,560.0,29.8,0.0,0.32528,0.31309,0.30785,-0.1143,-0.1347,-0.1209,35.6,38.0,33.4,33.6,89.0,440.0,34.0,0.0,0.31445,0.29991,0.29689,-0.1305,-0.1527,-0.1389,41.0,45.2,37.0,39.2,177.0,744.0,39.6,0.0,0.30079,0.29332,0.28787,-0.1471,-0.1784,-0.1612,49.6,53.8,45.2,47.6,160.0,346.0,47.2,0.0,0.29754,0.28716,0.28334,-0.174,-0.2078,-0.1903,57.8,62.0,51.2,56.4,174.0,231.0,56.2,0.0,0.28594,0.27714,0.27646,-0.1982,-0.2383,-0.2213,67.4,73.0,63.8,66.8,151.0,219.0,67.0,0.0,0.28641,0.27004,0.26986,-0.2343,-0.2749,-0.2564,79.0,88.0,70.2,79.0,223.0,225.0,81.0,0.0,0.27068,0.26714,0.26349,-0.2632,-0.3176,-0.2956,95.4,103.2,84.2,96.8,201.0,304.0,96.8,0.0,0.26711,0.26074,0.26374,-0.304,-0.3621,-0.3419,113.0,121.4,100.4,112.0,365.0,439.0,113.0,0.0,0.26378,0.25574,0.25536,-0.3481,-0.4105,-0.3875,133.6,141.4,117.0,134.4,218.0,215.0,134.4,0.0,0.25736,0.24974,0.2553,-0.3941,-0.4616,-0.4381,161.0,168.6,137.4,161.8,442.0,315.0,161.8,0.0,0.25348,0.25146,0.25925,-0.4436,-0.5136,-0.4888,186.8,196.8,165.4,186.8,152.0,172.0,187.2,0.0,0.25795,0.25059,0.25509,-0.4939,-0.5651,-0.5399,218.8,228.0,191.8,218.4,179.0,194.0,217.8,0.0,0.25574,0.25059,0.2578,-0.544,-0.6148,-0.588,249.6,261.6,223.6,248.4,97.0,82.0,249.2,0.0,0.25845,0.2507,0.2538,-0.5913,-0.662,-0.6376,290.2,290.2,257.8,278.2,59.0,103.0,286.0,0.0,0.2615,0.23691,0.24491,-0.6356,-0.7189,-0.69,307.8,324.0,297.8,315.8,38.0,68.0,326.2,0.0,0.27139,0.22726,0.24614,-0.6716,-0.7716,-0.7319,357.8,376.2,337.2,355.4,32.0,58.0,366.0,0.0,0.27745,0.25423,0.24771,-0.7063,-0.7811,-0.7696,393.6,393.6,378.0,378.0,5.0,27.0,407.8,0.0,0.28349,0.18597,0.20085,-0.7375,-0.895,-0.8599,443.2,443.2,443.2,443.2,1.0,30.0,450.8,0.0,0.33647,0.20161,0.26116,-0.7278,-0.903,-0.8225,488.0,494.6,486.4,486.4,15.0,32.0,495.8,0.0,0.34527,0.22375,0.26218,-0.7495,-0.9022,-0.8494,534.2,534.2,534.2,534.2,3.0,64.0,540.8,0.0,0.36212,0.18743,0.27395,-0.7631,-0.9569,-0.8625,580.4,580.4,580.4,580.4,2.0,84.0,587.4,0.0,0.3746,0.16154,0.27948,-0.7779,-0.9854,-0.8793,,,,,,,,,,,,,,,,,,,,,,,,,,,,,,,,,,,,,,,,,,,,,,,,,,,,,,,,,,,,,,,,,,,,,,,,,,,,,,,,,,,,
2020-02-27,795.4,795.4,794.0,794.0,9.0,65.0,792.8,0.0,0.0,0.0,0.0,0.0,0.0,0.0,,,,757.0,0.0,17.0,745.6,0.0,0.0,0.0,0.0,0.0,0.0,0.0,,,,727.0,0.0,28.0,697.8,0.0,0.0,0.0,0.43271,0.0,0.0,0.8922,,,,661.6,0.0,20.0,649.6,0.0,0.0,0.0,0.34807,0.0,0.0,0.9179,,,,617.8,0.0,13.0,602.4,0.0,0.0,0.0,0.3494,0.0,0.0,0.8988,,,,580.0,0.0,54.0,555.4,0.0,0.0,0.0,0.36585,0.0,0.0,0.8684,532.8,532.8,520.0,520.0,2.0,89.0,509.4,0.0,0.25382,0.32928,0.30876,0.9318,0.8642,0.8811,487.6,488.0,487.6,488.0,9.0,64.0,464.0,0.0,0.25538,0.35171,0.33663,0.9091,0.8241,0.8369,414.4,414.4,414.2,414.2,10.0,128.0,415.8,0.0,,0.26174,0.24172,,0.8581,0.8796,384.4,387.4,384.4,387.4,5.0,64.0,377.6,0.0,0.20884,0.28881,0.28155,0.8969,0.8038,0.8138,358.4,358.4,342.8,350.0,10.0,88.0,337.2,0.0,0.24742,0.27995,0.28319,0.8252,0.7737,0.7767,310.0,310.0,308.0,308.0,10.0,48.0,298.2,0.0,0.22531,0.28217,0.27102,0.8056,0.7327,0.7455,277.0,279.8,261.6,261.6,37.0,605.0,259.4,0.0,0.24112,0.25795,0.24777,0.7474,0.7036,0.7165,236.4,249.8,224.6,225.6,64.0,68.0,225.6,0.0,0.24968,0.24918,0.24204,0.6946,0.6599,0.6707,210.6,221.0,193.0,193.0,232.0,959.0,193.0,0.0,0.2548,0.24618,0.23829,0.6432,0.6095,0.6197,175.2,185.0,165.0,165.0,159.0,165.0,164.8,0.0,0.24292,0.24494,0.23797,0.5957,0.5564,0.5651,149.8,159.8,137.8,139.6,410.0,416.0,139.0,0.0,0.24521,0.2406,0.23737,0.5421,0.502,0.5098,131.2,133.8,114.8,116.0,241.0,339.0,116.0,0.0,0.24172,0.23876,0.23518,0.4882,0.4472,0.4541,109.0,113.6,95.0,95.2,291.0,429.0,95.2,0.0,0.24346,0.23781,0.23311,0.4358,0.3937,0.399,90.6,91.4,78.8,78.8,88.0,318.0,78.8,0.0,0.23746,0.23875,0.23415,0.3811,0.3437,0.3479,74.2,78.8,63.2,64.2,242.0,342.0,64.2,0.0,0.24386,0.23644,0.23415,0.3366,0.2943,0.2995,66.0,66.0,51.6,52.4,75.0,289.0,52.4,0.0,0.24629,0.23759,0.23536,0.2933,0.2517,0.2561,52.0,53.8,41.4,42.8,166.0,450.0,42.8,0.0,0.24609,0.2377,0.23727,0.2515,0.2122,0.2178,46.6,49.8,33.2,34.8,135.0,312.0,34.8,0.0,0.25991,0.23852,0.23917,0.2277,0.1778,0.184,38.4,39.8,26.8,27.8,209.0,288.0,27.8,0.0,0.25791,0.24036,0.24002,0.1921,0.1488,0.1532,34.2,34.2,21.8,22.4,78.0,240.0,22.4,0.0,0.2633,0.243,0.24193,0.1676,0.1246,0.1277,28.4,28.4,17.4,18.0,155.0,309.0,18.0,0.0,0.26558,0.24451,0.24388,0.1433,0.1029,0.1059,24.8,26.2,13.8,14.6,292.0,550.0,14.6,0.0,0.27631,0.24588,0.24656,0.13,0.0843,0.0881,14.8,15.2,8.8,9.4,510.0,827.0,9.4,0.0,0.3538,0.38441,0.34935,-0.0388,-0.058,-0.0418,15.0,15.4,10.0,10.2,262.0,384.0,10.2,0.0,0.34262,0.3638,0.33476,-0.0446,-0.0616,-0.0466,18.2,18.2,11.8,12.0,116.0,323.0,12.0,0.0,0.33405,0.35623,0.32571,-0.0526,-0.0723,-0.0549,18.6,18.6,13.8,14.0,74.0,202.0,14.0,0.0,0.32483,0.33596,0.31602,-0.0616,-0.0775,-0.0643,20.0,20.0,16.2,16.8,28.0,158.0,16.8,0.0,0.31587,0.31987,0.30842,-0.0723,-0.086,-0.0766,21.2,21.2,19.6,19.6,20.0,213.0,19.6,0.0,0.30932,0.30231,0.29863,-0.0864,-0.0948,-0.0896,26.8,26.8,22.6,24.0,113.0,558.0,24.0,0.0,0.29888,0.2997,0.29283,-0.1002,-0.1158,-0.1078,30.0,30.0,26.2,28.2,45.0,436.0,28.2,0.0,0.28874,0.28626,0.28361,-0.1165,-0.132,-0.1263,36.8,36.8,31.8,34.2,186.0,770.0,34.2,0.0,0.2827,0.28142,0.27734,-0.1388,-0.1577,-0.1504,41.8,42.0,39.8,42.0,92.0,332.0,42.0,0.0,0.28019,0.26937,0.27274,-0.1672,-0.1815,-0.1794,50.6,51.2,46.8,50.8,244.0,330.0,50.8,0.0,0.27168,0.26439,0.26708,-0.1948,-0.2149,-0.2116,61.6,61.6,56.8,59.6,35.0,207.0,61.8,0.0,0.26704,0.25845,0.25812,-0.2292,-0.2518,-0.2456,73.6,74.8,68.6,74.0,279.0,325.0,74.8,0.0,0.26255,0.25444,0.25707,-0.2678,-0.2943,-0.2894,88.0,90.6,83.0,89.4,113.0,295.0,89.4,0.0,0.25929,0.25125,0.25361,-0.3109,-0.3411,-0.3351,105.6,108.4,98.8,108.4,190.0,472.0,108.6,0.0,0.25464,0.2474,0.25237,-0.3567,-0.3909,-0.3848,124.2,128.8,119.4,128.2,101.0,225.0,128.2,0.0,0.25424,0.24373,0.24819,-0.4069,-0.4435,-0.4361,146.0,153.4,140.0,152.2,204.0,354.0,152.2,0.0,0.24959,0.24266,0.24674,-0.458,-0.4977,-0.4892,174.8,180.2,166.6,180.2,118.0,171.0,179.8,0.0,0.25064,0.24078,0.24756,-0.5101,-0.5521,-0.5418,199.6,209.8,194.4,208.8,54.0,191.0,209.2,0.0,0.24943,0.23915,0.24505,-0.5618,-0.6056,-0.5945,229.8,245.0,224.4,242.4,61.0,112.0,242.4,0.0,0.24769,0.24296,0.24688,-0.6127,-0.6531,-0.6429,271.0,276.6,263.8,269.6,66.0,129.0,276.8,0.0,0.25838,0.23588,0.23244,-0.6528,-0.7062,-0.7021,,,,315.8,0.0,68.0,314.8,0.0,0.0,0.0,0.25011,0.0,0.0,-0.7296,,,,355.4,0.0,58.0,354.8,0.0,0.0,0.0,0.25192,0.0,0.0,-0.767,,,,378.0,0.0,27.0,396.6,0.0,0.0,0.0,0.20548,0.0,0.0,-0.8558,,,,443.2,0.0,30.0,440.0,0.0,0.0,0.0,0.26591,0.0,0.0,-0.8196,,,,486.4,0.0,32.0,485.0,0.0,0.0,0.0,0.26725,0.0,0.0,-0.8463,523.8,525.2,523.8,525.2,3.0,64.0,530.8,0.0,0.31683,0.22501,0.25063,-0.8095,-0.9166,-0.8873,570.0,571.8,570.0,571.8,2.0,84.0,573.6,0.0,0.32671,0.22454,0.25488,-0.8252,-0.9352,-0.9041,,,,,,,,,,,,,,,,,,,,,,,,,,,,,,,,,,,,,,,,,,,,,,,,,,,,,,,,,,,,,,,,,,,,,,,,,,,,,,,,,,,,
2020-02-28,636.4,636.4,636.4,636.4,6.0,62.0,642.8,0.0,0.0,0.35224,0.28196,0.0,0.9187,0.9597,,,,757.0,0.0,17.0,596.2,0.0,0.0,0.0,0.76283,0.0,0.0,0.7619,573.4,574.4,544.4,574.4,5.0,28.0,549.8,0.0,,0.33505,0.39803,,0.8884,0.8575,537.8,537.8,502.2,502.2,6.0,22.0,502.2,0.0,,0.33552,0.2963,,0.8639,0.8958,,,,617.8,0.0,13.0,461.8,0.0,0.0,0.0,0.6727,0.0,0.0,0.7241,,,,580.0,0.0,54.0,417.6,0.0,0.0,0.0,0.6593,0.0,0.0,0.7066,,,,520.0,0.0,89.0,376.2,0.0,0.0,0.0,0.60058,0.0,0.0,0.6951,,,,488.0,0.0,64.0,337.0,0.0,0.0,0.0,0.59674,0.0,0.0,0.6734,360.6,360.6,360.2,360.6,13.0,121.0,298.4,0.0,0.22347,0.42446,0.40833,0.8667,0.6726,0.6846,325.2,325.2,270.0,270.0,18.0,69.0,265.4,0.0,0.23865,0.30997,0.29297,0.8138,0.6716,0.6894,293.6,293.6,224.0,231.6,114.0,66.0,232.4,0.0,0.25323,0.28078,0.2796,0.759,0.637,0.6493,210.0,221.8,191.0,201.0,43.0,53.0,201.2,0.0,0.17596,0.2728,0.27707,0.7807,0.5898,0.6015,221.2,224.4,164.6,172.0,710.0,570.0,174.8,0.0,0.25062,0.27237,0.27311,0.6652,0.539,0.552,192.0,194.4,136.0,146.2,224.0,124.0,147.8,0.0,0.25084,0.26363,0.27042,0.6132,0.4865,0.501,158.4,167.4,117.0,124.2,831.0,1057.0,124.2,0.0,0.2516,0.26728,0.26997,0.5599,0.4362,0.4503,131.0,140.0,96.8,104.2,346.0,217.0,104.2,0.0,0.24708,0.26441,0.26871,0.5058,0.3853,0.4005,113.4,120.0,80.0,86.8,534.0,405.0,87.2,0.0,0.25062,0.26333,0.26784,0.453,0.3371,0.3526,91.6,99.2,67.2,73.2,506.0,399.0,73.6,0.0,0.24835,0.26579,0.27005,0.4001,0.2946,0.3096,76.0,81.6,54.8,61.6,361.0,458.0,61.4,0.0,0.24724,0.26509,0.27248,0.3494,0.253,0.2704,60.6,67.4,44.6,48.6,240.0,326.0,48.6,0.0,0.24809,0.26517,0.26788,0.3031,0.2158,0.2283,51.4,56.6,36.4,41.2,470.0,435.0,41.0,0.0,0.25168,0.26624,0.27229,0.2632,0.1833,0.1982,41.6,44.2,29.6,34.2,243.0,307.0,33.2,0.0,0.24788,0.26746,0.27463,0.2201,0.1547,0.1699,31.2,35.2,23.6,27.4,352.0,447.0,27.4,0.0,0.24748,0.26749,0.27412,0.1842,0.1286,0.1422,24.4,29.2,19.4,22.4,220.0,275.0,21.8,0.0,0.25117,0.27025,0.27581,0.1568,0.1085,0.12,19.4,23.4,16.2,18.6,295.0,372.0,18.0,0.0,0.25224,0.27413,0.27883,0.1305,0.0923,0.1019,14.4,19.4,13.2,14.4,198.0,209.0,15.0,0.0,0.25601,0.27632,0.27716,0.1105,0.0771,0.0826,11.6,16.0,11.0,12.4,237.0,331.0,12.4,0.0,0.25936,0.27994,0.28271,0.0931,0.0653,0.0716,10.0,13.4,9.0,10.4,390.0,539.0,10.4,0.0,0.26361,0.2824,0.28639,0.0791,0.0546,0.0609,13.8,17.6,8.4,17.6,734.0,768.0,17.6,0.0,0.32827,0.34245,0.34718,-0.041,-0.076,-0.0749,15.8,20.8,9.8,20.8,323.0,284.0,20.8,0.0,0.31796,0.33356,0.33849,-0.0481,-0.0894,-0.0881,15.0,22.4,12.2,22.4,259.0,183.0,23.2,0.0,0.31205,0.31618,0.32126,-0.059,-0.0996,-0.098,16.8,22.2,14.4,21.8,90.0,172.0,28.4,0.0,0.3025,0.29126,0.29487,-0.0698,-0.1062,-0.1032,20.4,32.8,17.6,32.8,120.0,212.0,33.4,0.0,0.29553,0.3025,0.30812,-0.0844,-0.1412,-0.1386,24.2,40.8,21.2,40.8,107.0,225.0,40.8,0.0,0.28755,0.29925,0.30522,-0.1008,-0.1695,-0.1663,31.4,49.0,26.4,49.0,419.0,529.0,49.0,0.0,0.28254,0.29274,0.29909,-0.1225,-0.1992,-0.1952,35.2,58.8,31.2,58.8,224.0,444.0,58.8,0.0,0.27313,0.28662,0.29339,-0.1443,-0.233,-0.2281,43.0,70.8,38.4,70.8,390.0,746.0,70.8,0.0,0.26768,0.28166,0.28893,-0.173,-0.2715,-0.2655,52.8,86.8,49.0,86.8,156.0,325.0,86.8,0.0,0.26692,0.28077,0.28864,-0.2097,-0.3159,-0.3085,65.0,103.2,59.4,103.2,477.0,282.0,103.2,0.0,0.26138,0.27626,0.2848,-0.2469,-0.3614,-0.3526,76.6,121.2,74.8,121.2,279.0,222.0,120.0,0.0,0.2621,0.27052,0.27984,-0.2924,-0.4098,-0.399,92.4,141.8,91.0,141.8,430.0,323.0,144.2,0.0,0.25971,0.26515,0.27539,-0.3391,-0.461,-0.4481,111.2,165.0,109.2,165.0,242.0,266.0,165.6,0.0,0.25661,0.25988,0.27122,-0.3885,-0.5143,-0.4989,136.0,193.2,131.2,187.6,597.0,414.0,192.8,0.0,0.25576,0.25879,0.26156,-0.4405,-0.5671,-0.5525,157.4,223.0,155.2,223.0,129.0,204.0,223.0,0.0,0.25385,0.25596,0.27012,-0.4934,-0.6196,-0.5988,166.6,253.8,166.6,251.0,292.0,294.0,254.6,0.0,0.22585,0.25014,0.26098,-0.5559,-0.6727,-0.652,217.8,293.4,215.2,282.6,200.0,168.0,289.4,0.0,0.2573,0.25704,0.25352,-0.5953,-0.7128,-0.7039,249.4,332.0,246.0,320.6,145.0,173.0,326.4,0.0,0.25395,0.25821,0.25426,-0.6459,-0.7534,-0.7461,285.2,357.6,285.2,353.8,73.0,114.0,368.8,0.0,0.26202,0.22133,0.23879,-0.6855,-0.8315,-0.8013,328.2,405.8,318.8,405.8,44.0,120.0,411.6,0.0,0.25541,0.23673,0.26572,-0.7334,-0.8478,-0.8082,365.8,365.8,365.8,365.8,2.0,68.0,453.0,0.0,0.2731,,,-0.7555,,,477.4,477.4,477.4,477.4,2.0,58.0,497.0,0.0,0.42107,,0.21172,-0.6837,,-0.9211,539.4,539.4,539.4,539.4,6.0,25.0,541.8,0.0,0.469,0.22904,0.2768,-0.6838,-0.9296,-0.8791,,,,443.2,0.0,30.0,586.8,0.0,0.0,0.0,,0.0,0.0,,627.6,627.6,627.6,627.6,1.0,31.0,634.0,0.0,0.49362,,0.26168,-0.7152,,-0.93,583.6,583.6,583.6,583.6,2.0,63.0,681.0,0.0,0.28951,,,-0.8797,,,,,,571.8,0.0,84.0,729.0,0.0,0.0,0.0,,0.0,0.0,,,,,,,,,,,,,,,,,,,,,,,,,,,,,,,,,,,,,,,,,,,,,,,,,,,,,,,,,,,,,,,,,,,,,,,,,,,,,,,,,,,,,
2020-03-02,707.2,798.4,707.2,788.4,8.0,67.0,772.6,0.0,0.0,0.48198,0.0,0.0,0.8765,0.0,676.8,676.8,676.8,676.8,3.0,20.0,733.0,0.0,0.0,0.51521,0.0,0.0,0.8443,0.0,,,,574.4,0.0,28.0,685.0,0.0,0.0,0.0,,0.0,0.0,,559.4,560.0,559.4,560.0,3.0,20.0,629.0,0.0,,0.40319,,,0.8515,,,,,617.8,0.0,13.0,581.8,0.0,0.0,0.0,0.43386,0.0,0.0,0.8544,,,,580.0,0.0,54.0,535.4,0.0,0.0,0.0,0.4401,0.0,0.0,0.8294,415.4,500.8,415.4,500.8,11.0,93.0,489.0,0.0,,0.3328,0.32625,,0.8094,0.8678,443.0,464.4,443.0,464.0,20.0,65.0,444.0,0.0,0.2228,0.47743,0.33862,0.937,0.7165,0.8327,341.4,341.4,341.4,341.4,1.0,121.0,399.2,0.0,,0.33204,,,0.7405,,302.2,354.8,300.4,354.8,23.0,68.0,358.8,0.0,,0.31743,0.25834,,0.7089,0.8256,268.8,335.0,262.6,335.0,54.0,69.0,318.8,0.0,0.22967,0.30656,0.302,0.8395,0.6715,0.7556,234.4,307.4,226.4,305.4,57.0,49.0,280.6,0.0,0.2582,0.29548,0.31277,0.7733,0.6301,0.7104,200.0,266.4,188.6,262.8,218.0,625.0,244.6,0.0,0.24768,0.27794,0.29313,0.736,0.5855,0.6774,174.2,235.0,159.8,210.4,198.0,110.0,210.4,0.0,0.2526,0.27286,0.25289,0.6839,0.5345,0.6467,130.0,198.0,130.0,179.4,531.0,1063.0,179.4,0.0,0.2419,0.26147,0.24966,0.6366,0.4803,0.5941,128.0,171.2,112.2,153.0,216.0,229.0,153.2,0.0,0.24523,0.26691,0.24983,0.5805,0.4296,0.539,90.0,145.0,90.0,128.0,409.0,447.0,128.0,0.0,0.24459,0.25969,0.24762,0.5247,0.3752,0.4835,81.8,121.0,75.4,104.4,466.0,291.0,106.6,0.0,0.24294,0.26207,0.24303,0.4687,0.3283,0.4269,71.2,98.2,61.0,91.0,381.0,500.0,87.0,0.0,0.23853,0.26047,0.25198,0.4117,0.2818,0.3788,60.0,80.2,51.8,76.8,100.0,307.0,71.0,0.0,0.23778,0.26581,0.25546,0.3578,0.2453,0.3323,49.6,66.8,41.0,57.8,422.0,437.0,57.8,0.0,0.24104,0.26361,0.24491,0.3103,0.2058,0.2774,44.2,52.4,32.4,45.8,221.0,294.0,45.8,0.0,0.23786,0.2625,0.24353,0.2612,0.1713,0.2332,35.0,41.8,25.8,37.2,270.0,385.0,37.2,0.0,0.23807,0.26292,0.24563,0.2194,0.1424,0.197,25.6,34.0,21.2,30.2,163.0,259.0,29.0,0.0,0.24078,0.26622,0.24806,0.1849,0.12,0.1657,20.2,26.0,17.2,23.2,252.0,363.0,23.2,0.0,0.23889,0.26864,0.24653,0.1501,0.1002,0.1344,18.2,20.6,14.2,20.2,162.0,208.0,17.8,0.0,0.24051,0.2723,0.25456,0.1234,0.0844,0.117,15.2,17.0,11.4,14.2,194.0,346.0,14.2,0.0,0.24505,0.27417,0.2482,0.1037,0.0696,0.089,12.2,13.8,9.2,11.4,269.0,552.0,11.4,0.0,0.24842,0.27646,0.25102,0.0861,0.0575,0.0732,15.8,15.8,9.6,10.0,536.0,684.0,10.0,0.0,0.37012,0.36115,0.36103,-0.0418,-0.0674,-0.0446,16.8,16.8,11.0,11.2,159.0,275.0,11.2,0.0,0.35906,0.34298,0.34797,-0.0483,-0.0743,-0.0509,20.0,20.6,13.2,13.6,93.0,165.0,13.0,0.0,0.35151,0.33703,0.34094,-0.0576,-0.0895,-0.0611,21.6,23.2,14.8,15.2,90.0,161.0,15.2,0.0,0.3386,0.32343,0.32742,-0.0656,-0.1023,-0.0696,28.0,28.0,17.2,18.0,185.0,225.0,18.0,0.0,0.32842,0.31622,0.31836,-0.0765,-0.1217,-0.0823,32.6,32.6,20.2,20.2,175.0,245.0,21.0,0.0,0.31906,0.30553,0.30473,-0.0897,-0.1417,-0.0941,39.0,39.2,24.0,25.2,487.0,581.0,25.2,0.0,0.3107,0.29824,0.30006,-0.1058,-0.1675,-0.1144,47.2,47.2,28.0,29.4,192.0,440.0,30.6,0.0,0.30066,0.29144,0.28953,-0.1235,-0.1974,-0.1336,60.0,60.0,33.0,37.4,437.0,703.0,37.4,0.0,0.29152,0.29246,0.28768,-0.1447,-0.2366,-0.1629,68.0,68.0,40.0,44.0,122.0,324.0,44.0,0.0,0.28534,0.27846,0.27818,-0.1717,-0.2701,-0.1903,80.6,84.6,48.2,55.4,377.0,303.0,53.8,0.0,0.27892,0.27898,0.27703,-0.2024,-0.3164,-0.228,97.4,97.4,58.0,65.8,202.0,245.0,65.8,0.0,0.27278,0.26756,0.26943,-0.2374,-0.3608,-0.2653,114.4,114.4,70.4,79.6,588.0,361.0,79.6,0.0,0.26848,0.26004,0.26505,-0.2778,-0.4113,-0.309,135.6,135.6,85.0,93.0,227.0,263.0,96.6,0.0,0.26448,0.25559,0.25582,-0.3223,-0.4657,-0.3545,164.6,164.6,103.0,116.0,316.0,456.0,116.0,0.0,0.26257,0.26025,0.25989,-0.3711,-0.5199,-0.4081,186.4,186.4,122.6,136.6,239.0,218.0,136.8,0.0,0.25908,0.24704,0.25485,-0.4219,-0.5789,-0.461,251.0,257.8,145.2,160.8,178.0,302.0,161.8,0.0,0.25638,0.32061,0.2515,-0.4748,-0.5941,-0.5157,247.0,248.4,175.8,176.8,190.0,161.0,190.8,0.0,0.26295,0.23847,0.22881,-0.5262,-0.6906,-0.5797,283.2,283.2,202.0,219.0,126.0,166.0,220.6,0.0,0.25745,0.23355,0.24783,-0.5794,-0.7435,-0.6237,320.4,320.4,237.4,240.4,78.0,112.0,256.4,0.0,0.26388,0.2281,0.22335,-0.6253,-0.7933,-0.6943,295.6,296.8,295.6,296.8,3.0,120.0,292.0,0.0,0.30908,,0.26336,-0.6422,,-0.7064,372.4,372.4,303.6,303.6,4.0,68.0,330.8,0.0,0.25573,,0.18921,-0.722,,-0.8313,417.4,417.4,417.4,417.4,3.0,58.0,371.4,0.0,0.40641,,0.35707,-0.6577,,-0.7098,496.0,496.0,422.6,422.8,11.0,25.0,413.8,0.0,0.34504,0.22977,0.28233,-0.7238,-0.9155,-0.8001,466.4,466.4,466.4,466.4,1.0,29.0,457.0,0.0,0.356,,0.28692,-0.7456,,-0.8255,513.8,514.2,513.8,514.2,7.0,29.0,502.0,0.0,0.37325,,0.30094,-0.7604,,-0.8393,539.8,539.8,539.8,539.8,1.0,63.0,546.4,0.0,0.33797,,0.23226,-0.8121,,-0.9258,645.4,645.4,645.4,645.4,3.0,84.0,593.4,0.0,0.4863,,0.42247,-0.7368,,-0.7923,,,,,,,,,,,,,,,,,,,,,,,,,,,,,,,,,,,,,,,,,,,,,,,,,,,,,,,,,,,,,,,,,,,,,,,,,,,,,,,,,,,,
2020-03-03,,,,788.4,0.0,67.0,791.2,0.0,0.0,0.0,0.0,0.0,0.0,0.0,,,,676.8,0.0,20.0,731.8,0.0,0.0,0.0,0.0,0.0,0.0,0.0,,,,574.4,0.0,28.0,683.4,0.0,0.0,0.0,,0.0,0.0,,,,,560.0,0.0,20.0,646.2,0.0,0.0,0.0,,0.0,0.0,,,,,617.8,0.0,13.0,597.2,0.0,0.0,0.0,0.39284,0.0,0.0,0.883,601.2,612.0,560.2,560.2,6.0,53.0,551.8,0.0,0.26393,0.37701,0.33914,0.96,0.8652,0.8923,541.0,541.0,519.4,519.4,2.0,93.0,503.6,0.0,,0.37736,0.34517,,0.8408,0.8652,,,,464.0,0.0,65.0,457.6,0.0,0.0,0.0,0.30137,0.0,0.0,0.8682,417.8,417.8,417.8,417.8,2.0,121.0,413.4,0.0,,0.31625,0.28701,,0.8213,0.8493,424.0,424.0,411.8,411.8,4.0,68.0,371.8,0.0,0.24047,0.39091,0.3699,0.8968,0.7487,0.7656,380.0,383.6,374.0,374.0,3.0,70.0,332.4,0.0,0.24883,0.38343,0.3644,0.8582,0.7199,0.7356,,,,305.4,0.0,49.0,291.2,0.0,0.0,0.0,0.29202,0.0,0.0,0.7356,291.0,300.8,247.4,251.8,228.0,759.0,257.0,0.0,0.24113,0.26093,0.25205,0.7873,0.6982,0.7153,257.8,268.8,210.0,222.8,122.0,107.0,220.2,0.0,0.2512,0.2505,0.25936,0.7337,0.6526,0.6611,220.0,232.4,180.2,189.6,393.0,1092.0,189.6,0.0,0.24623,0.24997,0.25343,0.6878,0.5986,0.6109,191.4,200.0,150.8,161.4,264.0,223.0,161.4,0.0,0.24438,0.24526,0.25195,0.636,0.5432,0.5566,162.8,171.2,127.2,134.0,452.0,532.0,134.0,0.0,0.24418,0.24588,0.24707,0.5812,0.4866,0.5008,137.2,143.6,104.8,111.8,394.0,326.0,111.8,0.0,0.24123,0.24368,0.24648,0.5252,0.43,0.4451,118.2,120.0,85.8,93.6,762.0,550.0,93.6,0.0,0.24036,0.24266,0.24824,0.4686,0.3752,0.3921,94.6,98.0,69.2,74.4,243.0,309.0,74.4,0.0,0.23741,0.24123,0.24337,0.4119,0.3227,0.3374,69.8,80.0,55.8,60.8,364.0,532.0,60.8,0.0,0.23671,0.24134,0.24444,0.3578,0.2749,0.2899,59.8,65.4,48.0,49.4,106.0,297.0,48.8,0.0,0.23767,0.2493,0.24569,0.3082,0.2394,0.2468,45.6,53.4,36.2,39.6,223.0,414.0,39.2,0.0,0.23938,0.24403,0.24628,0.2634,0.1953,0.2076,41.0,41.6,29.8,31.2,133.0,268.0,31.0,0.0,0.23706,0.24799,0.24607,0.219,0.1652,0.172,33.4,34.4,23.8,25.2,245.0,429.0,25.2,0.0,0.2413,0.24962,0.24855,0.1861,0.137,0.1437,25.0,26.8,19.0,19.0,41.0,213.0,19.8,0.0,0.24077,0.25155,0.24642,0.1526,0.1131,0.1147,19.8,22.4,15.2,16.4,178.0,386.0,16.0,0.0,0.24604,0.25383,0.25386,0.1297,0.0933,0.0991,15.8,19.8,12.0,13.0,262.0,679.0,12.8,0.0,0.25496,0.25545,0.25558,0.1139,0.076,0.0811,8.0,8.8,7.6,8.0,482.0,816.0,8.0,0.0,0.37342,0.35692,0.35433,-0.0338,-0.0408,-0.0377,9.4,10.0,8.8,9.0,316.0,304.0,9.0,0.0,0.36311,0.3447,0.34144,-0.0394,-0.047,-0.0432,10.6,11.2,9.8,10.4,105.0,187.0,10.4,0.0,0.34995,0.3313,0.33027,-0.0447,-0.0536,-0.0504,12.0,13.0,11.4,12.2,23.0,163.0,12.2,0.0,0.3398,0.32032,0.32007,-0.0523,-0.0628,-0.0593,14.8,14.8,13.2,14.4,110.0,267.0,14.4,0.0,0.32924,0.30772,0.31021,-0.061,-0.0726,-0.0702,16.6,17.8,15.4,17.0,51.0,262.0,17.0,0.0,0.31914,0.29915,0.30029,-0.0714,-0.0868,-0.083,20.2,21.4,17.8,20.8,246.0,654.0,20.6,0.0,0.3082,0.29056,0.29317,-0.0831,-0.1037,-0.1003,23.4,24.8,21.0,24.8,172.0,546.0,24.8,0.0,0.29878,0.27878,0.28399,-0.098,-0.1212,-0.119,28.6,31.8,25.2,30.4,276.0,775.0,30.4,0.0,0.29077,0.27607,0.27734,-0.1165,-0.1494,-0.1432,33.6,38.6,31.0,37.4,112.0,307.0,37.6,0.0,0.2852,0.26874,0.27138,-0.1401,-0.1781,-0.1719,41.0,48.0,37.0,45.4,323.0,381.0,46.2,0.0,0.27699,0.26445,0.26443,-0.1653,-0.2138,-0.2043,49.4,58.6,45.2,56.0,195.0,231.0,56.0,0.0,0.27144,0.2588,0.25986,-0.1967,-0.2531,-0.2432,66.6,71.0,55.4,69.8,316.0,416.0,69.8,0.0,0.26692,0.25286,0.25781,-0.2331,-0.297,-0.2884,72.6,88.4,67.6,83.8,171.0,295.0,84.4,0.0,0.26273,0.2523,0.25161,-0.274,-0.3482,-0.3352,91.4,107.6,81.2,102.0,312.0,494.0,102.0,0.0,0.25724,0.25015,0.24886,-0.3183,-0.4015,-0.3877,104.2,128.8,98.2,123.4,191.0,255.0,123.4,0.0,0.25396,0.24675,0.24706,-0.3677,-0.4568,-0.4429,128.0,152.8,117.2,145.8,216.0,346.0,145.8,0.0,0.24979,0.2434,0.24214,-0.4199,-0.5139,-0.4998,151.2,180.4,139.2,172.4,117.0,186.0,175.0,0.0,0.24629,0.24142,0.23964,-0.4746,-0.571,-0.5575,177.8,210.4,165.4,201.0,107.0,158.0,204.2,0.0,0.24533,0.23874,0.23561,-0.5301,-0.6273,-0.6153,202.6,238.4,197.0,236.8,89.0,133.0,237.0,0.0,0.24909,0.22671,0.23997,-0.5825,-0.6897,-0.6652,239.2,280.8,233.6,271.6,64.0,145.0,272.2,0.0,0.2575,0.23833,0.23781,-0.6285,-0.7279,-0.7162,273.6,319.6,273.6,309.8,33.0,89.0,312.8,0.0,0.26861,0.23859,0.23791,-0.6675,-0.7715,-0.761,,,,417.4,0.0,58.0,352.4,0.0,0.0,0.0,0.3833,0.0,0.0,-0.6858,356.8,362.0,356.8,362.0,9.0,25.0,395.2,0.0,0.28837,,,-0.7328,,,,,,466.4,0.0,29.0,439.8,0.0,0.0,0.0,0.3228,0.0,0.0,-0.7871,447.6,447.6,447.6,447.6,1.0,28.0,484.8,0.0,0.31524,,,-0.7764,,,,,,539.8,0.0,63.0,527.2,0.0,0.0,0.0,0.29054,0.0,0.0,-0.8669,,,,645.4,0.0,84.0,576.2,0.0,0.0,0.0,0.45638,0.0,0.0,-0.7666,,,,,,,,,,,,,,,,,,,,,,,,,,,,,,,,,,,,,,,,,,,,,,,,,,,,,,,,,,,,,,,,,,,,,,,,,,,,,,,,,,,,
2020-03-04,,,,788.4,0.0,67.0,815.0,0.0,0.0,0.0,0.0,0.0,0.0,0.0,,,,676.8,0.0,20.0,742.8,0.0,0.0,0.0,0.0,0.0,0.0,0.0,,,,574.4,0.0,28.0,694.4,0.0,0.0,0.0,0.0,0.0,0.0,0.0,,,,560.0,0.0,20.0,669.8,0.0,0.0,0.0,,0.0,0.0,,,,,617.8,0.0,13.0,598.4,0.0,0.0,0.0,0.25227,0.0,0.0,0.9708,571.0,571.0,571.0,571.0,1.0,53.0,551.4,0.0,0.25363,0.42851,0.25938,0.9577,0.8386,0.9541,493.8,493.8,485.4,485.4,4.0,92.0,529.8,0.0,,0.28316,,,0.9016,,,,,464.0,0.0,65.0,483.6,0.0,0.0,0.0,,0.0,0.0,,400.0,400.0,400.0,400.0,2.0,121.0,438.8,0.0,,0.28214,,,0.8451,,363.6,363.6,361.4,361.4,2.0,68.0,395.4,0.0,,0.28573,,,0.8075,,,,,374.0,0.0,70.0,354.4,0.0,0.0,0.0,0.31721,0.0,0.0,0.782,,,,305.4,0.0,49.0,314.0,0.0,0.0,0.0,0.24261,0.0,0.0,0.7977,259.6,271.8,244.0,267.2,324.0,996.0,277.2,0.0,0.24956,0.26465,0.24072,0.7473,0.6927,0.7533,227.2,234.8,207.0,231.2,53.0,106.0,240.2,0.0,0.24465,0.25435,0.2385,0.7011,0.6465,0.7042,196.4,204.8,179.0,204.8,154.0,1106.0,204.8,0.0,0.2486,0.25653,0.24957,0.6461,0.5918,0.6448,165.6,172.6,149.6,172.6,141.0,233.0,173.2,0.0,0.24317,0.25114,0.24403,0.5926,0.537,0.5915,141.0,147.0,126.4,147.0,415.0,581.0,147.0,0.0,0.24468,0.25192,0.24544,0.5354,0.4811,0.5345,118.2,122.8,104.8,122.8,237.0,375.0,122.8,0.0,0.2436,0.25065,0.24427,0.4783,0.4257,0.4775,96.0,101.2,85.4,101.2,375.0,625.0,101.2,0.0,0.24214,0.24846,0.24274,0.4216,0.3712,0.421,77.4,80.0,71.6,80.0,97.0,304.0,82.2,0.0,0.23629,0.25218,0.23684,0.3635,0.3236,0.363,63.0,66.0,56.0,66.0,334.0,590.0,66.2,0.0,0.23897,0.24767,0.23946,0.3138,0.273,0.3134,52.0,54.0,44.6,54.0,121.0,305.0,54.0,0.0,0.24123,0.24721,0.24168,0.2683,0.2298,0.268,39.0,43.0,35.8,43.0,166.0,466.0,43.0,0.0,0.24125,0.24848,0.24167,0.2254,0.1927,0.2251,31.0,34.0,27.8,34.0,84.0,262.0,34.4,0.0,0.24154,0.24755,0.24193,0.1873,0.1579,0.1871,26.0,27.4,22.0,25.4,171.0,447.0,28.0,0.0,0.24409,0.24891,0.23851,0.1563,0.13,0.1497,20.2,22.2,17.8,22.2,58.0,221.0,22.2,0.0,0.24724,0.25214,0.24759,0.1304,0.1081,0.1303,17.0,18.0,13.8,18.0,124.0,395.0,18.0,0.0,0.25051,0.25274,0.25084,0.1086,0.0872,0.1085,13.0,14.4,11.0,14.4,136.0,680.0,14.4,0.0,0.25296,0.2553,0.25327,0.0894,0.0713,0.0893,8.0,9.2,7.4,7.8,308.0,815.0,7.8,0.0,0.36285,0.36232,0.36621,-0.0346,-0.0423,-0.0359,9.2,10.0,8.6,8.8,138.0,320.0,8.8,0.0,0.35227,0.34673,0.35361,-0.0405,-0.0473,-0.0412,10.6,11.2,10.0,10.4,82.0,193.0,10.2,0.0,0.34166,0.33312,0.3442,-0.0474,-0.054,-0.0487,12.4,13.4,11.6,12.0,53.0,157.0,12.0,0.0,0.33079,0.32422,0.333,-0.0554,-0.0644,-0.0567,14.2,15.6,14.0,14.0,91.0,292.0,14.0,0.0,0.32279,0.31319,0.3225,-0.0664,-0.0755,-0.0665,16.8,18.8,16.6,16.8,77.0,295.0,16.6,0.0,0.31346,0.3048,0.31412,-0.0787,-0.0903,-0.0793,21.0,22.6,20.0,20.4,230.0,669.0,20.4,0.0,0.30543,0.29625,0.30678,-0.094,-0.1078,-0.0952,23.4,26.4,23.4,24.4,78.0,570.0,23.4,0.0,0.29491,0.28512,0.29827,-0.1103,-0.1265,-0.113,31.8,34.2,29.0,29.0,265.0,875.0,29.0,0.0,0.28955,0.28388,0.2892,-0.1334,-0.1563,-0.1335,36.2,40.4,35.8,36.0,59.0,292.0,36.0,0.0,0.28433,0.27395,0.28453,-0.1603,-0.1836,-0.161,44.6,51.8,43.0,44.0,298.0,423.0,44.0,0.0,0.27667,0.2737,0.27886,-0.1894,-0.2227,-0.1917,58.0,63.2,53.4,54.0,80.0,242.0,54.0,0.0,0.27335,0.26872,0.27432,-0.2261,-0.2626,-0.2274,65.4,77.2,64.0,65.0,243.0,494.0,66.0,0.0,0.26637,0.26495,0.26805,-0.2645,-0.3075,-0.2663,82.0,93.2,78.8,80.0,146.0,331.0,79.6,0.0,0.26407,0.26062,0.26596,-0.3102,-0.3561,-0.312,95.8,110.8,94.2,96.0,249.0,520.0,96.0,0.0,0.25844,0.25475,0.26128,-0.358,-0.4078,-0.3599,123.4,134.0,114.2,114.2,138.0,265.0,116.0,0.0,0.25684,0.2543,0.25625,-0.4105,-0.4631,-0.4112,147.0,159.0,135.6,136.0,251.0,358.0,136.0,0.0,0.253,0.25212,0.25305,-0.4647,-0.5189,-0.4655,167.6,186.4,161.2,161.2,67.0,186.0,160.0,0.0,0.25179,0.24929,0.25106,-0.5199,-0.5749,-0.521,196.6,213.8,189.6,189.6,96.0,173.0,189.6,0.0,0.25072,0.24129,0.2499,-0.5746,-0.6334,-0.5758,228.6,251.4,226.2,231.0,70.0,143.0,219.8,0.0,0.25993,0.24769,0.26786,-0.6215,-0.68,-0.6178,268.2,284.0,261.0,284.0,14.0,152.0,255.0,0.0,0.26178,0.23922,0.30457,-0.6683,-0.735,-0.6414,303.8,314.8,299.0,299.0,13.0,86.0,291.4,0.0,0.26587,0.21901,0.2647,-0.7097,-0.801,-0.7114,,,,417.4,0.0,58.0,330.6,0.0,0.0,0.0,0.42614,0.0,0.0,-0.6473,389.2,389.2,389.2,389.2,3.0,25.0,371.8,0.0,0.29527,0.17388,0.29389,-0.761,-0.9277,-0.7627,,,,466.4,0.0,29.0,415.6,0.0,0.0,0.0,0.37761,0.0,0.0,-0.731,,,,447.6,0.0,28.0,485.8,0.0,0.0,0.0,0.21852,0.0,0.0,-0.9007,533.6,533.6,519.6,519.6,3.0,63.0,532.2,0.0,0.31167,0.18032,0.30977,-0.8347,-0.9735,-0.8368,,,,645.4,0.0,84.0,579.2,0.0,0.0,0.0,0.51045,0.0,0.0,-0.7259,,,,,,,,,,,,,,,,,,,,,,,,,,,,,,,,,,,,,,,,,,,,,,,,,,,,,,,,,,,,,,,,,,,,,,,,,,,,,,,,,,,,
2020-03-05,,,,788.4,0.0,67.0,903.2,0.0,0.0,0.0,0.0,0.0,0.0,0.0,867.4,867.4,867.4,867.4,6.0,17.0,850.4,0.0,0.0,0.0,0.0,0.0,0.0,0.0,,,,574.4,0.0,28.0,801.4,0.0,0.0,0.0,0.0,0.0,0.0,0.0,724.0,724.0,724.0,724.0,2.0,20.0,757.2,0.0,0.0,0.50895,0.0,0.0,0.8661,0.0,678.0,678.0,678.0,678.0,6.0,13.0,709.0,0.0,0.0,0.49241,,0.0,0.8541,,611.6,635.0,590.2,635.0,6.0,52.0,660.8,0.0,,0.32849,,,0.9168,,562.4,605.2,562.4,605.2,4.0,92.0,612.8,0.0,,0.38626,0.23766,,0.8621,0.9738,538.0,538.0,538.0,538.0,1.0,65.0,566.0,0.0,,0.43143,,,0.8153,,490.0,512.0,490.0,512.0,4.0,120.0,519.6,0.0,,0.40607,0.24908,,0.8015,0.9376,423.8,466.2,421.4,466.2,15.0,67.0,474.2,0.0,,0.32793,0.24819,,0.8158,0.9166,390.0,441.2,390.0,429.2,27.0,66.0,429.8,0.0,0.25962,0.34418,0.27347,0.8897,0.7735,0.869,337.6,384.4,337.6,384.4,8.0,51.0,386.4,0.0,0.21007,0.30726,0.26379,0.9056,0.759,0.845,301.6,357.2,285.0,341.8,59.0,1002.0,341.8,0.0,0.25847,0.26978,0.25721,0.8257,0.7414,0.8139,268.0,309.0,251.0,308.8,44.0,93.0,304.0,0.0,0.2359,0.27024,0.26925,0.8056,0.6947,0.7639,233.4,281.0,216.4,265.0,390.0,1146.0,265.0,0.0,0.25739,0.26476,0.2519,0.7436,0.6479,0.7313,199.0,241.4,182.4,230.4,228.0,219.0,229.6,0.0,0.24704,0.25611,0.25021,0.7025,0.5979,0.6828,169.0,208.4,153.6,195.8,340.0,520.0,195.8,0.0,0.24555,0.2524,0.24386,0.6513,0.5433,0.6328,139.0,177.6,127.2,164.6,397.0,340.0,164.6,0.0,0.24325,0.2481,0.23915,0.5974,0.4868,0.5779,130.0,150.8,105.6,139.0,890.0,689.0,139.0,0.0,0.24315,0.24738,0.23942,0.5411,0.4307,0.5202,98.4,125.0,87.6,114.8,260.0,320.0,114.8,0.0,0.23987,0.24831,0.2371,0.4839,0.3773,0.4622,77.0,103.0,69.6,95.6,648.0,581.0,95.6,0.0,0.23829,0.24435,0.23862,0.4269,0.3233,0.4064,63.6,82.2,56.0,75.6,175.0,306.0,77.4,0.0,0.23383,0.24413,0.23372,0.3695,0.2753,0.3492,50.0,68.4,45.8,60.4,338.0,451.0,60.4,0.0,0.23744,0.24674,0.23274,0.3202,0.2344,0.2972,44.0,53.4,36.8,48.8,140.0,277.0,48.8,0.0,0.23406,0.24804,0.23435,0.269,0.1968,0.2518,29.6,44.0,29.0,40.2,271.0,438.0,40.0,0.0,0.2379,0.24825,0.23844,0.2292,0.1627,0.2141,27.4,34.2,23.8,31.6,164.0,253.0,31.6,0.0,0.23665,0.25222,0.23855,0.189,0.1369,0.177,21.8,26.8,18.8,25.4,199.0,370.0,25.2,0.0,0.23711,0.25345,0.24111,0.1553,0.1124,0.1472,17.0,22.2,15.2,19.8,572.0,723.0,19.8,0.0,0.24213,0.25652,0.24174,0.131,0.0932,0.1199,7.0,7.4,6.4,7.0,380.0,932.0,7.0,0.0,0.3898,0.36932,0.39047,-0.0282,-0.0343,-0.0306,7.6,8.8,7.4,7.8,288.0,377.0,7.8,0.0,0.37943,0.36031,0.37745,-0.0328,-0.0408,-0.0347,10.0,10.0,8.6,9.2,250.0,255.0,9.2,0.0,0.36941,0.34802,0.36843,-0.0383,-0.047,-0.0409,11.2,11.2,9.6,10.6,91.0,169.0,10.4,0.0,0.35643,0.33453,0.35768,-0.0435,-0.0537,-0.0474,12.6,13.2,11.0,12.0,83.0,329.0,11.8,0.0,0.34521,0.32463,0.34552,-0.0504,-0.0634,-0.0544,14.4,15.0,13.0,13.6,94.0,318.0,13.4,0.0,0.33622,0.31183,0.33329,-0.0595,-0.0732,-0.0625,16.6,18.6,14.8,15.8,286.0,728.0,15.2,0.0,0.32429,0.30573,0.32281,-0.0686,-0.0892,-0.073,20.4,21.2,17.0,18.2,157.0,594.0,18.2,0.0,0.31287,0.29276,0.31152,-0.0795,-0.1032,-0.0848,24.0,26.4,20.4,21.6,390.0,906.0,21.6,0.0,0.30486,0.28724,0.30255,-0.0947,-0.1255,-0.1003,28.8,32.2,24.8,25.8,93.0,306.0,25.8,0.0,0.29808,0.2802,0.29414,-0.1133,-0.1504,-0.1188,37.6,39.4,29.2,31.4,445.0,568.0,31.4,0.0,0.28852,0.27378,0.28756,-0.1331,-0.1799,-0.142,44.8,48.8,36.0,37.0,203.0,295.0,38.0,0.0,0.28349,0.26926,0.27795,-0.1597,-0.2153,-0.1665,54.6,59.0,44.2,45.4,334.0,651.0,45.4,0.0,0.27863,0.26253,0.27274,-0.1904,-0.2537,-0.1985,67.2,72.0,52.8,54.8,196.0,321.0,54.8,0.0,0.27113,0.25772,0.26618,-0.2233,-0.2982,-0.2339,80.0,88.6,64.0,68.0,379.0,594.0,68.0,0.0,0.26588,0.25553,0.26398,-0.2623,-0.3483,-0.2768,99.0,106.6,78.8,79.0,130.0,295.0,80.4,0.0,0.26392,0.25118,0.25316,-0.3074,-0.4008,-0.3188,120.4,128.0,94.0,98.0,508.0,436.0,98.0,0.0,0.25832,0.24819,0.25352,-0.3542,-0.4565,-0.3709,143.4,152.6,113.2,117.0,172.0,200.0,117.0,0.0,0.25572,0.24593,0.24906,-0.4057,-0.5137,-0.4238,164.2,177.0,135.0,139.0,226.0,204.0,139.8,0.0,0.25312,0.2382,0.2452,-0.4592,-0.5732,-0.4795,198.8,204.0,163.6,164.8,41.0,146.0,164.8,0.0,0.25767,0.22967,0.24314,-0.5126,-0.6348,-0.5361,230.0,234.6,187.4,194.0,43.0,164.0,194.0,0.0,0.24919,0.22195,0.24217,-0.5685,-0.6959,-0.5917,270.6,270.6,218.6,223.6,43.0,86.0,224.4,0.0,0.24902,0.2192,0.23694,-0.6209,-0.7498,-0.6484,270.4,270.4,270.4,270.4,3.0,58.0,260.4,0.0,0.28302,,0.26008,-0.6471,,-0.68,303.4,303.4,293.6,293.6,3.0,26.0,298.0,0.0,0.25949,,0.23171,-0.7079,,-0.7509,,,,466.4,0.0,29.0,338.6,0.0,0.0,0.0,0.49749,0.0,0.0,-0.6233,,,,447.6,0.0,28.0,380.4,0.0,0.0,0.0,0.39444,0.0,0.0,-0.6977,470.0,470.0,414.8,414.8,5.0,63.0,424.0,0.0,0.26602,,0.22137,-0.8145,,-0.8747,503.6,503.6,470.0,470.0,2.0,84.0,468.8,0.0,0.30057,,0.25745,-0.812,,-0.8641,,,,,,,,,,,,,,,,,,,,,,,,,,,,,,,,,,,,,,,,,,,,,,,,,,,,,,,,,,,,,,,,,,,,,,,,,,,,,,,,,,,,
2020-03-06,841.6,843.0,841.6,843.0,7.0,66.0,835.0,0.0,0.0,0.0,0.0,0.0,0.0,0.0,793.0,793.0,793.0,793.0,3.0,14.0,786.2,0.0,0.0,0.0,0.0,0.0,0.0,0.0,,,,574.4,0.0,28.0,737.6,0.0,0.0,0.0,0.0,0.0,0.0,0.0,705.6,705.6,705.6,705.6,1.0,20.0,689.4,0.0,0.0,0.42539,0.40757,0.0,0.9063,0.9158,,,,678.0,0.0,13.0,641.4,0.0,0.0,0.0,0.46776,0.0,0.0,0.8705,,,,635.0,0.0,52.0,594.2,0.0,0.0,0.0,0.46163,0.0,0.0,0.8534,582.4,582.4,553.8,553.8,3.0,89.0,548.4,0.0,0.24876,0.34039,0.32431,0.9648,0.8937,0.9053,,,,538.0,0.0,65.0,501.4,0.0,0.0,0.0,0.41184,0.0,0.0,0.8318,,,,512.0,0.0,120.0,456.6,0.0,0.0,0.0,0.44466,0.0,0.0,0.7913,421.0,421.0,421.0,421.0,1.0,67.0,412.8,0.0,,0.3161,0.30553,,0.8297,0.8396,404.8,404.8,371.4,371.8,47.0,57.0,371.8,0.0,0.26595,0.28868,0.27991,0.864,0.8156,0.8251,345.0,345.0,345.0,345.0,3.0,48.0,330.0,0.0,0.20761,0.31668,0.30887,0.8847,0.7601,0.7679,318.2,318.2,291.4,297.4,194.0,857.0,289.4,0.0,0.25021,0.27658,0.28264,0.804,0.7444,0.7441,277.2,277.2,258.4,260.4,30.0,100.0,255.0,0.0,0.24272,0.27943,0.27721,0.7658,0.6973,0.7025,244.0,251.0,220.6,221.8,263.0,1112.0,221.8,0.0,0.26219,0.26792,0.26463,0.7041,0.6542,0.6599,212.0,214.2,188.6,193.2,68.0,218.0,190.0,0.0,0.25346,0.26348,0.26708,0.6581,0.6036,0.6073,178.6,186.8,160.2,161.8,185.0,555.0,161.8,0.0,0.25796,0.26097,0.25947,0.6031,0.5501,0.555,145.6,158.4,135.0,138.2,266.0,353.0,138.2,0.0,0.25547,0.25938,0.26119,0.549,0.4953,0.5004,115.2,133.6,113.0,115.2,657.0,722.0,115.2,0.0,0.25456,0.25868,0.25913,0.4939,0.441,0.446,100.0,111.8,93.2,94.8,235.0,340.0,94.8,0.0,0.25414,0.25716,0.25695,0.4393,0.3876,0.3922,90.0,91.0,77.0,79.4,628.0,632.0,79.4,0.0,0.25068,0.25768,0.25944,0.3845,0.3378,0.3435,64.0,75.6,62.4,65.0,144.0,356.0,65.0,0.0,0.25251,0.25674,0.25946,0.3351,0.2901,0.2966,56.4,61.8,51.2,52.6,253.0,540.0,52.6,0.0,0.25302,0.2585,0.25917,0.2884,0.2485,0.253,42.8,50.4,41.2,43.4,88.0,312.0,43.2,0.0,0.2542,0.25882,0.26193,0.2464,0.2099,0.2164,35.2,40.6,33.2,34.2,248.0,523.0,34.2,0.0,0.2548,0.26001,0.26061,0.208,0.1763,0.1801,28.2,31.6,27.2,28.2,137.0,281.0,27.8,0.0,0.25304,0.26309,0.26412,0.1715,0.1488,0.1527,20.6,25.4,20.6,23.0,136.0,387.0,22.8,0.0,0.25491,0.26033,0.26681,0.1429,0.1196,0.1283,19.0,21.4,17.6,18.6,451.0,734.0,18.6,0.0,0.26055,0.2669,0.26902,0.1221,0.1029,0.1069,7.6,7.6,6.4,7.0,247.0,936.0,7.0,0.0,0.38127,0.37763,0.37332,-0.0294,-0.0348,-0.0327,8.4,8.6,7.4,8.2,173.0,333.0,8.2,0.0,0.37044,0.36505,0.36313,-0.0342,-0.0399,-0.0384,9.8,10.2,8.6,9.0,160.0,240.0,9.4,0.0,0.3599,0.35578,0.34827,-0.04,-0.0473,-0.0433,11.6,11.6,10.0,10.8,57.0,183.0,11.0,0.0,0.34935,0.34336,0.33961,-0.0468,-0.0546,-0.0518,13.0,13.2,12.0,12.4,123.0,319.0,12.8,0.0,0.34108,0.33079,0.32768,-0.0559,-0.0629,-0.0601,15.0,15.4,14.4,15.2,46.0,300.0,15.0,0.0,0.33288,0.31998,0.32061,-0.0667,-0.0738,-0.0728,17.2,18.8,16.6,18.4,160.0,736.0,18.4,0.0,0.32147,0.31276,0.31271,-0.0775,-0.089,-0.0874,25.0,25.0,19.2,21.4,68.0,606.0,22.4,0.0,0.31016,0.31357,0.30145,-0.0903,-0.1124,-0.1022,23.8,27.0,23.8,27.0,215.0,931.0,27.0,0.0,0.30473,0.2955,0.29741,-0.1095,-0.1258,-0.125,31.8,33.0,30.4,32.8,63.0,320.0,33.4,0.0,0.30274,0.28891,0.29032,-0.1344,-0.1508,-0.1493,36.0,41.6,34.4,40.4,525.0,565.0,41.6,0.0,0.28908,0.28614,0.28504,-0.1543,-0.1825,-0.1788,42.8,50.6,42.2,50.6,127.0,292.0,50.6,0.0,0.28374,0.28021,0.28253,-0.1841,-0.2161,-0.2145,53.0,62.2,50.2,61.4,343.0,552.0,62.4,0.0,0.27532,0.2764,0.27711,-0.2159,-0.2555,-0.2523,63.0,75.4,59.8,74.2,166.0,315.0,74.2,0.0,0.26721,0.27172,0.27193,-0.2525,-0.2985,-0.2946,80.0,92.0,73.2,92.0,567.0,631.0,92.0,0.0,0.26337,0.26944,0.27238,-0.2966,-0.3465,-0.3434,93.0,110.2,87.0,110.2,146.0,307.0,110.2,0.0,0.25599,0.26554,0.26877,-0.3431,-0.3969,-0.3932,116.4,131.4,105.0,130.6,290.0,416.0,130.6,0.0,0.25216,0.26249,0.2646,-0.3953,-0.45,-0.4454,133.0,158.4,130.4,158.4,200.0,216.0,158.4,0.0,0.25685,0.26507,0.26902,-0.451,-0.5038,-0.4985,152.8,181.6,152.8,181.6,160.0,197.0,181.6,0.0,0.25119,0.25595,0.26039,-0.5066,-0.56,-0.5536,177.6,212.6,177.6,204.6,63.0,153.0,214.0,0.0,0.24486,0.25609,0.24618,-0.5642,-0.613,-0.6138,212.8,244.0,212.8,244.0,69.0,165.0,247.0,0.0,0.25245,0.2521,0.2578,-0.6144,-0.6663,-0.6577,247.2,282.8,246.0,279.4,68.0,109.0,282.8,0.0,0.2519,0.25817,0.25757,-0.6653,-0.7087,-0.705,313.2,319.4,313.2,317.0,16.0,56.0,317.0,0.0,0.31464,0.25537,0.25742,-0.6663,-0.7544,-0.7486,359.4,359.4,358.2,358.2,8.0,24.0,360.8,0.0,0.33286,0.25569,0.26131,-0.6916,-0.7933,-0.7842,,,,466.4,0.0,29.0,402.6,0.0,0.0,0.0,0.41471,0.0,0.0,-0.7028,408.0,437.2,408.0,428.0,5.0,27.0,445.8,0.0,0.26977,0.23247,0.21204,-0.8117,-0.8829,-0.9026,,,,414.8,0.0,63.0,490.4,0.0,0.0,0.0,,0.0,0.0,,,,,470.0,0.0,84.0,535.2,0.0,0.0,0.0,,0.0,0.0,,,,,,,,,,,,,,,,,,,,,,,,,,,,,,,,,,,,,,,,,,,,,,,,,,,,,,,,,,,,,,,,,,,,,,,,,,,,,,,,,,,,,
2020-03-09,703.2,703.2,703.2,703.2,7.0,64.0,693.0,0.0,0.0,0.0,0.0,0.0,0.0,0.0,,,,793.0,0.0,14.0,646.8,0.0,0.0,0.0,0.84628,0.0,0.0,0.7773,,,,574.4,0.0,28.0,599.2,0.0,0.0,0.0,,0.0,0.0,,,,,705.6,0.0,20.0,555.6,0.0,0.0,0.0,0.79603,0.0,0.0,0.7522,515.0,515.0,515.0,515.0,3.0,10.0,506.8,0.0,,0.40886,0.37399,,0.8437,0.868,,,,635.0,0.0,52.0,463.8,0.0,0.0,0.0,0.78128,0.0,0.0,0.7182,477.0,477.0,477.0,477.0,1.0,88.0,421.2,0.0,0.27838,0.50924,0.48698,0.9156,0.7489,0.7622,385.0,395.8,374.0,374.0,11.0,76.0,379.6,0.0,,0.33994,0.31304,,0.7916,0.8165,348.0,348.0,348.0,348.0,1.0,119.0,340.0,0.0,,0.36619,0.34426,,0.7417,0.7609,310.0,310.0,310.0,310.0,1.0,66.0,303.2,0.0,,0.35722,0.33764,,0.7077,0.7255,301.8,301.8,259.2,263.8,20.0,56.0,266.6,0.0,0.25534,0.31731,0.30929,0.8008,0.6823,0.6962,240.0,240.0,223.8,238.6,38.0,55.0,234.0,0.0,0.1932,0.30815,0.32281,0.812,0.6388,0.6452,218.4,229.8,192.6,201.4,303.0,774.0,205.0,0.0,0.25637,0.30319,0.30646,0.7024,0.5907,0.6018,184.2,198.0,166.2,179.2,132.0,109.0,176.4,0.0,0.2571,0.30289,0.31544,0.6475,0.5401,0.5517,159.4,169.8,140.0,153.6,821.0,1117.0,153.6,0.0,0.25918,0.29807,0.31285,0.5901,0.4887,0.5029,134.0,145.6,120.0,130.0,382.0,319.0,130.0,0.0,0.2632,0.3004,0.30946,0.5323,0.4389,0.4536,131.8,132.0,100.0,110.6,445.0,624.0,110.6,0.0,0.28182,0.29795,0.30961,0.4795,0.389,0.4061,98.6,102.8,85.0,93.2,480.0,413.0,93.2,0.0,0.26564,0.30096,0.30922,0.4209,0.3441,0.3602,81.8,85.4,70.4,76.6,1136.0,875.0,76.6,0.0,0.26687,0.3004,0.30591,0.3686,0.3001,0.3146,85.0,85.0,59.6,64.8,237.0,334.0,64.8,0.0,0.29847,0.30407,0.30867,0.3403,0.2625,0.276,62.4,62.6,49.4,54.2,627.0,689.0,54.2,0.0,0.28041,0.30525,0.3103,0.2837,0.2266,0.2399,42.8,48.8,40.2,44.8,287.0,285.0,44.8,0.0,0.27523,0.30492,0.311,0.238,0.193,0.2066,34.6,39.8,34.0,36.8,569.0,567.0,36.8,0.0,0.27695,0.30938,0.31162,0.2021,0.167,0.1765,28.8,33.2,28.0,29.4,286.0,404.0,29.4,0.0,0.28135,0.31118,0.31004,0.173,0.1421,0.1479,24.0,26.8,22.4,24.4,453.0,696.0,24.4,0.0,0.28276,0.31072,0.31275,0.145,0.1184,0.1261,18.0,22.4,18.0,20.0,180.0,303.0,20.2,0.0,0.28741,0.31121,0.31453,0.1236,0.0986,0.1065,13.6,19.2,13.6,16.6,278.0,487.0,16.6,0.0,0.29391,0.30762,0.3175,0.1069,0.0786,0.0905,20.0,20.0,12.2,14.0,450.0,753.0,14.0,0.0,0.31547,0.31663,0.32168,0.1045,0.07,0.0775,9.2,15.6,8.0,15.4,823.0,1011.0,15.4,0.0,0.37296,0.39315,0.3967,-0.0386,-0.0664,-0.065,10.4,17.4,9.4,17.4,257.0,378.0,17.4,0.0,0.36211,0.37795,0.38285,-0.0455,-0.0754,-0.0744,12.2,21.0,11.6,20.6,240.0,205.0,20.6,0.0,0.355,0.37021,0.3734,-0.0555,-0.0899,-0.0876,14.4,25.0,14.2,25.0,132.0,159.0,24.6,0.0,0.34747,0.36132,0.36667,-0.0671,-0.106,-0.1044,16.0,30.4,16.0,29.6,283.0,278.0,29.6,0.0,0.33308,0.35498,0.35758,-0.0771,-0.1263,-0.1225,19.4,36.0,19.4,36.0,273.0,230.0,35.8,0.0,0.32474,0.34597,0.35188,-0.0925,-0.1479,-0.1454,25.4,43.2,25.4,43.0,545.0,623.0,43.0,0.0,0.32391,0.33885,0.34449,-0.1158,-0.1739,-0.1705,30.6,52.0,30.0,52.0,237.0,599.0,51.2,0.0,0.31365,0.33267,0.33931,-0.1362,-0.204,-0.2003,33.0,63.6,33.0,63.0,514.0,866.0,63.0,0.0,0.29568,0.32976,0.33536,-0.1545,-0.2396,-0.2342,45.0,75.6,45.0,75.6,234.0,349.0,75.6,0.0,0.30161,0.32344,0.33105,-0.194,-0.2768,-0.2712,57.8,90.6,57.2,89.8,668.0,428.0,89.8,0.0,0.30181,0.31964,0.32611,-0.2332,-0.3187,-0.3112,70.4,108.0,70.4,107.8,260.0,263.0,107.8,0.0,0.29931,0.31638,0.32487,-0.2742,-0.3637,-0.3554,86.8,128.0,84.4,126.4,1039.0,426.0,127.8,0.0,0.29396,0.31375,0.32025,-0.3174,-0.411,-0.4008,109.2,150.8,104.4,148.2,210.0,336.0,148.2,0.0,0.29631,0.31191,0.31745,-0.3668,-0.4599,-0.4483,122.2,175.0,122.2,172.6,724.0,600.0,172.6,0.0,0.28932,0.30805,0.31508,-0.4155,-0.5097,-0.4968,110.2,203.2,110.2,199.8,298.0,260.0,199.8,0.0,0.22121,0.3072,0.31349,-0.4675,-0.5589,-0.5453,158.6,233.2,158.6,231.2,230.0,329.0,231.2,0.0,0.26286,0.30518,0.31554,-0.5246,-0.6075,-0.5915,202.0,263.4,200.8,263.4,248.0,204.0,260.4,0.0,0.28781,0.29868,0.31479,-0.5704,-0.6573,-0.6368,249.2,298.6,240.2,298.6,220.0,218.0,295.2,0.0,0.30345,0.2978,0.31591,-0.6118,-0.7018,-0.6788,282.4,333.4,276.6,333.4,70.0,151.0,332.6,0.0,0.30945,0.29102,0.31178,-0.653,-0.7481,-0.7217,321.8,370.6,311.4,370.6,103.0,163.0,372.6,0.0,0.30816,0.28443,0.30849,-0.6956,-0.7916,-0.7615,384.8,415.2,383.8,415.2,9.0,107.0,414.0,0.0,0.38527,0.29343,0.32005,-0.6838,-0.8172,-0.7859,403.0,441.2,394.0,441.2,9.0,58.0,457.4,0.0,0.32334,0.22989,0.27185,-0.7581,-0.9084,-0.8596,474.4,495.6,465.6,495.6,5.0,21.0,499.8,0.0,0.40009,0.2689,0.30812,-0.7356,-0.8951,-0.8537,,,,466.4,0.0,29.0,541.0,0.0,0.0,0.0,,0.0,0.0,,,,,428.0,0.0,27.0,588.0,0.0,0.0,0.0,,0.0,0.0,,,,,414.8,0.0,63.0,634.2,0.0,0.0,0.0,,0.0,0.0,,669.8,669.8,669.8,669.8,2.0,86.0,680.4,0.0,0.50792,,0.24559,-0.7671,,-0.9707,,,,,,,,,,,,,,,,,,,,,,,,,,,,,,,,,,,,,,,,,,,,,,,,,,,,,,,,,,,,,,,,,,,,,,,,,,,,,,,,,,,,
2020-03-10,734.6,782.8,734.6,782.8,3.0,65.0,781.4,0.0,0.0,0.64662,0.0,0.0,0.835,0.0,685.4,685.4,685.4,685.4,1.0,15.0,733.4,0.0,0.0,0.61374,0.0,0.0,0.8262,0.0,633.8,646.2,630.0,630.0,7.0,29.0,687.2,0.0,0.0,0.56228,,0.0,0.8229,,591.6,640.2,591.6,640.2,5.0,19.0,640.6,0.0,,0.56082,0.35654,,0.8017,0.9345,543.2,558.0,500.0,500.0,7.0,13.0,594.8,0.0,,0.40226,,,0.8436,,500.2,515.8,500.2,515.8,4.0,53.0,546.6,0.0,,0.51147,,,0.7702,,457.4,514.4,457.4,512.4,34.0,78.0,502.6,0.0,0.28286,0.49245,0.37328,0.9306,0.7498,0.8632,416.8,443.4,416.8,443.4,5.0,76.0,459.6,0.0,,0.47692,0.27251,,0.7261,0.9039,377.8,423.0,330.2,423.0,19.0,118.0,416.6,0.0,0.27324,0.35203,0.34727,0.8885,0.7412,0.8221,321.0,362.6,321.0,362.6,7.0,67.0,376.4,0.0,0.20208,0.4074,0.28629,0.9215,0.6821,0.8297,286.4,325.0,257.6,325.0,83.0,61.0,336.2,0.0,0.22757,0.33769,0.29036,0.8608,0.6646,0.788,250.4,311.2,227.4,298.6,119.0,70.0,298.6,0.0,0.29853,0.33723,0.31466,0.7614,0.6199,0.7312,224.4,278.4,197.2,261.4,266.0,860.0,266.4,0.0,0.30413,0.33214,0.30694,0.7149,0.5745,0.6912,197.2,243.4,171.0,229.6,248.0,160.0,229.6,0.0,0.29948,0.33049,0.30632,0.6712,0.5275,0.6447,172.8,211.4,147.0,197.8,1171.0,1570.0,201.2,0.0,0.29643,0.32856,0.30093,0.6238,0.4801,0.5974,137.2,181.6,126.2,173.2,485.0,380.0,174.2,0.0,0.29296,0.32836,0.30485,0.574,0.4335,0.5471,117.0,155.0,107.0,147.6,721.0,661.0,147.6,0.0,0.29083,0.32687,0.30198,0.5225,0.3878,0.497,100.6,132.6,90.4,126.0,543.0,451.0,126.0,0.0,0.29182,0.32627,0.30204,0.4713,0.3443,0.4476,92.8,110.2,75.8,106.0,1653.0,915.0,106.0,0.0,0.28796,0.32561,0.30054,0.4195,0.303,0.3988,66.6,91.4,64.0,88.0,349.0,351.0,88.0,0.0,0.28623,0.32713,0.29834,0.3695,0.266,0.3512,56.4,76.2,53.2,72.2,971.0,798.0,73.6,0.0,0.28705,0.32707,0.29599,0.3234,0.2309,0.3056,47.8,63.0,43.6,59.4,263.0,295.0,59.4,0.0,0.28765,0.32604,0.29561,0.2804,0.1981,0.2643,36.0,51.0,36.0,49.4,531.0,506.0,49.4,0.0,0.28649,0.32673,0.29759,0.2395,0.1698,0.2283,30.6,42.2,29.2,39.0,222.0,427.0,39.0,0.0,0.28891,0.32611,0.29424,0.2054,0.1436,0.1913,25.8,34.6,24.0,31.6,325.0,664.0,31.6,0.0,0.29073,0.32739,0.29487,0.1747,0.1219,0.1615,21.8,27.6,19.4,26.0,210.0,295.0,26.0,0.0,0.2904,0.32754,0.29743,0.1457,0.1021,0.1369,18.0,23.2,15.8,20.8,356.0,507.0,20.8,0.0,0.29516,0.32873,0.29783,0.1248,0.0857,0.1139,13.8,18.6,13.0,15.4,414.0,817.0,16.2,0.0,0.29603,0.33092,0.29298,0.1037,0.0723,0.0898,12.0,13.8,7.6,7.8,661.0,1015.0,7.8,0.0,0.3881,0.38166,0.38099,-0.0357,-0.0624,-0.0373,15.0,16.2,9.4,9.6,322.0,488.0,9.6,0.0,0.38136,0.3706,0.37363,-0.0436,-0.0733,-0.0454,18.6,20.4,12.0,12.0,225.0,236.0,11.8,0.0,0.37752,0.36629,0.36776,-0.0542,-0.0898,-0.0558,23.0,25.6,14.2,14.6,196.0,133.0,14.6,0.0,0.36775,0.36243,0.35999,-0.0641,-0.1093,-0.0672,24.4,30.6,17.4,18.0,225.0,291.0,18.0,0.0,0.36114,0.3539,0.35363,-0.0772,-0.1291,-0.0814,31.0,38.8,21.8,22.2,116.0,239.0,21.8,0.0,0.35707,0.35297,0.34772,-0.0941,-0.1565,-0.0983,39.0,47.6,25.2,27.0,333.0,617.0,27.0,0.0,0.34538,0.34917,0.34086,-0.1092,-0.1855,-0.1175,48.4,55.6,31.2,32.2,133.0,577.0,33.0,0.0,0.34098,0.33913,0.3322,-0.1314,-0.2143,-0.1385,51.8,69.0,38.0,41.0,545.0,821.0,40.4,0.0,0.33543,0.33923,0.33168,-0.156,-0.2523,-0.1681,65.2,85.0,45.8,50.6,204.0,341.0,50.6,0.0,0.32921,0.34046,0.3287,-0.1836,-0.2936,-0.1997,80.6,101.2,56.0,60.8,687.0,419.0,60.8,0.0,0.32568,0.33724,0.32304,-0.2165,-0.3353,-0.2331,98.6,120.2,69.6,75.2,311.0,251.0,73.8,0.0,0.32613,0.33539,0.32319,-0.2549,-0.3797,-0.2733,105.2,142.6,80.0,88.2,1121.0,524.0,88.2,0.0,0.31484,0.33579,0.31562,-0.2905,-0.4258,-0.3127,128.2,165.4,96.2,106.4,280.0,338.0,105.4,0.0,0.31229,0.33234,0.31478,-0.3339,-0.4725,-0.358,154.4,191.4,113.6,125.4,1119.0,790.0,126.8,0.0,0.30769,0.33063,0.31088,-0.3793,-0.5196,-0.4045,186.0,216.6,135.2,148.8,304.0,286.0,148.8,0.0,0.3068,0.32271,0.31095,-0.4276,-0.5683,-0.4531,214.2,250.0,158.2,173.8,424.0,388.0,173.8,0.0,0.30392,0.32664,0.3094,-0.4768,-0.6123,-0.5019,247.8,281.0,183.6,201.6,197.0,228.0,198.2,0.0,0.30095,0.32115,0.30859,-0.5267,-0.6587,-0.5505,268.0,316.0,218.4,227.0,275.0,217.0,229.8,0.0,0.31138,0.31957,0.2984,-0.5717,-0.7011,-0.6022,300.8,330.2,246.2,260.8,77.0,160.0,260.8,0.0,0.30387,0.25973,0.30005,-0.6211,-0.7916,-0.6477,340.8,383.2,291.4,299.0,30.0,160.0,297.0,0.0,0.32721,0.29324,0.30668,-0.6517,-0.7974,-0.6869,382.2,404.6,314.0,335.8,17.0,113.0,333.4,0.0,0.29939,0.21849,0.30639,-0.7106,-0.9048,-0.7273,425.4,438.2,368.4,374.6,23.0,63.0,370.8,0.0,0.33736,,0.30653,-0.7211,,-0.7642,469.6,489.4,412.2,412.2,10.0,20.0,413.0,0.0,0.34992,,0.29895,-0.7457,,-0.8045,515.0,515.0,471.6,471.6,5.0,28.0,454.0,0.0,0.39798,,0.34819,-0.7434,,-0.7942,533.6,533.6,481.2,496.8,20.0,25.0,497.6,0.0,0.31661,,0.29578,-0.8314,,-0.8645,,,,414.8,0.0,63.0,543.0,0.0,0.0,0.0,,0.0,0.0,,607.8,654.0,582.6,590.4,10.0,92.0,585.8,0.0,0.36373,,0.31059,-0.8429,,-0.8963,,,,,,,,,,,,,,,,,,,,,,,,,,,,,,,,,,,,,,,,,,,,,,,,,,,,,,,,,,,,,,,,,,,,,,,,,,,,,,,,,,,,
2020-03-11,778.0,778.2,745.0,745.0,4.0,67.0,720.8,0.0,0.0,0.0,0.0,0.0,0.0,0.0,,,,685.4,0.0,15.0,662.8,0.0,0.0,0.0,0.47044,0.0,0.0,0.8977,637.8,637.8,637.8,637.8,1.0,29.0,615.8,0.0,,0.45257,0.45111,,0.8867,0.8875,629.6,629.6,629.6,629.6,2.0,19.0,569.6,0.0,,0.56362,0.56263,,0.8216,0.8221,582.0,582.0,560.0,560.0,4.0,13.0,524.2,0.0,,0.46941,0.46835,,0.8358,0.8364,535.4,535.4,512.0,512.0,5.0,56.0,479.6,0.0,0.20926,0.44281,0.44181,0.9838,0.8229,0.8236,489.8,489.8,464.2,464.2,5.0,81.0,435.8,0.0,0.23935,0.41615,0.41522,0.9551,0.8083,0.809,,,,443.4,0.0,76.0,394.4,0.0,0.0,0.0,0.45882,0.0,0.0,0.7611,377.4,377.4,377.4,377.4,1.0,118.0,352.8,0.0,,0.38306,0.38228,,0.7616,0.7622,,,,362.6,0.0,67.0,316.2,0.0,0.0,0.0,0.42954,0.0,0.0,0.7092,283.0,283.6,283.0,283.6,10.0,67.0,283.6,0.0,,0.32388,0.32461,,0.713,0.713,304.6,304.6,263.0,263.6,20.0,77.0,246.0,0.0,0.32027,0.35104,0.35176,0.7363,0.6591,0.6592,268.2,268.2,224.4,226.6,163.0,891.0,215.8,0.0,0.31477,0.33266,0.33668,0.6959,0.6197,0.6192,232.0,232.8,188.6,190.0,119.0,158.0,187.6,0.0,0.30715,0.3164,0.31875,0.6527,0.5748,0.575,196.8,206.2,162.2,162.2,531.0,1642.0,162.2,0.0,0.31291,0.31452,0.31411,0.6029,0.5254,0.5257,175.0,176.0,138.0,138.0,209.0,419.0,138.0,0.0,0.30649,0.31212,0.31175,0.5545,0.4754,0.4757,150.0,157.0,116.0,116.0,689.0,793.0,116.0,0.0,0.31706,0.30921,0.30887,0.5057,0.4255,0.4258,130.0,130.0,97.2,97.4,378.0,538.0,97.4,0.0,0.30741,0.30788,0.30799,0.4553,0.3772,0.3777,106.0,109.6,80.0,81.2,923.0,860.0,81.2,0.0,0.30584,0.30505,0.30737,0.4066,0.33,0.3319,82.8,91.0,66.6,66.8,172.0,370.0,66.8,0.0,0.30314,0.30579,0.30599,0.3587,0.2877,0.2882,73.2,75.4,54.4,54.6,403.0,843.0,54.6,0.0,0.30197,0.30481,0.30506,0.3137,0.2474,0.2479,60.0,62.6,44.2,44.8,155.0,326.0,44.4,0.0,0.30244,0.30431,0.30571,0.2727,0.2109,0.2124,48.4,51.2,36.2,36.2,321.0,548.0,36.0,0.0,0.30183,0.30557,0.30536,0.2342,0.1796,0.1796,39.0,42.0,28.8,30.0,191.0,413.0,29.6,0.0,0.30254,0.30449,0.3083,0.2004,0.1498,0.1533,32.2,34.0,23.2,23.6,302.0,719.0,23.6,0.0,0.3025,0.30535,0.30668,0.1694,0.1253,0.1266,26.4,27.4,19.0,19.0,138.0,300.0,19.0,0.0,0.30272,0.30799,0.30781,0.1422,0.1055,0.1055,20.8,21.2,15.0,16.0,132.0,493.0,15.6,0.0,0.30006,0.30798,0.31271,0.116,0.0865,0.0902,16.6,17.0,12.2,12.4,183.0,816.0,12.4,0.0,0.30116,0.3105,0.31148,0.0963,0.0721,0.073,7.6,8.4,6.4,8.4,197.0,1084.0,8.4,0.0,0.37461,0.36552,0.36567,-0.0322,-0.0425,-0.0424,9.2,9.8,8.0,9.8,131.0,515.0,10.4,0.0,0.36769,0.35326,0.35341,-0.0398,-0.05,-0.05,11.0,12.4,10.2,12.4,72.0,254.0,13.4,0.0,0.36256,0.3472,0.34736,-0.0497,-0.0621,-0.062,13.6,16.0,12.8,16.0,104.0,161.0,16.8,0.0,0.35665,0.34326,0.34343,-0.0612,-0.0777,-0.0777,18.0,21.8,15.6,21.8,158.0,329.0,21.8,0.0,0.34865,0.34541,0.34559,-0.0738,-0.1,-0.1,20.2,26.0,20.0,26.0,55.0,252.0,26.0,0.0,0.34552,0.33567,0.33585,-0.0916,-0.1184,-0.1184,28.2,31.8,24.6,31.8,184.0,633.0,32.6,0.0,0.33917,0.32875,0.32894,-0.1104,-0.1419,-0.1418,32.8,38.0,30.8,38.0,50.0,597.0,40.8,0.0,0.33524,0.31952,0.31973,-0.1339,-0.1675,-0.1674,37.6,50.0,37.6,50.0,285.0,886.0,50.0,0.0,0.32926,0.32329,0.32351,-0.1595,-0.2055,-0.2054,47.2,61.4,47.2,61.4,103.0,349.0,61.4,0.0,0.32762,0.31975,0.31999,-0.1915,-0.2425,-0.2424,62.2,75.0,57.4,75.0,266.0,435.0,76.6,0.0,0.323,0.31684,0.3171,-0.2252,-0.2835,-0.2833,76.0,90.4,71.2,90.4,131.0,269.0,92.6,0.0,0.32279,0.31319,0.31348,-0.265,-0.3275,-0.3273,92.2,110.0,85.0,110.0,561.0,520.0,110.0,0.0,0.31782,0.3136,0.31391,-0.3055,-0.3756,-0.3753,107.0,128.4,101.6,128.4,151.0,336.0,130.0,0.0,0.31443,0.30656,0.3069,-0.3498,-0.424,-0.4237,115.0,155.0,115.0,155.0,899.0,860.0,155.0,0.0,0.30013,0.31099,0.31136,-0.3944,-0.4748,-0.4744,144.2,180.0,144.2,180.0,184.0,295.0,180.0,0.0,0.31257,0.30723,0.30764,-0.4458,-0.5256,-0.5251,169.2,205.0,168.0,205.0,283.0,428.0,207.2,0.0,0.3094,0.29844,0.2989,-0.4952,-0.5785,-0.5779,194.8,229.8,194.8,225.8,184.0,238.0,240.6,0.0,0.3073,0.28364,0.27579,-0.5448,-0.6359,-0.6401,231.4,267.4,227.0,267.4,161.0,250.0,272.0,0.0,0.31111,0.29033,0.29093,-0.5912,-0.6797,-0.6789,272.4,295.0,257.6,295.0,52.0,171.0,311.6,0.0,0.3072,0.26885,0.26957,-0.6391,-0.742,-0.741,296.2,340.8,296.2,340.8,33.0,166.0,349.6,0.0,0.31554,0.28578,0.28657,-0.6774,-0.7687,-0.7676,333.8,365.2,333.8,365.2,2.0,113.0,389.4,0.0,0.31804,0.23552,0.2367,-0.7157,-0.8561,-0.8545,382.2,396.0,380.2,396.0,5.0,64.0,429.2,0.0,0.33763,0.15554,0.15973,-0.738,-0.9694,-0.9656,,,,412.2,0.0,20.0,474.0,0.0,0.0,0.0,,0.0,0.0,,,,,471.6,0.0,28.0,517.4,0.0,0.0,0.0,,0.0,0.0,,506.8,506.8,506.8,506.8,4.0,23.0,563.0,0.0,0.3512,,,-0.8181,,,,,,414.8,0.0,63.0,609.0,0.0,0.0,0.0,,0.0,0.0,,,,,590.4,0.0,92.0,652.4,0.0,0.0,0.0,,0.0,0.0,,,,,,,,,,,,,,,,,,,,,,,,,,,,,,,,,,,,,,,,,,,,,,,,,,,,,,,,,,,,,,,,,,,,,,,,,,,,,,,,,,,,,
2020-03-12,635.0,665.4,632.0,657.4,11.0,67.0,633.0,0.0,,0.4674,0.38964,,0.8871,0.9357,618.8,618.8,618.8,618.8,3.0,15.0,586.4,0.0,0.24756,0.56719,0.42342,0.9867,0.827,0.9024,546.6,569.2,546.6,561.4,8.0,31.0,557.0,0.0,0.23467,0.4591,0.35857,0.9836,0.847,0.9156,530.6,530.6,530.6,530.6,1.0,18.0,511.0,0.0,0.31572,0.53005,0.41208,0.9282,0.7938,0.8643,442.4,481.6,442.4,457.8,12.0,14.0,468.4,0.0,0.29528,0.37913,0.28585,0.9195,0.8335,0.9158,413.0,440.8,400.2,440.8,10.0,56.0,426.2,0.0,0.31072,0.37012,0.38294,0.8832,0.807,0.8255,390.0,409.0,371.4,385.6,42.0,81.0,384.2,0.0,0.34533,0.3938,0.3341,0.8298,0.7608,0.8222,337.0,365.4,330.0,330.0,19.0,88.0,345.8,0.0,0.33224,0.37803,0.28471,0.8036,0.7315,0.8194,296.4,325.6,296.2,306.0,28.0,128.0,306.0,0.0,0.32638,0.3772,0.3229,0.7689,0.6927,0.7524,275.2,284.2,268.4,284.2,8.0,73.0,273.6,0.0,0.31237,0.38507,0.3531,0.7346,0.6498,0.6956,251.8,259.2,224.4,238.2,138.0,105.0,241.2,0.0,0.33228,0.3532,0.32139,0.6803,0.6139,0.663,210.6,227.8,196.2,214.0,114.0,90.0,211.8,0.0,0.3311,0.35137,0.33356,0.6346,0.5683,0.6119,180.0,200.8,173.0,181.8,298.0,953.0,181.8,0.0,0.33412,0.35508,0.32345,0.5866,0.5222,0.5647,165.4,173.4,148.2,158.0,485.0,261.0,158.0,0.0,0.33129,0.35076,0.32571,0.5388,0.4758,0.5151,152.0,152.0,126.8,136.4,1025.0,1783.0,137.2,0.0,0.33574,0.34877,0.32743,0.4913,0.4299,0.4665,114.4,128.4,107.2,114.2,279.0,427.0,114.4,0.0,0.33098,0.3459,0.32302,0.4431,0.3847,0.4172,99.0,110.4,91.6,97.8,737.0,774.0,97.8,0.0,0.33296,0.34709,0.32587,0.3978,0.3429,0.3721,84.6,93.8,76.2,88.0,360.0,559.0,83.0,0.0,0.33339,0.34429,0.33881,0.3541,0.3013,0.3359,71.2,79.2,64.2,70.2,825.0,1049.0,70.2,0.0,0.33376,0.34509,0.32967,0.3128,0.2644,0.2898,57.4,66.0,52.0,57.0,204.0,357.0,58.2,0.0,0.33299,0.34098,0.32623,0.2734,0.2269,0.2493,45.6,55.4,43.0,49.0,690.0,910.0,49.0,0.0,0.33433,0.34111,0.3319,0.2385,0.1954,0.2191,37.2,46.0,34.4,39.0,252.0,317.0,39.8,0.0,0.33482,0.33813,0.32807,0.2061,0.1647,0.1846,29.4,38.4,28.8,33.4,322.0,580.0,33.4,0.0,0.33659,0.34104,0.33361,0.178,0.1417,0.161,27.0,31.6,22.8,27.0,182.0,437.0,27.0,0.0,0.33717,0.33871,0.33307,0.152,0.1176,0.1356,18.8,25.6,18.4,22.2,384.0,827.0,22.6,0.0,0.33669,0.33896,0.33475,0.1281,0.0983,0.115,15.6,21.0,15.6,18.8,239.0,350.0,18.8,0.0,0.33795,0.34364,0.33924,0.1084,0.0846,0.0991,13.0,17.8,12.6,14.8,340.0,548.0,15.2,0.0,0.34228,0.34442,0.33769,0.0935,0.0705,0.0813,9.6,15.0,8.2,12.6,377.0,874.0,12.6,0.0,0.34602,0.33081,0.34262,0.0802,0.0504,0.0701,9.8,16.0,9.8,13.0,455.0,1066.0,13.0,0.0,0.36827,0.38204,0.38193,-0.0491,-0.0732,-0.0609,11.8,20.2,11.8,16.2,222.0,500.0,16.2,0.0,0.35818,0.37753,0.37567,-0.059,-0.0899,-0.0744,16.8,25.2,15.2,20.0,257.0,211.0,20.0,0.0,0.35389,0.37256,0.369,-0.0739,-0.1092,-0.0901,23.2,31.2,21.2,25.6,74.0,154.0,25.0,0.0,0.35817,0.36754,0.36672,-0.0966,-0.1314,-0.1111,29.0,39.4,27.4,32.0,260.0,344.0,31.8,0.0,0.35692,0.36604,0.36295,-0.1196,-0.159,-0.1343,30.8,48.0,30.4,38.6,255.0,295.0,38.6,0.0,0.33932,0.36101,0.35567,-0.1358,-0.1878,-0.1588,43.2,58.4,38.2,47.0,605.0,718.0,47.0,0.0,0.33597,0.35685,0.35024,-0.1643,-0.2206,-0.1878,49.4,71.4,47.4,57.6,331.0,562.0,57.0,0.0,0.33223,0.35495,0.34678,-0.1964,-0.2579,-0.2215,55.0,86.2,55.0,72.0,725.0,741.0,72.0,0.0,0.31976,0.35259,0.34838,-0.2271,-0.2978,-0.2611,71.8,103.0,71.8,87.0,358.0,333.0,86.6,0.0,0.32653,0.35002,0.34618,-0.2729,-0.3403,-0.3016,87.8,123.0,87.2,100.0,557.0,444.0,100.0,0.0,0.32399,0.34962,0.33492,-0.3164,-0.3854,-0.3417,106.2,145.8,104.0,123.4,331.0,286.0,122.0,0.0,0.3196,0.35018,0.34164,-0.3622,-0.4316,-0.3897,127.4,169.0,125.6,146.0,1027.0,458.0,146.0,0.0,0.32037,0.34674,0.34141,-0.4114,-0.4783,-0.4365,152.0,195.2,152.0,172.2,431.0,379.0,169.2,0.0,0.32572,0.3447,0.34367,-0.4612,-0.5254,-0.4835,173.0,224.2,173.0,198.0,1144.0,773.0,198.0,0.0,0.3151,0.34369,0.34037,-0.5119,-0.5717,-0.5307,212.0,257.6,208.6,231.0,303.0,258.0,231.0,0.0,0.32909,0.34733,0.34716,-0.5575,-0.6147,-0.5743,237.2,289.2,233.2,259.4,278.0,405.0,259.4,0.0,0.31578,0.34258,0.3399,-0.6097,-0.6595,-0.6212,268.2,325.0,268.2,291.4,234.0,225.0,291.4,0.0,0.31926,0.34261,0.33546,-0.6537,-0.6998,-0.6661,301.0,354.0,301.0,326.4,182.0,254.0,327.2,0.0,0.31313,0.32065,0.33297,-0.7009,-0.7536,-0.708,342.0,392.8,342.0,365.8,71.0,150.0,368.6,0.0,0.32156,0.31737,0.33661,-0.7349,-0.7918,-0.7429,380.6,434.8,380.6,414.6,20.0,176.0,409.0,0.0,0.32018,0.31858,0.36125,-0.7725,-0.8228,-0.7591,467.8,481.4,449.8,468.0,33.0,100.0,450.6,0.0,0.39681,0.33121,0.39686,-0.7498,-0.8408,-0.765,,,,396.0,0.0,64.0,491.4,0.0,0.0,0.0,,0.0,0.0,,517.8,526.6,517.8,526.6,11.0,19.0,535.0,0.0,0.35685,,0.31512,-0.8328,,-0.8787,585.4,600.4,585.4,589.0,5.0,30.0,581.6,0.0,0.43366,0.21366,0.38252,-0.8036,-0.9821,-0.85,608.6,608.6,608.6,608.6,4.0,23.0,627.6,0.0,0.36844,,0.25044,-0.8694,,-0.9621,,,,414.8,0.0,63.0,692.2,0.0,0.0,0.0,,0.0,0.0,,,,,590.4,0.0,92.0,739.8,0.0,0.0,0.0,,0.0,0.0,,,,,,,,,,,,,,,,,,,,,,,,,,,,,,,,,,,,,,,,,,,,,,,,,,,,,,,,,,,,,,,,,,,,,,,,,,,,,,,,,,,,,
2020-03-13,502.4,621.0,473.6,567.2,26.0,72.0,617.0,0.0,,0.48361,,,0.8041,,460.4,550.0,457.2,540.0,9.0,17.0,573.4,0.0,,0.54242,,,0.7552,,,,,561.4,0.0,31.0,530.2,0.0,0.0,0.0,0.53227,0.0,0.0,0.8172,,,,530.6,0.0,18.0,488.8,0.0,0.0,0.0,0.55226,0.0,0.0,0.786,324.0,459.8,324.0,434.2,13.0,14.0,448.0,0.0,0.35344,0.45607,0.37516,0.8676,0.6853,0.8352,289.2,419.4,289.2,390.6,25.0,58.0,409.2,0.0,0.35622,0.44631,0.36207,0.8361,0.6507,0.8105,270.0,389.0,254.6,366.0,88.0,88.0,371.8,0.0,0.38231,0.43325,0.39809,0.7886,0.6143,0.7572,226.8,350.4,225.0,330.0,110.0,93.0,336.0,0.0,0.37711,0.42753,0.39514,0.7558,0.5748,0.722,204.0,318.2,192.2,297.2,200.0,139.0,306.0,0.0,0.38344,0.41051,0.39536,0.7152,0.5335,0.6835,177.8,285.8,168.0,265.0,290.0,118.0,265.0,0.0,0.38384,0.40797,0.39231,0.6756,0.491,0.6442,154.0,254.6,146.2,241.2,708.0,237.0,241.2,0.0,0.38222,0.40613,0.40302,0.6349,0.4489,0.6014,132.6,222.6,128.2,208.4,342.0,142.0,210.4,0.0,0.37445,0.40826,0.38981,0.5936,0.4088,0.5609,114.0,201.0,109.0,188.8,1575.0,1093.0,188.8,0.0,0.3841,0.40327,0.40009,0.5499,0.3676,0.5193,100.0,173.2,91.2,166.0,461.0,297.0,166.0,0.0,0.37627,0.39687,0.39931,0.5065,0.3266,0.4781,71.0,152.0,71.0,145.0,1757.0,1825.0,145.0,0.0,0.3777,0.37914,0.39809,0.4638,0.2799,0.4374,56.4,130.0,55.8,122.4,341.0,422.0,122.4,0.0,0.37309,0.36813,0.38919,0.4203,0.2379,0.3948,55.0,113.6,55.0,107.6,900.0,865.0,107.6,0.0,0.37602,0.39394,0.39297,0.3806,0.2239,0.3579,41.2,96.8,41.2,93.0,496.0,564.0,93.0,0.0,0.37396,0.37779,0.39338,0.3406,0.184,0.3217,42.0,84.8,39.6,78.4,1362.0,1265.0,78.4,0.0,0.37877,0.3972,0.38978,0.3063,0.1716,0.2851,40.0,71.4,39.2,66.0,297.0,386.0,66.0,0.0,0.37649,0.41972,0.38744,0.2704,0.1632,0.2513,20.2,60.8,18.0,57.8,725.0,926.0,57.8,0.0,0.37726,0.35422,0.3925,0.2388,0.0983,0.2247,24.8,51.0,24.8,49.8,397.0,287.0,49.8,0.0,0.37641,0.40696,0.39505,0.2086,0.1149,0.199,23.2,44.0,18.0,40.0,568.0,687.0,42.4,0.0,0.38014,0.3937,0.38834,0.1842,0.0903,0.1693,16.2,38.4,16.0,33.8,313.0,395.0,36.0,0.0,0.38538,0.40139,0.38947,0.1635,0.0805,0.1474,12.0,49.8,12.0,28.8,565.0,898.0,28.8,0.0,0.44493,0.39391,0.39187,0.1807,0.0639,0.1287,10.2,26.6,10.2,26.2,319.0,388.0,26.2,0.0,0.38479,0.39766,0.40154,0.1213,0.0552,0.1168,12.0,24.8,12.0,21.0,629.0,619.0,21.0,0.0,0.39702,0.428,0.39746,0.1117,0.0597,0.0979,9.8,20.6,9.8,18.2,961.0,882.0,18.2,0.0,0.39678,0.42704,0.40173,0.0957,0.0503,0.0861,26.0,37.4,16.2,24.8,1372.0,867.0,24.8,0.0,0.40197,0.39067,0.43163,-0.0711,-0.152,-0.0961,41.4,43.0,24.0,31.2,368.0,478.0,31.2,0.0,0.41593,0.37618,0.43067,-0.0959,-0.1752,-0.1163,50.4,55.0,28.8,37.8,392.0,219.0,37.8,0.0,0.40842,0.3784,0.42591,-0.1131,-0.2112,-0.1371,65.0,69.0,35.4,45.8,300.0,159.0,45.8,0.0,0.40459,0.38028,0.42215,-0.1348,-0.2498,-0.161,77.0,77.0,42.6,55.2,582.0,368.0,55.0,0.0,0.39878,0.36113,0.41873,-0.1583,-0.2823,-0.1877,92.6,166.6,51.6,65.2,527.0,257.0,65.2,0.0,0.39484,0.53213,0.41293,-0.1856,-0.3634,-0.2159,95.0,196.0,41.0,77.8,1124.0,651.0,77.8,0.0,0.32875,0.54858,0.41023,-0.1803,-0.3968,-0.2482,400.0,400.0,74.4,91.0,649.0,394.0,91.0,0.0,0.3878,0.85,0.40477,-0.2492,-0.4234,-0.2817,120.0,161.6,89.6,106.0,944.0,643.0,106.0,0.0,0.38733,0.36444,0.39957,-0.2863,-0.4683,-0.3179,166.6,177.8,108.6,127.0,393.0,353.0,127.0,0.0,0.39095,0.34125,0.40369,-0.3266,-0.5198,-0.3584,192.8,208.0,124.8,149.0,807.0,456.0,149.0,0.0,0.38357,0.34336,0.40521,-0.3654,-0.5688,-0.3989,219.6,242.0,146.0,169.2,444.0,274.0,169.2,0.0,0.38276,0.34882,0.39849,-0.4074,-0.614,-0.4394,220.0,297.0,166.4,194.2,997.0,484.0,196.2,0.0,0.37584,0.3987,0.39764,-0.45,-0.6344,-0.4809,282.2,310.6,192.4,222.2,424.0,325.0,222.2,0.0,0.37613,0.34642,0.39875,-0.4936,-0.7025,-0.522,321.2,350.0,220.8,250.2,757.0,632.0,250.2,0.0,0.37695,0.35078,0.39563,-0.5364,-0.7387,-0.5632,359.8,385.0,253.2,287.2,220.0,241.0,281.4,0.0,0.38181,0.33785,0.40759,-0.5768,-0.7843,-0.5984,259.4,429.2,259.4,318.0,274.0,379.0,314.4,0.0,0.32548,0.3471,0.4024,-0.6436,-0.8098,-0.6378,467.0,467.0,325.2,353.0,107.0,244.0,350.0,0.0,0.39529,0.33,0.40252,-0.6489,-0.8524,-0.6735,480.2,503.8,360.4,390.2,106.0,253.0,390.2,0.0,0.39476,0.29521,0.40402,-0.6847,-0.9053,-0.7065,535.0,538.2,427.8,427.8,20.0,149.0,423.8,0.0,0.46649,,0.40284,-0.6803,,-0.739,574.2,582.8,476.2,476.2,25.0,170.0,463.6,0.0,0.49337,,0.42672,-0.6955,,-0.7535,627.4,627.4,486.6,486.6,5.0,98.0,504.8,0.0,0.42363,,0.33476,-0.7602,,-0.8456,651.8,652.8,520.0,541.8,27.0,59.0,542.8,0.0,0.40327,,0.37588,-0.7998,,-0.8396,715.2,715.2,577.4,588.2,18.0,19.0,624.8,0.0,0.44955,0.0,0.38579,-0.7944,0.0,-0.8551,749.2,749.2,749.2,749.2,4.0,29.0,669.6,0.0,0.77868,0.0,0.71893,-0.6702,0.0,-0.7051,796.6,796.6,690.4,690.4,19.0,20.0,715.0,0.0,0.5354,0.0,0.43726,-0.788,0.0,-0.8607,844.2,844.2,710.2,767.0,9.0,62.0,761.2,0.0,0.46424,0.0,0.54909,-0.8466,0.0,-0.8148,892.6,892.6,783.2,783.2,29.0,88.0,807.8,0.0,0.56064,0.0,0.44921,-0.8109,0.0,-0.8863,,,,,,,,,,,,,,,,,,,,,,,,,,,,,,,,,,,,,,,,,,,,,,,,,,,,,,,,,,,,,,,,,,,,,,,,,,,,,,,,,,,,
2020-03-16,549.8,550.2,448.0,448.4,16.0,66.0,448.4,0.0,,0.4989,0.50018,,0.7915,0.791,561.2,565.0,413.0,427.0,24.0,24.0,404.2,0.0,0.44834,0.50313,0.5439,0.8812,0.7596,0.7466,,,,561.4,0.0,31.0,367.4,0.0,0.0,0.0,0.85,0.0,0.0,0.6701,426.8,426.8,341.6,341.6,12.0,18.0,332.2,0.0,,0.49278,0.49278,,0.6968,0.6968,378.0,380.0,305.6,305.6,11.0,20.0,299.2,0.0,,0.48073,0.48073,,0.664,0.664,340.0,350.6,269.0,279.2,41.0,64.0,268.0,0.0,0.25992,0.4635,0.48829,0.8864,0.6296,0.6259,301.2,302.6,239.6,241.8,58.0,109.0,240.2,0.0,0.23845,0.45965,0.46486,0.8668,0.5908,0.5904,318.0,318.0,213.6,214.4,84.0,107.0,214.4,0.0,0.39917,0.45919,0.46105,0.7208,0.551,0.551,257.2,257.2,187.0,193.2,139.0,187.0,193.2,0.0,0.32987,0.45274,0.46703,0.7076,0.5106,0.512,263.0,263.0,166.0,170.2,268.0,162.0,168.2,0.0,0.41918,0.45465,0.46436,0.6351,0.471,0.4728,236.8,236.8,145.6,146.0,661.0,364.0,146.0,0.0,0.42384,0.45349,0.45442,0.5938,0.4318,0.432,208.4,208.4,125.0,130.0,348.0,212.0,130.0,0.0,0.41886,0.44735,0.45931,0.553,0.3918,0.3959,176.0,184.0,109.6,116.8,897.0,1192.0,116.8,0.0,0.41821,0.44929,0.46699,0.5116,0.3557,0.3629,166.0,166.0,95.8,99.6,411.0,328.0,99.6,0.0,0.42708,0.45113,0.46085,0.4722,0.3216,0.3261,145.0,145.0,82.2,87.6,2043.0,2151.0,87.6,0.0,0.4251,0.44943,0.4639,0.4323,0.2877,0.2952,119.8,119.8,72.0,76.2,236.0,461.0,75.4,0.0,0.40923,0.45303,0.46489,0.3881,0.2588,0.2653,107.6,107.6,62.0,66.0,666.0,936.0,66.0,0.0,0.41857,0.45361,0.46561,0.3541,0.2304,0.2373,89.0,99.6,53.8,57.4,442.0,639.0,57.4,0.0,0.43455,0.45609,0.46761,0.3263,0.2054,0.2122,70.0,76.6,47.0,49.0,1084.0,1588.0,49.0,0.0,0.40965,0.4599,0.46678,0.2797,0.1834,0.1875,53.8,54.2,40.4,41.8,276.0,403.0,41.8,0.0,0.37825,0.46129,0.4665,0.2274,0.1621,0.1652,57.0,57.0,35.0,36.2,566.0,872.0,36.2,0.0,0.4141,0.46409,0.46893,0.2212,0.1436,0.1464,46.0,46.0,29.6,31.0,240.0,318.0,31.0,0.0,0.40674,0.46379,0.46997,0.1894,0.1252,0.1287,44.8,44.8,25.4,26.8,402.0,744.0,26.8,0.0,0.4278,0.46573,0.4725,0.1785,0.1099,0.1137,33.0,33.0,21.6,22.8,190.0,435.0,22.8,0.0,0.40935,0.46676,0.47316,0.1443,0.0958,0.0992,29.0,29.0,18.2,19.4,508.0,891.0,19.4,0.0,0.41554,0.467,0.47411,0.1283,0.0829,0.0865,22.8,22.8,15.6,17.0,337.0,430.0,17.0,0.0,0.40904,0.46929,0.47842,0.1064,0.0725,0.0768,19.2,19.2,13.8,14.4,349.0,583.0,14.4,0.0,0.41087,0.47478,0.47911,0.0918,0.0646,0.0665,15.8,16.2,11.8,12.4,544.0,827.0,12.4,0.0,0.41304,0.47678,0.48158,0.0792,0.0563,0.0583,25.0,52.6,20.0,51.6,667.0,998.0,51.6,0.0,0.42139,0.44558,0.44214,-0.0855,-0.1862,-0.1846,26.4,64.0,24.6,64.0,262.0,516.0,64.0,0.0,0.41509,0.4436,0.4436,-0.1029,-0.2174,-0.2174,32.4,76.4,32.4,76.2,265.0,287.0,76.2,0.0,0.41854,0.43954,0.43897,-0.1279,-0.2504,-0.2502,46.6,91.2,39.0,91.2,246.0,180.0,91.4,0.0,0.41151,0.43729,0.43729,-0.1506,-0.2866,-0.2866,61.2,110.0,47.6,108.0,422.0,413.0,108.0,0.0,0.4074,0.44034,0.43523,-0.1778,-0.3264,-0.3251,64.6,130.0,58.6,127.0,327.0,290.0,128.0,0.0,0.40618,0.44097,0.43364,-0.2095,-0.3666,-0.3653,76.2,151.8,69.8,148.6,847.0,774.0,148.6,0.0,0.40061,0.44085,0.43327,-0.242,-0.4076,-0.4069,90.0,175.8,85.0,170.8,398.0,436.0,173.2,0.0,0.40112,0.44096,0.42934,-0.2799,-0.4491,-0.4491,110.0,201.2,100.0,195.4,877.0,662.0,195.4,0.0,0.39606,0.43948,0.42611,-0.3181,-0.4907,-0.492,125.4,228.4,123.0,224.8,396.0,381.0,226.4,0.0,0.40513,0.43742,0.42909,-0.362,-0.5322,-0.5338,149.0,258.6,140.0,251.8,863.0,469.0,254.4,0.0,0.39515,0.43766,0.4217,-0.4029,-0.5725,-0.5771,170.2,280.2,160.6,272.6,371.0,295.0,282.0,0.0,0.38875,0.41257,0.39414,-0.4465,-0.6212,-0.6288,194.0,321.2,187.0,319.4,662.0,556.0,319.4,0.0,0.39031,0.42953,0.42504,-0.491,-0.6528,-0.6548,229.2,352.6,221.0,352.6,171.0,296.0,352.6,0.0,0.4037,0.41825,0.41825,-0.5322,-0.6949,-0.6949,250.0,397.6,250.0,390.4,707.0,640.0,390.4,0.0,0.40163,0.43865,0.41886,-0.5744,-0.718,-0.7292,289.6,432.0,289.6,426.2,112.0,237.0,426.2,0.0,0.41903,0.42623,0.40899,-0.6083,-0.7568,-0.7675,322.2,466.6,322.2,466.6,154.0,402.0,471.8,0.0,0.41672,0.40786,0.40786,-0.6467,-0.798,-0.798,371.6,504.0,366.4,504.0,37.0,244.0,508.6,0.0,0.43818,0.39092,0.39092,-0.6719,-0.8366,-0.8366,394.2,562.0,394.2,562.0,23.0,254.0,551.0,0.0,0.41585,0.44585,0.44585,-0.7168,-0.8251,-0.8251,480.4,523.6,480.4,523.6,8.0,146.0,595.4,0.0,0.53847,,,-0.6861,,,522.2,611.8,522.2,611.8,4.0,169.0,638.4,0.0,0.54933,,,-0.7068,,,,,,486.6,0.0,98.0,683.8,0.0,0.0,0.0,,0.0,0.0,,617.0,656.8,617.0,655.6,10.0,61.0,728.8,0.0,0.59473,,,-0.7324,,,743.6,743.6,743.6,743.6,4.0,19.0,774.8,0.0,0.81602,0.0,0.0,-0.6708,0.0,0.0,,,,749.2,0.0,29.0,822.0,0.0,0.0,0.0,0.0,0.0,0.0,0.0,695.8,844.8,695.8,844.8,16.0,25.0,869.8,0.0,0.44642,0.0,0.0,-0.8709,0.0,0.0,,,,767.0,0.0,62.0,917.0,0.0,0.0,0.0,0.0,0.0,0.0,0.0,845.2,850.0,845.2,850.0,7.0,87.0,964.8,0.0,0.66298,0.0,0.0,-0.7935,0.0,0.0,,,,,,,,,,,,,,,,,,,,,,,,,,,,,,,,,,,,,,,,,,,,,,,,,,,,,,,,,,,,,,,,,,,,,,,,,,,,,,,,,,,,
2020-03-17,513.6,517.0,408.2,433.6,39.0,67.0,433.6,0.0,,0.56007,0.47689,,0.7333,0.7997,461.0,461.0,359.2,395.6,17.0,23.0,395.6,0.0,,0.51554,0.4738,,0.7133,0.7692,427.0,427.0,347.8,359.2,42.0,32.0,359.2,0.0,,0.57009,0.47058,,0.6682,0.7364,396.2,396.2,316.6,321.4,30.0,31.0,325.2,0.0,,0.5655,0.45889,,0.6363,0.704,352.2,352.2,267.2,300.6,37.0,28.0,292.6,0.0,,0.51184,0.48693,,0.6073,0.6596,322.8,322.8,239.8,254.6,55.0,77.0,262.2,0.0,,0.50954,0.44567,,0.5704,0.6285,255.0,290.8,214.2,234.0,351.0,170.0,234.0,0.0,,0.50712,0.46299,,0.533,0.5858,250.0,250.0,189.2,213.2,313.0,190.0,213.2,0.0,,0.5017,0.47424,,0.4951,0.5458,235.8,235.8,172.8,195.0,820.0,400.0,195.0,0.0,0.17068,0.51252,0.48671,0.8875,0.4602,0.5079,206.6,207.4,150.2,164.0,633.0,255.0,164.0,0.0,0.21433,0.5042,0.46459,0.7772,0.4226,0.4661,185.2,200.4,131.0,146.8,1206.0,521.0,146.8,0.0,0.28621,0.49979,0.47045,0.6667,0.3862,0.429,161.0,161.0,120.0,129.8,488.0,308.0,125.8,0.0,0.26528,0.51197,0.47257,0.6138,0.357,0.3927,145.0,145.0,103.2,112.8,1404.0,1087.0,111.2,0.0,0.29071,0.50555,0.47048,0.5473,0.3225,0.3563,100.4,125.2,92.2,98.2,491.0,354.0,96.4,0.0,0.30023,0.51068,0.47022,0.4889,0.2946,0.3222,95.2,113.0,78.2,85.4,2646.0,2422.0,85.4,0.0,0.32036,0.50368,0.47066,0.4384,0.2626,0.2903,91.2,95.0,70.6,76.0,273.0,485.0,73.0,0.0,0.32216,0.51177,0.47681,0.3874,0.24,0.2633,85.0,85.0,60.4,65.6,696.0,1070.0,65.6,0.0,0.33736,0.50861,0.47664,0.3469,0.2135,0.2352,70.0,75.4,52.2,57.2,458.0,696.0,57.2,0.0,0.34952,0.50834,0.47902,0.3101,0.1903,0.2106,58.8,64.0,46.0,50.0,1115.0,1806.0,50.0,0.0,0.35315,0.51195,0.48208,0.2724,0.1711,0.1885,41.0,55.4,40.8,43.2,206.0,436.0,41.2,0.0,0.36015,0.51664,0.48339,0.2405,0.1543,0.1673,45.6,47.4,34.8,36.2,475.0,951.0,36.2,0.0,0.36521,0.5152,0.48043,0.2109,0.1358,0.1457,40.8,40.8,30.4,32.2,279.0,416.0,32.2,0.0,0.37104,0.51775,0.48664,0.1852,0.121,0.1311,34.4,34.4,26.8,27.0,443.0,788.0,27.0,0.0,0.37412,0.52162,0.48472,0.1605,0.1083,0.1137,30.4,30.4,23.2,24.0,186.0,474.0,24.0,0.0,0.38285,0.52303,0.49067,0.1426,0.0958,0.1021,25.0,26.6,20.0,21.0,527.0,779.0,20.6,0.0,0.38996,0.52408,0.49447,0.126,0.0844,0.0907,21.8,22.2,17.4,17.8,322.0,479.0,17.8,0.0,0.39171,0.52636,0.49456,0.1081,0.0747,0.0788,18.2,20.2,15.0,15.8,362.0,675.0,15.8,0.0,0.40234,0.52765,0.49992,0.0978,0.0657,0.0706,14.8,17.8,12.0,13.8,596.0,916.0,13.8,0.0,0.40923,0.5212,0.50338,0.0868,0.0548,0.0625,35.2,79.4,27.4,54.8,1739.0,1090.0,54.8,0.0,0.48774,0.48716,0.45593,-0.0982,-0.2441,-0.1913,42.6,94.0,40.2,65.0,315.0,523.0,65.0,0.0,0.51349,0.48478,0.44919,-0.1284,-0.2778,-0.2209,52.4,113.8,45.4,79.4,615.0,335.0,79.4,0.0,0.50006,0.49154,0.45035,-0.1449,-0.3157,-0.2563,59.8,131.4,58.2,95.2,389.0,221.0,95.2,0.0,0.51077,0.48705,0.44988,-0.1732,-0.3519,-0.2933,80.6,151.2,61.4,111.8,824.0,391.0,111.8,0.0,0.48463,0.48346,0.44631,-0.1887,-0.3898,-0.3312,99.8,173.8,87.8,131.8,452.0,300.0,131.8,0.0,0.52607,0.48201,0.44632,-0.232,-0.4289,-0.3716,105.6,200.0,102.4,153.8,1651.0,598.0,153.8,0.0,0.52547,0.48446,0.44606,-0.2606,-0.4681,-0.4129,150.0,226.2,127.4,178.0,669.0,459.0,178.0,0.0,0.54732,0.48221,0.44601,-0.2961,-0.5074,-0.4547,157.8,256.0,118.8,200.8,1360.0,730.0,200.8,0.0,0.48103,0.484,0.43776,-0.3114,-0.5455,-0.4972,181.6,285.8,166.8,231.6,717.0,392.0,231.6,0.0,0.54945,0.48132,0.44345,-0.3574,-0.5837,-0.538,211.6,321.2,191.6,256.0,1140.0,385.0,259.0,0.0,0.55652,0.4881,0.42914,-0.3893,-0.6178,-0.5826,234.8,332.4,228.0,289.8,159.0,259.0,292.0,0.0,0.58565,0.4276,0.43246,-0.4212,-0.6793,-0.6216,265.2,392.0,249.8,323.0,458.0,435.0,326.4,0.0,0.57825,0.4898,0.4297,-0.4512,-0.6844,-0.6612,300.0,424.8,289.6,361.0,107.0,269.0,362.6,0.0,0.60722,0.47703,0.43483,-0.4788,-0.7219,-0.6949,347.4,466.8,323.2,393.6,496.0,569.0,400.4,0.0,0.61926,0.48621,0.42057,-0.5056,-0.7465,-0.7369,361.8,477.8,361.2,436.2,87.0,206.0,440.4,0.0,0.63803,0.38599,0.43023,-0.53,-0.8362,-0.763,425.0,507.8,425.0,487.2,157.0,394.0,481.2,0.0,0.71119,0.31868,0.46332,-0.5424,-0.9098,-0.7723,449.0,592.2,449.0,530.6,58.0,236.0,523.2,0.0,0.69415,0.49323,0.47104,-0.5691,-0.8181,-0.794,492.4,616.4,492.4,568.2,69.0,265.0,564.8,0.0,0.71798,0.41093,0.45519,-0.5865,-0.8881,-0.8274,612.0,612.0,612.0,612.0,1.0,146.0,610.4,0.0,0.85,,0.45694,-0.5781,,-0.8482,665.0,665.0,652.6,652.6,2.0,168.0,654.8,0.0,0.85,,0.44071,-0.5964,,-0.8774,615.8,716.8,615.8,684.2,17.0,111.0,700.2,0.0,0.76322,0.0,0.35404,-0.6371,0.0,-0.9438,659.6,802.4,659.6,712.2,11.0,68.0,745.4,0.0,0.78126,0.0,0.0,-0.6508,0.0,0.0,798.8,798.8,775.8,775.8,10.0,29.0,791.4,0.0,0.85,0.0,0.0,-0.649,0.0,0.0,909.8,909.8,802.8,834.2,34.0,33.0,838.4,0.0,0.85,0.0,0.0,-0.6656,0.0,0.0,892.4,899.6,852.4,881.4,40.0,34.0,885.6,0.0,0.85,0.0,0.0,-0.6816,0.0,0.0,939.6,939.6,897.2,938.2,24.0,59.0,934.4,0.0,0.85,0.0,0.0,-0.6972,0.0,0.0,961.2,1037.4,944.0,944.0,11.0,83.0,982.2,0.0,0.85,0.0,0.0,-0.7123,0.0,0.0,,,,,,,,,,,,,,,,,,,,,,,,,,,,,,,,,,,,,,,,,,,,,,,,,,,,,,,,,,,,,,,,,,,,,,,,,,,,,,,,,,,,
2020-03-18,443.2,482.0,348.8,348.8,41.0,73.0,351.4,0.0,0.40516,0.44738,0.41699,0.8793,0.7571,0.7787,430.0,430.0,317.0,317.0,9.0,21.0,314.6,0.0,0.36212,0.45571,0.42942,0.8755,0.7162,0.7346,360.2,360.2,272.4,272.4,13.0,26.0,280.2,0.0,0.21795,0.42239,0.39841,0.9477,0.6859,0.7043,334.0,340.6,243.2,243.2,18.0,36.0,244.6,0.0,0.33465,0.42681,0.40567,0.8244,0.641,0.6568,303.8,311.8,212.0,214.4,151.0,76.0,214.4,0.0,0.36549,0.42005,0.4072,0.7657,0.597,0.61,279.8,285.2,185.6,185.8,103.0,121.0,187.2,0.0,0.38972,0.41974,0.40319,0.7121,0.5509,0.5629,237.6,253.8,158.2,161.0,331.0,152.0,161.0,0.0,0.39238,0.41129,0.4027,0.6672,0.5038,0.5148,212.2,220.0,135.2,142.2,288.0,198.0,142.2,0.0,0.38317,0.40795,0.41105,0.6234,0.4564,0.4688,187.0,198.0,116.0,120.2,943.0,439.0,120.2,0.0,0.3969,0.40837,0.40597,0.5745,0.4108,0.4217,170.0,174.8,98.2,100.4,858.0,309.0,101.2,0.0,0.4017,0.40683,0.40065,0.5281,0.3663,0.375,148.0,153.0,83.2,86.6,1248.0,529.0,86.6,0.0,0.40432,0.4072,0.40535,0.4826,0.3246,0.3345,129.8,132.8,71.2,71.6,547.0,395.0,71.6,0.0,0.40548,0.41075,0.40165,0.4382,0.2874,0.2925,112.0,117.0,60.0,65.0,1538.0,700.0,65.0,0.0,0.41213,0.41187,0.41729,0.3973,0.252,0.2646,101.2,101.2,50.0,51.8,420.0,358.0,51.8,0.0,0.41415,0.41189,0.40876,0.3572,0.2188,0.2256,95.0,98.0,42.0,44.4,3317.0,2141.0,44.4,0.0,0.44397,0.41396,0.41394,0.3329,0.1901,0.1981,80.0,80.0,35.0,37.0,250.0,490.0,37.0,0.0,0.432,0.41534,0.41505,0.292,0.1639,0.171,70.0,71.6,29.4,30.2,824.0,1121.0,30.2,0.0,0.4416,0.4182,0.41399,0.2644,0.1415,0.1454,54.2,54.2,24.4,25.6,616.0,750.0,25.6,0.0,0.42038,0.41982,0.41824,0.2211,0.1211,0.126,50.0,51.0,20.8,22.0,1182.0,1923.0,22.0,0.0,0.43869,0.42472,0.42402,0.2043,0.1051,0.1099,41.4,43.0,17.0,18.2,276.0,456.0,18.2,0.0,0.43844,0.4251,0.42551,0.1785,0.0887,0.0936,31.2,35.2,14.2,15.0,582.0,999.0,15.0,0.0,0.43471,0.42798,0.4269,0.1529,0.0757,0.0793,30.8,30.8,11.8,12.8,288.0,425.0,12.8,0.0,0.44072,0.43044,0.43177,0.1357,0.0644,0.0686,26.4,26.4,10.2,10.6,422.0,839.0,10.6,0.0,0.44394,0.43642,0.4338,0.1189,0.0561,0.0582,22.6,22.8,8.4,8.6,241.0,466.0,8.6,0.0,0.44809,0.43807,0.43423,0.1045,0.0473,0.0485,20.6,20.6,7.4,7.4,472.0,777.0,7.4,0.0,0.45725,0.44522,0.43956,0.0944,0.0418,0.0421,18.0,18.0,6.0,6.4,299.0,494.0,6.4,0.0,0.46228,0.44563,0.44509,0.0835,0.0348,0.0367,14.0,15.0,4.8,5.4,432.0,667.0,5.4,0.0,0.46223,0.44528,0.44855,0.0716,0.0286,0.0314,13.0,13.8,4.2,5.0,854.0,1024.0,5.0,0.0,0.47223,0.45137,0.45867,0.0655,0.0251,0.0288,46.6,61.8,18.6,58.4,1677.0,1281.0,58.4,0.0,0.36206,0.42067,0.41877,-0.0972,-0.2317,-0.2221,56.4,75.6,24.2,74.6,316.0,563.0,74.6,0.0,0.35771,0.4185,0.42536,-0.1219,-0.2705,-0.2638,70.6,91.8,30.2,88.6,452.0,406.0,88.6,0.0,0.34959,0.41721,0.41892,-0.1486,-0.3125,-0.3029,89.2,106.4,39.4,106.4,330.0,280.0,106.4,0.0,0.34815,0.40589,0.41731,-0.184,-0.3543,-0.3462,100.2,129.0,50.4,127.4,769.0,462.0,123.8,0.0,0.34612,0.40969,0.41808,-0.2237,-0.4017,-0.3916,118.4,152.8,66.4,148.6,328.0,367.0,148.6,0.0,0.35208,0.41031,0.41351,-0.2716,-0.4491,-0.4375,135.2,177.6,78.8,174.0,1666.0,635.0,174.0,0.0,0.34132,0.40754,0.4136,-0.3152,-0.4966,-0.4843,158.0,204.8,97.4,200.8,670.0,418.0,198.6,0.0,0.34075,0.40489,0.41143,-0.3667,-0.5442,-0.5311,186.8,235.6,117.8,226.2,1879.0,770.0,226.2,0.0,0.33806,0.40546,0.4001,-0.4199,-0.5901,-0.5801,241.6,268.4,142.4,268.4,511.0,409.0,258.6,0.0,0.33889,0.4056,0.42551,-0.4746,-0.6343,-0.6153,246.2,301.8,170.0,297.4,711.0,465.0,292.6,0.0,0.34035,0.4018,0.41233,-0.5286,-0.6781,-0.6622,272.4,336.0,199.4,332.8,333.0,263.0,332.8,0.0,0.33983,0.3943,0.4104,-0.5817,-0.7221,-0.7026,305.2,376.0,232.0,370.6,337.0,461.0,367.6,0.0,0.34092,0.39826,0.4101,-0.6321,-0.7565,-0.7396,343.2,415.0,267.2,415.0,125.0,230.0,413.0,0.0,0.34271,0.394,0.42563,-0.6789,-0.7929,-0.7639,387.8,458.6,306.2,458.6,266.0,532.0,448.0,0.0,0.34918,0.40069,0.43573,-0.719,-0.8187,-0.7881,389.6,499.6,348.4,499.6,94.0,189.0,497.2,0.0,0.36021,0.39273,0.43324,-0.7515,-0.8512,-0.8174,450.0,531.4,414.6,531.4,52.0,380.0,533.6,0.0,0.43914,0.32418,0.38515,-0.737,-0.9216,-0.8737,454.8,580.0,454.8,580.0,10.0,237.0,578.8,0.0,0.44141,0.33635,0.4029,-0.7661,-0.9315,-0.8837,493.0,599.4,492.0,591.0,25.0,265.0,623.8,0.0,0.4298,,,-0.8013,,,566.0,650.8,539.8,650.8,11.0,145.0,669.6,0.0,0.44971,,,-0.8146,,,595.4,664.0,595.4,664.0,6.0,168.0,716.0,0.0,0.4958,0.0,,-0.8109,0.0,,648.8,768.6,648.8,768.6,16.0,110.0,763.8,0.0,0.53384,0.0,0.0,-0.8115,0.0,0.0,,,,712.2,0.0,68.0,798.8,0.0,0.0,0.0,0.0,0.0,0.0,0.0,757.0,865.4,741.4,865.4,15.0,36.0,847.2,0.0,0.55744,0.0,0.0,-0.8369,0.0,0.0,832.8,905.6,832.8,905.6,9.0,38.0,907.2,0.0,0.0,0.0,0.0,0.0,0.0,0.0,902.0,952.0,902.0,952.0,12.0,34.0,956.6,0.0,0.0,0.0,0.0,0.0,0.0,0.0,862.4,1000.8,862.4,1000.8,10.0,58.0,1005.2,0.0,0.0,0.0,0.0,0.0,0.0,0.0,938.4,1033.0,938.4,1032.6,4.0,83.0,1054.4,0.0,0.0,0.0,0.0,0.0,0.0,0.0,,,,,,,,,,,,,,,,,,,,,,,,,,,,,,,,,,,,,,,,,,,,,,,,,,,,,,,,,,,,,,,,,,,,,,,,,,,,,,,,,,,,
2020-03-19,384.0,390.0,276.2,334.2,108.0,82.0,338.8,0.0,0.43164,0.48231,0.43563,0.8074,0.6643,0.757,344.2,344.2,245.0,286.2,211.0,50.0,303.0,0.0,0.40473,0.47785,0.39605,0.7842,0.6237,0.7324,280.0,299.8,216.8,257.8,413.0,71.0,268.6,0.0,0.37998,0.47588,0.41026,0.7556,0.5815,0.6824,244.4,255.6,194.8,231.6,423.0,80.0,232.6,0.0,0.35289,0.4844,0.42232,0.7226,0.5388,0.6336,241.8,249.2,168.2,202.8,945.0,330.0,204.0,0.0,0.42399,0.47548,0.4207,0.6515,0.4958,0.5874,187.2,213.6,145.6,183.0,1132.0,281.0,181.2,0.0,0.40752,0.47146,0.43576,0.6091,0.4528,0.5406,168.0,190.6,124.8,160.4,1837.0,440.0,160.4,0.0,0.41734,0.4667,0.43779,0.5613,0.41,0.4955,142.2,162.2,110.0,133.0,954.0,294.0,136.4,0.0,0.40784,0.47265,0.42215,0.5141,0.372,0.4475,128.0,142.0,93.8,115.0,1518.0,597.0,115.0,0.0,0.41275,0.46987,0.42451,0.4678,0.3329,0.4035,120.0,121.0,81.8,101.6,859.0,328.0,101.0,0.0,0.4101,0.47415,0.43363,0.4215,0.299,0.3645,98.0,102.6,69.2,87.0,1495.0,756.0,87.0,0.0,0.4084,0.47201,0.43475,0.3766,0.2644,0.3251,79.0,86.2,59.6,70.6,480.0,409.0,71.2,0.0,0.40637,0.47471,0.4254,0.3333,0.2348,0.2826,66.6,74.8,51.2,62.0,1324.0,955.0,62.0,0.0,0.41278,0.47731,0.43397,0.297,0.2077,0.2525,59.6,63.0,43.0,52.2,557.0,414.0,52.2,0.0,0.41342,0.47641,0.43462,0.2606,0.1811,0.2208,53.6,53.8,37.4,45.6,2623.0,2920.0,45.6,0.0,0.41732,0.48175,0.44197,0.2292,0.1606,0.1961,40.0,45.6,31.6,36.2,283.0,507.0,37.6,0.0,0.42024,0.4827,0.43468,0.2004,0.1398,0.1652,33.0,38.2,26.4,32.2,1010.0,1376.0,32.2,0.0,0.42176,0.48252,0.44469,0.1736,0.1206,0.1476,29.0,32.2,22.6,27.4,382.0,837.0,27.0,0.0,0.42456,0.48593,0.44829,0.1505,0.1054,0.1286,27.0,27.6,19.8,24.2,939.0,2084.0,24.2,0.0,0.42968,0.49216,0.45653,0.1315,0.0934,0.1144,20.4,22.8,16.0,19.4,237.0,469.0,19.4,0.0,0.43033,0.48889,0.45303,0.1122,0.0785,0.0957,16.0,19.0,14.0,16.8,853.0,921.0,16.8,0.0,0.43235,0.49483,0.45873,0.096,0.0693,0.0839,12.8,16.2,11.8,14.2,372.0,477.0,14.2,0.0,0.43692,0.49668,0.4617,0.0832,0.0597,0.0724,11.6,14.2,10.2,12.0,549.0,935.0,12.0,0.0,0.4441,0.50109,0.46467,0.0734,0.0523,0.0624,10.2,12.4,8.0,10.0,443.0,592.0,10.0,0.0,0.45059,0.49639,0.46636,0.0646,0.0427,0.0531,8.8,10.8,7.0,9.0,572.0,929.0,9.0,0.0,0.45654,0.50192,0.475,0.0568,0.0376,0.0478,7.0,9.4,6.0,7.4,420.0,640.0,7.4,0.0,0.46219,0.50548,0.47542,0.0499,0.0327,0.0403,6.4,8.2,5.2,6.4,560.0,814.0,6.4,0.0,0.46781,0.50984,0.48014,0.0438,0.0286,0.0352,5.4,7.6,4.4,5.8,837.0,1217.0,5.8,0.0,0.47832,0.51216,0.48846,0.0403,0.0245,0.0318,50.0,103.0,43.4,64.4,2115.0,1091.0,64.4,0.0,0.40806,0.45494,0.42768,-0.181,-0.3293,-0.2396,68.4,121.8,53.4,78.0,582.0,474.0,78.0,0.0,0.40271,0.45185,0.42359,-0.2148,-0.3722,-0.2785,69.2,144.2,66.0,93.8,1176.0,355.0,93.8,0.0,0.39992,0.45244,0.41996,-0.2536,-0.417,-0.3206,89.0,165.0,80.2,112.6,660.0,267.0,112.6,0.0,0.39579,0.44296,0.41852,-0.2953,-0.4624,-0.3656,103.6,194.0,98.4,133.2,1957.0,471.0,133.2,0.0,0.39655,0.44885,0.4157,-0.3415,-0.5076,-0.4121,123.8,220.0,118.8,157.0,1483.0,393.0,157.0,0.0,0.39665,0.44121,0.41501,-0.3892,-0.5539,-0.4597,169.0,253.4,130.0,179.2,3004.0,838.0,179.2,0.0,0.36783,0.44717,0.40436,-0.4364,-0.596,-0.5088,163.0,284.8,163.0,207.8,986.0,365.0,207.8,0.0,0.38702,0.44238,0.40374,-0.4876,-0.6397,-0.557,193.0,319.6,188.8,237.6,1350.0,732.0,237.6,0.0,0.38224,0.44136,0.40022,-0.5383,-0.6801,-0.605,231.0,355.0,224.0,290.0,563.0,337.0,273.4,0.0,0.39477,0.43654,0.45071,-0.5833,-0.7203,-0.6288,286.8,396.6,255.0,304.8,695.0,491.0,305.8,0.0,0.39125,0.44577,0.39536,-0.6305,-0.75,-0.695,305.8,432.8,289.4,354.0,116.0,237.0,349.0,0.0,0.39081,0.43212,0.43019,-0.6745,-0.7902,-0.7147,350.4,474.4,328.0,401.0,264.0,391.0,389.0,0.0,0.39663,0.43146,0.45648,-0.7121,-0.8198,-0.7349,371.8,518.4,371.8,449.4,109.0,203.0,426.6,0.0,0.41342,0.43569,0.48514,-0.7394,-0.8433,-0.7504,431.6,562.4,415.6,499.2,155.0,498.0,468.4,0.0,0.42717,0.43572,0.51676,-0.7647,-0.8666,-0.7619,500.8,600.0,480.2,537.8,58.0,175.0,511.0,0.0,0.50472,0.39282,0.50939,-0.751,-0.9126,-0.7914,500.0,647.6,500.0,569.0,35.0,371.0,554.2,0.0,0.43395,0.39931,0.46752,-0.8186,-0.9253,-0.8387,538.2,690.6,538.2,620.2,19.0,225.0,599.8,0.0,0.4141,0.0,0.49913,-0.8562,0.0,-0.8423,636.0,742.2,622.0,676.2,24.0,258.0,646.6,0.0,0.5684,0.0,0.54987,-0.7916,0.0,-0.8352,702.0,734.6,692.0,710.4,7.0,145.0,707.6,0.0,0.66293,0.0,0.5056,-0.7687,0.0,-0.8763,787.0,787.0,742.4,754.8,14.0,170.0,754.4,0.0,0.69264,0.0,0.0,-0.7748,0.0,0.0,882.8,882.8,768.6,806.8,6.0,109.0,801.8,0.0,0.63775,0.0,0.0,-0.816,0.0,0.0,,,,712.2,0.0,68.0,849.6,0.0,0.0,0.0,0.0,0.0,0.0,0.0,,,,865.4,0.0,36.0,897.8,0.0,0.0,0.0,0.0,0.0,0.0,0.0,956.0,956.0,956.0,956.0,2.0,38.0,946.2,0.0,0.0,0.0,0.0,0.0,0.0,0.0,1060.6,1060.6,1007.8,1007.8,9.0,34.0,995.0,0.0,0.0,0.0,0.0,0.0,0.0,0.0,978.4,1055.4,978.4,1055.4,7.0,53.0,1043.8,0.0,0.0,0.0,0.0,0.0,0.0,0.0,1025.8,1143.8,1025.8,1105.4,9.0,78.0,1092.8,0.0,0.0,0.0,0.0,0.0,0.0,0.0,376.0,391.6,317.8,358.0,66.0,28.0,377.0,0.0,0.19975,0.51159,0.38852,0.9795,0.6963,0.8177,41.8,85.8,34.4,52.0,891.0,224.0,52.0,0.0,0.411,0.45646,0.42936,-0.1497,-0.2879,-0.2029,,,,,,,,,,,,,,,,,,,,,,,,,,,,,,,,,,,,,,,,,,,,,,,,,,,,,,,,
2020-03-20,372.6,373.8,314.8,373.8,55.0,100.0,379.2,0.0,0.35892,0.41481,0.41201,0.8537,0.7587,0.8138,322.6,338.4,281.6,338.4,76.0,39.0,333.4,0.0,0.37729,0.41987,0.42068,0.8057,0.7142,0.7724,278.4,304.0,243.8,304.0,122.0,91.0,301.0,0.0,0.38761,0.4048,0.42448,0.7593,0.6738,0.7308,244.2,264.8,211.6,264.8,498.0,103.0,264.8,0.0,0.3753,0.39977,0.40796,0.7201,0.6266,0.6936,219.4,233.8,182.0,232.2,1006.0,198.0,228.4,0.0,0.38049,0.39528,0.40474,0.67,0.5768,0.6484,183.2,201.2,156.8,201.2,701.0,276.0,196.0,0.0,0.37428,0.39566,0.39963,0.6213,0.5256,0.6011,176.0,176.0,132.6,166.0,1810.0,505.0,166.0,0.0,0.38056,0.39205,0.37795,0.5686,0.4741,0.5522,152.0,188.8,112.4,144.8,1184.0,400.0,144.8,0.0,0.47464,0.39227,0.38537,0.5227,0.4239,0.5006,127.4,139.0,94.6,121.2,1500.0,812.0,121.2,0.0,0.40652,0.3925,0.38036,0.4702,0.3757,0.4486,120.2,120.2,79.6,104.0,729.0,425.0,104.0,0.0,0.4098,0.39427,0.38528,0.4241,0.3308,0.4006,97.0,106.4,66.4,82.8,1612.0,1017.0,82.8,0.0,0.42042,0.39537,0.37352,0.3831,0.2887,0.3478,78.0,80.6,55.0,69.4,708.0,418.0,69.4,0.0,0.39355,0.39625,0.37639,0.328,0.2499,0.304,74.8,74.8,45.2,55.6,1208.0,1165.0,55.6,0.0,0.41568,0.39682,0.37214,0.2988,0.2144,0.2594,64.4,64.4,38.0,48.0,412.0,497.0,48.0,0.0,0.42088,0.40153,0.38159,0.2646,0.1854,0.2275,50.6,55.0,31.6,40.8,2167.0,3342.0,40.8,0.0,0.42473,0.40486,0.3882,0.2329,0.1589,0.1978,39.8,42.6,25.4,32.8,284.0,504.0,32.0,0.0,0.41332,0.4043,0.38719,0.1946,0.1332,0.1666,34.8,39.2,21.2,27.4,451.0,1480.0,27.4,0.0,0.42959,0.4087,0.39179,0.1769,0.1138,0.1427,29.0,29.0,17.6,22.4,309.0,889.0,22.4,0.0,0.41497,0.41252,0.39398,0.1424,0.0967,0.1204,26.8,29.0,15.0,19.4,1021.0,2353.0,19.4,0.0,0.44056,0.41896,0.40251,0.136,0.0835,0.1051,19.6,20.6,12.4,15.2,148.0,500.0,15.2,0.0,0.42327,0.42225,0.40065,0.1058,0.0706,0.086,17.0,18.0,10.0,12.6,390.0,877.0,12.6,0.0,0.43124,0.42341,0.40467,0.0931,0.0586,0.0727,13.6,14.6,8.6,10.4,155.0,496.0,10.4,0.0,0.43127,0.43014,0.40828,0.078,0.0508,0.0613,12.4,12.4,6.8,8.8,320.0,967.0,8.8,0.0,0.43603,0.42988,0.4139,0.0673,0.0414,0.0525,12.0,12.4,6.0,7.2,228.0,596.0,7.2,0.0,0.45594,0.43818,0.41666,0.0649,0.0365,0.0438,9.6,9.6,5.2,6.2,300.0,911.0,6.2,0.0,0.45133,0.44477,0.42324,0.0525,0.0318,0.038,8.4,8.4,4.4,5.2,210.0,615.0,5.2,0.0,0.45797,0.44935,0.42763,0.0462,0.0272,0.0323,7.2,8.2,3.8,4.6,343.0,809.0,4.6,0.0,0.47367,0.45518,0.43558,0.044,0.0236,0.0285,8.4,8.4,3.2,4.2,598.0,1475.0,4.2,0.0,0.49327,0.45908,0.44538,0.0434,0.0201,0.0258,56.0,58.4,37.6,43.0,1290.0,1312.0,43.0,0.0,0.39636,0.40457,0.40633,-0.1678,-0.2367,-0.1833,53.6,71.6,46.0,49.2,260.0,482.0,50.4,0.0,0.38786,0.39987,0.38754,-0.2,-0.2782,-0.2116,59.0,86.8,58.0,64.6,667.0,362.0,64.2,0.0,0.38582,0.39473,0.39407,-0.2399,-0.3231,-0.2566,77.0,105.6,70.4,77.8,408.0,318.0,78.0,0.0,0.3786,0.3931,0.38661,-0.2813,-0.3721,-0.2987,99.0,127.0,86.2,95.6,1033.0,583.0,95.6,0.0,0.37501,0.39164,0.38589,-0.3282,-0.4229,-0.3467,125.4,147.4,103.8,112.2,632.0,448.0,112.2,0.0,0.36979,0.38103,0.37554,-0.3778,-0.475,-0.3952,122.6,177.6,110.0,133.2,2548.0,1181.0,133.2,0.0,0.32943,0.38888,0.37029,-0.4269,-0.5265,-0.4476,178.6,203.8,149.4,162.6,979.0,422.0,162.6,0.0,0.36621,0.37988,0.37948,-0.4843,-0.5799,-0.5001,176.6,239.8,150.0,189.0,1230.0,886.0,189.0,0.0,0.29882,0.39013,0.37461,-0.5544,-0.6253,-0.5528,231.8,270.0,206.4,208.2,636.0,361.0,215.4,0.0,0.36456,0.37847,0.34433,-0.5904,-0.6774,-0.6156,251.6,307.0,238.6,250.0,755.0,582.0,251.2,0.0,0.36343,0.37939,0.36617,-0.641,-0.7208,-0.6558,255.0,342.6,255.0,278.2,676.0,221.0,284.4,0.0,0.30999,0.36934,0.34448,-0.723,-0.7678,-0.7155,345.6,385.2,311.6,319.6,249.0,422.0,319.6,0.0,0.36608,0.37633,0.35421,-0.7304,-0.7996,-0.7526,403.8,417.0,354.2,355.6,105.0,210.0,359.0,0.0,0.37767,0.33183,0.34014,-0.7623,-0.8653,-0.8024,425.6,470.0,394.0,403.0,99.0,506.0,404.0,0.0,0.37543,0.37316,0.36086,-0.7994,-0.8628,-0.8217,480.0,503.0,433.2,442.6,55.0,180.0,465.2,0.0,0.36408,0.29748,0.34596,-0.8394,-0.9389,-0.8633,515.4,535.6,485.0,494.0,48.0,385.0,509.6,0.0,0.3993,,0.37897,-0.8429,,-0.8661,573.6,598.6,535.2,535.2,26.0,219.0,535.2,0.0,0.42725,0.29156,0.35894,-0.8498,-0.97,-0.9028,633.6,648.0,576.6,576.6,21.0,250.0,584.4,0.0,0.41358,0.30139,0.32116,-0.8806,-0.975,-0.9447,647.8,672.8,632.0,632.0,28.0,145.0,648.2,0.0,0.46448,,0.38477,-0.8703,,-0.9232,700.8,740.6,700.8,740.6,11.0,169.0,695.6,0.0,0.57045,0.0,0.66965,-0.8329,0.0,-0.7941,769.4,769.4,754.2,763.2,8.0,109.0,743.6,0.0,0.60986,0.0,0.0,-0.8317,0.0,0.0,817.6,827.4,796.8,826.4,10.0,65.0,791.8,0.0,0.0,0.0,0.0,0.0,0.0,0.0,864.8,864.8,849.6,855.2,8.0,36.0,840.4,0.0,0.0,0.0,0.0,0.0,0.0,0.0,869.2,869.2,869.2,869.2,2.0,38.0,889.4,0.0,0.0,0.0,0.0,0.0,0.0,0.0,937.4,937.4,931.6,931.6,6.0,34.0,938.4,0.0,0.0,0.0,0.0,0.0,0.0,0.0,986.2,1023.0,986.2,1023.0,5.0,51.0,987.6,0.0,0.0,0.0,0.0,0.0,0.0,0.0,1061.4,1068.2,1005.8,1009.8,6.0,81.0,1037.0,0.0,0.0,0.0,0.0,0.0,0.0,0.0,403.0,425.0,355.2,425.0,60.0,27.0,417.2,0.0,0.40136,0.42665,0.45731,0.862,0.7925,0.8253,36.8,47.4,30.0,32.8,444.0,292.0,32.8,0.0,0.40226,0.41011,0.40447,-0.1385,-0.1995,-0.1486,439.6,470.0,396.0,464.0,32.0,8.0,464.0,0.0,0.41403,0.43465,0.45149,0.8839,0.8241,0.8578,30.0,38.2,24.2,27.6,573.0,334.0,27.6,0.0,0.41056,0.41592,0.41791,-0.1143,-0.1666,-0.1258,,,,,,,,,,,,,,,,,,,,,,,,,,,,
2020-03-23,291.2,300.4,273.2,276.2,81.0,106.0,277.6,0.0,0.336,0.47238,0.40952,0.8262,0.69,0.7385,255.6,274.6,231.4,241.4,140.0,81.0,247.0,0.0,0.38157,0.44056,0.40652,0.7542,0.6527,0.6919,222.8,240.6,199.4,210.8,224.0,137.0,213.6,0.0,0.3839,0.43249,0.40863,0.7042,0.6053,0.6409,160.8,212.6,160.8,179.0,263.0,154.0,185.4,0.0,0.39559,0.39949,0.39976,0.649,0.5558,0.5897,165.8,182.0,148.6,160.8,859.0,397.0,160.8,0.0,0.39145,0.43284,0.42121,0.5969,0.5044,0.536,142.2,161.0,127.0,136.0,1196.0,525.0,136.0,0.0,0.40611,0.43309,0.41707,0.5425,0.4546,0.4841,101.0,133.4,101.0,114.8,2203.0,850.0,114.8,0.0,0.39552,0.41403,0.41583,0.4887,0.3999,0.433,100.0,111.4,92.0,95.4,1089.0,551.0,95.4,0.0,0.3929,0.43684,0.4127,0.4351,0.3612,0.3826,80.0,94.2,76.8,80.6,1532.0,1095.0,80.6,0.0,0.39645,0.43593,0.41611,0.3851,0.3173,0.3371,82.0,82.0,64.2,66.8,477.0,453.0,66.8,0.0,0.40788,0.43693,0.41628,0.3421,0.2771,0.2935,60.2,66.0,53.0,56.0,1532.0,1188.0,56.0,0.0,0.40201,0.43663,0.41996,0.2946,0.2395,0.2553,48.0,54.6,43.6,45.4,462.0,506.0,45.4,0.0,0.40392,0.43691,0.41844,0.2544,0.2056,0.2176,40.2,45.8,36.6,38.0,1027.0,1334.0,38.0,0.0,0.40897,0.44123,0.42318,0.2201,0.1777,0.1876,31.2,38.0,30.4,32.2,303.0,482.0,32.2,0.0,0.41254,0.4442,0.42979,0.1888,0.1523,0.1624,31.2,33.6,25.6,27.2,2005.0,3992.0,27.2,0.0,0.42539,0.44929,0.4358,0.1672,0.1312,0.1401,20.0,26.6,20.0,22.2,257.0,527.0,22.2,0.0,0.42266,0.44524,0.43743,0.1391,0.1077,0.1182,16.8,22.8,16.8,18.0,683.0,1620.0,18.0,0.0,0.43064,0.45047,0.43874,0.1208,0.0922,0.0991,19.0,19.8,14.6,14.8,411.0,924.0,14.8,0.0,0.43974,0.45919,0.44191,0.1057,0.0807,0.0836,11.8,17.2,11.8,13.0,936.0,2298.0,13.0,0.0,0.44838,0.46009,0.4518,0.0925,0.0672,0.0735,10.0,14.2,10.0,10.6,298.0,556.0,10.6,0.0,0.45119,0.4658,0.45395,0.0783,0.0577,0.0615,8.8,12.2,8.2,8.8,487.0,952.0,8.8,0.0,0.45807,0.46832,0.45789,0.0679,0.0484,0.052,8.6,10.2,7.2,7.4,417.0,561.0,7.4,0.0,0.46205,0.47681,0.46288,0.0578,0.0426,0.0444,7.0,9.0,6.0,6.4,454.0,1049.0,6.4,0.0,0.47087,0.48048,0.47002,0.0511,0.0361,0.0386,5.0,8.0,4.8,5.4,238.0,567.0,5.4,0.0,0.47992,0.48088,0.47486,0.0454,0.0296,0.033,4.6,6.8,4.0,4.6,361.0,911.0,4.6,0.0,0.48467,0.48457,0.48027,0.0391,0.0251,0.0283,4.0,5.8,3.0,4.0,296.0,601.0,4.0,0.0,0.48954,0.48071,0.48701,0.0337,0.0195,0.0247,3.6,5.2,3.2,3.6,399.0,812.0,3.6,0.0,0.49827,0.50174,0.496,0.0302,0.0199,0.0222,3.4,5.0,3.2,3.6,656.0,1668.0,3.6,0.0,0.51232,0.51796,0.51249,0.0285,0.0194,0.0216,72.6,83.2,53.2,73.4,2120.0,1412.0,73.4,0.0,0.42314,0.44633,0.44414,-0.2218,-0.3023,-0.275,87.0,98.4,68.8,86.6,681.0,426.0,86.8,0.0,0.42866,0.43684,0.43283,-0.2664,-0.3464,-0.3165,103.8,119.0,81.6,104.6,1117.0,486.0,104.6,0.0,0.41777,0.43654,0.42962,-0.308,-0.3953,-0.3637,123.8,143.0,99.6,125.2,882.0,438.0,125.2,0.0,0.41604,0.43868,0.42689,-0.356,-0.4453,-0.4132,146.0,168.6,118.8,149.6,1935.0,673.0,149.6,0.0,0.41071,0.43824,0.42769,-0.4057,-0.4951,-0.4639,178.4,197.0,142.8,175.2,1295.0,518.0,175.2,0.0,0.4116,0.43873,0.42481,-0.4575,-0.5443,-0.5148,199.2,226.4,166.2,204.8,2091.0,1246.0,204.8,0.0,0.40387,0.43533,0.42608,-0.5102,-0.5932,-0.5644,229.8,259.0,198.8,235.2,402.0,418.0,236.0,0.0,0.41404,0.43443,0.42289,-0.5595,-0.6397,-0.6136,239.0,294.4,228.0,268.2,492.0,824.0,268.2,0.0,0.40833,0.43545,0.42042,-0.6105,-0.683,-0.6609,292.4,332.2,269.0,309.4,196.0,329.0,308.8,0.0,0.42971,0.43797,0.43673,-0.6482,-0.7223,-0.6959,340.4,372.2,299.0,351.4,322.0,513.0,341.4,0.0,0.41312,0.44223,0.45123,-0.6994,-0.7572,-0.7273,366.0,412.0,343.8,396.8,111.0,208.0,385.6,0.0,0.43626,0.44022,0.47339,-0.7269,-0.7923,-0.7505,408.4,453.8,393.8,426.6,146.0,429.0,426.6,0.0,0.47367,0.44009,0.4341,-0.7424,-0.823,-0.8055,483.4,492.4,427.0,454.8,14.0,207.0,470.8,0.0,0.45,0.41808,0.36558,-0.788,-0.8639,-0.8802,508.8,540.0,492.6,526.4,84.0,499.0,514.8,0.0,0.53977,0.4338,0.49663,-0.7685,-0.878,-0.8245,555.0,580.0,533.4,560.6,18.0,181.0,561.2,0.0,0.53905,0.39775,0.45215,-0.7948,-0.9192,-0.8732,597.2,629.8,568.8,608.0,42.0,371.0,608.0,0.0,0.51111,0.42073,0.46494,-0.8333,-0.9235,-0.8864,635.2,672.0,630.2,653.4,34.0,216.0,655.0,0.0,0.58792,0.36745,0.46278,-0.8162,-0.9622,-0.9056,707.8,714.0,685.4,687.0,30.0,252.0,702.4,0.0,0.63821,0.0,0.31096,-0.813,0.0,-0.9843,761.8,765.6,712.0,741.8,20.0,155.0,749.6,0.0,0.56292,0.0,0.0,-0.8664,0.0,0.0,,,,740.6,0.0,169.0,798.4,0.0,0.0,0.0,0.0,0.0,0.0,0.0,,,,763.2,0.0,109.0,846.6,0.0,0.0,0.0,0.0,0.0,0.0,0.0,,,,826.4,0.0,65.0,895.0,0.0,0.0,0.0,0.0,0.0,0.0,0.0,897.4,897.4,897.4,897.4,3.0,38.0,942.8,0.0,0.0,0.0,0.0,0.0,0.0,0.0,1000.8,1000.8,944.0,944.0,4.0,38.0,992.6,0.0,0.0,0.0,0.0,0.0,0.0,0.0,1021.2,1031.4,994.0,1031.4,7.0,37.0,1042.0,0.0,0.0,0.0,0.0,0.0,0.0,0.0,1072.0,1072.0,1042.8,1071.8,11.0,45.0,1091.8,0.0,0.0,0.0,0.0,0.0,0.0,0.0,1125.6,1129.8,1090.2,1129.8,6.0,82.0,1141.2,0.0,0.0,0.0,0.0,0.0,0.0,0.0,324.6,338.2,303.6,319.4,45.0,40.0,318.6,0.0,0.3184,0.46255,0.4348,0.8789,0.7356,0.771,55.8,66.0,46.4,60.2,559.0,346.0,60.2,0.0,0.4427,0.44227,0.4491,-0.1924,-0.2567,-0.2351,363.4,408.2,343.2,354.0,115.0,25.0,354.2,0.0,0.45308,0.4765,0.42189,0.8371,0.7702,0.8164,38.4,54.0,36.2,49.4,1407.0,673.0,49.4,0.0,0.44314,0.44836,0.45597,-0.1582,-0.2182,-0.1996,,,,,,,,,,,,,,,,,,,,,,,,,,,,
2020-03-24,329.2,360.6,301.2,352.4,55.0,109.0,352.4,0.0,0.40397,0.45738,0.44563,0.8316,0.7381,0.7955,296.8,318.6,284.0,300.4,24.0,79.0,307.2,0.0,0.39301,0.50903,0.39226,0.7982,0.6809,0.7805,256.6,277.0,225.4,271.8,109.0,149.0,271.8,0.0,0.3779,0.42543,0.4172,0.7617,0.6566,0.7242,228.0,240.4,194.8,236.6,243.0,182.0,235.0,0.0,0.37348,0.42211,0.4108,0.7145,0.6066,0.6788,180.2,210.0,166.6,205.8,508.0,434.0,202.8,0.0,0.38006,0.41838,0.41042,0.6594,0.5548,0.6285,153.2,182.0,140.0,173.4,998.0,620.0,173.4,0.0,0.38482,0.41189,0.39835,0.6038,0.5016,0.5776,137.0,155.8,118.8,148.0,3462.0,1028.0,148.0,0.0,0.38652,0.41311,0.39853,0.5483,0.4492,0.5235,122.8,130.4,100.0,125.0,1074.0,658.0,125.0,0.0,0.38279,0.41399,0.39788,0.4924,0.3986,0.4696,100.8,110.0,83.0,104.8,2758.0,1383.0,104.8,0.0,0.38518,0.41311,0.39769,0.438,0.3496,0.4169,84.6,90.6,69.8,86.0,755.0,551.0,86.0,0.0,0.38306,0.41705,0.39429,0.3844,0.306,0.3649,66.2,75.0,58.0,70.8,1722.0,1467.0,70.8,0.0,0.38462,0.41929,0.3943,0.3348,0.2653,0.3169,59.8,61.2,46.8,59.4,659.0,510.0,59.4,0.0,0.38474,0.41727,0.39953,0.288,0.2258,0.2755,42.0,50.4,39.0,47.6,1145.0,1442.0,47.6,0.0,0.38791,0.42184,0.39722,0.2472,0.1941,0.2336,39.6,41.6,32.8,40.0,376.0,543.0,40.0,0.0,0.39209,0.42795,0.40385,0.2113,0.1673,0.2014,35.0,36.0,27.6,33.0,2198.0,4189.0,33.0,0.0,0.40339,0.43403,0.40778,0.1846,0.1439,0.1716,27.0,28.2,22.6,27.2,260.0,555.0,27.2,0.0,0.40069,0.43659,0.41185,0.1525,0.1216,0.1457,22.0,23.2,18.6,22.0,656.0,1779.0,22.0,0.0,0.40516,0.44004,0.41386,0.1289,0.1028,0.122,18.2,19.2,15.6,18.8,558.0,924.0,18.6,0.0,0.41036,0.44566,0.42233,0.1092,0.0878,0.1054,15.0,17.2,13.4,15.6,759.0,2466.0,15.6,0.0,0.42387,0.45358,0.42727,0.0971,0.0761,0.0893,11.6,13.6,11.0,13.0,222.0,590.0,13.0,0.0,0.42384,0.45666,0.43254,0.0796,0.064,0.0758,9.6,11.4,9.0,11.0,458.0,1023.0,11.0,0.0,0.42978,0.45951,0.43911,0.0678,0.0535,0.0649,8.0,9.6,7.6,9.2,450.0,568.0,9.2,0.0,0.43592,0.46519,0.44436,0.0578,0.0458,0.0551,6.8,8.2,6.0,7.8,379.0,1013.0,7.8,0.0,0.44303,0.46508,0.45061,0.0498,0.0373,0.0473,5.6,7.2,5.2,6.6,293.0,561.0,6.6,0.0,0.45211,0.4726,0.45642,0.0437,0.0324,0.0404,4.8,6.4,4.2,5.8,337.0,917.0,5.8,0.0,0.46175,0.47442,0.46503,0.0388,0.0268,0.0355,4.2,5.6,3.4,5.0,336.0,635.0,5.0,0.0,0.46968,0.4765,0.47175,0.034,0.0221,0.0308,3.8,4.8,3.2,4.4,299.0,854.0,4.4,0.0,0.47566,0.48915,0.47973,0.0294,0.0205,0.0271,3.6,4.8,2.4,3.8,765.0,1745.0,3.8,0.0,0.49329,0.4857,0.48598,0.0285,0.0159,0.0236,51.4,64.2,39.2,46.0,1852.0,1425.0,46.0,0.0,0.42023,0.43843,0.43041,-0.1769,-0.2546,-0.1974,62.8,76.8,47.8,56.0,505.0,411.0,56.0,0.0,0.41011,0.42835,0.4215,-0.2105,-0.296,-0.2335,76.4,92.0,59.2,69.2,1075.0,491.0,69.2,0.0,0.40394,0.41999,0.41717,-0.2507,-0.342,-0.2758,92.4,111.8,73.2,82.6,1019.0,440.0,83.0,0.0,0.39944,0.41826,0.40675,-0.2959,-0.3928,-0.32,100.0,134.4,88.0,98.6,2074.0,876.0,98.6,0.0,0.3904,0.41706,0.39759,-0.3437,-0.4451,-0.3688,132.4,157.6,107.0,119.4,1106.0,527.0,119.4,0.0,0.38649,0.41021,0.39502,-0.3965,-0.4985,-0.4221,181.0,185.6,129.4,144.4,2542.0,1333.0,144.4,0.0,0.38451,0.40938,0.39652,-0.4517,-0.5516,-0.4766,181.0,214.0,156.8,169.4,498.0,422.0,171.2,0.0,0.38855,0.40232,0.39061,-0.5069,-0.6055,-0.5318,209.0,252.0,182.8,201.6,706.0,793.0,201.6,0.0,0.38135,0.41609,0.39714,-0.563,-0.6491,-0.5833,239.6,286.0,219.8,234.2,224.0,321.0,234.2,0.0,0.39732,0.41157,0.39794,-0.6102,-0.6968,-0.6335,280.0,323.4,253.2,256.2,244.0,493.0,267.8,0.0,0.3968,0.41093,0.35893,-0.6593,-0.7396,-0.7029,312.0,358.0,292.4,304.0,48.0,212.0,304.6,0.0,0.40724,0.39249,0.39237,-0.6994,-0.7901,-0.7288,357.0,400.0,326.6,344.4,68.0,420.0,344.4,0.0,0.39561,0.39396,0.39746,-0.748,-0.8241,-0.7663,398.0,424.2,368.0,396.4,37.0,195.0,387.4,0.0,0.40146,0.27717,0.44018,-0.7825,-0.9381,-0.7759,441.2,485.0,408.2,424.4,89.0,516.0,427.6,0.0,0.39689,0.37976,0.385,-0.8198,-0.8906,-0.8437,484.4,537.0,454.0,482.0,28.0,167.0,474.4,0.0,0.41003,0.41891,0.44911,-0.8413,-0.8889,-0.831,527.0,580.0,516.2,518.4,59.0,350.0,517.6,0.0,0.49247,0.39918,0.41353,-0.8187,-0.9202,-0.8782,573.4,623.4,555.0,623.4,9.0,219.0,566.4,0.0,0.47328,0.3631,0.67212,-0.8537,-0.9541,-0.7686,622.8,680.0,598.6,607.8,21.0,244.0,613.4,0.0,0.46905,0.4479,0.3975,-0.8775,-0.9267,-0.927,,,,741.8,0.0,155.0,661.0,0.0,0.0,0.0,0.80126,0.0,0.0,-0.7584,714.0,715.8,714.0,715.8,4.0,169.0,713.8,0.0,0.59892,0.0,0.50201,-0.8494,0.0,-0.9049,,,,763.2,0.0,109.0,762.2,0.0,0.0,0.0,0.0,0.0,0.0,0.0,791.8,825.6,786.6,799.6,14.0,65.0,805.0,0.0,0.0,0.0,0.0,0.0,0.0,0.0,,,,897.4,0.0,38.0,860.0,0.0,0.0,0.0,0.0,0.0,0.0,0.0,,,,944.0,0.0,38.0,909.0,0.0,0.0,0.0,0.0,0.0,0.0,0.0,939.0,939.0,935.6,935.6,2.0,38.0,958.4,0.0,0.0,0.0,0.0,0.0,0.0,0.0,999.0,1023.8,999.0,1023.8,9.0,42.0,1007.8,0.0,0.0,0.0,0.0,0.0,0.0,0.0,1066.4,1073.4,1035.8,1035.8,6.0,80.0,1057.4,0.0,0.0,0.0,0.0,0.0,0.0,0.0,402.2,402.2,337.8,389.4,17.0,40.0,388.8,0.0,0.40631,0.45968,0.43685,0.8648,0.7777,0.8355,46.6,51.6,32.0,37.8,411.0,441.0,37.8,0.0,0.43029,0.44165,0.4403,-0.1476,-0.2145,-0.1662,420.0,446.0,382.8,434.2,24.0,23.0,432.0,0.0,0.41193,0.48796,0.45482,0.8916,0.8026,0.8588,38.8,43.0,26.6,30.8,895.0,810.0,30.8,0.0,0.44345,0.45341,0.44958,-0.124,-0.1823,-0.1387,461.2,487.4,431.2,479.8,33.0,10.0,479.2,0.0,0.39118,0.52785,0.47295,0.9268,0.8193,0.8786,29.0,35.4,21.6,26.2,591.0,314.0,26.0,0.0,0.45368,0.46365,0.46565,-0.1026,-0.1535,-0.1181
2020-03-25,419.6,439.6,395.6,430.0,67.0,101.0,419.4,0.0,0.40241,0.44208,0.47487,0.8917,0.8383,0.8416,360.0,397.0,355.2,397.0,54.0,62.0,375.4,0.0,0.40293,0.43843,0.50069,0.8612,0.8046,0.7984,330.0,354.4,313.4,340.2,61.0,132.0,338.4,0.0,0.3957,0.4232,0.42907,0.8301,0.7721,0.7935,295.2,312.0,275.0,304.4,110.0,158.0,297.4,0.0,0.3832,0.41444,0.43295,0.7969,0.7321,0.7511,258.0,275.0,235.0,258.6,565.0,326.0,258.6,0.0,0.38389,0.39458,0.39729,0.7517,0.6914,0.7207,218.0,239.0,202.8,222.6,420.0,517.0,222.6,0.0,0.37984,0.39226,0.38825,0.7045,0.6399,0.6739,176.2,205.2,169.0,188.8,1799.0,834.0,188.8,0.0,0.37502,0.37798,0.37887,0.6534,0.5873,0.6227,160.0,174.2,144.0,159.2,1025.0,565.0,159.2,0.0,0.37072,0.38077,0.37403,0.5986,0.53,0.5669,150.0,150.0,119.4,133.0,3395.0,1274.0,133.0,0.0,0.37728,0.3768,0.3708,0.5412,0.4726,0.5091,119.6,123.6,99.0,110.0,1076.0,656.0,110.0,0.0,0.3701,0.37664,0.36846,0.4837,0.4166,0.4512,85.0,102.8,82.0,90.4,2577.0,1599.0,90.4,0.0,0.3704,0.37858,0.36772,0.4273,0.3637,0.3949,85.0,85.4,65.8,74.0,720.0,557.0,74.0,0.0,0.37268,0.37549,0.36851,0.374,0.3118,0.342,60.8,68.8,54.0,59.6,1243.0,1414.0,59.6,0.0,0.36999,0.37889,0.36792,0.3216,0.2672,0.292,51.0,55.2,45.0,49.0,489.0,529.0,49.0,0.0,0.369,0.38549,0.37253,0.2735,0.2295,0.2495,40.0,45.6,36.2,39.0,2702.0,3768.0,39.0,0.0,0.37439,0.38695,0.37277,0.2339,0.193,0.209,39.4,39.4,29.6,30.8,270.0,617.0,30.8,0.0,0.3866,0.39138,0.37319,0.2038,0.1629,0.1732,29.0,30.0,23.8,24.8,510.0,1747.0,24.8,0.0,0.38092,0.39401,0.3769,0.166,0.1358,0.1444,25.0,25.6,19.4,20.6,555.0,840.0,20.6,0.0,0.3909,0.39855,0.38429,0.1431,0.1137,0.1221,19.6,20.0,15.6,16.6,1029.0,2432.0,16.6,0.0,0.3904,0.40177,0.38827,0.117,0.0942,0.1013,16.0,17.4,13.2,13.6,248.0,601.0,13.6,0.0,0.40176,0.41003,0.39393,0.1019,0.0805,0.0847,15.0,16.2,10.6,11.2,425.0,1100.0,11.2,0.0,0.41939,0.41311,0.3999,0.0927,0.0664,0.0709,10.2,12.0,8.6,8.8,421.0,620.0,8.8,0.0,0.4136,0.41719,0.40175,0.0727,0.055,0.0575,8.6,10.4,7.2,7.4,334.0,1037.0,7.4,0.0,0.42303,0.42375,0.40916,0.0632,0.0466,0.0488,7.0,10.2,5.6,6.4,196.0,554.0,6.4,0.0,0.44302,0.42444,0.41837,0.0598,0.0374,0.0422,5.8,8.2,4.6,5.4,314.0,909.0,5.4,0.0,0.44457,0.42931,0.42527,0.0494,0.0311,0.0359,5.0,6.8,4.0,4.6,292.0,669.0,4.6,0.0,0.44886,0.43796,0.43254,0.0417,0.0271,0.0307,4.4,5.2,3.8,4.0,181.0,889.0,4.0,0.0,0.44683,0.45235,0.44092,0.0331,0.0252,0.0267,4.6,4.6,3.2,3.6,561.0,1785.0,3.6,0.0,0.45594,0.4579,0.45128,0.0292,0.0214,0.0238,31.2,38.2,27.8,30.8,1469.0,1714.0,30.8,0.0,0.44233,0.44993,0.43862,-0.1284,-0.1654,-0.1414,37.0,41.6,34.2,36.8,306.0,407.0,36.8,0.0,0.433,0.42099,0.42475,-0.1545,-0.1869,-0.1673,46.8,51.2,41.0,46.0,655.0,630.0,46.0,0.0,0.42013,0.41269,0.41879,-0.1828,-0.223,-0.2016,57.8,62.8,49.6,55.8,464.0,520.0,56.0,0.0,0.40913,0.40503,0.40871,-0.2164,-0.264,-0.2383,81.0,81.0,60.2,67.6,1218.0,859.0,67.6,0.0,0.39945,0.41132,0.39931,-0.2555,-0.3143,-0.2801,86.4,93.6,75.2,81.8,757.0,582.0,81.8,0.0,0.39743,0.39311,0.39093,-0.3022,-0.3603,-0.3269,110.0,114.0,91.2,98.0,2534.0,1219.0,98.0,0.0,0.39113,0.39073,0.38159,-0.3511,-0.4143,-0.3779,116.0,136.6,110.8,119.6,857.0,533.0,119.6,0.0,0.38795,0.38685,0.38013,-0.404,-0.4698,-0.4336,149.8,160.8,133.6,141.0,1883.0,874.0,141.0,0.0,0.38615,0.37976,0.37048,-0.4589,-0.5269,-0.4909,175.0,188.2,160.6,171.0,390.0,337.0,172.0,0.0,0.38824,0.3737,0.3765,-0.5138,-0.5844,-0.547,200.0,221.0,187.0,201.6,435.0,492.0,201.6,0.0,0.38136,0.37512,0.37672,-0.5695,-0.6378,-0.6018,234.4,256.2,219.4,231.8,189.0,217.0,234.6,0.0,0.38362,0.37633,0.36813,-0.6215,-0.6878,-0.6582,256.0,290.0,255.0,267.6,225.0,416.0,267.6,0.0,0.38824,0.36531,0.36835,-0.6689,-0.7415,-0.7078,315.0,332.4,296.6,305.6,67.0,188.0,308.8,0.0,0.40505,0.37607,0.36844,-0.7054,-0.7768,-0.7532,360.0,372.2,332.0,341.4,89.0,535.0,350.2,0.0,0.39662,0.37101,0.35228,-0.7517,-0.8181,-0.8057,378.0,414.4,378.0,389.0,36.0,155.0,392.2,0.0,0.41869,0.36816,0.37541,-0.7754,-0.8533,-0.8252,440.0,456.2,416.6,430.8,54.0,346.0,432.0,0.0,0.40911,0.35415,0.36915,-0.815,-0.8913,-0.8611,470.4,500.2,466.6,474.8,39.0,198.0,480.8,0.0,0.44067,0.34089,0.36576,-0.8249,-0.9232,-0.8903,516.4,550.8,510.8,520.8,32.0,226.0,527.2,0.0,0.44551,0.37032,0.36722,-0.8485,-0.9244,-0.9119,559.0,597.2,555.8,596.6,29.0,136.0,574.8,0.0,0.44991,0.36322,0.53014,-0.8694,-0.9446,-0.8392,637.4,648.8,627.0,648.8,9.0,168.0,621.4,0.0,0.57453,0.40123,0.56874,-0.8246,-0.9395,-0.8405,681.2,681.2,681.2,681.2,3.0,106.0,670.6,0.0,0.62115,,0.50813,-0.8228,,-0.8892,,,,799.6,0.0,65.0,718.6,0.0,0.0,0.0,0.82694,0.0,0.0,-0.7708,765.6,779.8,765.6,779.8,4.0,39.0,766.6,0.0,0.6063,0.0,0.0,-0.8647,0.0,0.0,826.2,829.6,822.2,829.6,6.0,41.0,815.2,0.0,0.0,0.0,0.0,0.0,0.0,0.0,880.0,885.6,880.0,885.6,4.0,38.0,855.2,0.0,0.0,0.0,0.0,0.0,0.0,0.0,915.0,915.0,915.0,915.0,5.0,39.0,904.6,0.0,0.0,0.0,0.0,0.0,0.0,0.0,952.2,980.0,936.8,936.8,18.0,79.0,963.8,0.0,0.0,0.0,0.0,0.0,0.0,0.0,465.8,469.8,441.8,469.8,22.0,34.0,463.2,0.0,0.23132,0.46643,0.46695,0.9907,0.8582,0.8741,25.4,28.8,23.2,25.4,357.0,483.0,25.4,0.0,0.45578,0.44714,0.45048,-0.108,-0.1327,-0.1182,505.0,528.0,480.6,514.6,48.0,22.0,506.8,0.0,0.38887,0.44631,0.47723,0.9441,0.8951,0.895,20.4,24.0,19.0,21.4,518.0,888.0,21.4,0.0,0.46692,0.46068,0.46543,-0.0897,-0.1115,-0.0999,562.8,566.4,531.0,562.0,34.0,11.0,555.2,0.0,,0.48717,0.49915,,0.901,0.9082,20.0,20.0,15.8,18.0,704.0,427.0,18.0,0.0,0.48021,0.47432,0.48013,-0.075,-0.0936,-0.0842
2020-03-26,398.8,421.8,398.8,405.2,43.0,81.0,390.8,0.0,0.35381,0.47164,0.46454,0.9179,0.8284,0.8373,359.0,377.6,350.6,350.6,68.0,68.0,347.6,0.0,0.35466,0.43429,0.40056,0.8879,0.8102,0.8341,311.0,337.8,307.6,307.6,53.0,154.0,309.4,0.0,0.36733,0.4153,0.38598,0.8443,0.779,0.8016,282.6,303.2,268.0,268.0,145.0,207.0,267.6,0.0,0.38804,0.40353,0.37836,0.791,0.7392,0.7597,239.4,265.2,230.6,230.6,182.0,278.0,230.6,0.0,0.38417,0.39268,0.37098,0.7468,0.6938,0.7121,205.2,225.4,196.6,196.6,297.0,452.0,196.6,0.0,0.36721,0.38535,0.36659,0.7032,0.6423,0.6582,181.0,194.2,165.6,168.0,580.0,773.0,168.0,0.0,0.36984,0.37918,0.36974,0.6467,0.5866,0.599,143.8,163.2,127.2,138.0,458.0,542.0,138.0,0.0,0.36449,0.34443,0.36033,0.5896,0.5274,0.5395,124.0,136.8,114.0,114.0,2512.0,1510.0,114.0,0.0,0.36388,0.37206,0.35935,0.5296,0.4686,0.478,99.8,112.4,91.0,91.0,703.0,673.0,91.0,0.0,0.36049,0.36392,0.35261,0.4691,0.4079,0.4157,85.0,91.0,75.0,76.2,1681.0,1770.0,76.2,0.0,0.35715,0.36776,0.36111,0.409,0.3534,0.3612,64.2,73.0,60.4,60.4,346.0,570.0,60.4,0.0,0.35524,0.3682,0.35892,0.3514,0.3014,0.3063,51.0,58.4,47.0,47.0,950.0,1354.0,47.0,0.0,0.35546,0.36462,0.35616,0.2983,0.2513,0.2551,43.2,45.2,38.0,38.0,187.0,554.0,38.0,0.0,0.35218,0.36905,0.36122,0.2475,0.2113,0.2143,38.0,38.0,29.6,29.8,1354.0,3754.0,29.8,0.0,0.36292,0.36905,0.36266,0.2117,0.1734,0.1763,26.6,28.2,22.8,22.8,249.0,712.0,22.8,0.0,0.357,0.36897,0.36223,0.1692,0.1405,0.1422,24.8,24.8,18.0,18.0,563.0,1909.0,18.0,0.0,0.37277,0.3725,0.36616,0.1476,0.1148,0.1162,18.6,18.6,14.8,14.8,257.0,859.0,14.6,0.0,0.37004,0.38021,0.37418,0.1173,0.096,0.097,16.6,16.6,11.4,11.4,810.0,2499.0,11.4,0.0,0.38567,0.38172,0.37602,0.1032,0.0768,0.0776,11.8,12.2,9.2,9.2,251.0,641.0,9.2,0.0,0.38193,0.38751,0.38206,0.0803,0.0632,0.0638,10.2,10.2,7.6,7.6,245.0,1092.0,7.6,0.0,0.39034,0.39496,0.38971,0.0678,0.0528,0.0532,8.0,8.0,6.0,6.0,162.0,610.0,6.0,0.0,0.39317,0.39867,0.39365,0.0547,0.0426,0.043,6.8,6.8,4.6,4.6,311.0,978.0,4.6,0.0,0.40221,0.40038,0.39557,0.0466,0.0337,0.0339,5.4,5.4,4.0,4.0,226.0,525.0,4.0,0.0,0.40581,0.41059,0.4059,0.0379,0.0291,0.0294,4.6,4.6,3.2,3.2,184.0,875.0,3.2,0.0,0.41426,0.41489,0.41035,0.0323,0.0237,0.0239,4.0,4.0,2.8,2.8,157.0,644.0,2.8,0.0,0.42369,0.42462,0.42018,0.028,0.0206,0.0208,3.4,3.4,2.4,2.4,155.0,905.0,2.4,0.0,0.43116,0.43265,0.42831,0.0239,0.0177,0.0178,3.4,3.4,2.0,2.4,373.0,1813.0,2.4,0.0,0.44908,0.43864,0.44548,0.0231,0.0149,0.0172,35.0,35.4,26.4,28.8,1119.0,1799.0,28.8,0.0,0.43827,0.44625,0.42174,-0.1268,-0.1598,-0.1418,42.0,42.0,32.0,36.0,224.0,489.0,36.0,0.0,0.42547,0.43095,0.41286,-0.1518,-0.1882,-0.1724,51.0,52.0,40.0,44.4,505.0,716.0,44.4,0.0,0.41793,0.4237,0.40271,-0.1837,-0.225,-0.2072,62.0,63.8,49.2,56.4,230.0,545.0,56.4,0.0,0.4088,0.41619,0.39924,-0.2196,-0.2662,-0.2503,77.0,77.4,61.0,67.4,979.0,832.0,69.2,0.0,0.40246,0.40777,0.38515,-0.2615,-0.3115,-0.2938,90.0,93.0,74.2,84.0,643.0,684.0,84.0,0.0,0.39377,0.39856,0.38178,-0.3072,-0.3611,-0.3464,105.0,111.6,90.2,103.8,2548.0,1370.0,103.8,0.0,0.38662,0.39087,0.37977,-0.3579,-0.4149,-0.4026,129.4,136.2,109.4,127.8,583.0,510.0,127.8,0.0,0.38129,0.39246,0.38146,-0.4128,-0.4716,-0.4607,154.2,160.0,131.8,149.6,1711.0,880.0,149.6,0.0,0.37716,0.38384,0.36886,-0.4701,-0.5293,-0.5205,187.2,187.2,158.4,179.2,291.0,361.0,179.2,0.0,0.3767,0.37673,0.36988,-0.528,-0.5878,-0.5788,217.4,217.4,187.4,209.8,331.0,513.0,210.2,0.0,0.37502,0.36994,0.36563,-0.5851,-0.6456,-0.6367,250.6,250.6,223.6,244.0,160.0,216.0,244.8,0.0,0.38638,0.36367,0.36393,-0.6344,-0.7012,-0.6908,277.8,285.0,253.0,279.6,90.0,413.0,284.6,0.0,0.37008,0.35207,0.35839,-0.6932,-0.7572,-0.7434,321.0,323.6,304.6,323.6,42.0,189.0,323.4,0.0,0.41728,0.34578,0.37516,-0.7126,-0.8056,-0.776,374.0,374.0,344.4,362.6,47.0,525.0,362.6,0.0,0.4227,0.38173,0.36677,-0.7498,-0.8176,-0.8207,385.0,409.4,373.4,409.2,22.0,149.0,407.6,0.0,0.37992,0.344,0.38427,-0.8143,-0.8775,-0.8422,432.6,453.4,426.8,453.4,19.0,335.0,455.0,0.0,0.42701,0.33549,0.38628,-0.8163,-0.9104,-0.8702,486.4,492.4,475.4,489.8,20.0,188.0,501.4,0.0,0.45312,0.23507,0.3249,-0.8295,-0.9845,-0.9343,537.2,537.6,533.4,537.6,4.0,225.0,547.0,0.0,0.51853,,0.32783,-0.8189,,-0.9498,584.2,585.0,581.8,585.0,4.0,136.0,594.8,0.0,0.54256,,0.31715,-0.8299,,-0.9681,632.2,640.6,627.6,640.6,7.0,167.0,634.6,0.0,0.55337,,0.40454,-0.8458,,-0.9396,,,,681.2,0.0,106.0,683.2,0.0,0.0,0.0,,0.0,0.0,,,,,799.6,0.0,65.0,738.0,0.0,0.0,0.0,0.0,0.0,0.0,0.0,,,,779.8,0.0,39.0,781.4,0.0,0.0,0.0,0.0,0.0,0.0,0.0,,,,829.6,0.0,41.0,830.8,0.0,0.0,0.0,0.0,0.0,0.0,0.0,,,,885.6,0.0,38.0,880.2,0.0,0.0,0.0,0.0,0.0,0.0,0.0,,,,915.0,0.0,39.0,937.4,0.0,0.0,0.0,0.0,0.0,0.0,0.0,985.2,985.2,953.4,953.4,3.0,78.0,986.8,0.0,0.0,0.0,0.0,0.0,0.0,0.0,469.8,469.8,447.8,447.8,16.0,30.0,436.6,0.0,0.373,0.51147,0.4717,0.932,0.8425,0.8648,28.4,28.4,21.8,24.0,184.0,538.0,23.8,0.0,0.45137,0.45408,0.43682,-0.1057,-0.132,-0.1188,480.6,514.0,480.6,482.0,41.0,24.0,480.6,0.0,0.34532,0.46408,0.41649,0.963,0.8909,0.917,23.6,23.6,17.2,19.2,678.0,938.0,19.2,0.0,0.45903,0.4677,0.44669,-0.0856,-0.1107,-0.097,558.2,560.8,539.8,539.8,11.0,13.0,526.0,0.0,0.31536,0.55745,0.50731,0.9843,0.8772,0.9005,18.8,20.0,13.8,15.4,444.0,579.0,15.4,0.0,0.46936,0.48405,0.4574,-0.0698,-0.0938,-0.0791
2020-03-27,435.0,458.8,417.4,432.8,43.0,79.0,408.0,0.0,0.36636,0.46767,0.53729,0.9327,0.8503,0.821,382.8,407.6,372.0,383.0,29.0,72.0,364.4,0.0,0.32201,0.44496,0.49126,0.9327,0.8275,0.8068,345.4,368.6,323.8,323.8,102.0,158.0,322.6,0.0,0.35974,0.40741,0.40674,0.8803,0.8079,0.8084,305.4,323.2,286.2,289.8,89.0,184.0,282.2,0.0,0.34397,0.40819,0.42079,0.853,0.7641,0.7585,259.2,286.2,243.4,243.4,378.0,305.0,243.4,0.0,0.35794,0.38308,0.38258,0.8007,0.7271,0.7275,227.4,246.0,210.2,210.2,125.0,446.0,210.2,0.0,0.34826,0.38358,0.38316,0.7566,0.6734,0.6737,199.0,213.4,177.4,177.4,1158.0,782.0,177.4,0.0,0.35598,0.37673,0.37636,0.6979,0.6183,0.6186,162.2,179.0,147.2,147.2,383.0,509.0,148.2,0.0,0.34835,0.36936,0.36904,0.6416,0.5594,0.5597,139.0,151.8,121.2,121.2,2468.0,1296.0,121.2,0.0,0.35313,0.36553,0.36525,0.5786,0.498,0.4982,114.8,125.8,98.2,98.2,1458.0,681.0,98.2,0.0,0.35217,0.36154,0.36129,0.5159,0.4361,0.4363,89.0,101.2,79.2,79.2,2826.0,1776.0,79.2,0.0,0.34634,0.36044,0.36022,0.4521,0.3764,0.3766,73.4,80.6,63.0,63.0,824.0,602.0,63.0,0.0,0.34293,0.35925,0.35905,0.3892,0.3199,0.3201,55.0,68.2,50.0,50.0,1622.0,1422.0,50.0,0.0,0.35532,0.36003,0.35984,0.3373,0.2689,0.269,45.6,52.0,39.8,40.2,410.0,568.0,40.0,0.0,0.34821,0.36282,0.36416,0.28,0.2245,0.2256,38.0,39.8,30.4,30.8,2217.0,3623.0,30.8,0.0,0.34548,0.36105,0.3626,0.2297,0.1823,0.1836,28.0,30.0,23.0,23.0,213.0,794.0,23.0,0.0,0.34312,0.35994,0.35979,0.185,0.1461,0.1461,21.2,23.0,17.4,17.4,826.0,2016.0,17.4,0.0,0.34459,0.36024,0.3601,0.149,0.1161,0.1162,17.6,17.6,13.6,13.6,288.0,853.0,13.6,0.0,0.34677,0.36448,0.36435,0.1191,0.0937,0.0937,15.0,15.0,10.8,10.8,834.0,2389.0,10.6,0.0,0.35944,0.37023,0.37011,0.1014,0.0762,0.0762,10.8,11.6,8.2,8.2,491.0,630.0,8.2,0.0,0.36266,0.37232,0.3722,0.0811,0.0599,0.06,8.4,8.4,6.4,6.4,273.0,1039.0,6.4,0.0,0.36103,0.37675,0.37664,0.0618,0.0479,0.0479,6.4,6.4,5.0,5.0,211.0,605.0,5.0,0.0,0.36399,0.38124,0.38113,0.0486,0.0383,0.0383,5.2,5.4,3.8,3.8,290.0,931.0,3.8,0.0,0.37397,0.38391,0.38381,0.041,0.0299,0.0299,4.0,4.2,3.2,3.2,128.0,534.0,3.2,0.0,0.37808,0.39292,0.39282,0.0326,0.0252,0.0252,4.0,4.0,2.6,2.6,249.0,872.0,2.6,0.0,0.39489,0.39934,0.39925,0.0301,0.0207,0.0207,2.6,2.8,2.0,2.0,200.0,651.0,2.0,0.0,0.39184,0.4024,0.40231,0.0221,0.0162,0.0162,2.0,2.6,1.8,2.0,185.0,888.0,2.0,0.0,0.40575,0.41401,0.41989,0.0201,0.0144,0.0156,2.0,2.4,1.6,1.8,367.0,1784.0,1.8,0.0,0.41881,0.42446,0.43101,0.0182,0.0127,0.0139,21.6,26.2,19.0,26.2,1354.0,2037.0,26.2,0.0,0.43127,0.42977,0.42991,-0.0993,-0.1314,-0.1314,28.6,32.2,23.8,32.2,342.0,588.0,32.2,0.0,0.42104,0.4176,0.41774,-0.1219,-0.1588,-0.1588,35.6,40.6,30.0,40.0,445.0,842.0,40.0,0.0,0.4123,0.41007,0.40775,-0.1496,-0.1935,-0.1921,44.4,50.2,35.4,49.6,391.0,575.0,49.6,0.0,0.39429,0.40043,0.39837,-0.177,-0.2322,-0.231,54.6,62.4,45.6,62.0,906.0,792.0,62.0,0.0,0.39036,0.39311,0.39195,-0.2173,-0.2773,-0.2766,69.0,76.0,56.8,75.6,654.0,713.0,75.6,0.0,0.38248,0.383,0.38194,-0.2607,-0.3264,-0.3259,86.8,94.6,69.0,93.0,2621.0,1489.0,93.0,0.0,0.37082,0.3805,0.37598,-0.3081,-0.3825,-0.3813,102.2,115.2,88.0,114.4,760.0,672.0,114.4,0.0,0.37249,0.37546,0.37342,-0.3651,-0.441,-0.4406,138.4,139.2,107.4,137.8,1861.0,866.0,137.8,0.0,0.36674,0.37173,0.36804,-0.423,-0.5014,-0.5015,151.0,167.4,130.0,167.4,610.0,369.0,167.4,0.0,0.36177,0.37143,0.37176,-0.4836,-0.5613,-0.561,180.2,196.2,158.0,195.4,346.0,527.0,195.4,0.0,0.36346,0.36431,0.36229,-0.5441,-0.6219,-0.6225,212.4,229.4,187.2,228.2,225.0,207.0,228.8,0.0,0.36018,0.36163,0.35826,-0.604,-0.6788,-0.6804,247.8,265.2,221.6,263.4,100.0,406.0,263.4,0.0,0.36386,0.35869,0.35298,-0.6584,-0.7319,-0.7355,287.2,301.8,259.2,296.4,69.0,178.0,305.2,0.0,0.37,0.34929,0.32852,-0.7066,-0.7851,-0.8007,331.2,346.2,296.4,345.8,77.0,520.0,348.0,0.0,0.36753,0.36243,0.36141,-0.755,-0.8167,-0.8172,365.0,376.8,341.0,372.8,23.0,144.0,389.4,0.0,0.38516,0.29449,0.26666,-0.785,-0.904,-0.9261,409.6,424.2,385.0,409.6,39.0,316.0,433.0,0.0,0.39626,0.30314,,-0.8142,-0.9243,,460.0,469.4,427.6,468.6,21.0,184.0,479.6,0.0,0.39612,0.28108,0.27299,-0.8465,-0.9584,-0.9629,507.4,524.8,478.2,524.8,21.0,226.0,526.2,0.0,0.42981,0.36002,0.36158,-0.8531,-0.9298,-0.9288,527.0,572.2,527.0,572.2,4.0,140.0,574.6,0.0,0.45365,0.36045,0.36239,-0.8638,-0.9462,-0.9452,584.0,584.0,574.0,576.0,5.0,170.0,620.8,0.0,0.46633,,,-0.8789,,,624.2,624.2,624.2,624.2,3.0,109.0,668.8,0.0,0.49504,,,-0.8834,,,689.6,689.6,673.4,673.4,4.0,64.0,717.2,0.0,0.51724,,,-0.8903,,,,,,779.8,0.0,39.0,766.6,0.0,0.0,0.0,0.0,0.0,0.0,0.0,772.4,772.4,772.4,772.4,2.0,43.0,816.2,0.0,0.0,0.0,0.0,0.0,0.0,0.0,836.6,836.6,821.6,821.6,2.0,38.0,865.4,0.0,0.0,0.0,0.0,0.0,0.0,0.0,886.8,888.0,870.0,870.0,12.0,39.0,904.2,0.0,0.0,0.0,0.0,0.0,0.0,0.0,,,,953.4,0.0,78.0,953.8,0.0,0.0,0.0,0.0,0.0,0.0,0.0,470.6,495.8,470.6,495.8,8.0,33.0,452.4,0.0,,0.52705,0.64066,,0.8543,0.8141,18.0,20.4,15.4,20.2,602.0,741.0,20.2,0.0,0.44368,0.4366,0.43549,-0.0814,-0.1057,-0.1051,515.2,550.0,514.0,520.0,31.0,26.0,499.0,0.0,0.30557,0.53555,0.56695,0.986,0.8772,0.8653,14.6,16.6,12.6,16.4,505.0,982.0,16.4,0.0,0.45726,0.44966,0.44834,-0.0669,-0.0869,-0.0862,564.4,595.4,543.4,543.4,20.0,18.0,560.2,0.0,,0.42994,0.42809,,0.9418,0.9426,11.8,13.4,10.0,13.0,425.0,691.0,13.0,0.0,0.46776,0.46195,0.4587,-0.0539,-0.0709,-0.0695
2020-03-30,364.8,389.2,348.4,378.6,52.0,78.0,378.6,0.0,0.32685,0.42403,0.36332,0.939,0.8491,0.9107,326.0,349.4,313.2,330.0,41.0,79.0,336.4,0.0,0.36705,0.44639,0.33337,0.8852,0.7978,0.8954,285.0,310.4,270.4,286.0,134.0,159.0,292.4,0.0,0.38398,0.42415,0.32767,0.836,0.7628,0.8583,245.6,267.2,230.8,251.6,116.0,176.0,253.4,0.0,0.36787,0.40832,0.35544,0.7992,0.7185,0.791,207.8,226.0,196.6,215.2,316.0,326.0,215.2,0.0,0.35307,0.40383,0.35728,0.7539,0.664,0.734,178.2,195.0,163.0,181.0,237.0,452.0,181.2,0.0,0.36641,0.39215,0.35572,0.6881,0.6066,0.6728,140.0,164.4,135.2,150.2,1069.0,807.0,150.2,0.0,0.36865,0.38971,0.35469,0.6244,0.5438,0.6069,121.6,135.2,111.6,120.4,843.0,561.0,120.4,0.0,0.36482,0.39051,0.34619,0.5594,0.4805,0.5384,105.4,110.4,88.8,98.0,2477.0,1514.0,98.0,0.0,0.3644,0.38394,0.3499,0.4925,0.4165,0.4686,81.2,88.0,71.2,78.6,707.0,693.0,78.6,0.0,0.36115,0.38421,0.3524,0.4259,0.3564,0.4016,70.4,70.4,56.6,60.4,1952.0,1688.0,60.4,0.0,0.36294,0.38521,0.34834,0.3632,0.3009,0.3357,50.0,54.6,44.2,46.8,542.0,701.0,46.8,0.0,0.3609,0.38501,0.34959,0.3031,0.2499,0.2773,40.6,42.4,34.4,35.2,1034.0,1450.0,35.2,0.0,0.36194,0.38624,0.34838,0.2501,0.2053,0.2236,31.2,32.0,26.0,26.8,301.0,585.0,26.8,0.0,0.36067,0.38495,0.35095,0.2016,0.1648,0.1795,28.0,28.0,20.0,20.2,1351.0,3775.0,20.2,0.0,0.38022,0.38742,0.35344,0.1742,0.1326,0.1422,18.6,18.8,15.0,15.0,332.0,883.0,15.0,0.0,0.36683,0.38798,0.35534,0.1298,0.1044,0.1109,15.6,15.6,10.8,11.2,616.0,1948.0,11.2,0.0,0.37885,0.38578,0.35854,0.1084,0.0796,0.0862,10.4,11.6,8.4,8.6,486.0,881.0,8.6,0.0,0.37971,0.39137,0.36444,0.0845,0.0635,0.068,8.2,9.2,6.2,6.2,848.0,2407.0,6.2,0.0,0.38681,0.39284,0.36562,0.0683,0.0487,0.0512,6.4,7.6,4.8,4.8,316.0,726.0,4.8,0.0,0.39695,0.3982,0.37219,0.0568,0.0386,0.0404,5.2,6.2,3.6,3.6,295.0,962.0,3.6,0.0,0.40552,0.40133,0.37651,0.0468,0.0298,0.0311,4.2,4.6,2.8,2.8,146.0,596.0,2.8,0.0,0.40676,0.40687,0.383,0.036,0.0236,0.0245,3.4,4.2,2.0,2.2,166.0,906.0,2.2,0.0,0.42264,0.40725,0.3898,0.0321,0.0174,0.0195,3.0,3.0,1.6,1.8,51.0,527.0,1.8,0.0,0.42109,0.41425,0.39853,0.024,0.0141,0.016,2.6,2.6,1.2,1.4,170.0,843.0,1.4,0.0,0.43225,0.41753,0.40414,0.0206,0.0108,0.0126,2.2,2.2,1.2,1.2,112.0,574.0,1.2,0.0,0.44138,0.43574,0.41453,0.0174,0.0104,0.0107,2.0,2.0,1.0,1.0,220.0,842.0,1.0,0.0,0.45451,0.44374,0.42297,0.0156,0.0087,0.0089,1.6,1.6,0.8,1.0,309.0,1808.0,1.0,0.0,0.45932,0.44924,0.44042,0.0127,0.007,0.0086,31.0,31.0,20.0,20.0,1477.0,1890.0,20.0,0.0,0.42546,0.44057,0.41382,-0.1136,-0.1593,-0.1167,37.8,37.8,25.2,25.2,354.0,576.0,25.2,0.0,0.41281,0.42492,0.40039,-0.1406,-0.1918,-0.1447,43.6,47.6,33.4,33.4,809.0,887.0,33.4,0.0,0.4084,0.41551,0.39493,-0.1775,-0.2332,-0.1831,51.0,60.0,42.8,43.6,388.0,586.0,43.6,0.0,0.40064,0.408,0.38926,-0.2186,-0.2813,-0.2276,72.0,75.0,54.0,56.8,1271.0,941.0,56.8,0.0,0.39173,0.40097,0.38598,-0.2652,-0.3351,-0.2794,92.8,93.2,68.6,71.8,748.0,769.0,71.8,0.0,0.3864,0.39542,0.37948,-0.3194,-0.394,-0.3355,108.8,115.8,86.6,91.0,2656.0,1522.0,91.0,0.0,0.38301,0.39428,0.37721,-0.3789,-0.4563,-0.3975,131.0,140.6,107.8,112.6,1211.0,693.0,112.6,0.0,0.38004,0.39021,0.37251,-0.4417,-0.5196,-0.462,138.0,169.6,132.4,139.0,1739.0,785.0,139.0,0.0,0.37776,0.38953,0.37262,-0.506,-0.5819,-0.5276,191.0,201.2,160.8,167.6,343.0,380.0,167.6,0.0,0.37737,0.38755,0.36953,-0.5696,-0.6421,-0.5925,223.0,234.6,192.2,202.0,275.0,555.0,200.4,0.0,0.37677,0.3818,0.37527,-0.6308,-0.7009,-0.651,255.8,270.4,229.0,238.2,128.0,223.0,235.2,0.0,0.38483,0.37434,0.37813,-0.6838,-0.7569,-0.7055,297.0,310.0,263.8,277.8,104.0,415.0,274.4,0.0,0.37698,0.37179,0.38488,-0.7403,-0.8046,-0.7518,335.0,346.0,306.0,325.6,74.0,175.0,314.6,0.0,0.38858,0.33746,0.41805,-0.7794,-0.8694,-0.7753,383.4,394.8,349.6,362.0,45.0,512.0,357.4,0.0,0.39995,0.3634,0.39657,-0.8125,-0.8837,-0.8277,430.0,440.0,427.2,427.2,4.0,144.0,403.4,0.0,0.55476,0.36082,0.50313,-0.7614,-0.9127,-0.7981,470.0,478.0,448.0,448.0,19.0,316.0,447.6,0.0,0.46431,,0.3844,-0.839,,-0.8974,521.8,521.8,488.0,501.4,10.0,184.0,496.6,0.0,0.44249,,0.43779,-0.8785,,-0.8899,572.6,572.6,538.4,538.4,7.0,221.0,546.4,0.0,0.47598,,0.35377,-0.8833,,-0.9545,588.6,588.6,588.6,588.6,1.0,141.0,594.4,0.0,0.50747,,0.38146,-0.888,,-0.9556,663.0,672.0,663.0,672.0,7.0,163.0,647.0,0.0,0.67277,,0.65027,-0.8323,,-0.8489,,,,624.2,0.0,109.0,696.2,0.0,0.0,0.0,,0.0,0.0,,762.2,762.2,760.6,760.6,5.0,59.0,745.6,0.0,0.72402,0.0,0.0,-0.8478,0.0,0.0,809.6,809.6,785.4,785.4,3.0,39.0,795.0,0.0,0.0,0.0,0.0,0.0,0.0,0.0,859.0,859.0,859.0,859.0,3.0,40.0,844.6,0.0,0.0,0.0,0.0,0.0,0.0,0.0,909.0,910.0,883.0,883.0,5.0,34.0,894.4,0.0,0.0,0.0,0.0,0.0,0.0,0.0,946.8,946.8,946.8,946.8,12.0,39.0,944.2,0.0,0.0,0.0,0.0,0.0,0.0,0.0,1012.4,1012.4,973.8,998.2,7.0,79.0,994.0,0.0,0.0,0.0,0.0,0.0,0.0,0.0,408.0,428.6,401.8,425.8,8.0,33.0,425.4,0.0,,0.48907,0.37876,,0.853,0.9299,23.4,23.6,15.2,15.2,608.0,599.0,15.2,0.0,0.43334,0.44547,0.42245,-0.0892,-0.1268,-0.0915,460.0,480.0,446.2,468.0,19.0,22.0,471.4,0.0,,0.50305,0.30992,,0.8774,0.9778,20.0,20.8,11.8,11.8,524.0,950.0,11.8,0.0,0.44445,0.47159,0.43417,-0.0705,-0.1089,-0.0723,500.4,526.8,500.4,526.8,8.0,20.0,517.6,0.0,,0.57454,0.46486,,0.8761,0.936,17.4,17.4,8.8,8.8,655.0,740.0,8.8,0.0,0.45201,0.48992,0.44232,-0.0542,-0.091,-0.0554
2020-03-31,414.0,414.0,371.8,371.8,20.0,76.0,371.8,0.0,0.3369,0.40139,0.39657,0.9497,0.889,0.8921,363.0,363.0,325.0,336.8,39.0,77.0,323.8,0.0,0.28944,0.37737,0.43786,0.9514,0.8663,0.834,316.0,328.8,284.8,284.8,79.0,142.0,284.6,0.0,0.37376,0.38233,0.37913,0.868,0.8202,0.8227,277.4,285.8,244.4,244.4,98.0,174.0,238.6,0.0,0.36562,0.37452,0.37189,0.8303,0.7742,0.7765,241.0,243.4,204.8,204.8,289.0,355.0,204.8,0.0,0.35168,0.36076,0.35856,0.7883,0.7236,0.7256,204.2,207.4,170.8,171.0,191.0,446.0,167.4,0.0,0.35452,0.35792,0.35678,0.7288,0.6606,0.6621,171.0,176.8,138.0,138.0,1312.0,951.0,138.0,0.0,0.36439,0.3482,0.34664,0.6617,0.5939,0.5953,142.2,142.2,108.4,108.4,486.0,592.0,108.4,0.0,0.34924,0.33793,0.3366,0.5982,0.5213,0.5224,113.0,114.0,84.8,84.8,2630.0,1594.0,84.8,0.0,0.3443,0.33514,0.334,0.5272,0.4463,0.4472,90.0,95.6,65.0,65.0,766.0,712.0,65.0,0.0,0.35898,0.33277,0.33176,0.4583,0.3732,0.3739,72.0,74.8,48.8,49.4,1988.0,1840.0,49.4,0.0,0.35543,0.33075,0.33204,0.39,0.3046,0.3064,54.0,55.0,36.2,36.2,629.0,687.0,36.2,0.0,0.34382,0.33037,0.32958,0.3201,0.2434,0.2438,43.2,43.2,11.0,25.4,1059.0,1324.0,25.4,0.0,0.34934,0.24811,0.32491,0.2644,0.1175,0.187,33.4,33.4,18.0,18.0,327.0,676.0,18.0,0.0,0.35339,0.32527,0.32463,0.2151,0.1417,0.1419,24.0,25.2,13.0,13.0,1761.0,3526.0,13.0,0.0,0.35529,0.3284,0.32781,0.1715,0.1076,0.1078,19.8,19.8,8.8,8.8,464.0,909.0,8.8,0.0,0.36287,0.32722,0.32668,0.1388,0.0778,0.0779,14.8,14.8,6.2,6.2,780.0,1982.0,6.2,0.0,0.36529,0.3303,0.32979,0.1087,0.0573,0.0573,10.8,10.8,4.2,4.2,414.0,865.0,4.2,0.0,0.36631,0.33144,0.33096,0.0833,0.0408,0.0408,8.4,8.4,3.4,3.4,1010.0,2440.0,3.4,0.0,0.37334,0.34342,0.34297,0.0663,0.0329,0.0329,6.0,6.0,2.2,2.2,326.0,655.0,2.2,0.0,0.37378,0.34243,0.342,0.0496,0.0224,0.0225,4.2,4.4,1.6,1.6,230.0,941.0,1.6,0.0,0.37674,0.34801,0.3476,0.0376,0.0167,0.0167,3.0,3.0,1.0,1.2,174.0,572.0,1.2,0.0,0.37551,0.34656,0.35442,0.0269,0.011,0.0127,2.8,2.8,0.8,1.0,381.0,870.0,1.0,0.0,0.39336,0.35619,0.3657,0.0243,0.0087,0.0104,1.6,1.6,0.4,0.6,144.0,497.0,0.6,0.0,0.38253,0.34692,0.36228,0.0151,0.0048,0.0066,1.6,1.6,0.4,0.6,238.0,733.0,0.6,0.0,0.4024,0.36426,0.38024,0.0145,0.0046,0.0063,1.0,1.0,0.4,0.6,255.0,533.0,0.6,0.0,0.39725,0.38131,0.3979,0.0096,0.0044,0.0061,0.8,1.0,0.4,0.6,113.0,808.0,0.6,0.0,0.41556,0.39808,0.41527,0.0092,0.0042,0.0059,1.4,1.4,0.4,0.6,194.0,1876.0,0.6,0.0,0.45203,0.4146,0.43237,0.0116,0.0041,0.0057,15.0,16.6,13.0,15.0,1201.0,2122.0,15.0,0.0,0.40592,0.3944,0.38375,-0.0844,-0.1072,-0.101,20.0,22.0,17.2,20.0,732.0,696.0,20.0,0.0,0.39578,0.38444,0.37334,-0.1088,-0.1379,-0.1308,26.4,29.6,23.4,27.6,429.0,899.0,27.6,0.0,0.39009,0.37776,0.36857,-0.1414,-0.1772,-0.1711,34.6,39.8,31.2,36.4,279.0,577.0,36.6,0.0,0.38359,0.37327,0.35949,-0.1803,-0.2251,-0.2166,45.0,53.0,40.6,48.2,948.0,970.0,48.2,0.0,0.37522,0.3704,0.35302,-0.2251,-0.2809,-0.2716,55.0,67.6,52.8,63.6,616.0,753.0,64.0,0.0,0.36875,0.36206,0.34911,-0.278,-0.3408,-0.3352,72.0,88.0,67.8,82.8,2137.0,1693.0,82.8,0.0,0.36247,0.36272,0.34677,-0.3377,-0.4086,-0.4047,92.4,110.0,86.2,102.6,972.0,755.0,102.6,0.0,0.35727,0.35732,0.33496,-0.4033,-0.4783,-0.4776,110.0,136.2,108.2,130.2,1708.0,830.0,130.2,0.0,0.35288,0.35417,0.33634,-0.4728,-0.5492,-0.5522,142.2,164.6,134.2,159.0,434.0,426.0,159.0,0.0,0.35008,0.34672,0.32967,-0.5436,-0.6207,-0.627,172.2,197.8,164.0,191.2,250.0,577.0,191.2,0.0,0.34831,0.3438,0.32194,-0.6128,-0.6876,-0.6999,204.4,231.8,198.4,228.2,130.0,218.0,231.0,0.0,0.35102,0.33144,0.31923,-0.6759,-0.7558,-0.7639,237.4,271.0,237.4,267.4,99.0,431.0,270.0,0.0,0.36039,0.32708,0.31296,-0.7285,-0.8121,-0.8227,288.6,312.0,274.4,310.2,31.0,174.0,312.8,0.0,0.35234,0.31813,0.31162,-0.7857,-0.864,-0.8685,333.0,355.6,322.2,355.6,53.0,511.0,357.0,0.0,0.38281,0.30969,0.31508,-0.8091,-0.9063,-0.9017,373.0,401.8,362.0,401.8,19.0,144.0,404.0,0.0,0.36871,0.3071,0.31438,-0.857,-0.9354,-0.9302,418.0,449.4,416.4,448.6,13.0,318.0,453.4,0.0,0.4277,0.30704,0.30656,-0.8511,-0.9557,-0.9556,467.8,485.0,467.8,485.0,6.0,185.0,499.2,0.0,0.46972,,,-0.8552,,,510.6,544.4,510.6,544.4,5.0,221.0,548.8,0.0,0.45962,,0.2343,-0.8859,,-0.9968,,,,588.6,2.0,139.0,590.6,0.0,0.0,0.0,,0.0,0.0,,641.0,641.0,641.0,641.0,7.0,156.0,640.0,0.0,0.69031,,,-0.8209,,,,,,624.2,0.0,109.0,698.0,0.0,0.0,0.0,,0.0,0.0,,,,,760.6,0.0,59.0,746.8,0.0,0.0,0.0,0.0,0.0,0.0,0.0,,,,785.4,2.0,37.0,789.0,0.0,0.0,0.0,0.0,0.0,0.0,0.0,,,,859.0,1.0,39.0,838.8,0.0,0.0,0.0,0.0,0.0,0.0,0.0,877.6,877.6,877.6,877.6,3.0,33.0,896.2,0.0,0.0,0.0,0.0,0.0,0.0,0.0,930.4,930.4,930.4,930.4,2.0,39.0,938.4,0.0,0.0,0.0,0.0,0.0,0.0,0.0,951.6,988.8,951.6,973.2,7.0,78.0,988.4,0.0,0.0,0.0,0.0,0.0,0.0,0.0,456.0,456.0,425.2,425.2,11.0,31.0,414.4,0.0,,0.46791,0.46316,,0.8873,0.8898,12.0,12.4,9.4,10.8,356.0,641.0,10.8,0.0,0.41242,0.40406,0.39082,-0.0633,-0.0824,-0.0756,500.0,502.0,474.0,476.0,10.0,20.0,468.8,0.0,,0.5038,0.5129,,0.899,0.8956,9.0,9.0,6.6,8.0,494.0,951.0,8.0,0.0,0.41752,0.41172,0.40152,-0.0463,-0.0619,-0.0572,547.8,554.8,516.0,521.8,13.0,18.0,516.8,0.0,,0.48035,0.52481,,0.9312,0.9147,6.6,7.0,4.6,5.4,486.0,910.0,5.4,0.0,0.42331,0.42636,0.4052,-0.0334,-0.0484,-0.0405
2020-04-01,378.6,422.0,354.0,357.4,26.0,83.0,360.0,0.0,0.23625,0.34934,0.3175,0.993,0.9181,0.94,346.8,375.4,313.6,313.6,24.0,82.0,313.2,0.0,0.29273,0.37444,0.3321,0.9598,0.867,0.8985,282.0,328.6,272.2,275.4,52.0,142.0,268.8,0.0,0.29477,0.37373,0.35933,0.9328,0.8225,0.8378,252.0,287.0,227.0,227.0,66.0,177.0,227.0,0.0,0.31919,0.34494,0.3181,0.8787,0.7864,0.8118,203.0,247.0,185.2,187.2,405.0,304.0,187.2,0.0,0.32889,0.32434,0.31068,0.8231,0.735,0.7527,170.6,204.2,151.2,151.2,206.0,431.0,151.2,0.0,0.31151,0.32339,0.30584,0.7757,0.6628,0.6813,138.0,170.8,118.6,120.4,1496.0,1184.0,120.6,0.0,0.32113,0.31423,0.30589,0.7016,0.5862,0.5998,109.6,134.8,90.8,92.0,737.0,651.0,92.0,0.0,0.30744,0.30802,0.29993,0.6313,0.5028,0.5147,85.2,106.8,68.2,69.8,3628.0,1708.0,69.8,0.0,0.30824,0.30516,0.30031,0.5493,0.4182,0.4288,65.0,82.8,50.6,51.2,1353.0,781.0,51.2,0.0,0.30851,0.30543,0.29878,0.4665,0.3387,0.3463,48.0,61.8,36.0,36.8,2365.0,1769.0,36.8,0.0,0.30525,0.30299,0.29849,0.3848,0.2647,0.2717,36.0,44.6,25.2,26.0,691.0,811.0,26.0,0.0,0.30143,0.30238,0.29928,0.307,0.2014,0.2077,25.4,31.8,17.6,18.0,992.0,1306.0,18.0,0.0,0.30051,0.30419,0.30031,0.2384,0.1506,0.1546,18.0,22.4,12.2,12.2,570.0,786.0,12.2,0.0,0.3012,0.30691,0.30137,0.181,0.1108,0.1122,11.6,15.6,8.2,8.6,1481.0,3512.0,8.6,0.0,0.30286,0.3084,0.3068,0.1347,0.0791,0.0826,8.2,10.4,5.6,5.8,594.0,1022.0,5.8,0.0,0.30249,0.31202,0.30959,0.0964,0.0566,0.0586,5.8,6.8,3.8,3.8,491.0,1932.0,3.8,0.0,0.30251,0.31575,0.31137,0.0673,0.04,0.0405,4.2,4.6,2.6,2.6,300.0,813.0,2.6,0.0,0.3059,0.32025,0.31613,0.0477,0.0284,0.0286,3.2,3.6,2.4,2.4,626.0,2427.0,2.4,0.0,0.31779,0.34009,0.33605,0.0373,0.0251,0.0253,1.8,2.4,1.6,1.6,236.0,564.0,1.6,0.0,0.3204,0.34227,0.33845,0.0259,0.0174,0.0175,1.4,1.8,1.2,1.2,145.0,942.0,1.2,0.0,0.32901,0.35015,0.34648,0.0196,0.0132,0.0133,1.0,1.4,1.0,1.0,151.0,538.0,0.8,0.0,0.33881,0.3624,0.35882,0.0153,0.0108,0.0109,0.8,1.2,0.6,0.8,309.0,907.0,0.8,0.0,0.3525,0.35985,0.3687,0.0128,0.0069,0.0087,0.8,1.0,0.6,0.8,107.0,445.0,0.6,0.0,0.36422,0.37867,0.38804,0.0106,0.0066,0.0083,0.6,0.8,0.6,0.8,135.0,699.0,0.6,0.0,0.37351,0.39716,0.40703,0.0085,0.0063,0.008,0.4,0.6,0.4,0.6,82.0,485.0,0.6,0.0,0.37956,0.39768,0.412,0.0064,0.0043,0.0061,0.6,0.6,0.6,0.6,29.0,793.0,0.6,0.0,0.3976,0.43322,0.4299,0.0062,0.0058,0.0058,0.4,0.8,0.4,0.6,244.0,1837.0,0.6,0.0,0.42908,0.43196,0.44751,0.0075,0.004,0.0056,14.2,15.0,7.4,12.2,1603.0,2215.0,12.2,0.0,0.37417,0.38713,0.37099,-0.0576,-0.1031,-0.0899,19.0,19.0,10.4,16.4,595.0,729.0,16.4,0.0,0.3652,0.36961,0.35869,-0.0785,-0.1301,-0.1182,26.0,26.4,14.6,23.4,831.0,1094.0,23.4,0.0,0.35711,0.36382,0.35428,-0.1061,-0.1715,-0.1591,34.0,36.0,19.8,30.8,348.0,560.0,30.8,0.0,0.34644,0.35787,0.3413,-0.1396,-0.2213,-0.2035,47.2,48.0,27.6,43.0,1033.0,1043.0,43.0,0.0,0.34032,0.35098,0.33894,-0.1845,-0.2791,-0.2638,62.8,62.8,37.6,55.4,705.0,816.0,55.4,0.0,0.33337,0.34335,0.32547,-0.2381,-0.3447,-0.3275,77.0,81.2,51.2,75.0,2687.0,2024.0,75.0,0.0,0.32934,0.33652,0.3256,-0.3024,-0.4177,-0.4046,103.8,103.8,67.4,97.6,957.0,752.0,97.6,0.0,0.32262,0.33126,0.32249,-0.3735,-0.4955,-0.4845,127.2,129.2,88.2,124.8,2435.0,1020.0,124.8,0.0,0.31897,0.3223,0.32132,-0.4515,-0.5761,-0.5649,149.4,159.8,114.0,154.4,331.0,413.0,154.4,0.0,0.31869,0.31741,0.31486,-0.5316,-0.6547,-0.645,186.0,195.2,142.6,189.6,315.0,561.0,189.6,0.0,0.31463,0.31646,0.31487,-0.6111,-0.7255,-0.7166,222.6,233.0,177.6,228.6,203.0,213.0,228.6,0.0,0.31969,0.31177,0.31735,-0.6815,-0.7909,-0.7777,261.0,275.2,213.4,275.2,147.0,379.0,272.0,0.0,0.31556,0.31453,0.34476,-0.75,-0.8408,-0.8097,285.6,318.8,256.0,318.8,47.0,168.0,314.6,0.0,0.3281,0.31319,0.3512,-0.7971,-0.8843,-0.8491,336.8,367.8,299.2,361.6,104.0,471.0,361.6,0.0,0.33494,0.34032,0.3421,-0.8395,-0.8984,-0.8921,379.8,404.4,347.2,404.0,59.0,142.0,407.6,0.0,0.36092,,0.30737,-0.86,,-0.9428,402.0,460.4,402.0,460.4,53.0,295.0,456.6,0.0,0.42401,0.33055,0.39804,-0.8521,-0.9524,-0.9114,459.8,481.2,459.8,481.2,16.0,173.0,502.8,0.0,0.50206,,,-0.8372,,,510.2,556.0,510.2,556.0,14.0,221.0,552.0,0.0,0.53989,0.27684,0.41549,-0.8444,-0.9923,-0.9413,558.2,603.8,558.2,603.8,5.0,140.0,604.6,0.0,0.56332,,0.41516,-0.8568,,-0.9558,588.8,639.4,588.8,639.4,8.0,156.0,651.0,0.0,0.45923,,,-0.927,,,702.0,709.0,702.0,709.0,7.0,110.0,700.6,0.0,0.84821,0.43681,0.53055,-0.785,-0.9707,-0.9358,712.0,721.6,705.6,721.6,7.0,57.0,753.8,0.0,0.64435,0.0,0.0,-0.8796,0.0,0.0,,,,785.4,0.0,37.0,803.4,0.0,0.0,0.0,0.0,0.0,0.0,0.0,809.0,809.0,809.0,809.0,2.0,39.0,853.2,0.0,0.0,0.0,0.0,0.0,0.0,0.0,,,,877.6,0.0,33.0,903.0,0.0,0.0,0.0,0.0,0.0,0.0,0.0,914.2,914.2,906.0,906.0,10.0,38.0,950.2,0.0,0.0,0.0,0.0,0.0,0.0,0.0,953.4,1005.0,938.8,1005.0,9.0,79.0,1000.2,0.0,0.0,0.0,0.0,0.0,0.0,0.0,439.8,465.4,408.0,408.0,26.0,38.0,405.4,0.0,,0.42447,0.36239,,0.9086,0.9421,10.0,10.0,5.4,9.0,438.0,688.0,9.0,0.0,0.38574,0.38763,0.38286,-0.0428,-0.0734,-0.0678,458.0,495.4,455.0,457.2,17.0,20.0,453.6,0.0,,0.44057,0.39089,,0.9272,0.9508,7.6,7.6,4.0,6.6,622.0,1134.0,6.6,0.0,0.39863,0.40196,0.39456,-0.032,-0.0564,-0.0507,518.6,552.2,494.2,498.8,19.0,11.0,505.0,0.0,,0.28957,,,0.9925,,4.8,5.6,2.8,5.0,432.0,871.0,5.0,0.0,0.40779,0.41376,0.40909,-0.0229,-0.0422,-0.0386
2020-04-02,357.8,430.0,352.2,430.0,35.0,81.0,407.8,0.0,,0.3839,0.2603,,0.9024,0.9905,304.4,372.0,304.4,372.0,54.0,85.0,380.6,0.0,,0.35508,,,0.8821,,263.8,340.4,263.8,340.4,78.0,141.0,314.4,0.0,0.33721,0.36346,0.34655,0.9182,0.8312,0.9119,227.6,284.2,227.6,284.2,69.0,167.0,270.0,0.0,0.2342,0.37675,0.24825,0.9528,0.7693,0.9423,191.8,241.0,182.4,240.8,478.0,417.0,247.2,0.0,0.25908,0.33853,0.26518,0.893,0.7264,0.8867,150.8,206.0,150.6,206.0,194.0,429.0,206.0,0.0,0.29745,0.34395,0.30201,0.8036,0.6518,0.7987,117.0,166.8,114.2,166.6,1388.0,1425.0,168.6,0.0,0.29058,0.31942,0.29334,0.7375,0.5788,0.734,89.0,133.0,87.8,133.0,1004.0,709.0,133.0,0.0,0.29061,0.31644,0.29343,0.656,0.4941,0.6528,69.8,104.8,65.0,104.8,3834.0,1944.0,104.8,0.0,0.29483,0.31126,0.29711,0.5671,0.4083,0.5647,51.4,78.4,47.4,78.4,910.0,821.0,78.4,0.0,0.2899,0.30976,0.29179,0.4771,0.3274,0.4752,34.0,59.0,32.2,59.0,1795.0,1721.0,59.0,0.0,0.29356,0.30239,0.29517,0.3903,0.2497,0.3889,22.6,40.2,22.6,40.2,622.0,822.0,40.2,0.0,0.28433,0.30433,0.2857,0.3028,0.1887,0.3018,18.0,28.8,15.0,28.8,1203.0,1366.0,28.8,0.0,0.28836,0.3029,0.28957,0.233,0.1363,0.2323,11.4,20.2,9.6,20.2,589.0,906.0,20.2,0.0,0.29178,0.30118,0.29286,0.1748,0.0947,0.1744,5.2,14.6,5.2,14.6,1330.0,3727.0,14.6,0.0,0.29928,0.29117,0.30026,0.1319,0.0579,0.1316,5.6,9.6,4.0,9.6,638.0,1046.0,9.6,0.0,0.29945,0.30467,0.30034,0.0932,0.0444,0.093,3.0,6.8,2.6,6.8,717.0,1960.0,6.8,0.0,0.30629,0.30814,0.30711,0.0683,0.0302,0.0682,2.6,4.8,1.8,4.8,353.0,728.0,4.8,0.0,0.31283,0.31498,0.3136,0.0498,0.0214,0.0497,1.8,3.8,1.4,3.8,556.0,2435.0,3.8,0.0,0.32593,0.32685,0.32666,0.0392,0.0166,0.0392,1.0,2.6,1.0,2.6,183.0,542.0,2.6,0.0,0.33003,0.33417,0.33072,0.0278,0.012,0.0278,0.6,1.8,0.6,1.8,237.0,987.0,1.8,0.0,0.3349,0.33418,0.33555,0.0198,0.0076,0.0198,1.0,1.2,0.6,1.2,185.0,538.0,1.2,0.0,0.33802,0.35432,0.33864,0.0137,0.0072,0.0137,0.6,1.2,0.4,1.2,140.0,916.0,1.2,0.0,0.35946,0.35775,0.36007,0.013,0.0049,0.0129,0.6,1.0,0.4,1.0,50.0,435.0,0.8,0.0,0.37168,0.37649,0.37228,0.0107,0.0047,0.0107,0.6,1.0,0.4,0.8,82.0,707.0,0.8,0.0,0.39193,0.39492,0.38198,0.0102,0.0045,0.0085,0.4,0.8,0.4,0.8,50.0,498.0,0.6,0.0,0.40088,0.41304,0.40146,0.0082,0.0043,0.0082,0.4,0.8,0.4,0.6,60.0,793.0,0.6,0.0,0.42002,0.43088,0.40699,0.0078,0.0042,0.0062,0.6,0.8,0.4,0.4,166.0,1761.0,0.4,0.0,0.43885,0.44843,0.4073,0.0075,0.004,0.0043,12.6,14.0,6.4,6.4,1410.0,2185.0,6.4,0.0,0.3803,0.38828,0.37953,-0.0515,-0.1,-0.0516,17.0,17.0,8.6,8.6,542.0,795.0,8.6,0.0,0.36631,0.36453,0.36549,-0.0685,-0.1237,-0.0686,23.0,23.6,11.6,11.6,924.0,1164.0,11.6,0.0,0.35265,0.35606,0.35177,-0.091,-0.1642,-0.0912,30.0,32.0,16.0,16.0,193.0,539.0,16.0,0.0,0.34139,0.34611,0.34043,-0.1219,-0.2132,-0.1222,42.0,43.2,22.2,22.2,1190.0,918.0,22.2,0.0,0.3316,0.33737,0.33055,-0.1626,-0.273,-0.163,56.2,58.0,30.4,30.4,600.0,855.0,30.4,0.0,0.32146,0.33054,0.3203,-0.2132,-0.3434,-0.2139,75.0,77.8,40.0,40.0,2648.0,1836.0,40.0,0.0,0.30664,0.32841,0.30533,-0.2724,-0.4226,-0.2733,98.0,99.4,58.0,58.0,1256.0,778.0,58.0,0.0,0.31148,0.31859,0.30997,-0.3524,-0.5057,-0.3538,123.6,127.4,78.0,78.0,2034.0,1135.0,78.0,0.0,0.30852,0.31639,0.30676,-0.4348,-0.5898,-0.4366,152.0,156.2,100.8,100.8,364.0,459.0,100.8,0.0,0.30089,0.30188,0.29881,-0.5212,-0.6773,-0.5237,187.8,195.2,135.0,135.0,369.0,579.0,130.0,0.0,0.31743,0.3115,0.31496,-0.5999,-0.7434,-0.6028,227.6,236.0,174.6,174.6,201.0,219.0,164.8,0.0,0.34122,0.31711,0.33832,-0.6627,-0.8008,-0.6659,262.6,266.2,210.0,212.2,84.0,365.0,203.2,0.0,0.33902,0.23109,0.34431,-0.7293,-0.9272,-0.7273,314.0,314.0,256.4,256.4,48.0,166.0,265.6,0.0,0.3719,0.23688,0.36793,-0.764,-0.9539,-0.768,351.4,351.4,309.4,309.4,57.0,466.0,310.0,0.0,0.43002,,0.42589,-0.775,,-0.7785,404.0,417.0,347.4,347.4,42.0,144.0,356.2,0.0,0.41521,0.33426,0.41008,-0.8246,-0.9389,-0.8288,457.6,457.6,403.0,403.0,36.0,294.0,403.4,0.0,0.48324,,0.47824,-0.8196,,-0.8233,459.0,459.0,459.0,459.0,2.0,173.0,451.6,0.0,0.5524,,0.54752,-0.8145,,-0.8177,537.6,537.6,492.8,492.8,8.0,218.0,500.4,0.0,0.50057,,0.49405,-0.8679,,-0.872,561.2,561.2,561.2,561.2,1.0,141.0,549.4,0.0,0.63937,,0.63422,-0.8265,,-0.8293,633.4,633.4,619.4,619.4,5.0,156.0,598.8,0.0,0.71783,,0.71291,-0.8167,,-0.8192,703.4,703.4,649.8,649.8,5.0,107.0,648.4,0.0,0.64556,,0.63913,-0.866,,-0.8692,746.6,752.2,714.6,714.6,8.0,59.0,698.2,0.0,0.76411,0.0,0.75864,-0.8383,0.0,-0.8408,,,,785.4,0.0,37.0,747.8,0.0,0.0,0.0,0.85,0.0,0.0,-0.826,,,,809.0,0.0,39.0,797.8,0.0,0.0,0.0,0.0,0.0,0.0,0.0,880.0,880.0,880.0,880.0,3.0,36.0,847.6,0.0,0.0,0.0,0.0,0.0,0.0,0.0,914.2,915.0,914.2,915.0,6.0,38.0,897.6,0.0,0.0,0.0,0.0,0.0,0.0,0.0,980.4,980.4,935.0,936.6,9.0,85.0,947.4,0.0,0.0,0.0,0.0,0.0,0.0,0.0,412.8,455.8,400.2,455.8,21.0,45.0,456.0,0.0,,0.41056,,,0.9193,,9.2,9.2,4.8,5.0,382.0,704.0,5.0,0.0,0.39484,0.38884,0.39721,-0.0389,-0.0703,-0.0401,460.6,482.6,460.6,464.0,14.0,21.0,528.2,0.0,,0.5391,,,0.8908,,7.0,7.0,3.6,3.6,532.0,1288.0,3.6,0.0,0.40929,0.40446,0.40859,-0.0293,-0.0538,-0.0293,509.8,532.6,502.8,518.2,20.0,19.0,576.8,0.0,,0.52162,,,0.9219,,5.0,5.2,2.6,2.6,459.0,885.0,2.6,0.0,0.42112,0.41801,0.42046,-0.0214,-0.0405,-0.0215
2020-04-03,417.0,423.2,393.0,401.8,47.0,84.0,403.0,0.0,0.23995,0.44585,0.35038,0.9952,0.9005,0.9545,366.8,376.4,353.2,359.8,39.0,81.0,355.4,0.0,0.30799,0.4678,0.39313,0.9626,0.8564,0.9065,324.0,326.0,297.0,308.8,57.0,139.0,309.4,0.0,0.26519,0.37924,0.34062,0.962,0.863,0.9014,277.6,286.8,251.6,270.0,62.0,158.0,265.0,0.0,0.33156,0.3559,0.36724,0.8861,0.8293,0.8409,240.2,243.0,213.4,224.8,318.0,360.0,224.8,0.0,0.3235,0.35976,0.3406,0.8432,0.7697,0.8038,192.4,201.4,173.4,185.0,118.0,430.0,185.0,0.0,0.31508,0.34227,0.33105,0.789,0.7124,0.7451,163.4,164.0,137.4,148.2,753.0,1287.0,148.2,0.0,0.31221,0.32938,0.32143,0.7194,0.6416,0.6754,121.4,129.2,107.0,114.8,506.0,672.0,114.8,0.0,0.30509,0.32362,0.31116,0.6415,0.5598,0.5954,98.8,100.8,81.2,87.0,2773.0,1932.0,87.0,0.0,0.30616,0.31934,0.30612,0.5534,0.4738,0.5069,63.0,76.2,60.2,65.2,978.0,896.0,65.2,0.0,0.30489,0.31692,0.30653,0.4641,0.3886,0.4183,51.6,57.2,44.0,47.4,1671.0,1824.0,47.4,0.0,0.30795,0.31726,0.306,0.379,0.31,0.3345,35.2,45.2,31.4,32.2,511.0,859.0,32.2,0.0,0.32299,0.31765,0.29989,0.3094,0.2403,0.2546,34.0,34.0,22.2,23.2,758.0,1384.0,23.2,0.0,0.32952,0.31976,0.30595,0.2462,0.1824,0.1946,19.0,21.2,15.8,17.0,277.0,971.0,16.6,0.0,0.31446,0.32437,0.31455,0.1764,0.1372,0.1485,12.2,16.0,9.0,12.0,1279.0,3774.0,12.0,0.0,0.32516,0.31145,0.3198,0.137,0.089,0.1102,8.0,11.0,7.6,8.0,377.0,1022.0,8.0,0.0,0.3271,0.33173,0.3212,0.1001,0.0732,0.0782,5.8,8.0,5.6,6.0,498.0,2025.0,6.0,0.0,0.33455,0.34058,0.33186,0.0752,0.0552,0.0596,4.2,5.6,4.2,4.4,235.0,809.0,4.4,0.0,0.33921,0.35017,0.34039,0.0548,0.042,0.0446,3.4,4.6,3.4,3.6,319.0,2344.0,3.6,0.0,0.35454,0.36396,0.35526,0.0445,0.0338,0.0361,2.4,3.6,2.4,2.8,159.0,598.0,2.8,0.0,0.36569,0.36872,0.36607,0.035,0.0246,0.0282,2.0,3.0,1.8,2.0,185.0,987.0,2.0,0.0,0.38003,0.37681,0.37143,0.0289,0.0187,0.0207,1.6,2.4,1.6,1.6,261.0,602.0,1.6,0.0,0.39102,0.3936,0.38271,0.0231,0.0162,0.0165,1.4,2.0,1.4,1.6,206.0,876.0,1.6,0.0,0.40377,0.40875,0.40542,0.0191,0.0139,0.0157,1.0,1.6,1.0,1.4,151.0,496.0,1.2,0.0,0.4135,0.41247,0.42007,0.0153,0.0102,0.0135,1.0,1.4,1.0,1.2,200.0,742.0,1.2,0.0,0.42772,0.43327,0.43289,0.0132,0.0097,0.0114,0.8,1.2,0.8,1.0,192.0,565.0,1.0,0.0,0.44014,0.44181,0.44359,0.0112,0.0078,0.0095,0.8,1.0,0.6,0.6,85.0,776.0,0.6,0.0,0.45044,0.44665,0.43707,0.0093,0.006,0.006,0.8,1.0,0.8,0.8,154.0,1697.0,0.4,0.0,0.4703,0.48083,0.47103,0.009,0.0073,0.0074,6.8,11.6,5.8,10.0,1047.0,2232.0,10.0,0.0,0.3806,0.41141,0.41073,-0.0488,-0.083,-0.0731,9.4,14.6,8.0,12.8,538.0,856.0,12.8,0.0,0.36743,0.39175,0.39287,-0.0663,-0.1048,-0.0934,12.0,19.4,10.8,15.6,670.0,1158.0,15.6,0.0,0.35244,0.37799,0.36908,-0.0885,-0.1363,-0.1159,17.6,25.8,15.0,21.4,440.0,625.0,21.4,0.0,0.34023,0.36479,0.35824,-0.1196,-0.1762,-0.1535,25.8,34.6,21.2,29.0,944.0,1158.0,29.0,0.0,0.33071,0.35367,0.34693,-0.1618,-0.2269,-0.2002,33.0,45.0,30.2,37.6,310.0,890.0,37.6,0.0,0.32407,0.33864,0.3298,-0.217,-0.2858,-0.2542,46.0,62.0,42.8,52.0,2045.0,1993.0,52.0,0.0,0.32011,0.33735,0.32505,-0.2849,-0.361,-0.3262,59.8,80.8,58.8,70.8,652.0,705.0,70.8,0.0,0.31528,0.32848,0.32249,-0.3622,-0.4407,-0.4071,82.0,105.2,79.4,90.8,2362.0,1289.0,90.8,0.0,0.31246,0.32498,0.30964,-0.4471,-0.5253,-0.4929,100.8,134.0,100.8,121.4,494.0,510.0,121.4,0.0,0.29746,0.32218,0.31873,-0.5374,-0.6093,-0.5777,130.0,166.8,130.0,148.6,323.0,563.0,148.6,0.0,0.2938,0.31917,0.30025,-0.6278,-0.6888,-0.6689,181.0,203.4,169.4,186.0,133.0,225.0,187.6,0.0,0.3133,0.3164,0.30471,-0.6967,-0.7606,-0.7417,220.0,234.0,209.8,233.8,67.0,367.0,227.4,0.0,0.32584,0.25912,0.34415,-0.7565,-0.8711,-0.7759,259.4,283.0,145.0,267.6,64.0,171.0,267.6,0.0,,0.29027,0.3023,,-0.8904,-0.8616,301.6,331.2,295.8,313.2,23.0,477.0,316.2,0.0,0.34465,0.3117,0.30946,-0.8481,-0.9109,-0.8977,344.4,379.8,7.0,359.2,33.0,138.0,367.0,0.0,,0.33236,0.30798,,-0.9264,-0.9307,397.0,423.0,393.6,406.4,32.0,286.0,410.4,0.0,0.40686,0.25091,0.30444,-0.879,-0.9857,-0.9559,443.2,469.6,350.8,469.6,5.0,170.0,463.4,0.0,,,0.46355,,,-0.8901,494.2,520.0,489.4,520.0,18.0,215.0,512.4,0.0,0.44379,,0.5008,-0.9103,,-0.8945,550.2,554.6,550.2,554.6,4.0,139.0,561.6,0.0,0.55798,,0.3524,-0.8762,,-0.9764,615.2,615.2,615.2,615.2,1.0,155.0,611.2,0.0,0.6857,,0.52471,-0.8426,,-0.922,,,,649.8,0.0,107.0,660.8,0.0,0.0,0.0,,0.0,0.0,,,,,714.6,0.0,59.0,710.6,0.0,0.0,0.0,0.57853,0.0,0.0,-0.9305,,,,785.4,0.0,37.0,760.6,0.0,0.0,0.0,0.0,0.0,0.0,0.0,,,,809.0,0.0,39.0,810.4,0.0,0.0,0.0,0.0,0.0,0.0,0.0,840.4,840.4,840.4,840.4,2.0,36.0,860.4,0.0,0.0,0.0,0.0,0.0,0.0,0.0,,,,915.0,0.0,38.0,910.4,0.0,0.0,0.0,0.0,0.0,0.0,0.0,941.6,968.2,941.6,968.2,5.0,83.0,960.4,0.0,0.0,0.0,0.0,0.0,0.0,0.0,466.4,471.0,440.6,442.6,13.0,41.0,452.2,0.0,,0.47094,,,0.9172,,5.4,9.0,4.4,7.6,485.0,707.0,7.6,0.0,0.39723,0.42817,0.42566,-0.037,-0.0648,-0.0561,522.8,522.8,522.8,522.8,6.0,18.0,500.8,0.0,,0.74565,0.63518,,0.8475,0.8894,4.4,7.2,3.6,6.2,561.0,1507.0,6.2,0.0,0.41904,0.44763,0.44688,-0.0296,-0.0515,-0.0451,560.6,560.6,541.2,541.2,5.0,19.0,547.4,0.0,,0.56672,,,0.9266,,3.0,5.4,2.6,4.4,542.0,939.0,4.4,0.0,0.43151,0.46089,0.45573,-0.0217,-0.0391,-0.0329
2020-04-07,477.0,487.2,469.0,487.2,28.0,69.0,484.6,0.0,,0.43311,0.55362,,0.9698,0.9358,405.0,444.6,405.0,442.4,30.0,73.0,435.4,0.0,,,0.56071,,,0.9099,370.0,392.0,370.0,391.2,39.0,126.0,386.8,0.0,,0.36785,0.49687,,0.9563,0.9067,331.0,348.4,326.6,342.8,57.0,156.0,332.0,0.0,0.28627,0.40443,0.45883,0.9797,0.9103,0.891,275.0,302.6,275.0,286.6,257.0,252.0,286.6,0.0,0.32491,0.33879,0.3509,0.9385,0.9089,0.9102,228.0,257.0,228.0,240.0,243.0,351.0,240.0,0.0,0.32466,0.31398,0.32974,0.8996,0.8775,0.878,176.0,213.8,176.0,194.0,1360.0,737.0,194.0,0.0,0.32407,0.24565,0.30337,0.8464,0.8705,0.8372,160.0,172.2,150.0,155.6,409.0,641.0,155.6,0.0,0.31494,0.32224,0.3079,0.7836,0.7301,0.7576,120.0,133.6,114.4,117.6,2545.0,1606.0,117.6,0.0,0.30422,0.31244,0.29364,0.7054,0.6434,0.6737,98.0,100.6,85.0,87.8,1371.0,768.0,87.8,0.0,0.29976,0.30945,0.2951,0.6091,0.5433,0.5688,78.8,78.8,61.4,63.0,3690.0,2022.0,63.0,0.0,0.31989,0.30927,0.29495,0.505,0.4404,0.461,50.0,52.0,41.8,41.8,1200.0,965.0,41.8,0.0,0.29909,0.30471,0.28756,0.3997,0.3401,0.3534,36.2,40.0,27.6,28.0,1170.0,1446.0,28.0,0.0,0.31992,0.30313,0.29059,0.3163,0.2508,0.2611,18.0,28.6,18.0,18.6,639.0,984.0,18.6,0.0,0.32755,0.30511,0.29612,0.2418,0.1789,0.1875,19.4,19.4,12.0,12.0,1815.0,3613.0,12.0,0.0,0.3301,0.31192,0.30073,0.1775,0.1268,0.1302,14.0,14.4,7.6,7.8,622.0,1112.0,7.8,0.0,0.34424,0.31549,0.30744,0.1351,0.0859,0.0895,8.8,9.2,5.2,5.4,514.0,1990.0,5.4,0.0,0.3437,0.32568,0.31904,0.0934,0.0606,0.0636,4.8,5.8,3.8,3.8,291.0,880.0,3.8,0.0,0.34452,0.33965,0.33097,0.0631,0.0447,0.0455,3.8,4.8,2.6,2.8,550.0,2169.0,2.8,0.0,0.36568,0.34863,0.34487,0.051,0.0313,0.0337,2.6,3.2,2.0,2.2,183.0,603.0,2.0,0.0,0.37051,0.36378,0.36144,0.0354,0.024,0.0262,2.0,2.2,1.8,1.8,130.0,940.0,1.8,0.0,0.37752,0.38673,0.37914,0.0251,0.0207,0.021,1.8,1.8,1.4,1.4,78.0,607.0,1.2,0.0,0.39433,0.40022,0.3929,0.0202,0.016,0.0163,1.4,1.4,1.2,1.2,101.0,873.0,1.2,0.0,0.40723,0.41823,0.41109,0.0157,0.0134,0.0136,1.2,1.2,1.0,1.0,40.0,505.0,1.0,0.0,0.42476,0.43376,0.42682,0.0132,0.011,0.0112,0.8,1.0,0.8,1.0,77.0,753.0,1.0,0.0,0.43983,0.44628,0.45179,0.0108,0.0088,0.0106,0.6,0.8,0.6,0.8,29.0,554.0,0.8,0.0,0.45191,0.45481,0.46353,0.0086,0.0067,0.0085,0.8,0.8,0.4,0.4,95.0,713.0,0.4,0.0,0.47555,0.45711,0.45085,0.0083,0.0046,0.0046,1.0,1.0,0.4,0.6,189.0,1578.0,0.2,0.0,0.51231,0.4789,0.49382,0.0095,0.0044,0.0062,5.0,5.6,3.4,3.6,772.0,2319.0,3.6,0.0,0.45896,0.47995,0.44956,-0.0297,-0.0443,-0.0319,6.0,6.6,4.0,4.4,531.0,859.0,4.4,0.0,0.43009,0.45046,0.42324,-0.0363,-0.054,-0.0401,10.0,10.0,5.2,5.6,758.0,1243.0,5.6,0.0,0.40845,0.44595,0.39935,-0.0476,-0.0775,-0.052,10.0,10.8,6.8,7.0,507.0,561.0,7.0,0.0,0.38653,0.40478,0.37286,-0.0629,-0.0899,-0.0668,15.0,15.6,9.4,9.8,1279.0,1192.0,9.8,0.0,0.36889,0.39475,0.35538,-0.0861,-0.1243,-0.0924,19.2,20.4,13.0,13.8,698.0,848.0,13.8,0.0,0.35094,0.37302,0.33816,-0.1174,-0.1617,-0.1277,35.0,35.0,18.8,19.6,2093.0,1904.0,19.6,0.0,0.33793,0.39506,0.32178,-0.1632,-0.2351,-0.1763,40.6,40.6,27.4,30.0,767.0,748.0,30.0,0.0,0.32745,0.35346,0.3167,-0.2247,-0.2864,-0.248,60.0,60.0,39.0,42.8,1924.0,1299.0,42.8,0.0,0.31595,0.36178,0.30493,-0.3008,-0.3725,-0.3316,75.6,76.8,55.8,61.6,1145.0,555.0,61.0,0.0,0.30961,0.34092,0.29989,-0.3937,-0.4587,-0.4319,100.0,101.8,78.2,85.0,1607.0,655.0,85.0,0.0,0.30632,0.33528,0.29254,-0.4957,-0.5534,-0.5394,130.6,131.0,107.2,117.4,723.0,319.0,117.4,0.0,0.30907,0.32744,0.30053,-0.5965,-0.648,-0.6398,161.4,163.4,141.2,148.6,171.0,370.0,150.2,0.0,0.31295,0.31238,0.28091,-0.6879,-0.7423,-0.7466,208.6,208.6,180.2,186.4,117.0,161.0,192.4,0.0,0.32177,0.34404,0.2667,-0.7624,-0.7908,-0.8389,243.6,246.6,221.2,237.0,140.0,429.0,237.0,0.0,0.32452,0.31723,0.31889,-0.8268,-0.869,-0.8551,295.0,295.0,266.4,267.8,47.0,130.0,282.4,0.0,0.3392,0.34831,,-0.8686,-0.8911,,335.0,338.0,313.6,325.0,50.0,271.0,330.0,0.0,0.35966,0.31069,0.27481,-0.896,-0.9481,-0.9624,381.2,382.8,369.6,381.4,33.0,152.0,376.8,0.0,0.45114,,0.39785,-0.8754,,-0.9186,435.2,435.2,416.6,424.0,7.0,211.0,420.2,0.0,0.46769,0.31569,0.31448,-0.8968,-0.9804,-0.9779,470.0,485.6,470.0,483.6,5.0,136.0,469.6,0.0,0.53716,0.35832,0.49692,-0.8893,-0.9777,-0.9181,,,,615.2,0.0,155.0,524.8,0.0,0.0,0.0,0.85,0.0,0.0,-0.8025,572.4,572.4,572.4,572.4,1.0,106.0,568.8,0.0,0.63632,,0.28028,-0.8921,,-0.9987,634.4,634.4,618.2,618.2,6.0,57.0,618.8,0.0,0.63518,0.3895,,-0.9113,-0.9914,,,,,785.4,0.0,37.0,673.8,0.0,0.0,0.0,0.85,0.0,0.0,-0.8631,,,,809.0,0.0,39.0,723.6,0.0,0.0,0.0,0.85,0.0,0.0,-0.8798,,,,840.4,0.0,36.0,773.4,0.0,0.0,0.0,0.0,0.0,0.0,0.0,833.2,833.2,805.8,812.0,6.0,37.0,818.6,0.0,0.0,0.0,0.0,0.0,0.0,0.0,881.2,881.2,874.2,874.2,4.0,79.0,868.8,0.0,0.0,0.0,0.0,0.0,0.0,0.0,527.0,527.0,517.8,517.8,7.0,39.0,534.0,0.0,,0.441,,,0.9801,,4.4,4.4,2.4,2.6,450.0,685.0,2.6,0.0,0.47264,0.50136,0.46539,-0.0213,-0.0346,-0.0233,,,,522.8,0.0,18.0,583.6,0.0,0.0,0.0,,0.0,0.0,,4.4,4.4,2.0,2.0,519.0,1403.0,2.0,0.0,0.4986,0.54489,0.48581,-0.0172,-0.0321,-0.0177,631.2,636.0,625.6,625.6,17.0,22.0,633.4,0.0,0.0,0.6896,,0.0,0.9476,,2.4,2.4,1.2,1.2,354.0,1033.0,1.2,0.0,0.50092,0.53259,0.48892,-0.0109,-0.0192,-0.0112
2020-04-08,453.0,453.0,453.0,453.0,2.0,68.0,465.0,0.0,,0.41892,,,0.9761,,421.2,421.2,421.2,421.2,3.0,73.0,415.6,0.0,,0.61562,0.44929,,0.8883,0.955,365.0,374.6,362.0,373.2,11.0,122.0,363.6,0.0,,0.46998,0.43265,,0.9143,0.9382,314.8,325.4,307.4,315.0,23.0,148.0,315.0,0.0,,0.36468,,,0.9318,,278.0,280.4,259.0,261.8,95.0,241.0,268.8,0.0,,0.33291,,,0.9116,,228.8,237.6,215.0,220.8,46.0,347.0,222.6,0.0,0.29874,0.33153,0.25557,0.9138,0.8607,0.9324,184.4,191.6,169.2,177.8,503.0,631.0,177.8,0.0,0.28236,0.3003,0.27059,0.8699,0.8145,0.8609,146.4,151.0,129.8,139.8,188.0,622.0,139.8,0.0,0.28511,0.29239,0.28426,0.7902,0.7314,0.7658,104.8,113.6,95.0,101.8,1699.0,1473.0,101.8,0.0,0.28032,0.28497,0.27035,0.6954,0.6285,0.6699,82.4,82.4,66.0,71.0,783.0,830.0,71.0,0.0,0.28003,0.27908,0.2656,0.5818,0.511,0.5498,57.6,59.8,43.2,47.6,2556.0,2094.0,47.6,0.0,0.29113,0.2741,0.26597,0.4644,0.3895,0.4238,37.4,39.2,27.0,30.2,541.0,983.0,30.2,0.0,0.28626,0.27249,0.26607,0.351,0.2783,0.3068,24.8,26.2,16.6,19.0,863.0,1534.0,19.0,0.0,0.29268,0.27562,0.27142,0.2566,0.1897,0.2127,16.2,16.2,9.8,10.6,520.0,1152.0,10.8,0.0,0.29316,0.27865,0.26912,0.1763,0.123,0.1344,10.2,11.2,5.8,6.4,960.0,3504.0,6.4,0.0,0.30731,0.28434,0.27689,0.1261,0.0781,0.0865,7.0,7.0,3.4,3.4,306.0,1092.0,3.4,0.0,0.31263,0.29055,0.27793,0.0841,0.0486,0.0503,4.2,4.6,2.0,2.2,299.0,1907.0,2.2,0.0,0.32235,0.29753,0.29071,0.0574,0.03,0.0331,2.8,2.8,1.2,1.2,133.0,873.0,1.2,0.0,0.32726,0.3056,0.29491,0.0368,0.0186,0.0192,2.4,2.4,1.0,1.0,345.0,2064.0,1.0,0.0,0.35175,0.3275,0.31716,0.0302,0.0149,0.0153,1.6,1.6,0.6,0.6,165.0,582.0,0.6,0.0,0.36042,0.33391,0.3242,0.0207,0.0092,0.0094,1.2,1.6,0.6,0.6,157.0,925.0,0.6,0.0,0.39052,0.36096,0.35134,0.0193,0.0086,0.0088,1.0,1.0,0.4,0.4,117.0,572.0,0.4,0.0,0.39361,0.36983,0.36064,0.0126,0.0058,0.0059,0.8,0.8,0.4,0.4,53.0,876.0,0.4,0.0,0.40928,0.39486,0.38573,0.0099,0.0055,0.0056,0.6,0.6,0.2,0.2,164.0,445.0,0.2,0.0,0.42079,0.0,0.0,0.0075,0.0,0.0,0.6,0.6,0.4,0.6,86.0,726.0,0.2,0.0,0.44597,0.44355,0.45458,0.0071,0.0049,0.007,0.4,0.4,0.2,0.2,36.0,560.0,0.2,0.0,0.45002,0.0,0.0,0.0049,0.0,0.0,0.6,0.6,0.4,0.4,87.0,685.0,0.2,0.0,0.49482,0.49066,0.48175,0.0065,0.0045,0.0046,0.6,0.6,0.2,0.4,147.0,1518.0,0.2,0.0,0.51863,0.0,0.50467,0.0062,0.0,0.0044,3.4,3.8,1.4,1.4,828.0,2138.0,1.4,0.0,0.40901,0.45832,0.39942,-0.0158,-0.0347,-0.0162,4.2,4.2,1.8,2.4,492.0,825.0,2.0,0.0,0.38414,0.42141,0.39211,-0.0209,-0.0408,-0.0266,5.6,5.8,2.4,2.8,324.0,1209.0,2.8,0.0,0.36057,0.40197,0.3597,-0.0286,-0.0562,-0.0329,7.6,7.6,3.4,4.4,406.0,591.0,4.0,0.0,0.33984,0.37714,0.34611,-0.0408,-0.0747,-0.0504,10.0,10.4,5.6,6.6,939.0,1134.0,6.6,0.0,0.32901,0.35518,0.32921,-0.0645,-0.1022,-0.0743,14.6,14.6,8.8,10.0,497.0,686.0,10.0,0.0,0.31551,0.33489,0.31297,-0.0977,-0.1416,-0.1097,22.4,22.6,14.0,16.0,1192.0,1891.0,16.0,0.0,0.30416,0.32655,0.30265,-0.1472,-0.2042,-0.165,30.0,32.6,22.4,25.4,336.0,800.0,25.4,0.0,0.29599,0.31116,0.29455,-0.2179,-0.2801,-0.2415,44.8,48.0,35.2,38.6,1792.0,1275.0,38.6,0.0,0.29039,0.30245,0.28477,-0.3103,-0.3777,-0.3374,65.6,68.8,53.4,59.0,1046.0,647.0,59.0,0.0,0.2866,0.29494,0.28406,-0.4197,-0.4886,-0.4524,89.0,95.8,77.2,84.6,1055.0,659.0,84.6,0.0,0.28241,0.28975,0.28039,-0.5373,-0.6037,-0.5715,119.4,126.6,108.6,117.0,177.0,353.0,117.0,0.0,0.2861,0.27534,0.28119,-0.6491,-0.7195,-0.6828,153.4,167.0,144.8,154.8,176.0,365.0,154.8,0.0,0.2884,0.28419,0.28395,-0.7468,-0.8026,-0.7763,199.8,208.0,189.6,203.2,39.0,161.0,196.0,0.0,0.31829,0.27189,0.33144,-0.803,-0.883,-0.813,243.8,252.0,231.2,241.4,100.0,394.0,245.0,0.0,0.31233,0.2467,0.29145,-0.8699,-0.9495,-0.9019,293.8,295.0,281.2,295.0,12.0,129.0,292.4,0.0,0.35908,,0.36973,-0.8835,,-0.8891,342.2,342.2,339.4,339.4,2.0,271.0,341.0,0.0,0.47082,,0.35206,-0.8555,,-0.9342,395.2,395.2,380.0,380.0,3.0,152.0,390.2,0.0,0.43484,,,-0.9085,,,434.0,445.0,429.8,445.0,5.0,208.0,439.6,0.0,0.47359,,0.49749,-0.9159,,-0.9125,,,,483.6,0.0,136.0,489.4,0.0,0.0,0.0,0.27363,0.0,0.0,-0.9974,,,,615.2,0.0,155.0,539.2,0.0,0.0,0.0,0.85,0.0,0.0,-0.8228,,,,572.4,0.0,106.0,589.0,0.0,0.0,0.0,,0.0,0.0,,,,,618.2,0.0,57.0,639.0,0.0,0.0,0.0,,0.0,0.0,,,,,785.4,0.0,37.0,689.0,0.0,0.0,0.0,0.85,0.0,0.0,-0.8816,,,,809.0,0.0,39.0,739.0,0.0,0.0,0.0,0.85,0.0,0.0,-0.8974,,,,840.4,0.0,36.0,789.0,0.0,0.0,0.0,0.0,0.0,0.0,0.0,,,,812.0,0.0,37.0,839.0,0.0,0.0,0.0,0.0,0.0,0.0,0.0,891.0,891.0,891.0,891.0,2.0,77.0,889.0,0.0,0.0,0.0,0.0,0.0,0.0,0.0,516.2,516.2,516.2,516.2,1.0,38.0,513.2,0.0,,0.68005,0.31861,,0.9186,0.9985,2.4,2.4,1.0,1.0,342.0,611.0,1.0,0.0,0.42818,0.46545,0.41904,-0.0112,-0.0229,-0.0115,571.8,571.8,567.0,567.0,6.0,18.0,563.0,0.0,,0.74537,0.45125,,0.9216,0.9902,1.8,1.8,0.8,0.8,232.0,1381.0,0.8,0.0,0.45332,0.48609,0.44446,-0.0087,-0.017,-0.0089,619.2,619.2,618.2,618.2,6.0,25.0,612.4,0.0,,0.81632,0.55114,,0.9231,0.9825,1.8,1.8,0.4,0.6,209.0,1007.0,0.6,0.0,0.453,0.5275,0.46575,-0.0047,-0.0158,-0.0066
2020-04-09,479.0,485.2,477.4,485.0,10.0,67.0,481.4,0.0,,0.54662,0.5214,,0.9546,0.9641,434.6,434.6,434.6,434.6,3.0,70.0,431.6,0.0,,0.59679,0.46436,,0.9171,0.9636,384.8,384.8,378.2,383.0,12.0,118.0,382.0,0.0,,0.45803,0.37822,,0.9411,0.9728,333.0,339.6,330.0,330.6,19.0,151.0,332.6,0.0,,0.43018,,,0.9239,,284.2,290.2,279.8,281.4,41.0,224.0,283.8,0.0,,0.37384,0.23604,,0.916,0.987,241.0,244.2,230.0,235.0,52.0,318.0,234.6,0.0,0.24932,0.32141,0.27912,0.9646,0.9027,0.9389,194.2,198.6,183.2,186.4,383.0,597.0,186.4,0.0,0.2665,0.29327,0.24637,0.9097,0.8632,0.9135,150.2,154.6,140.8,145.8,264.0,583.0,145.8,0.0,0.26209,0.28239,0.26684,0.8426,0.7897,0.819,114.0,115.2,102.2,105.2,1417.0,1403.0,105.2,0.0,0.26096,0.27044,0.25213,0.7444,0.6912,0.7251,75.8,81.2,70.2,72.4,822.0,800.0,72.4,0.0,0.25875,0.26448,0.25011,0.6225,0.5663,0.5949,50.0,58.0,44.4,45.8,2781.0,1816.0,45.8,0.0,0.27564,0.25702,0.24498,0.4883,0.4296,0.4519,34.8,34.8,25.8,26.2,1007.0,1078.0,26.2,0.0,0.26254,0.25126,0.23901,0.356,0.2967,0.3106,20.0,22.8,13.8,13.8,1051.0,1526.0,13.8,0.0,0.27487,0.24767,0.23617,0.2521,0.1857,0.1923,12.0,13.2,6.6,6.6,447.0,1260.0,6.6,0.0,0.2757,0.24363,0.23413,0.1641,0.1034,0.1066,7.2,7.4,3.0,3.2,1335.0,3297.0,3.2,0.0,0.27837,0.24305,0.23812,0.1015,0.0531,0.057,4.4,4.4,1.2,1.2,335.0,1057.0,1.2,0.0,0.28736,0.24108,0.23407,0.0637,0.024,0.0246,2.0,2.0,0.6,0.8,485.0,1739.0,0.8,0.0,0.28268,0.24961,0.25303,0.0326,0.0125,0.016,1.0,1.2,0.4,0.4,259.0,775.0,0.4,0.0,0.29368,0.26681,0.26078,0.0201,0.0082,0.0083,1.2,1.2,0.4,0.6,463.0,1971.0,0.4,0.0,0.32633,0.29585,0.3046,0.0183,0.0075,0.0105,0.8,0.8,0.4,0.6,127.0,562.0,0.4,0.0,0.33879,0.32421,0.33414,0.0123,0.0069,0.0097,0.6,0.6,0.4,0.6,188.0,953.0,0.6,0.0,0.35547,0.35195,0.36301,0.0091,0.0064,0.009,0.4,0.4,0.4,0.4,31.0,575.0,0.4,0.0,0.36612,0.37913,0.37332,0.0061,0.006,0.006,0.2,0.4,0.2,0.2,430.0,921.0,0.2,0.0,0.39285,0.0,0.0,0.0058,0.0,0.0,0.2,0.4,0.2,0.2,44.0,428.0,0.2,0.0,0.41907,0.0,0.0,0.0054,0.0,0.0,0.2,0.2,0.2,0.2,287.0,721.0,0.2,0.0,0.0,0.0,0.0,0.0,0.0,0.0,0.2,0.2,0.2,0.2,94.0,554.0,0.2,0.0,0.0,0.0,0.0,0.0,0.0,0.0,0.2,0.2,0.2,0.2,148.0,673.0,0.2,0.0,0.0,0.0,0.0,0.0,0.0,0.0,0.4,0.4,0.2,0.4,465.0,1430.0,0.2,0.0,0.5194,0.0,0.52634,0.0045,0.0,0.0044,1.2,1.4,0.6,1.0,466.0,1944.0,1.0,0.0,0.3949,0.42749,0.41401,-0.008,-0.0161,-0.0122,1.6,1.6,1.0,1.2,429.0,687.0,1.2,0.0,0.38176,0.39357,0.3836,-0.0131,-0.0195,-0.0154,3.0,3.0,1.2,1.8,243.0,1197.0,1.8,0.0,0.35094,0.39064,0.36485,-0.0167,-0.0342,-0.0231,3.0,3.0,2.2,3.0,184.0,638.0,2.6,0.0,0.34211,0.34474,0.3523,-0.0292,-0.0382,-0.0374,4.8,4.8,3.0,4.0,690.0,1263.0,4.0,0.0,0.31586,0.32923,0.3246,-0.041,-0.0596,-0.0515,8.0,8.0,5.4,7.0,393.0,688.0,7.0,0.0,0.30652,0.31732,0.31539,-0.0698,-0.0946,-0.0849,12.0,12.6,9.0,11.2,1481.0,1981.0,11.2,0.0,0.29306,0.30155,0.30039,-0.111,-0.1432,-0.1304,19.6,20.0,15.0,18.2,690.0,826.0,18.2,0.0,0.28104,0.28762,0.28824,-0.1736,-0.2143,-0.1985,34.6,34.6,25.4,28.0,1737.0,1422.0,28.0,0.0,0.27448,0.29094,0.27152,-0.2654,-0.3202,-0.2884,51.0,51.0,41.0,45.2,950.0,672.0,45.2,0.0,0.26849,0.27577,0.26705,-0.3813,-0.4358,-0.4101,73.6,73.8,62.6,69.0,1367.0,678.0,69.0,0.0,0.26177,0.26202,0.26346,-0.5132,-0.5688,-0.5437,107.6,107.6,92.4,97.6,308.0,360.0,97.6,0.0,0.26214,0.26927,0.25066,-0.6442,-0.6899,-0.6807,150.8,150.8,128.6,135.8,181.0,348.0,137.0,0.0,0.26434,0.3019,0.2548,-0.7568,-0.7661,-0.7891,181.2,185.2,169.4,169.4,73.0,158.0,178.0,0.0,0.26504,0.24707,0.13299,-0.8458,-0.8934,-0.9865,223.8,231.4,216.2,225.4,135.0,335.0,224.8,0.0,0.2897,0.24575,0.27894,-0.8891,-0.9449,-0.9105,271.6,277.8,271.6,276.4,8.0,125.0,273.0,0.0,0.38681,,0.33561,-0.8685,,-0.9129,317.4,323.4,313.0,323.4,21.0,266.0,322.4,0.0,0.34306,,0.33843,-0.9346,,-0.9443,369.0,369.0,369.0,369.0,4.0,148.0,370.0,0.0,0.45721,,0.19336,-0.9028,,-0.9994,418.0,424.0,413.8,413.8,5.0,204.0,419.8,0.0,0.43588,,,-0.9394,,,,,,483.6,0.0,136.0,469.6,0.0,0.0,0.0,0.59003,0.0,0.0,-0.9024,512.8,512.8,512.8,512.8,4.0,153.0,519.6,0.0,0.49589,,,-0.953,,,568.6,568.6,568.6,568.6,1.0,106.0,569.6,0.0,0.62052,,,-0.9261,,,,,,618.2,0.0,57.0,622.8,0.0,0.0,0.0,,0.0,0.0,,,,,785.4,0.0,37.0,672.6,0.0,0.0,0.0,0.85,0.0,0.0,-0.891,,,,809.0,0.0,39.0,719.6,0.0,0.0,0.0,0.85,0.0,0.0,-0.9067,,,,840.4,0.0,36.0,769.8,0.0,0.0,0.0,0.0,0.0,0.0,0.0,,,,812.0,0.0,37.0,822.2,0.0,0.0,0.0,0.0,0.0,0.0,0.0,866.0,871.4,864.8,869.0,9.0,76.0,871.4,0.0,0.0,0.0,0.0,0.0,0.0,0.0,522.8,524.2,522.8,524.2,5.0,36.0,531.2,0.0,,0.46407,,,0.9861,,0.6,0.8,0.4,0.8,145.0,534.0,0.8,0.0,0.4131,0.4352,0.44133,-0.0053,-0.0096,-0.0094,,,,567.0,0.0,18.0,581.2,0.0,0.0,0.0,,0.0,0.0,,0.6,0.6,0.4,0.6,84.0,1331.0,0.6,0.0,0.45026,0.45847,0.46437,-0.0049,-0.007,-0.0069,631.4,633.0,631.4,633.0,4.0,23.0,631.2,0.0,0.0,0.77626,0.6034,0.0,0.9479,0.9816,0.4,0.6,0.4,0.6,164.0,985.0,0.6,0.0,0.48758,0.4974,0.50326,-0.0046,-0.0065,-0.0064
2020-04-10,472.0,505.0,450.6,450.6,18.0,69.0,464.4,0.0,,0.55923,,,0.9527,,449.8,452.8,401.0,401.0,19.0,74.0,414.6,0.0,,0.51194,,,0.946,,400.2,412.0,361.2,363.4,19.0,118.0,359.8,0.0,,0.58464,,,0.8914,,336.2,363.2,305.6,315.4,35.0,152.0,310.4,0.0,,0.4612,0.3098,,0.9059,0.98,276.2,311.4,249.8,263.8,50.0,216.0,261.6,0.0,,0.32872,,,0.9343,,227.4,258.4,207.4,214.0,107.0,291.0,217.8,0.0,,0.35466,,,0.8671,,183.8,213.6,157.0,170.2,373.0,587.0,170.2,0.0,,0.28568,0.25025,,0.8454,0.9041,140.6,169.8,115.4,126.2,424.0,478.0,126.2,0.0,0.24223,0.27211,0.24143,0.9081,0.758,0.8261,105.8,126.6,78.4,86.4,2451.0,1348.0,86.4,0.0,0.24107,0.25765,0.2305,0.8233,0.639,0.7108,71.8,88.4,49.8,54.4,1623.0,768.0,54.4,0.0,0.2384,0.25279,0.22608,0.7025,0.4914,0.5545,45.0,57.6,28.6,31.8,3784.0,1993.0,31.8,0.0,0.2384,0.24734,0.22756,0.5518,0.3411,0.3883,25.0,34.6,15.2,17.6,1549.0,1137.0,17.4,0.0,0.23836,0.24599,0.23293,0.3952,0.2131,0.2477,13.0,19.2,8.0,8.8,1741.0,1517.0,8.8,0.0,0.23938,0.25139,0.2354,0.2567,0.1254,0.1423,6.0,10.0,4.0,4.6,818.0,1243.0,4.6,0.0,0.24221,0.25664,0.24507,0.1526,0.0691,0.0805,4.0,5.4,2.2,2.4,1422.0,3132.0,2.4,0.0,0.25168,0.26849,0.25529,0.0891,0.0397,0.0445,1.4,2.4,0.8,1.4,261.0,1055.0,1.4,0.0,0.25202,0.26315,0.27029,0.0445,0.0165,0.0264,2.0,2.0,0.2,1.0,486.0,1518.0,0.8,0.0,0.28342,0.0,0.29238,0.0343,0.0,0.0183,0.4,0.8,0.4,0.4,136.0,698.0,0.4,0.0,0.2796,0.30401,0.29041,0.0154,0.0078,0.0081,0.4,0.6,0.2,0.4,258.0,2009.0,0.4,0.0,0.30156,0.0,0.3214,0.0111,0.0,0.0074,0.2,0.6,0.2,0.6,112.0,583.0,0.4,0.0,0.3334,0.0,0.36906,0.0102,0.0,0.0094,0.2,0.4,0.2,0.4,38.0,956.0,0.4,0.0,0.34731,0.0,0.38129,0.0068,0.0,0.0063,0.2,0.4,0.2,0.4,221.0,634.0,0.4,0.0,0.37659,0.0,0.4103,0.0063,0.0,0.0059,0.2,0.4,0.2,0.4,569.0,872.0,0.4,0.0,0.40527,0.0,0.43874,0.0059,0.0,0.0056,0.2,0.4,0.2,0.4,253.0,566.0,0.4,0.0,0.4334,0.0,0.46675,0.0056,0.0,0.0053,0.2,0.4,0.2,0.4,487.0,777.0,0.4,0.0,0.46112,0.0,0.49411,0.0053,0.0,0.005,0.2,0.2,0.2,0.2,545.0,620.0,0.2,0.0,0.0,0.0,0.0,0.0,0.0,0.0,0.2,0.2,0.2,0.2,332.0,800.0,0.2,0.0,0.0,0.0,0.0,0.0,0.0,0.0,0.2,0.4,0.2,0.2,323.0,1434.0,0.2,0.0,0.54094,0.0,0.0,0.0046,0.0,0.0,0.8,1.0,0.2,1.0,534.0,1815.0,1.0,0.0,0.0,0.41586,0.43032,0.0,-0.013,-0.0126,1.0,1.6,0.4,1.0,439.0,730.0,1.0,0.0,0.37808,0.39946,0.38722,-0.0061,-0.0206,-0.0139,1.6,2.0,0.6,1.6,378.0,1063.0,1.6,0.0,0.35669,0.36704,0.36952,-0.0093,-0.027,-0.022,2.4,2.8,1.0,2.0,279.0,604.0,2.0,0.0,0.33951,0.3402,0.33649,-0.0154,-0.0388,-0.0291,3.0,4.6,1.6,3.0,912.0,1206.0,3.0,0.0,0.3197,0.32274,0.31252,-0.0247,-0.0623,-0.0442,6.6,7.4,2.6,4.8,506.0,683.0,4.8,0.0,0.29986,0.30342,0.29123,-0.0401,-0.098,-0.0703,10.0,13.0,4.4,7.6,2251.0,1833.0,7.6,0.0,0.28157,0.29242,0.26775,-0.0665,-0.16,-0.1108,15.6,21.4,7.8,13.6,1099.0,795.0,13.6,0.0,0.26617,0.27736,0.25356,-0.1126,-0.2459,-0.1852,27.2,35.0,14.6,24.0,2693.0,1331.0,24.0,0.0,0.25721,0.26521,0.24092,-0.1916,-0.3644,-0.297,42.0,55.6,26.4,42.6,1809.0,696.0,42.6,0.0,0.2508,0.25609,0.23813,-0.3061,-0.5083,-0.4476,68.0,84.0,44.0,68.4,2325.0,693.0,68.4,0.0,0.24174,0.24891,0.23205,-0.4487,-0.6579,-0.6094,101.2,120.0,70.2,103.0,568.0,324.0,103.0,0.0,0.23793,0.24408,0.23118,-0.605,-0.7887,-0.754,135.8,160.8,106.0,145.6,327.0,360.0,145.6,0.0,0.24597,0.22868,0.2448,-0.7374,-0.8972,-0.848,187.0,204.4,148.4,191.0,69.0,153.0,195.8,0.0,0.26328,,0.25426,-0.8265,,-0.9115,228.0,253.0,191.4,247.0,85.0,338.0,243.6,0.0,0.2558,,0.36875,-0.9073,,-0.8778,272.4,301.2,242.2,301.2,10.0,125.0,292.4,0.0,0.31411,,0.46075,-0.9126,,-0.8675,324.8,340.2,287.4,340.2,92.0,243.0,341.8,0.0,0.27788,,0.38071,-0.9684,,-0.9445,381.6,381.6,340.0,352.0,16.0,142.0,391.6,0.0,0.37274,,,-0.9461,,,410.4,450.0,394.4,450.0,69.0,189.0,441.4,0.0,0.48093,,0.59952,-0.9212,,-0.8993,453.4,453.4,450.0,450.0,9.0,130.0,491.4,0.0,0.59221,,,-0.8993,,,503.4,503.4,499.2,499.2,20.0,140.0,541.4,0.0,0.62924,,,-0.9086,,,553.4,558.2,549.6,558.2,14.0,100.0,591.4,0.0,0.67845,,,-0.9118,,,599.2,642.2,599.2,642.2,13.0,57.0,641.4,0.0,0.71695,,0.65992,-0.9176,,-0.9517,700.0,700.0,700.0,700.0,1.0,38.0,691.4,0.0,0.85,,0.82062,-0.8945,,-0.9216,725.6,729.8,725.6,729.8,2.0,39.0,741.4,0.0,0.85,0.0,,-0.9108,0.0,,748.8,748.8,748.8,748.8,6.0,33.0,791.4,0.0,0.83513,0.0,0.0,-0.9288,0.0,0.0,841.4,848.6,841.4,848.6,12.0,33.0,841.4,0.0,0.0,0.0,0.0,0.0,0.0,0.0,873.2,901.6,846.8,894.2,65.0,86.0,891.6,0.0,0.0,0.0,0.0,0.0,0.0,0.0,550.6,550.6,550.6,550.6,3.0,36.0,509.0,0.0,,0.85,0.85,,0.8967,0.9044,0.4,0.8,0.2,0.8,119.0,498.0,0.8,0.0,0.0,0.44596,0.45994,0.0,-0.01,-0.0097,600.6,600.6,564.0,564.0,9.0,19.0,559.0,0.0,,0.85,,,0.9184,,0.2,0.8,0.2,0.8,185.0,1325.0,0.8,0.0,0.0,0.48868,0.50251,0.0,-0.0092,-0.0089,646.6,661.2,602.6,609.4,35.0,17.0,613.2,0.0,0.0,0.76654,,0.0,0.9538,,0.6,0.6,0.2,0.4,270.0,867.0,0.4,0.0,0.0,0.51335,0.50285,0.0,-0.0068,-0.0048
2020-04-13,441.2,441.2,441.2,441.2,1.0,68.0,444.4,0.0,,0.72858,,,0.9519,,389.0,410.6,389.0,410.6,9.0,67.0,394.6,0.0,,0.59742,0.83905,,0.9618,0.9057,340.6,359.4,340.6,352.6,23.0,121.0,344.6,0.0,,0.57067,0.62267,,0.9457,0.9355,289.4,309.4,289.0,291.0,26.0,151.0,295.0,0.0,,0.462,,,0.9523,,247.0,259.8,12.0,243.0,76.0,210.0,245.6,0.0,,,,,,,192.2,211.2,190.6,195.0,49.0,275.0,195.6,0.0,,0.3537,,,0.9183,,169.2,169.2,142.8,146.0,465.0,485.0,146.0,0.0,0.33813,0.30801,0.17829,0.8972,0.8772,0.9836,110.6,118.0,100.0,100.0,240.0,438.0,102.2,0.0,0.24377,0.29178,0.20499,0.8856,0.7801,0.8879,68.4,77.0,61.2,64.8,1453.0,1256.0,64.8,0.0,0.24211,0.26474,0.24248,0.7501,0.6396,0.6898,43.8,45.2,32.6,32.8,1530.0,870.0,32.8,0.0,0.24589,0.25254,0.22334,0.557,0.4466,0.4847,22.0,25.8,15.6,16.0,2339.0,1969.0,16.0,0.0,0.26514,0.25324,0.23492,0.366,0.2632,0.283,14.0,14.0,6.8,6.8,843.0,1221.0,6.8,0.0,0.28165,0.25835,0.24203,0.2224,0.1349,0.1418,7.4,7.4,2.8,2.8,797.0,1456.0,2.8,0.0,0.29769,0.2663,0.25301,0.1281,0.0627,0.0653,3.2,3.2,1.4,1.6,307.0,1200.0,1.4,0.0,0.30042,0.2864,0.28132,0.0631,0.0323,0.0368,2.0,2.4,0.8,0.8,597.0,2981.0,0.8,0.0,0.33972,0.3105,0.29986,0.0443,0.0183,0.0189,0.6,0.8,0.4,0.6,218.0,996.0,0.4,0.0,0.32996,0.32643,0.33387,0.0173,0.0094,0.0133,0.2,0.8,0.2,0.4,245.0,1491.0,0.2,0.0,0.3763,0.0,0.35966,0.0154,0.0,0.0086,0.2,0.6,0.2,0.4,77.0,677.0,0.2,0.0,0.40563,0.0,0.40149,0.0111,0.0,0.0078,0.2,0.4,0.2,0.2,168.0,1943.0,0.2,0.0,0.42678,0.0,0.0,0.0074,0.0,0.0,0.2,0.4,0.2,0.4,27.0,570.0,0.2,0.0,0.46677,0.0,0.48221,0.0068,0.0,0.0066,0.2,0.4,0.2,0.2,171.0,869.0,0.2,0.0,0.50591,0.0,0.0,0.0063,0.0,0.0,0.2,0.4,0.2,0.2,110.0,639.0,0.2,0.0,0.54427,0.0,0.0,0.0059,0.0,0.0,0.2,0.2,0.2,0.2,91.0,811.0,0.2,0.0,0.0,0.0,0.0,0.0,0.0,0.0,0.2,0.2,0.2,0.2,11.0,562.0,0.2,0.0,0.0,0.0,0.0,0.0,0.0,0.0,0.2,0.2,0.2,0.2,13.0,779.0,0.2,0.0,0.0,0.0,0.0,0.0,0.0,0.0,0.2,0.2,0.2,0.2,10.0,617.0,0.2,0.0,0.0,0.0,0.0,0.0,0.0,0.0,0.2,0.2,0.2,0.2,33.0,815.0,0.2,0.0,0.0,0.0,0.0,0.0,0.0,0.0,0.2,0.2,0.2,0.2,15.0,1436.0,0.2,0.0,0.0,0.0,0.0,0.0,0.0,0.0,0.8,0.8,0.2,0.2,262.0,1698.0,0.2,0.0,0.0,0.52457,0.0,0.0,-0.0112,0.0,0.8,0.8,0.2,0.2,221.0,607.0,0.2,0.0,0.0,0.46852,0.0,0.0,-0.0124,0.0,0.8,1.4,0.2,0.4,351.0,983.0,0.4,0.0,0.0,0.44822,0.38633,0.0,-0.0213,-0.0079,1.4,1.6,0.4,0.4,201.0,553.0,0.4,0.0,0.35044,0.39717,0.33447,-0.0086,-0.0267,-0.009,2.6,2.8,1.0,1.0,326.0,1227.0,1.0,0.0,0.3398,0.37313,0.32185,-0.0201,-0.0459,-0.0212,5.0,5.2,1.6,1.8,309.0,729.0,1.8,0.0,0.30581,0.35333,0.29256,-0.0334,-0.0815,-0.0386,8.4,8.8,3.4,3.8,1260.0,1784.0,3.8,0.0,0.28577,0.32486,0.27033,-0.0679,-0.1351,-0.0785,14.0,16.0,7.8,8.6,927.0,760.0,8.6,0.0,0.27289,0.30369,0.25371,-0.1405,-0.2286,-0.1619,27.2,30.2,17.4,20.0,1979.0,1300.0,20.0,0.0,0.26564,0.29465,0.24826,-0.2685,-0.3729,-0.314,47.8,52.6,34.4,40.8,2162.0,828.0,40.8,0.0,0.25753,0.2875,0.24644,-0.4451,-0.5456,-0.513,75.2,83.8,63.0,73.0,1256.0,587.0,73.0,0.0,0.26391,0.28101,0.2544,-0.6346,-0.715,-0.7013,114.6,123.0,102.4,114.4,254.0,293.0,114.0,0.0,0.29032,0.27674,0.27609,-0.7704,-0.8481,-0.8255,155.4,168.0,147.0,160.4,155.0,359.0,160.4,0.0,0.32338,0.27879,0.30576,-0.8514,-0.9283,-0.8936,213.4,214.6,194.4,207.4,33.0,149.0,208.2,0.0,0.364,0.18525,0.31889,-0.8955,-0.998,-0.9424,262.8,262.8,243.2,254.8,54.0,336.0,256.2,0.0,0.41138,,0.27678,-0.9191,,-0.9879,312.2,312.6,292.6,305.6,32.0,119.0,305.8,0.0,0.46196,,0.37169,-0.9329,,-0.9766,359.4,363.2,339.6,355.6,88.0,205.0,355.6,0.0,0.44258,,0.42053,-0.9664,,-0.9789,407.4,407.4,389.6,404.4,24.0,134.0,405.6,0.0,0.49355,,0.33765,-0.9693,,-0.998,460.0,460.0,439.4,458.6,23.0,185.0,455.6,0.0,0.53506,,0.62747,-0.9735,,-0.9564,498.8,498.8,498.8,498.8,3.0,130.0,505.4,0.0,0.81056,,,-0.9182,,,558.2,558.2,556.0,556.0,4.0,140.0,555.4,0.0,0.85,,0.62758,-0.9273,,-0.9807,606.0,606.0,606.0,606.0,3.0,100.0,605.4,0.0,0.85,,0.67212,-0.9436,,-0.9817,657.4,657.4,657.4,657.4,1.0,57.0,657.0,0.0,0.85,,0.7835,-0.9568,,-0.9727,,,,700.0,0.0,38.0,705.6,0.0,0.0,0.0,,0.0,0.0,,,,,729.8,0.0,39.0,755.6,0.0,0.0,0.0,0.0,0.0,0.0,0.0,,,,748.8,0.0,33.0,805.6,0.0,0.0,0.0,0.0,0.0,0.0,0.0,854.8,854.8,854.8,854.8,4.0,35.0,855.8,0.0,0.0,0.0,0.0,0.0,0.0,0.0,908.2,909.8,894.8,909.8,10.0,96.0,905.8,0.0,0.0,0.0,0.0,0.0,0.0,0.0,495.8,495.8,495.8,495.8,5.0,36.0,494.4,0.0,,0.85,0.51994,,0.9462,0.9958,0.8,0.8,0.2,0.2,86.0,492.0,0.2,0.0,0.0,0.58089,0.0,0.0,-0.0102,0.0,540.0,548.8,540.0,548.8,4.0,19.0,544.4,0.0,,0.83602,0.79613,,0.965,0.9732,0.8,0.8,0.2,0.2,201.0,1237.0,0.2,0.0,0.0,0.63746,0.0,0.0,-0.0093,0.0,594.8,594.8,594.8,594.8,2.0,17.0,594.4,0.0,,0.85,,,0.975,,0.2,0.2,0.2,0.2,89.0,827.0,0.2,0.0,0.0,0.0,0.0,0.0,0.0,0.0
2020-04-14,486.2,486.2,486.2,486.2,1.0,68.0,501.4,0.0,,0.85,,,0.9582,,431.0,438.8,431.0,438.8,2.0,65.0,460.0,0.0,,0.85,,,0.9376,,364.2,390.4,364.2,390.4,4.0,117.0,401.4,0.0,,0.68074,,,0.9515,,313.0,347.0,313.0,347.0,7.0,151.0,351.6,0.0,,0.56562,,,0.9555,,261.8,302.8,261.8,300.0,46.0,197.0,301.8,0.0,-inf,0.45015,,,0.9619,,229.0,258.0,228.0,258.0,59.0,233.0,252.0,0.0,,0.6463,,,0.8432,,164.4,210.0,163.8,208.2,290.0,406.0,208.2,0.0,,0.34528,,,0.9193,,109.6,162.2,109.6,162.2,205.0,384.0,162.2,0.0,,0.1404,,,0.99,,72.0,114.4,71.0,114.4,1426.0,961.0,114.4,0.0,0.21455,0.24568,0.21455,0.9393,0.7663,0.9393,37.0,71.0,36.4,71.0,1389.0,685.0,71.0,0.0,0.21926,0.23162,0.21926,0.7998,0.5519,0.7998,23.0,36.8,15.6,35.8,3097.0,1614.0,35.8,0.0,0.21914,0.23303,0.21177,0.5693,0.3095,0.5715,9.8,16.6,6.0,15.8,1657.0,1274.0,15.8,0.0,0.23038,0.24329,0.22392,0.3232,0.1428,0.3183,4.0,6.4,2.6,5.8,1197.0,1440.0,5.8,0.0,0.23963,0.26664,0.23206,0.1505,0.066,0.1426,1.8,2.6,1.0,2.2,544.0,1082.0,2.2,0.0,0.25872,0.28216,0.24939,0.0669,0.0274,0.0598,2.0,2.0,0.4,0.8,634.0,2599.0,0.8,0.0,0.31107,0.29914,0.26506,0.0456,0.0115,0.0235,0.6,0.6,0.2,0.6,39.0,1001.0,0.4,0.0,0.30859,0.0,0.30859,0.0159,0.0,0.0159,0.4,0.6,0.2,0.4,196.0,1422.0,0.2,0.0,0.36151,0.0,0.34278,0.0138,0.0,0.0101,0.2,0.4,0.2,0.2,44.0,684.0,0.2,0.0,0.39214,0.0,0.0,0.0089,0.0,0.0,0.4,0.4,0.2,0.2,192.0,1804.0,0.2,0.0,0.44002,0.0,0.0,0.008,0.0,0.0,0.2,0.4,0.2,0.4,145.0,563.0,0.2,0.0,0.48675,0.0,0.48675,0.0073,0.0,0.0073,0.2,0.2,0.2,0.2,118.0,780.0,0.2,0.0,0.0,0.0,0.0,0.0,0.0,0.0,0.2,0.2,0.2,0.2,154.0,540.0,0.2,0.0,0.0,0.0,0.0,0.0,0.0,0.0,0.2,0.2,0.2,0.2,20.0,805.0,0.2,0.0,0.0,0.0,0.0,0.0,0.0,0.0,0.2,0.2,0.2,0.2,9.0,559.0,0.2,0.0,0.0,0.0,0.0,0.0,0.0,0.0,0.2,0.2,0.2,0.2,11.0,773.0,0.2,0.0,0.0,0.0,0.0,0.0,0.0,0.0,0.2,0.2,0.2,0.2,10.0,615.0,0.2,0.0,0.0,0.0,0.0,0.0,0.0,0.0,0.2,0.2,0.2,0.2,20.0,806.0,0.2,0.0,0.0,0.0,0.0,0.0,0.0,0.0,0.2,0.2,0.2,0.2,13.0,1430.0,0.2,0.0,0.0,0.0,0.0,0.0,0.0,0.0,0.4,0.4,0.2,0.2,207.0,1660.0,0.2,0.0,0.0,0.58069,0.0,0.0,-0.0062,0.0,0.4,0.4,0.2,0.4,213.0,542.0,0.4,0.0,0.0,0.52067,0.57563,0.0,-0.0068,-0.0061,0.6,0.6,0.2,0.4,86.0,916.0,0.4,0.0,0.0,0.48498,0.51654,0.0,-0.0105,-0.0068,0.6,0.6,0.2,0.4,170.0,608.0,0.4,0.0,0.0,0.42283,0.45771,0.0,-0.0119,-0.0076,0.6,0.8,0.4,0.6,296.0,1238.0,0.6,0.0,0.39901,0.37569,0.42037,-0.0086,-0.0171,-0.0118,0.8,1.2,0.6,0.8,335.0,708.0,0.8,0.0,0.35908,0.33196,0.3741,-0.0136,-0.0274,-0.017,2.0,2.6,1.2,1.4,1046.0,1413.0,1.4,0.0,0.33125,0.30624,0.34006,-0.0272,-0.0576,-0.0304,5.2,5.2,2.0,2.0,550.0,684.0,2.0,0.0,0.2902,0.27287,0.2902,-0.0476,-0.1138,-0.0476,16.2,16.2,4.8,5.2,2039.0,1357.0,5.2,0.0,0.26818,0.2885,0.27436,-0.1068,-0.2668,-0.112,27.4,29.0,11.2,11.2,1988.0,870.0,11.2,0.0,0.24563,0.24682,0.24563,-0.2258,-0.4508,-0.2258,56.2,56.2,27.4,28.0,2338.0,872.0,28.0,0.0,0.24162,0.23349,0.24603,-0.4363,-0.6901,-0.4373,94.2,95.2,55.0,55.0,616.0,349.0,55.0,0.0,0.23731,0.22505,0.23731,-0.6717,-0.8762,-0.6717,137.4,139.0,97.4,97.4,106.0,331.0,105.6,0.0,0.27933,,0.27933,-0.8116,,-0.8116,185.0,185.0,145.0,145.0,58.0,132.0,151.0,0.0,0.3406,,0.3406,-0.8713,,-0.8713,235.0,237.4,193.6,193.6,29.0,325.0,199.4,0.0,0.39929,,0.39929,-0.9046,,-0.9046,285.0,285.0,249.0,249.0,35.0,104.0,248.8,0.0,0.56113,,0.56113,-0.8775,,-0.8775,337.2,337.2,300.0,300.0,37.0,191.0,298.6,0.0,0.65461,,0.65461,-0.8841,,-0.8841,374.6,375.8,360.0,360.2,14.0,132.0,348.6,0.0,0.85,,0.85,-0.856,,-0.856,434.0,434.0,415.8,415.8,19.0,179.0,398.6,0.0,0.85,,0.85,-0.8883,,-0.8883,470.2,470.2,470.2,470.2,1.0,130.0,448.4,0.0,0.85,,0.85,-0.9149,,-0.9149,536.4,536.4,521.8,521.8,32.0,124.0,498.4,0.0,0.85,,0.85,-0.9361,,-0.9361,,,,606.0,0.0,100.0,548.4,0.0,0.0,0.0,0.85,0.0,0.0,-0.9528,,,,657.4,0.0,57.0,598.6,0.0,0.0,0.0,0.85,0.0,0.0,-0.9657,666.2,666.2,666.2,666.2,2.0,40.0,648.6,0.0,0.85,,0.85,-0.9755,,-0.9755,,,,729.8,0.0,39.0,698.6,0.0,0.0,0.0,0.85,0.0,0.0,-0.9827,,,,748.8,0.0,33.0,748.6,0.0,0.0,0.0,0.85,0.0,0.0,-0.988,822.6,822.6,813.8,814.4,4.0,39.0,798.8,0.0,0.0,0.0,0.0,0.0,0.0,0.0,870.2,870.2,852.6,852.6,9.0,101.0,848.8,0.0,0.0,0.0,0.0,0.0,0.0,0.0,531.2,542.6,531.2,542.6,5.0,33.0,551.4,0.0,,0.85,,,0.9731,,0.2,0.2,0.2,0.2,136.0,403.0,0.2,0.0,0.0,0.0,0.0,0.0,0.0,0.0,,,,548.8,0.0,19.0,601.4,0.0,0.0,0.0,,0.0,0.0,,0.2,0.2,0.2,0.2,279.0,1210.0,0.2,0.0,0.0,0.0,0.0,0.0,0.0,0.0,624.8,624.8,624.8,624.8,1.0,18.0,651.4,0.0,0.0,0.85,0.0,0.0,0.9902,0.0,0.2,0.2,0.2,0.2,55.0,786.0,0.2,0.0,0.0,0.0,0.0,0.0,0.0,0.0
2020-04-15,510.6,510.6,496.8,496.8,9.0,72.0,493.6,0.0,,0.85,0.85,,0.987,0.9871,447.0,447.0,447.0,447.0,1.0,66.0,443.6,0.0,,0.85,0.85,,0.9765,0.9768,408.8,410.8,408.8,410.8,3.0,118.0,393.6,0.0,,0.85,0.85,,0.96,0.9605,353.0,363.2,346.6,351.8,13.0,148.0,343.8,0.0,,0.85,0.85,,0.9356,0.9363,315.4,315.4,290.0,290.0,18.0,193.0,293.8,0.0,,0.55414,0.4467,,0.9745,0.9923,257.6,267.0,244.8,246.0,114.0,200.0,244.2,0.0,,0.62927,0.63156,,0.9221,0.9223,210.0,217.0,190.2,191.2,81.0,392.0,194.8,0.0,,0.39286,0.3859,,0.9616,0.965,155.8,170.0,141.6,143.8,97.0,358.0,146.6,0.0,,0.34639,0.3731,,0.9286,0.9152,113.2,122.8,93.8,93.8,572.0,815.0,93.8,0.0,0.28733,0.28673,0.26806,0.9354,0.8696,0.8882,70.0,79.0,51.2,51.4,701.0,602.0,51.4,0.0,0.28802,0.24992,0.24293,0.8117,0.7127,0.724,35.0,43.8,21.0,21.0,3153.0,1565.0,21.0,0.0,0.2891,0.2352,0.23045,0.6034,0.4343,0.4402,14.6,20.0,6.4,6.6,1848.0,1393.0,6.6,0.0,0.2883,0.23551,0.23526,0.3633,0.1801,0.1847,5.0,8.0,1.6,1.8,1058.0,1467.0,1.8,0.0,0.29751,0.24429,0.24831,0.1777,0.0554,0.0604,1.8,3.0,0.6,0.6,380.0,1032.0,0.6,0.0,0.3123,0.27623,0.27445,0.0763,0.0211,0.0212,0.8,1.2,0.2,0.4,598.0,2279.0,0.4,0.0,0.33431,0.0,0.32482,0.0327,0.0,0.0127,0.4,0.4,0.2,0.4,72.0,962.0,0.2,0.0,0.3468,0.0,0.38847,0.0119,0.0,0.0108,0.4,0.4,0.2,0.2,282.0,1187.0,0.2,0.0,0.40914,0.0,0.0,0.0103,0.0,0.0,0.4,0.4,0.2,0.2,128.0,599.0,0.2,0.0,0.46961,0.0,0.0,0.0091,0.0,0.0,0.4,0.4,0.2,0.2,248.0,1714.0,0.2,0.0,0.52845,0.0,0.0,0.0082,0.0,0.0,0.2,0.2,0.2,0.2,27.0,553.0,0.2,0.0,0.0,0.0,0.0,0.0,0.0,0.0,0.2,0.2,0.2,0.2,21.0,774.0,0.2,0.0,0.0,0.0,0.0,0.0,0.0,0.0,0.2,0.2,0.2,0.2,27.0,538.0,0.2,0.0,0.0,0.0,0.0,0.0,0.0,0.0,0.2,0.2,0.2,0.2,10.0,800.0,0.2,0.0,0.0,0.0,0.0,0.0,0.0,0.0,0.2,0.2,0.2,0.2,10.0,557.0,0.2,0.0,0.0,0.0,0.0,0.0,0.0,0.0,0.2,0.2,0.2,0.2,10.0,771.0,0.2,0.0,0.0,0.0,0.0,0.0,0.0,0.0,0.2,0.2,0.2,0.2,8.0,613.0,0.2,0.0,0.0,0.0,0.0,0.0,0.0,0.0,0.2,0.2,0.2,0.2,10.0,802.0,0.2,0.0,0.0,0.0,0.0,0.0,0.0,0.0,0.2,0.2,0.2,0.2,39.0,1412.0,0.2,0.0,0.0,0.0,0.0,0.0,0.0,0.0,0.2,0.4,0.2,0.2,179.0,1560.0,0.2,0.0,0.0,0.74791,0.0,0.0,-0.0058,0.0,0.2,0.4,0.2,0.4,60.0,523.0,0.4,0.0,0.0,0.67479,0.67631,0.0,-0.0064,-0.0064,0.4,0.4,0.2,0.4,107.0,860.0,0.4,0.0,0.0,0.60211,0.60365,0.0,-0.0071,-0.0071,0.4,0.4,0.2,0.4,21.0,593.0,0.4,0.0,0.0,0.52956,0.53112,0.0,-0.008,-0.008,0.6,0.6,0.2,0.4,85.0,1233.0,0.4,0.0,0.0,0.48204,0.45872,0.0,-0.0126,-0.0092,0.6,0.6,0.2,0.4,168.0,639.0,0.4,0.0,0.0,0.40629,0.38618,0.0,-0.0147,-0.0107,1.0,1.2,0.6,0.8,453.0,1205.0,0.8,0.0,0.37563,0.36849,0.34652,-0.0157,-0.0297,-0.022,1.8,2.2,1.6,2.0,454.0,698.0,2.0,0.0,0.35346,0.32049,0.3162,-0.0394,-0.0569,-0.053,4.8,5.2,3.2,4.6,739.0,1378.0,4.6,0.0,0.31032,0.28493,0.27708,-0.0798,-0.129,-0.1194,11.0,13.6,9.4,12.8,1374.0,944.0,12.8,0.0,0.29961,0.25926,0.25454,-0.1974,-0.294,-0.2849,26.2,32.8,23.2,31.8,1922.0,826.0,31.8,0.0,0.2882,0.23793,0.23498,-0.3963,-0.5649,-0.5586,56.0,67.8,49.6,67.8,787.0,348.0,67.8,0.0,0.2893,0.23421,0.24712,-0.6362,-0.8213,-0.8034,99.2,111.2,92.0,108.4,165.0,331.0,110.6,0.0,0.35457,,,-0.7798,,,140.6,160.4,135.6,160.4,31.0,125.0,157.8,0.0,0.37633,,0.22079,-0.8815,,-0.9942,190.0,209.2,183.8,209.2,52.0,317.0,206.8,0.0,0.43401,,,-0.9212,,,232.6,255.2,232.6,252.0,14.0,100.0,256.4,0.0,0.48587,,,-0.9456,,,291.8,305.8,284.0,305.0,28.0,176.0,306.4,0.0,0.61009,,,-0.9383,,,340.0,353.8,338.2,343.8,31.0,128.0,356.4,0.0,0.80064,,,-0.9141,,,,,,415.8,0.0,179.0,406.4,0.0,0.0,0.0,0.85,0.0,0.0,-0.9455,460.2,460.2,460.2,460.2,1.0,130.0,456.4,0.0,0.85,,,-0.9517,,,489.2,511.0,489.2,511.0,3.0,124.0,506.4,0.0,0.85,,0.73342,-0.9677,,-0.9893,536.8,559.8,536.8,559.8,3.0,100.0,556.4,0.0,0.85,,,-0.9789,,,,,,657.4,0.0,57.0,610.4,0.0,0.0,0.0,0.85,0.0,0.0,-0.9904,,,,666.2,0.0,40.0,660.2,0.0,0.0,0.0,0.85,0.0,0.0,-0.9942,705.2,705.2,705.2,705.2,1.0,40.0,706.4,0.0,0.85,,,-0.9949,,,,,,748.8,0.0,33.0,756.6,0.0,0.0,0.0,0.0,0.0,0.0,0.0,790.8,809.6,790.8,809.6,7.0,46.0,806.6,0.0,0.0,0.0,0.0,0.0,0.0,0.0,840.4,856.2,840.4,856.2,11.0,109.0,856.8,0.0,0.0,0.0,0.0,0.0,0.0,0.0,548.8,548.8,548.8,548.8,1.0,32.0,543.6,0.0,,0.85,0.85,,0.9932,0.9933,0.2,0.2,0.2,0.2,23.0,404.0,0.2,0.0,0.0,0.0,0.0,0.0,0.0,0.0,,,,548.8,0.0,19.0,593.6,0.0,0.0,0.0,,0.0,0.0,,0.2,0.2,0.2,0.2,24.0,1204.0,0.2,0.0,0.0,0.0,0.0,0.0,0.0,0.0,658.4,658.4,658.4,658.4,2.0,17.0,643.6,0.0,0.0,0.0,0.0,0.0,0.0,0.0,0.2,0.2,0.2,0.2,11.0,781.0,0.2,0.0,0.0,0.0,0.0,0.0,0.0,0.0
2020-04-16,479.8,490.0,479.8,490.0,6.0,68.0,495.6,0.0,,0.85,,,0.9937,,449.6,449.6,442.0,447.8,16.0,59.0,445.6,0.0,,0.85,0.85,,0.9868,0.99,398.0,398.0,392.4,392.4,8.0,116.0,395.6,0.0,,0.85,,,0.9743,,328.0,348.0,328.0,341.6,12.0,145.0,345.6,0.0,,0.79245,,,0.964,,280.2,302.4,278.2,301.8,23.0,186.0,295.6,0.0,,0.6962,0.81224,,0.9571,0.9441,248.0,248.0,230.2,247.6,28.0,184.0,245.8,0.0,,0.65858,0.48201,,0.9303,0.9858,179.4,204.0,175.0,196.8,171.0,351.0,196.2,0.0,,,,,,,128.0,154.2,128.0,147.2,121.0,332.0,147.2,0.0,,0.36145,0.26013,,0.9289,0.9913,88.0,105.0,78.0,98.0,788.0,657.0,98.0,0.0,,0.24508,0.23478,,0.9013,0.9579,50.0,59.4,37.0,50.6,1423.0,457.0,50.6,0.0,0.2177,0.23012,0.18853,0.855,0.6779,0.8502,17.0,23.0,11.6,15.0,3773.0,1484.0,15.0,0.0,0.20744,0.2249,0.1693,0.5453,0.3276,0.4734,4.2,6.2,2.0,2.0,1755.0,1276.0,2.0,0.0,0.22001,0.21968,0.16965,0.2065,0.0829,0.1023,1.2,1.4,0.2,0.4,701.0,1279.0,0.4,0.0,0.2403,0.0,0.20589,0.0564,0.0,0.0216,0.4,0.6,0.2,0.4,260.0,942.0,0.4,0.0,0.28981,0.0,0.2866,0.0229,0.0,0.0162,0.2,0.2,0.2,0.2,485.0,2025.0,0.2,0.0,0.0,0.0,0.0,0.0,0.0,0.0,0.2,0.2,0.2,0.2,364.0,985.0,0.2,0.0,0.0,0.0,0.0,0.0,0.0,0.0,0.2,0.2,0.2,0.2,220.0,1105.0,0.2,0.0,0.0,0.0,0.0,0.0,0.0,0.0,0.2,0.2,0.2,0.2,85.0,601.0,0.2,0.0,0.0,0.0,0.0,0.0,0.0,0.0,0.2,0.8,0.2,0.2,484.0,1565.0,0.2,0.0,0.69092,0.0,0.0,0.0137,0.0,0.0,0.2,0.2,0.2,0.2,23.0,536.0,0.2,0.0,0.0,0.0,0.0,0.0,0.0,0.0,0.2,0.2,0.2,0.2,11.0,771.0,0.2,0.0,0.0,0.0,0.0,0.0,0.0,0.0,0.2,0.2,0.2,0.2,41.0,502.0,0.2,0.0,0.0,0.0,0.0,0.0,0.0,0.0,0.2,0.2,0.2,0.2,10.0,798.0,0.2,0.0,0.0,0.0,0.0,0.0,0.0,0.0,0.2,0.2,0.2,0.2,12.0,552.0,0.2,0.0,0.0,0.0,0.0,0.0,0.0,0.0,0.2,0.2,0.2,0.2,27.0,752.0,0.2,0.0,0.0,0.0,0.0,0.0,0.0,0.0,0.2,0.2,0.2,0.2,20.0,598.0,0.2,0.0,0.0,0.0,0.0,0.0,0.0,0.0,0.2,0.2,0.2,0.2,108.0,795.0,0.2,0.0,0.0,0.0,0.0,0.0,0.0,0.0,0.2,0.2,0.2,0.2,61.0,1376.0,0.2,0.0,0.0,0.0,0.0,0.0,0.0,0.0,0.2,0.2,0.2,0.2,60.0,1523.0,0.2,0.0,0.0,0.0,0.0,0.0,0.0,0.0,0.2,0.2,0.2,0.2,90.0,486.0,0.2,0.0,0.0,0.0,0.0,0.0,0.0,0.0,0.2,0.2,0.2,0.2,86.0,828.0,0.2,0.0,0.0,0.0,0.0,0.0,0.0,0.0,0.2,0.2,0.2,0.2,123.0,543.0,0.2,0.0,0.0,0.0,0.0,0.0,0.0,0.0,0.2,0.4,0.2,0.2,464.0,1139.0,0.2,0.0,0.0,0.50746,0.0,0.0,-0.0096,0.0,0.4,0.4,0.2,0.2,313.0,648.0,0.2,0.0,0.0,0.42322,0.0,0.0,-0.0113,0.0,0.8,0.8,0.2,0.2,269.0,1114.0,0.2,0.0,0.0,0.37499,0.0,0.0,-0.0233,0.0,1.8,1.8,0.2,0.6,312.0,734.0,0.6,0.0,0.0,0.32817,0.30612,0.0,-0.0533,-0.0216,4.4,6.0,1.2,1.4,1450.0,1083.0,1.4,0.0,0.26067,0.30932,0.25201,-0.0456,-0.1527,-0.0537,13.6,15.2,4.2,4.8,2270.0,882.0,4.8,0.0,0.22162,0.26895,0.20895,-0.1492,-0.3455,-0.1744,33.2,39.4,16.2,20.2,2900.0,811.0,20.2,0.0,0.19319,0.25903,0.19224,-0.4517,-0.6501,-0.5229,71.4,78.0,50.6,56.0,655.0,322.0,56.0,0.0,0.2175,0.24919,0.19118,-0.7962,-0.8887,-0.8696,126.2,126.2,97.0,104.0,236.0,263.0,107.0,0.0,0.27223,0.30206,0.24208,-0.9189,-0.9525,-0.957,172.0,172.0,147.2,159.2,59.0,109.0,155.0,0.0,0.38169,,0.49384,-0.9347,,-0.891,221.2,222.4,199.6,202.6,65.0,285.0,204.4,0.0,0.55402,,,-0.9172,,,270.8,270.8,247.2,255.8,51.0,99.0,254.4,0.0,0.57189,,0.59675,-0.9536,,-0.9522,320.2,320.2,301.8,304.0,43.0,170.0,304.4,0.0,0.81816,,0.57961,-0.9185,,-0.9797,370.4,370.8,352.4,356.8,14.0,128.0,354.4,0.0,0.85,,0.8177,-0.941,,-0.9525,407.6,412.4,396.6,405.8,31.0,179.0,404.4,0.0,0.79474,,0.85,-0.972,,-0.9659,459.8,459.8,453.0,453.0,21.0,128.0,454.4,0.0,0.85,,0.57844,-0.9773,,-0.9987,,,,511.0,0.0,124.0,504.4,0.0,0.0,0.0,0.85,0.0,0.0,-0.988,,,,559.8,0.0,100.0,554.4,0.0,0.0,0.0,0.85,0.0,0.0,-0.9932,,,,657.4,0.0,57.0,604.4,0.0,0.0,0.0,0.85,0.0,0.0,-0.9963,,,,666.2,0.0,40.0,654.4,0.0,0.0,0.0,0.85,0.0,0.0,-0.998,719.6,719.6,719.6,719.6,2.0,40.0,704.4,0.0,0.85,,0.85,-0.9989,,-0.999,770.0,770.0,770.0,770.0,1.0,33.0,754.6,0.0,0.85,0.0,0.85,-0.9994,0.0,-0.9995,815.2,815.2,804.4,805.2,7.0,53.0,804.8,0.0,0.0,0.0,0.0,0.0,0.0,0.0,872.6,872.6,854.0,854.0,11.0,109.0,855.0,0.0,0.0,0.0,0.0,0.0,0.0,0.0,530.0,530.0,530.0,530.0,1.0,32.0,545.6,0.0,,0.85,,,0.9973,,0.2,0.2,0.2,0.2,18.0,394.0,0.2,0.0,0.0,0.0,0.0,0.0,0.0,0.0,580.4,587.2,580.4,587.2,4.0,16.0,596.8,0.0,,0.85,,,0.9989,,0.2,0.2,0.2,0.2,126.0,1175.0,0.2,0.0,0.0,0.0,0.0,0.0,0.0,0.0,639.8,649.2,639.8,646.0,7.0,14.0,646.0,0.0,0.0,0.85,0.0,0.0,0.9996,0.0,0.2,0.2,0.2,0.2,34.0,752.0,0.2,0.0,0.0,0.0,0.0,0.0,0.0,0.0
2020-04-17,533.0,533.0,533.0,533.0,1.0,0.0,549.47,0.0,,0.85,,,1.0,,483.2,499.2,483.2,499.2,11.0,0.0,499.47,0.0,,0.85,,,1.0,,426.0,447.0,426.0,435.0,16.0,0.0,449.47,0.0,,0.85,,,0.9999,,377.4,411.0,377.0,411.0,52.0,0.0,399.47,0.0,,0.85,0.85,,0.9995,0.9998,325.6,361.6,325.6,351.0,21.0,0.0,349.47,0.0,0.85,0.85,0.85,0.9991,0.9976,0.9989,292.0,307.4,281.0,297.8,8.0,0.0,299.47,0.0,,0.85,,,0.9911,,232.8,256.0,224.0,248.0,164.0,0.0,249.47,0.0,,0.85,,,0.9728,,179.0,210.6,175.0,201.0,135.0,0.0,199.47,0.0,,0.76871,0.67305,,0.9494,0.9846,120.0,159.4,120.0,149.8,488.0,0.0,149.47,0.0,,,,,,,71.8,108.8,71.8,100.4,477.0,0.0,99.47,0.0,,,,,,,33.0,60.4,28.8,49.8,3057.0,0.0,49.47,0.0,,0.26262,,,0.7314,,6.0,12.8,0.2,0.2,5141.0,0.0,0.0,0.0,0.0985,0,0,0.7851,0,0,1.4,1.8,0.2,0.2,1062.0,0.0,0.0,0.0,0.22514,0,0,0.1151,0,0,0.4,0.4,0.2,0.2,178.0,0.0,0.0,0.0,0.31044,0,0,0.0241,0,0,0.2,0.2,0.2,0.2,207.0,0.0,0.0,0.0,0,0,0,0,0,0,0.2,0.2,0.2,0.2,19.0,0.0,0.0,0.0,0,0,0,0,0,0,0.2,0.2,0.2,0.2,32.0,0.0,0.0,0.0,0,0,0,0,0,0,0.2,0.2,0.2,0.2,5.0,0.0,0.0,0.0,0,0,0,0,0,0,0.2,0.2,0.2,0.2,36.0,0.0,0.0,0.0,0,0,0,0,0,0,0.2,0.2,0.2,0.2,8.0,0.0,0.0,0.0,0,0,0,0,0,0,0.2,0.2,0.2,0.2,10.0,0.0,0.0,0.0,0,0,0,0,0,0,0.2,0.2,0.2,0.2,6.0,0.0,0.0,0.0,0,0,0,0,0,0,0.2,0.2,0.2,0.2,6.0,0.0,0.0,0.0,0,0,0,0,0,0,0.2,0.2,0.2,0.2,4.0,0.0,0.0,0.0,0,0,0,0,0,0,0.2,0.2,0.2,0.2,6.0,0.0,0.0,0.0,0,0,0,0,0,0,0.2,0.2,0.2,0.2,4.0,0.0,0.0,0.0,0,0,0,0,0,0,0.2,0.2,0.2,0.2,6.0,0.0,0.0,0.0,0,0,0,0,0,0,0.2,0.2,0.2,0.2,6.0,0.0,0.0,0.0,0,0,0,0,0,0,0.2,0.2,0.2,0.2,29.0,0.0,0.0,0.0,0,0,0,0,0,0,0.2,0.2,0.2,0.2,11.0,0.0,0.0,0.0,0,0,0,0,0,0,0.2,0.2,0.2,0.2,5.0,0.0,0.0,0.0,0,0,0,0,0,0,0.2,0.2,0.2,0.2,8.0,0.0,0.0,0.0,0,0,0,0,0,0,0.2,0.2,0.2,0.2,37.0,0.0,0.0,0.0,0,0,0,0,0,0,0.2,0.2,0.2,0.2,43.0,0.0,0.0,0.0,0,0,0,0,0,0,0.2,0.4,0.2,0.2,119.0,0.0,0.0,0.0,0,0.71632,0,0,-0.0114,0,0.4,0.4,0.2,0.2,179.0,0.0,0.0,0.0,0,0.57101,0,0,-0.014,0,0.2,0.6,0.2,0.2,358.0,0.0,0.0,0.0,0,0.4508,0,0,-0.0248,0,2.0,2.0,0.2,0.2,1144.0,0.0,0.0,0.0,0,0.37498,0,0,-0.0823,0,9.6,9.6,0.2,0.2,2991.0,0.0,0.0,0.0,0,0.33411,0,0,-0.313,0,27.2,31.8,0.4,0.4,4302.0,0.0,0.53,0.0,0.06019,0.24942,0.01069,-0.0985,-0.7785,-0.3778,68.2,76.8,39.8,51.2,579.0,0.0,50.53,0.0,0.18663,,0.26318,-0.9263,,-0.9044,123.2,125.4,93.2,102.0,159.0,0.0,100.53,0.0,0.5169,,0.48638,-0.8811,,-0.9205,170.0,175.6,140.4,150.6,133.0,0.0,150.53,0.0,0.56053,,0.5621,-0.9548,,-0.9657,223.4,223.4,193.0,199.8,42.0,0.0,200.53,0.0,0.85,,0.58349,-0.9335,,-0.9901,269.4,273.0,240.4,251.2,27.0,0.0,250.53,0.0,0.85,,0.85,-0.9708,,-0.9762,319.6,319.6,310.6,310.6,4.0,0.0,300.53,0.0,0.85,,0.85,-0.9886,,-0.991,370.8,370.8,346.6,349.2,6.0,0.0,350.53,0.0,0.85,,,-0.9961,,,419.8,423.6,410.8,412.6,22.0,0.0,400.53,0.0,0.85,,0.85,-0.9988,,-0.9991,459.8,461.8,459.8,461.8,5.0,0.0,450.53,0.0,0.85,,0.85,-0.9997,,-0.9998,510.4,510.4,499.4,499.4,9.0,0.0,500.53,0.0,0.85,,,-0.9999,,,567.8,567.8,567.8,567.8,6.0,0.0,550.53,0.0,0.85,,0.85,-1.0,,-1.0,615.4,615.4,598.6,598.6,6.0,0.0,600.53,0.0,0.85,,,-1.0,,,675.4,676.0,675.4,676.0,2.0,0.0,650.53,0.0,0.85,,0.85,-1.0,,-1.0,,,,770.0,0.0,0.0,700.53,0.0,0,0,0.85,0,0,-1.0,760.4,763.8,757.6,763.8,10.0,0.0,750.53,0.0,0.85,0,0.85,-1.0,0,-1.0,810.4,815.4,800.4,800.4,16.0,0.0,800.53,0.0,0,0,0,0,0,0,594.6,594.6,594.6,594.6,2.0,0.0,599.47,0.0,,0.85,,,1.0,,0.2,0.2,0.2,0.2,6.0,0.0,0.0,0.0,0,0,0,0,0,0,,,,587.2,0.0,0.0,649.47,0.0,0,0,0,0,0,0,0.2,0.2,0.2,0.2,7.0,0.0,0.0,0.0,0,0,0,0,0,0,,,,646.0,0.0,0.0,699.47,0.0,0,0,0,0,0,0,0.2,0.2,0.2,0.2,5.0,0.0,0.0,0.0,0,0,0,0,0,0
