time,P,P,P,P,P,P,P,P,P,P,P,P,P,P,P,P,P,P,P,P,P,P,P,P,P,P,P,P,P,P,P,P,P,P,P,P,P,P,P,P,P,P,P,P,P,P,P,P,P,P,C,C,C,C,C,P,P,P,P,P,C,C,C,C,C,P,P,P,P,P,C,C,C,C,C,P,P,P,P,P,C,C,C,C,C,P,P,P,P,P,C,C,C,C,C,P,P,P,P,P,C,C,C,C,C,P,P,P,P,P,C,C,C,C,C,P,P,P,P,P,C,C,C,C,C,P,P,P,P,P,C,C,C,C,C,P,P,P,P,P,C,C,C,C,C,P,P,P,P,P,C,C,C,C,C,C,C,C,C,C,C,C,C,C,C,C,C,C,C,C,P,P,P,P,P,C,C,C,C,C,C,C,C,C,C,C,C,C,C,C,P,P,P,P,P,C,C,C,C,C,C,C,C,C,C,C,C,C,C,C,C,C,C,C,C,C,C,C,C,C,C,C,C,C,C,C,C,C,C,C
time,600,600,600,600,600,700,700,700,700,700,800,800,800,800,800,900,900,900,900,900,1000,1000,1000,1000,1000,1100,1100,1100,1100,1100,1200,1200,1200,1200,1200,1300,1300,1300,1300,1300,1400,1400,1400,1400,1400,1450,1450,1450,1450,1450,1500,1500,1500,1500,1500,1500,1500,1500,1500,1500,1550,1550,1550,1550,1550,1550,1550,1550,1550,1550,1600,1600,1600,1600,1600,1600,1600,1600,1600,1600,1650,1650,1650,1650,1650,1650,1650,1650,1650,1650,1700,1700,1700,1700,1700,1700,1700,1700,1700,1700,1750,1750,1750,1750,1750,1750,1750,1750,1750,1750,1800,1800,1800,1800,1800,1800,1800,1800,1800,1800,1900,1900,1900,1900,1900,1900,1900,1900,1900,1900,2000,2000,2000,2000,2000,2000,2000,2000,2000,2000,2100,2100,2100,2100,2100,2100,2100,2100,2100,2100,2200,2200,2200,2200,2200,2300,2300,2300,2300,2300,2400,2400,2400,2400,2400,2500,2500,2500,2500,2500,2500,2500,2500,2500,2500,2600,2600,2600,2600,2600,2700,2700,2700,2700,2700,2800,2800,2800,2800,2800,2800,2800,2800,2800,2800,3000,3000,3000,3000,3000,3200,3200,3200,3200,3200,3400,3400,3400,3400,3400,3600,3600,3600,3600,3600,3800,3800,3800,3800,3800,1400,1400,1400,1400,1400,1450,1450,1450,1450,1450
time,close,volume,oi,imp_vol,delta,close,volume,oi,imp_vol,delta,close,volume,oi,imp_vol,delta,close,volume,oi,imp_vol,delta,close,volume,oi,imp_vol,delta,close,volume,oi,imp_vol,delta,close,volume,oi,imp_vol,delta,close,volume,oi,imp_vol,delta,close,volume,oi,imp_vol,delta,close,volume,oi,imp_vol,delta,close,volume,oi,imp_vol,delta,close,volume,oi,imp_vol,delta,close,volume,oi,imp_vol,delta,close,volume,oi,imp_vol,delta,close,volume,oi,imp_vol,delta,close,volume,oi,imp_vol,delta,close,volume,oi,imp_vol,delta,close,volume,oi,imp_vol,delta,close,volume,oi,imp_vol,delta,close,volume,oi,imp_vol,delta,close,volume,oi,imp_vol,delta,close,volume,oi,imp_vol,delta,close,volume,oi,imp_vol,delta,close,volume,oi,imp_vol,delta,close,volume,oi,imp_vol,delta,close,volume,oi,imp_vol,delta,close,volume,oi,imp_vol,delta,close,volume,oi,imp_vol,delta,close,volume,oi,imp_vol,delta,close,volume,oi,imp_vol,delta,close,volume,oi,imp_vol,delta,close,volume,oi,imp_vol,delta,close,volume,oi,imp_vol,delta,close,volume,oi,imp_vol,delta,close,volume,oi,imp_vol,delta,close,volume,oi,imp_vol,delta,close,volume,oi,imp_vol,delta,close,volume,oi,imp_vol,delta,close,volume,oi,imp_vol,delta,close,volume,oi,imp_vol,delta,close,volume,oi,imp_vol,delta,close,volume,oi,imp_vol,delta,close,volume,oi,imp_vol,delta,close,volume,oi,imp_vol,delta,close,volume,oi,imp_vol,delta,close,volume,oi,imp_vol,delta
2023-10-07 00:00:00,0.0002,0.0,,1.00623,-0.0017,0.0003,0.0,,0.89671,-0.00278,0.0007,0.0,,0.84485,-0.00637,0.001,0.0,,0.75249,-0.00984,0.0014,0.0,,0.66521,-0.01498,0.0026,0.0,,0.61239,-0.02797,0.0043,0.0,,0.55123,-0.04769,0.0065,0.0,,0.48089,-0.07661,0.0105,0.0,,0.41798,-0.12862,0.0145,0.0,,0.39804,-0.1734,0.1335,0.0,,0.59042,0.70395,0.017,1.0,,0.35209,-0.2171,0.07,0.0,,,,0.027,0.0,,0.35898,-0.30176,0.05,0.0,,,,0.031,0.0,,0.3016,-0.37945,0.0425,0.0,,0.30176,0.51099,0.0445,4.0,,0.29462,-0.4898,0.027,36.0,,,,0.06,0.0,,,,0.019,175.0,,0.29093,0.29828,0.0715,0,,,,0.014,0.0,,0.30698,0.22745,0.096,0.0,,,,0.0085,0.0,,0.34501,0.13986,0.2205,0.0,,0.82238,-0.62921,0.0055,0.0,,0.38001,0.09031,0.19,0.0,,,,0.004,0.0,,0.41799,0.0638,0.335,0,,0.97553,-0.69407,0.003,0.0,,0.45219,0.04666,0.0024,0.0,,0.48664,0.03614,0.0018,0.0,,0.51161,0.02689,0.0014,0.0,,0.53617,0.02068,0.4295,0,,,,0.0011,0.0,,0.55865,0.01609,0.001,0.0,,0.58957,0.01411,0.001,0.0,,0.62572,0.01343,0.703,0,,0.61509,-0.98796,0.0007,0.0,,0.66427,0.00924,0.0006,0.0,,0.71208,0.00757,0.0004,0.0,,0.73518,0.00508,0.0005,0,,0.80288,0.00579,0.0005,0,,0.85018,0.00551,,,,,,,,,,
2023-10-07 01:00:00,0.0002,0.0,,1.00941,-0.0017,0.0003,0.0,,0.89994,-0.00277,0.0007,0.0,,0.84832,-0.00635,0.001,0.0,,0.75607,-0.0098,0.0014,0.0,,0.66892,-0.01491,0.0026,0.0,,0.61641,-0.02781,0.0043,0.0,,0.5556,-0.04736,0.0065,91.0,,0.48566,-0.07597,0.0105,3.0,,0.42339,-0.12725,0.0145,0.0,,0.40399,-0.17131,0.1335,0.0,,0.57748,0.71119,0.016,250.0,,0.34905,-0.20879,0.07,0.0,,,,0.022,113.0,,0.32645,-0.27994,0.05,0.0,,0.22834,0.65876,0.03,50.0,,0.30295,-0.36987,0.0395,181.0,,0.27188,0.51918,0.042,19.0,,0.28803,-0.47961,0.029,109.0,,,,0.06,0.0,,0.2915,-0.59049,0.0185,145.0,,,,0.0715,0,,,,0.0145,140.0,,0.30599,0.23435,0.096,0.0,,,,0.0085,0.0,,0.34048,0.14134,0.2205,0.0,,0.84035,-0.62061,0.0055,0.0,,0.37605,0.0911,0.19,0.0,,,,0.004,0.0,,0.41439,0.06427,0.335,0,,0.99885,-0.68425,0.003,0.0,,0.44885,0.04696,0.0024,0.0,,0.48349,0.03635,0.0018,0.0,,0.50864,0.02704,0.0014,0.0,,0.53334,0.02078,0.4295,0,,,,0.0011,0.0,,0.55594,0.01616,0.001,0.0,,0.58693,0.01417,0.001,0.0,,0.62313,0.01348,0.703,0,,0.8145,-0.94853,0.0007,0.0,,0.66184,0.00927,0.0006,0.0,,0.70975,0.00759,0.0004,0.0,,0.73298,0.0051,0.0005,0,,0.80069,0.0058,0.0005,0,,0.84803,0.00553,,,,,,,,,,
2023-10-07 02:00:00,0.0002,0.0,,1.00984,-0.0017,0.0003,0.0,,0.90033,-0.00277,0.0007,0.0,,0.84869,-0.00635,0.001,0.0,,0.75639,-0.0098,0.0014,1.0,,0.6692,-0.01491,0.0026,0.0,,0.61667,-0.02781,0.0043,0.0,,0.55584,-0.04736,0.0065,0.0,,0.48587,-0.07597,0.0105,0.0,,0.42357,-0.12725,0.0125,10.0,,0.38213,-0.15976,0.1335,0.0,,0.57772,0.71119,0.016,2.0,,0.3492,-0.20879,0.07,0.0,,,,0.022,0.0,,0.32659,-0.27994,0.05,0.0,,0.22844,0.65876,0.03,23.0,,0.30308,-0.36987,0.0395,0.0,,0.272,0.51918,0.042,0.0,,0.28815,-0.47961,0.029,0.0,,,,0.06,0.0,,0.29162,-0.5905,0.0185,0.0,,,,0.0715,0,,,,0.0145,0.0,,0.30612,0.23435,0.096,0.0,,,,0.0085,1.0,,0.34063,0.14134,0.2205,0.0,,0.84071,-0.62061,0.0055,0.0,,0.37621,0.0911,0.19,0.0,,,,0.004,0.0,,0.41457,0.06427,0.335,0,,0.99928,-0.68425,0.003,0.0,,0.44904,0.04696,0.0024,0.0,,0.4837,0.03635,0.0018,0.0,,0.50886,0.02704,0.0014,0.0,,0.53357,0.02078,0.4295,0,,,,0.0011,0.0,,0.55618,0.01616,0.001,0.0,,0.58719,0.01417,0.001,0.0,,0.6234,0.01348,0.703,0,,0.81485,-0.94853,0.0007,0.0,,0.66212,0.00927,0.0006,0.0,,0.71005,0.00759,0.0004,0.0,,0.73329,0.0051,0.0005,0,,0.80103,0.0058,0.0005,0,,0.8484,0.00553,,,,,,,,,,
2023-10-07 03:00:00,0.0002,0.0,,1.01056,-0.0017,0.0003,0.0,,0.90101,-0.00277,0.0007,0.0,,0.84938,-0.00634,0.001,0.0,,0.75706,-0.0098,0.0014,0.0,,0.66985,-0.0149,0.0026,0.0,,0.61733,-0.02779,0.0043,0.0,,0.55651,-0.04732,0.0065,0.0,,0.48656,-0.0759,0.0105,0.0,,0.4243,-0.1271,0.0125,0.0,,0.38288,-0.15956,0.1335,0.0,,0.57656,0.71197,0.0155,1.0,,0.3452,-0.20575,0.07,0.0,,,,0.0205,1.0,,0.31518,-0.27334,0.062,200.0,,0.31534,0.62794,0.03,0.0,,0.30409,-0.36908,0.0435,4.0,,0.29865,0.52227,0.0405,14.0,,0.27904,-0.47912,0.029,0.0,,,,0.06,0.0,,0.29313,-0.58878,0.0185,0.0,,,,0.0715,0,,,,0.0145,0.0,,0.30566,0.23468,0.096,0.0,,,,0.009,1.0,,0.34633,0.14625,0.2205,0.0,,0.8429,-0.61973,0.0055,0.0,,0.37594,0.09118,0.19,0.0,,,,0.004,0.0,,0.41434,0.06432,0.335,0,,1.00208,-0.68324,0.003,0.0,,0.44886,0.047,0.0024,1.0,,0.48355,0.03637,0.0018,0.0,,0.50874,0.02705,0.0014,0.0,,0.53347,0.02079,0.4295,0,,,,0.0011,0.0,,0.55611,0.01617,0.001,0.0,,0.58713,0.01418,0.001,0.0,,0.62337,0.01348,0.703,0,,0.82787,-0.94523,0.0007,0.0,,0.66212,0.00927,0.0006,0.0,,0.71008,0.00759,0.0004,0.0,,0.73334,0.0051,0.0005,0,,0.80111,0.0058,0.0005,0,,0.8485,0.00553,,,,,,,,,,
2023-10-07 04:00:00,0.0002,0.0,,1.01085,-0.0017,0.0003,0.0,,0.90125,-0.00277,0.0007,0.0,,0.84958,-0.00634,0.001,0.0,,0.75721,-0.0098,0.0014,0.0,,0.66996,-0.0149,0.0026,0.0,,0.6174,-0.0278,0.0043,0.0,,0.55653,-0.04734,0.0065,0.0,,0.48652,-0.07593,0.0105,0.0,,0.42421,-0.12718,0.0125,0.0,,0.38275,-0.15966,0.1335,0.0,,0.57752,0.71158,0.0155,0.0,,0.34503,-0.20591,0.07,0.0,,,,0.0215,9.0,,0.32316,-0.27772,0.062,0.0,,0.3161,0.62728,0.03,0.0,,0.30378,-0.36947,0.0435,0.0,,0.29927,0.52175,0.0405,0.0,,0.27862,-0.47975,0.029,0.0,,,,0.06,0.0,,0.29256,-0.58963,0.0185,0.0,,,,0.0715,0,,,,0.0145,0.0,,0.30609,0.23452,0.096,0.0,,,,0.009,0.0,,0.34673,0.14617,0.2205,0.0,,0.84235,-0.62017,0.0055,0.0,,0.37632,0.09114,0.19,0.0,,,,0.004,0.0,,0.41472,0.0643,0.335,0,,1.00133,-0.68375,0.003,0.0,,0.44924,0.04698,0.0024,0.0,,0.48393,0.03636,0.0018,0.0,,0.50913,0.02704,0.0014,0.0,,0.53386,0.02078,0.4295,0,,,,0.0011,0.0,,0.5565,0.01617,0.001,0.0,,0.58754,0.01418,0.001,0.0,,0.62378,0.01348,0.703,0,,0.82197,-0.94687,0.0007,0.0,,0.66255,0.00927,0.0006,0.0,,0.71053,0.00759,0.0004,0.0,,0.73379,0.0051,0.0005,0,,0.80159,0.0058,0.0005,0,,0.84899,0.00553,,,,,,,,,,
2023-10-07 05:00:00,0.0002,0.0,,1.01777,-0.00169,0.0003,0.0,,0.90836,-0.00275,0.0007,0.0,,0.8573,-0.00629,0.001,0.0,,0.76523,-0.0097,0.0014,0.0,,0.67832,-0.01473,0.0026,0.0,,0.62654,-0.02743,0.0032,1.0,,0.53307,-0.03823,0.0065,0.0,,0.49748,-0.07445,0.009,4.0,,0.416,-0.11418,0.0125,0.0,,0.39608,-0.15515,0.1335,0.0,,0.54519,0.73017,0.016,3.0,,0.36448,-0.20179,0.07,0.0,,,,0.0215,0.0,,0.3398,-0.26705,0.062,0.0,,,,0.029,1.0,,0.31599,-0.35054,0.0435,0.0,,,,0.039,92.0,,0.29213,-0.45341,0.029,0.0,,,,0.06,0.0,,0.32271,-0.5546,0.0205,9.0,,,,0.0715,0,,,,0.0155,123.0,,0.30145,0.24971,0.096,0.0,,0.27466,-0.77383,0.009,0.0,,0.33565,0.14991,0.2205,0.0,,0.88312,-0.60119,0.0065,520.0,,0.38254,0.10353,0.19,0.0,,,,0.004,0.0,,0.40593,0.06545,0.335,0,,1.05384,-0.66216,0.0031,1.0,,0.4438,0.04884,0.0024,0.0,,0.47618,0.03686,0.0018,0.0,,0.50182,0.02739,0.0014,0.0,,0.52686,0.02102,0.4295,0,,,,0.0011,0.0,,0.54978,0.01634,0.001,0.0,,0.58097,0.01432,0.0008,40.0,,0.60033,0.01139,0.703,0,,1.02322,-0.88759,0.0007,0.0,,0.65642,0.00935,0.0006,0.0,,0.7046,0.00765,0.0004,0.0,,0.72814,0.00513,0.0005,0,,0.79593,0.00584,0.0005,0,,0.84342,0.00556,,,,,,,,,,
2023-10-07 06:00:00,0.0002,0.0,,1.01533,-0.00169,0.0003,0.0,,0.90577,-0.00275,0.0007,0.0,,0.8544,-0.00631,0.001,0.0,,0.76215,-0.00974,0.0014,0.0,,0.67503,-0.01481,0.0026,0.0,,0.62287,-0.02759,0.0032,0.0,,0.52917,-0.0385,0.0065,0.0,,0.49293,-0.0751,0.009,0.0,,0.41089,-0.11546,0.0125,0.0,,0.39042,-0.15712,0.1335,0.0,,0.56014,0.72164,0.016,0.0,,0.35822,-0.20476,0.07,0.0,,,,0.0195,80.0,,0.31597,-0.26315,0.062,0.0,,0.30051,0.64446,0.029,0.0,,0.3076,-0.35777,0.043,18.0,,0.28343,0.53516,0.039,1.0,,0.28186,-0.46488,0.028,50.0,,,,0.06,0.0,,0.30979,-0.56933,0.0195,258.0,,,,0.0715,0,,,,0.0155,0.0,,0.30766,0.24612,0.096,0.0,,,,0.0085,36.0,,0.33479,0.14343,0.2205,0.0,,0.86575,-0.60941,0.0065,0.0,,0.38716,0.10259,0.19,0.0,,,,0.0048,20.0,,0.4266,0.07351,0.335,0,,1.03149,-0.67149,0.0036,30.0,,0.46078,0.05394,0.0028,1.0,,0.49299,0.04102,0.0018,0.0,,0.50536,0.02723,0.0014,0.0,,0.5303,0.02091,0.4295,0,,,,0.0011,0.0,,0.55311,0.01626,0.001,0.0,,0.58425,0.01425,0.0008,0.0,,0.60352,0.01134,0.703,0,,0.94838,-0.91108,0.0007,0.0,,0.65955,0.00931,0.0006,0.0,,0.70767,0.00762,0.0004,0.0,,0.7311,0.00512,0.0005,0,,0.79894,0.00582,0.0005,0,,0.84642,0.00555,,,,,,,,,,
2023-10-07 07:00:00,0.0002,0.0,,1.01114,-0.0017,0.0003,0.0,,0.90136,-0.00277,0.0007,0.0,,0.84953,-0.00635,0.001,0.0,,0.75699,-0.00981,0.0014,0.0,,0.66956,-0.01493,0.0026,0.0,,0.61681,-0.02786,0.0032,0.0,,0.52275,-0.03896,0.0065,0.0,,0.48547,-0.07617,0.009,0.0,,0.40255,-0.11758,0.0125,0.0,,0.38118,-0.16039,0.1335,0.0,,0.58317,0.70887,0.0155,7.0,,0.3432,-0.20702,0.07,0.0,,,,0.0195,0.0,,0.30452,-0.27099,0.062,0.0,,0.32083,0.62277,0.029,0.0,,0.29381,-0.37023,0.043,0.0,,0.2997,0.51788,0.039,0.0,,0.26482,-0.48516,0.028,15.0,,,,0.0595,2.0,,,,0.0195,4.0,,0.29136,0.30443,0.0715,0,,,,0.0155,0.0,,0.31747,0.24064,0.096,0.0,,,,0.0085,22.0,,0.34284,0.14087,0.2205,0.0,,0.83698,-0.62329,0.0065,0.0,,0.39446,0.10112,0.19,0.0,,,,0.0048,0.0,,0.43333,0.07262,0.335,0,,0.99424,-0.68731,0.0036,3.0,,0.46709,0.05337,0.0028,0.0,,0.49897,0.04063,0.0018,0.0,,0.51096,0.02699,0.0014,0.0,,0.53568,0.02075,0.4295,0,,,,0.0011,0.0,,0.55831,0.01614,0.001,0.0,,0.58936,0.01415,0.0008,0.0,,0.60849,0.01126,0.703,0,,0.77375,-0.9591,0.0007,0.0,,0.66441,0.00926,0.0006,0.0,,0.71242,0.00758,0.0004,0.0,,0.73566,0.00509,0.0005,0,,0.80356,0.0058,0.0005,0,,0.85102,0.00552,,,,,,,,,,
2023-10-07 08:00:00,0.0002,0.0,,1.01158,-0.0017,0.0003,0.0,,0.90175,-0.00277,0.0007,0.0,,0.84989,-0.00635,0.001,0.0,,0.75731,-0.00981,0.0014,0.0,,0.66985,-0.01493,0.0026,0.0,,0.61708,-0.02786,0.0032,0.0,,0.52297,-0.03896,0.0055,1.0,,0.46575,-0.06875,0.009,0.0,,0.40272,-0.11758,0.0125,0.0,,0.38135,-0.16039,0.1335,0.0,,0.58343,0.70887,0.0145,1.0,,0.33366,-0.20131,0.07,0.0,,,,0.0195,0.0,,0.30465,-0.27099,0.062,0.0,,0.32097,0.62277,0.029,0.0,,,,0.043,0.0,,0.29983,0.51788,0.039,0.0,,0.26493,-0.48516,0.028,0.0,,,,0.0595,0.0,,,,0.0195,0.0,,0.29148,0.30443,0.0715,0,,,,0.014,1.0,,0.30419,0.22956,0.096,0.0,,,,0.0085,0.0,,0.34299,0.14087,0.2205,0.0,,0.83734,-0.62329,0.0065,0.0,,0.39463,0.10112,0.19,0.0,,,,0.0044,1.0,,0.42537,0.06845,0.335,0,,0.99467,-0.68731,0.0033,1.0,,0.45951,0.05017,0.0028,0.0,,0.49919,0.04063,0.0018,0.0,,0.51118,0.02699,0.0014,0.0,,0.53591,0.02075,0.4295,0,,,,0.0011,0.0,,0.55855,0.01614,0.001,0.0,,0.58962,0.01415,0.0008,0.0,,0.60876,0.01126,0.703,0,,0.77409,-0.9591,0.0007,0.0,,0.66469,0.00926,0.0006,0.0,,0.71272,0.00758,0.0004,0.0,,0.73598,0.00509,0.0005,0,,0.8039,0.0058,0.0005,0,,0.85138,0.00552,,,,,,,,,,
2023-10-07 09:00:00,0.0002,0.0,,1.01202,-0.0017,0.0003,0.0,,0.90214,-0.00277,0.0007,0.0,,0.85026,-0.00635,0.001,0.0,,0.75764,-0.00981,0.0014,0.0,,0.67014,-0.01493,0.0026,0.0,,0.61734,-0.02786,0.0037,38.0,,0.53885,-0.04296,0.0055,0.0,,0.46595,-0.06875,0.009,0.0,,0.4029,-0.11758,0.0125,0.0,,0.38151,-0.16039,0.1335,0.0,,0.58368,0.70887,0.0155,104.0,,0.3435,-0.20702,0.07,0.0,,,,0.0195,0.0,,0.30478,-0.27099,0.062,0.0,,0.32111,0.62277,0.029,0.0,,0.29407,-0.37023,0.043,0.0,,0.29996,0.51788,0.039,0.0,,0.26505,-0.48516,0.028,0.0,,,,0.0595,0.0,,,,0.0195,0.0,,0.29161,0.30443,0.0715,0,,,,0.014,0.0,,0.30433,0.22956,0.096,0.0,,,,0.0085,0.0,,0.34314,0.14087,0.2205,0.0,,0.8377,-0.62329,0.0065,0.0,,0.3948,0.10112,0.19,0.0,,,,0.0044,0.0,,0.42556,0.06845,0.335,0,,0.9951,-0.68731,0.0033,0.0,,0.45971,0.05017,0.0028,0.0,,0.4994,0.04063,0.0018,0.0,,0.5114,0.02699,0.0014,0.0,,0.53615,0.02075,0.4295,0,,,,0.0011,0.0,,0.55879,0.01614,0.001,0.0,,0.58987,0.01415,0.0008,0.0,,0.60902,0.01126,0.703,0,,0.77442,-0.9591,0.0007,0.0,,0.66498,0.00926,0.0006,0.0,,0.71303,0.00758,0.0004,0.0,,0.7363,0.00509,0.0005,0,,0.80425,0.0058,0.0005,0,,0.85175,0.00552,,,,,,,,,,
2023-10-07 10:00:00,0.0002,0.0,3235.0,1.01245,-0.0017,0.0003,0.0,1562.0,0.90253,-0.00277,0.0007,0.0,1164.0,0.85063,-0.00635,0.001,0.0,1087.0,0.75797,-0.00981,0.0014,0.0,1060.0,0.67043,-0.01493,0.0026,0.0,1516.0,0.61761,-0.02786,0.0037,0.0,4175.0,0.53908,-0.04296,0.0055,0.0,8556.0,0.46615,-0.06875,0.009,0.0,13563.0,0.40307,-0.11758,0.0125,0.0,5221.0,0.38167,-0.16039,0.1335,0.0,545.0,0.58393,0.70887,0.0155,0.0,22701.0,0.34365,-0.20702,0.07,0.0,85.0,,,0.0195,0.0,8422.0,0.30491,-0.27099,0.062,0.0,3077.0,0.32125,0.62277,0.029,0.0,11151.0,0.29419,-0.37023,0.043,0.0,7346.0,0.30009,0.51788,0.039,0.0,6136.0,0.26516,-0.48516,0.028,0.0,74359.0,,,0.0595,0.0,4202.0,,,0.0195,0.0,51749.0,,,0.0715,0,1221.0,,,0.014,0.0,58697.0,0.30446,0.22956,0.096,0.0,1056.0,,,0.0085,0.0,56058.0,0.34329,0.14087,0.2205,0.0,13.0,0.83806,-0.62329,0.0065,0.0,29424.0,0.39497,0.10112,0.19,0.0,711.0,,,0.0044,0.0,14828.0,0.42574,0.06845,0.335,0,2.0,0.99553,-0.68731,0.0033,0.0,2222.0,0.45991,0.05017,0.0028,0.0,2811.0,0.49962,0.04063,0.0018,0.0,6259.0,0.51163,0.02699,0.0014,0.0,3912.0,0.53638,0.02075,0.4295,0,36.0,,,0.0011,0.0,744.0,0.55903,0.01614,0.001,0.0,543.0,0.59012,0.01415,0.0008,0.0,1117.0,0.60928,0.01126,0.703,0,87.0,0.77476,-0.9591,0.0007,0.0,683.0,0.66527,0.00926,0.0006,0.0,198.0,0.71334,0.00758,0.0004,0.0,645.0,0.73662,0.00509,0.0005,0,287.0,0.8046,0.0058,0.0005,0,398.0,0.85212,0.00552,,,,,,,,,,
2023-10-07 11:00:00,0.0002,0.0,,1.01086,-0.0017,0.0003,0.0,,0.90081,-0.00278,0.0007,0.0,,0.84869,-0.00637,0.001,0.0,,0.75588,-0.00984,0.0014,0.0,,0.66818,-0.01498,0.0026,0.0,,0.61509,-0.02798,0.0037,0.0,,0.53633,-0.04318,0.0055,0.0,,0.46307,-0.06919,0.009,0.0,,0.39949,-0.11854,0.0125,0.0,,0.37769,-0.16188,0.1335,0.0,,0.59391,0.70358,0.0155,0.0,,0.33923,-0.20929,0.07,0.0,,,,0.0195,0.0,,0.2999,-0.27462,0.062,0.0,,0.32992,0.6141,0.029,0.0,,,,0.043,0.0,,0.30713,0.51087,0.039,0.0,,0.25752,-0.49492,0.028,0.0,,0.28988,0.39707,0.0595,0.0,,,,0.0195,0.0,,0.29661,0.301,0.0715,0,,,,0.014,0.0,,0.30873,0.22729,0.096,0.0,,,,0.0085,0.0,,0.34689,0.13978,0.2205,0.0,,0.82534,-0.62967,0.0065,0.0,,0.39827,0.10049,0.19,0.0,,,,0.0044,0.0,,0.42876,0.06808,0.335,0,,0.97892,-0.6946,0.0033,0.0,,0.46276,0.04994,0.0028,0.0,,0.50237,0.04046,0.0018,0.0,,0.51421,0.02689,0.0014,0.0,,0.53887,0.02067,0.4295,0,,,,0.0011,0.0,,0.56146,0.01609,0.001,0.0,,0.59251,0.01411,0.0008,0.0,,0.61161,0.01123,0.703,0,,0.59254,-0.99093,0.0007,0.0,,0.66756,0.00924,0.0006,0.0,,0.7156,0.00757,0.0004,0.0,,0.7388,0.00508,0.0005,0,,0.80682,0.00579,0.0005,0,,0.85435,0.00551,,,,,,,,,,
2023-10-07 12:00:00,0.0002,0.0,,1.0113,-0.0017,0.0003,0.0,,0.9012,-0.00278,0.0007,0.0,,0.84905,-0.00637,0.001,0.0,,0.75621,-0.00984,0.0014,0.0,,0.66847,-0.01498,0.0026,0.0,,0.61536,-0.02798,0.0037,0.0,,0.53656,-0.04318,0.0055,0.0,,0.46327,-0.06919,0.009,0.0,,0.39966,-0.11854,0.0125,0.0,,0.37785,-0.16188,0.1335,0.0,,0.59417,0.70358,0.0155,0.0,,0.33938,-0.20929,0.07,0.0,,,,0.0195,0.0,,0.30003,-0.27462,0.062,0.0,,0.33007,0.6141,0.029,0.0,,0.28823,-0.37608,0.043,0.0,,0.30727,0.51087,0.039,0.0,,0.25763,-0.49492,0.028,0.0,,0.29,0.39707,0.0595,0.0,,,,0.0195,0.0,,0.29673,0.301,0.0715,0,,,,0.014,0.0,,0.30887,0.22729,0.096,0.0,,,,0.0085,0.0,,0.34704,0.13978,0.2205,0.0,,0.8257,-0.62967,0.0065,0.0,,0.39844,0.10049,0.19,0.0,,,,0.0044,0.0,,0.42895,0.06808,0.335,0,,0.97935,-0.6946,0.0033,0.0,,0.46296,0.04994,0.0028,0.0,,0.50258,0.04046,0.0018,0.0,,0.51443,0.02689,0.0014,0.0,,0.53911,0.02067,0.4295,0,,,,0.0011,0.0,,0.5617,0.01609,0.001,0.0,,0.59277,0.01411,0.0008,0.0,,0.61188,0.01123,0.703,0,,0.5928,-0.99093,0.0007,0.0,,0.66785,0.00924,0.0006,0.0,,0.71591,0.00757,0.0004,0.0,,0.73912,0.00508,0.0005,0,,0.80717,0.00579,0.0005,0,,0.85472,0.00551,,,,,,,,,,
2023-10-07 13:00:00,0.0002,0.0,,1.01115,-0.0017,0.0003,0.0,,0.90099,-0.00278,0.0007,0.0,,0.84876,-0.00637,0.001,0.0,,0.75585,-0.00985,0.0014,0.0,,0.66804,-0.015,0.0026,0.0,,0.61483,-0.02801,0.0037,0.0,,0.53594,-0.04324,0.006,160.0,,0.47265,-0.07313,0.009,0.0,,0.39875,-0.11881,0.012,104.0,,0.37118,-0.15916,0.1335,0.0,,0.59718,0.7021,0.0155,0.0,,0.33822,-0.20995,0.07,0.0,,,,0.0195,0.0,,0.29868,-0.27569,0.057,1.0,,0.29658,0.61957,0.029,0.0,,,,0.0385,65.0,,0.27829,0.50517,0.039,0.0,,0.25549,-0.49781,0.0255,71.0,,,,0.0595,0.0,,,,0.0175,1700.0,,0.28222,0.28775,0.0715,0,,,,0.013,149.0,,0.30095,0.21878,0.096,0.0,,,,0.008,1.0,,0.3419,0.13461,0.2205,0.0,,0.82228,-0.63154,0.006,1.0,,0.39153,0.09531,0.19,0.0,,,,0.0044,0.0,,0.42994,0.06798,0.335,0,,0.97484,-0.69674,0.0033,0.0,,0.46391,0.04987,0.0022,1.0,,0.48313,0.03384,0.0018,0.0,,0.51533,0.02686,0.0014,0.0,,0.53999,0.02065,0.4295,0,,,,0.0011,0.0,,0.56257,0.01607,0.001,0.0,,0.59364,0.0141,0.0008,0.0,,0.61274,0.01122,0.703,0,,,,0.0007,0.0,,0.66872,0.00923,0.0006,0.0,,0.71678,0.00756,0.0004,0.0,,0.73998,0.00508,0.0005,0,,0.80806,0.00578,0.0005,0,,0.85562,0.00551,,,,,,,,,,
2023-10-07 14:00:00,0.0002,0.0,,1.01086,-0.0017,0.0003,0.0,,0.90062,-0.00278,0.0007,0.0,,0.8483,-0.00638,0.001,0.0,,0.75531,-0.00986,0.0014,0.0,,0.66742,-0.01502,0.0026,0.0,,0.61409,-0.02806,0.0037,0.0,,0.5351,-0.04332,0.006,171.0,,0.47166,-0.0733,0.009,0.0,,0.39758,-0.11916,0.012,0.0,,0.36985,-0.15969,0.1335,0.0,,0.60086,0.70027,0.016,1.0,,0.34147,-0.21353,0.07,0.0,,,,0.0195,0.0,,0.29696,-0.27703,0.057,0.0,,0.2998,0.61613,0.03,1.0,,0.29167,-0.38187,0.038,100.0,,0.2774,0.50203,0.0425,8.0,,0.27695,-0.49803,0.0245,1600.0,,,,0.0595,0.0,,,,0.017,225.0,,,,0.0715,0,,,,0.013,0.0,,0.30254,0.218,0.108,20.0,,0.29413,-0.7894,0.008,0.0,,0.34327,0.13424,0.2205,0.0,,0.81789,-0.63389,0.006,0.0,,0.39281,0.0951,0.19,0.0,,,,0.0044,0.0,,0.43114,0.06785,0.335,0,,0.96905,-0.69943,0.0033,0.0,,0.46506,0.04979,0.0022,0.0,,0.48422,0.03379,0.0018,0.0,,0.5164,0.02682,0.0014,0.0,,0.54103,0.02063,0.4295,0,,,,0.0011,0.0,,0.56359,0.01606,0.001,0.0,,0.59466,0.01408,0.0008,0.0,,0.61374,0.01121,0.703,0,,,,0.0007,0.0,,0.66973,0.00922,0.0006,0.0,,0.71779,0.00756,0.0004,0.0,,0.74097,0.00507,0.0005,0,,0.80908,0.00578,0.0005,0,,0.85666,0.00551,,,,,,,,,,
2023-10-07 15:00:00,0.0002,0.0,,1.01115,-0.0017,0.0003,0.0,,0.90086,-0.00278,0.0007,0.0,,0.84851,-0.00638,0.001,0.0,,0.75546,-0.00987,0.0014,0.0,,0.66753,-0.01502,0.0026,0.0,,0.61416,-0.02807,0.0037,0.0,,0.53511,-0.04334,0.006,7.0,,0.47163,-0.07333,0.009,0.0,,0.39748,-0.11923,0.012,0.0,,0.36972,-0.1598,0.1335,0.0,,0.60181,0.69991,0.016,0.0,,0.34129,-0.2137,0.07,0.0,,,,0.0195,0.0,,0.29672,-0.2773,0.057,0.0,,0.30054,0.61545,0.03,0.0,,0.29135,-0.38231,0.0375,101.0,,,,0.0425,0.0,,0.2765,-0.49871,0.0245,600.0,,,,0.0595,0.0,,,,0.017,1.0,,0.2804,0.28304,0.0715,0,,,,0.013,0.0,,0.30296,0.21784,0.109,10.0,,0.30243,-0.78262,0.0075,9.0,,0.33721,0.12913,0.2205,0.0,,0.81729,-0.63436,0.006,0.0,,0.3932,0.09506,0.19,0.0,,,,0.004,3.0,,0.42291,0.06353,0.335,0,,0.96822,-0.69997,0.0033,400.0,,0.46545,0.04977,0.0022,0.0,,0.48461,0.03378,0.0018,0.0,,0.51679,0.02681,0.0014,0.0,,0.54143,0.02062,0.4295,0,,,,0.0011,0.0,,0.56399,0.01605,0.001,0.0,,0.59507,0.01408,0.0008,0.0,,0.61416,0.01121,0.703,0,,,,0.0007,0.0,,0.67016,0.00922,0.0006,0.0,,0.71824,0.00755,0.0004,0.0,,0.74142,0.00507,0.0005,0,,0.80957,0.00578,0.0005,0,,0.85716,0.00551,,,,,,,,,,
2023-10-07 16:00:00,0.0002,0.0,,1.0132,-0.0017,0.0003,0.0,,0.90291,-0.00278,0.0007,0.0,,0.85069,-0.00637,0.001,0.0,,0.75769,-0.00984,0.0014,0.0,,0.66981,-0.01498,0.0026,0.0,,0.61662,-0.02797,0.0036,1.0,,0.53467,-0.04238,0.006,0.0,,0.47446,-0.07297,0.009,0.0,,0.40062,-0.11847,0.012,0.0,,0.37314,-0.15863,0.1335,0.0,,0.5945,0.70395,0.016,0.0,,0.34507,-0.21187,0.07,0.0,,,,0.0195,0.0,,0.30092,-0.27436,0.057,0.0,,0.29386,0.62307,0.0295,71.0,,0.29281,-0.37664,0.0385,50.0,,0.27619,0.50789,0.0425,0.0,,0.28283,-0.49135,0.026,236.0,,,,0.0595,0.0,,,,0.018,200.0,,0.28495,0.29215,0.0715,0,,,,0.013,0.0,,0.29988,0.21957,0.109,0.0,,0.31614,-0.76673,0.008,1.0,,0.34112,0.13498,0.2205,0.0,,0.82807,-0.62921,0.006,0.0,,0.39093,0.09553,0.19,0.0,,,,0.0045,8.0,,0.43157,0.06916,0.335,0,,0.98228,-0.69407,0.0033,0.0,,0.46357,0.04995,0.0022,0.0,,0.48288,0.03389,0.0018,0.0,,0.51516,0.02689,0.0014,0.0,,0.53988,0.02068,0.4295,0,,,,0.0011,0.0,,0.56252,0.01609,0.001,0.0,,0.59365,0.01411,0.0008,0.0,,0.61279,0.01123,0.703,0,,0.61934,-0.98796,0.0007,0.0,,0.66887,0.00924,0.0006,0.0,,0.71701,0.00757,0.0004,0.0,,0.74027,0.00508,0.0005,0,,0.80844,0.00579,0.0005,0,,0.85607,0.00551,,,,,,,,,,
2023-10-07 17:00:00,0.0002,0.0,,1.01189,-0.00171,0.0003,0.0,,0.90149,-0.00278,0.0007,0.0,,0.84908,-0.00638,0.001,0.0,,0.75595,-0.00987,0.0014,0.0,,0.66792,-0.01503,0.0026,0.0,,0.61449,-0.02807,0.0036,0.0,,0.53234,-0.04257,0.006,0.0,,0.4718,-0.07337,0.009,0.0,,0.39755,-0.1193,0.0125,6.0,,0.37538,-0.16307,0.1335,0.0,,0.60301,0.69955,0.016,0.0,,0.34126,-0.21387,0.07,0.0,,,,0.022,100.0,,0.31699,-0.28799,0.057,0.0,,0.30141,0.61478,0.0305,1.0,,0.29476,-0.38364,0.0385,0.0,,0.2822,0.50145,0.0425,0.0,,0.27617,-0.4994,0.026,0.0,,,,0.0595,0.0,,,,0.018,0.0,,0.28908,0.28927,0.0715,0,,,,0.0135,20.0,,0.30818,0.22167,0.109,0.0,,0.30141,-0.78414,0.0085,2.0,,0.35052,0.13894,0.2205,0.0,,0.81704,-0.63483,0.006,0.0,,0.39376,0.09502,0.19,0.0,,,,0.0045,0.0,,0.43421,0.06885,0.335,0,,0.96781,-0.70052,0.0033,0.0,,0.46605,0.04976,0.0022,0.0,,0.48521,0.03377,0.0018,0.0,,0.51741,0.02681,0.0014,0.0,,0.54206,0.02061,0.4295,0,,,,0.0011,0.0,,0.56464,0.01605,0.001,0.0,,0.59574,0.01408,0.0009,33.0,,0.62382,0.01231,0.703,0,,,,0.0007,0.0,,0.67089,0.00922,0.0006,0.0,,0.719,0.00755,0.0004,0.0,,0.7422,0.00507,0.0005,0,,0.81041,0.00578,0.0005,0,,0.85804,0.00551,,,,,,,,,,
2023-10-07 18:00:00,0.0002,0.0,,1.01218,-0.00171,0.0003,0.0,,0.90173,-0.00278,0.0007,0.0,,0.84928,-0.00638,0.001,0.0,,0.7561,-0.00987,0.0014,0.0,,0.66803,-0.01503,0.0023,4.0,,0.60124,-0.02576,0.0037,1.0,,0.53538,-0.04337,0.006,0.0,,0.47176,-0.0734,0.0095,7.0,,0.40431,-0.1229,0.0125,0.0,,0.37525,-0.16318,0.1335,0.0,,0.60396,0.69918,0.017,6.0,,0.35048,-0.21929,0.07,0.0,,,,0.022,0.0,,0.31674,-0.28826,0.057,0.0,,0.30216,0.6141,0.0305,0.0,,0.29443,-0.38407,0.0385,0.0,,0.28281,0.50092,0.0425,0.0,,0.27571,-0.50009,0.026,0.0,,,,0.0595,0.0,,,,0.018,1.0,,0.28954,0.28904,0.0715,0,,,,0.0135,4.0,,0.30861,0.22152,0.109,0.0,,0.30026,-0.78567,0.0085,0.0,,0.35092,0.13886,0.2205,0.0,,0.81644,-0.63531,0.006,0.0,,0.39415,0.09497,0.19,0.0,,,,0.0043,2.0,,0.43038,0.06672,0.335,0,,0.96698,-0.70106,0.0033,0.0,,0.46644,0.04974,0.0022,0.0,,0.48559,0.03375,0.0018,0.0,,0.51781,0.0268,0.0015,2.0,,0.54789,0.02174,0.4295,0,,,,0.0011,0.0,,0.56504,0.01604,0.001,0.0,,0.59615,0.01408,0.0009,0.0,,0.62424,0.01231,0.703,0,,,,0.0007,0.0,,0.67132,0.00922,0.0006,0.0,,0.71946,0.00755,0.0004,0.0,,0.74265,0.00507,0.0005,0,,0.81089,0.00578,0.0005,0,,0.85854,0.00551,,,,,,,,,,
2023-10-07 19:00:00,0.0002,0.0,,1.01204,-0.00171,0.0003,0.0,,0.90152,-0.00278,0.0007,0.0,,0.84899,-0.00639,0.001,0.0,,0.75574,-0.00988,0.0014,0.0,,0.66759,-0.01505,0.0023,0.0,,0.60071,-0.02579,0.0039,1.0,,0.54066,-0.04499,0.006,0.0,,0.47101,-0.07353,0.0095,0.0,,0.40339,-0.12319,0.0125,0.0,,0.37421,-0.16362,0.1335,0.0,,0.60695,0.69774,0.0165,2.0,,0.3446,-0.21739,0.07,0.0,,,,0.022,0.0,,0.31535,-0.28934,0.057,0.0,,0.30473,0.61144,0.0305,0.0,,0.29273,-0.38582,0.039,66.0,,0.28834,0.49935,0.0425,0.0,,,,0.026,0.0,,,,0.061,1.0,,,,0.018,0.0,,0.291,0.2881,0.0715,0,,,,0.0135,0.0,,0.30992,0.22089,0.109,0.0,,0.29517,-0.79192,0.0085,0.0,,0.35206,0.13856,0.2205,0.0,,0.81296,-0.63722,0.006,0.0,,0.39521,0.09481,0.19,0.0,,,,0.0043,0.0,,0.43138,0.06662,0.335,0,,0.96237,-0.70326,0.0033,0.0,,0.4674,0.04967,0.0022,0.0,,0.48651,0.03371,0.0018,0.0,,0.51871,0.02677,0.0015,0.0,,0.54879,0.02172,0.4295,0,,,,0.0011,0.0,,0.56591,0.01603,0.001,0.0,,0.59703,0.01406,0.0009,0.0,,0.62511,0.0123,0.703,0,,,,0.0007,0.0,,0.67219,0.00921,0.0006,0.0,,0.72033,0.00755,0.0004,0.0,,0.74351,0.00507,0.0005,0,,0.81179,0.00577,0.0005,0,,0.85945,0.0055,,,,,,,,,,
2023-10-07 20:00:00,0.0002,0.0,,1.01248,-0.00171,0.0003,0.0,,0.90191,-0.00278,0.0007,0.0,,0.84936,-0.00639,0.001,0.0,,0.75607,-0.00988,0.0014,0.0,,0.66789,-0.01505,0.0023,0.0,,0.60098,-0.02579,0.0039,0.0,,0.5409,-0.04499,0.006,0.0,,0.47121,-0.07353,0.0095,0.0,,0.40357,-0.12319,0.0125,0.0,,0.37437,-0.16362,0.1335,0.0,,0.60721,0.69774,0.0165,0.0,,0.34475,-0.21739,0.07,0.0,,,,0.022,0.0,,0.31549,-0.28934,0.057,0.0,,0.30486,0.61144,0.0305,0.0,,0.29286,-0.38582,0.039,82.0,,0.28846,0.49935,0.0425,0.0,,,,0.026,0.0,,,,0.061,0.0,,,,0.0185,2.0,,0.29517,0.29121,0.0715,0,,,,0.0135,0.0,,0.31005,0.22089,0.109,0.0,,0.2953,-0.79192,0.0085,0.0,,0.35221,0.13856,0.2205,0.0,,0.81331,-0.63722,0.006,0.0,,0.39538,0.09481,0.19,0.0,,,,0.0043,0.0,,0.43157,0.06662,0.335,0,,0.96278,-0.70326,0.0035,1.0,,0.4729,0.0518,0.0022,0.0,,0.48672,0.03371,0.0018,0.0,,0.51894,0.02677,0.0015,0.0,,0.54903,0.02172,0.4295,0,,,,0.0011,0.0,,0.56616,0.01603,0.001,0.0,,0.59729,0.01406,0.0009,0.0,,0.62539,0.0123,0.703,0,,,,0.0007,0.0,,0.67248,0.00921,0.0006,0.0,,0.72064,0.00755,0.0004,0.0,,0.74384,0.00507,0.0005,0,,0.81214,0.00577,0.0005,0,,0.85983,0.0055,,,,,,,,,,
2023-10-07 21:00:00,0.0002,0.0,,1.01482,-0.0017,0.0003,0.0,,0.90427,-0.00278,0.0007,0.0,,0.85188,-0.00637,0.001,0.0,,0.75865,-0.00985,0.0014,0.0,,0.67055,-0.015,0.0023,0.0,,0.6038,-0.02569,0.0039,0.0,,0.54395,-0.04477,0.006,0.0,,0.47454,-0.0731,0.0095,0.0,,0.4073,-0.12226,0.0125,1.0,,0.37843,-0.1622,0.1335,0.0,,0.59857,0.70247,0.0165,35.0,,0.34925,-0.21519,0.07,0.0,,,,0.0225,2.0,,0.32465,-0.28776,0.057,0.0,,0.29699,0.62026,0.0305,0.0,,0.29891,-0.38022,0.039,0.0,,0.28223,0.50614,0.0425,5.0,,0.28119,-0.49399,0.026,0.0,,,,0.061,0.0,,,,0.018,1.0,,0.28691,0.29118,0.0715,0,,,,0.0135,1.0,,0.30636,0.22293,0.109,0.0,,0.31197,-0.77235,0.0085,0.0,,0.34914,0.13955,0.2205,0.0,,0.82609,-0.63107,0.006,0.0,,0.39267,0.09536,0.19,0.0,,,,0.0043,0.0,,0.42912,0.06695,0.335,0,,0.97947,-0.6962,0.0035,0.0,,0.47062,0.05202,0.0022,0.0,,0.48464,0.03385,0.0018,0.0,,0.51696,0.02687,0.0015,0.0,,0.54713,0.02179,0.4295,0,,,,0.0011,0.0,,0.56437,0.01608,0.001,0.0,,0.59555,0.0141,0.0009,0.0,,0.6237,0.01233,0.703,0,,,,0.0007,0.0,,0.6709,0.00923,0.0006,0.0,,0.71913,0.00756,0.0004,0.0,,0.74242,0.00508,0.0005,0,,0.81074,0.00578,0.0005,0,,0.85846,0.00551,,,,,,,,,,
2023-10-07 22:00:00,0.0002,0.0,,1.01526,-0.0017,0.0003,0.0,,0.90467,-0.00278,0.0007,0.0,,0.85225,-0.00637,0.001,0.0,,0.75898,-0.00985,0.0014,0.0,,0.67084,-0.015,0.0023,0.0,,0.60406,-0.02569,0.0039,0.0,,0.54419,-0.04477,0.006,0.0,,0.47474,-0.0731,0.0095,0.0,,0.40748,-0.12226,0.0125,0.0,,0.3786,-0.1622,0.1335,0.0,,0.59883,0.70247,0.0165,0.0,,0.3494,-0.21519,0.07,0.0,,,,0.0225,0.0,,0.32479,-0.28776,0.057,0.0,,0.29712,0.62026,0.0305,0.0,,0.29904,-0.38022,0.039,0.0,,0.28235,0.50614,0.0425,0.0,,0.28132,-0.49399,0.026,0.0,,,,0.061,0.0,,,,0.018,0.0,,,,0.0715,0,,,,0.0135,0.0,,0.30649,0.22293,0.109,0.0,,0.31211,-0.77235,0.0085,0.0,,0.3493,0.13955,0.2205,0.0,,0.82645,-0.63107,0.006,0.0,,0.39284,0.09536,0.19,0.0,,,,0.0039,6.0,,0.42056,0.0626,0.335,0,,0.9799,-0.6962,0.0035,0.0,,0.47082,0.05202,0.0022,0.0,,0.48485,0.03385,0.0018,0.0,,0.51718,0.02687,0.0015,0.0,,0.54737,0.02179,0.4295,0,,,,0.0011,0.0,,0.56461,0.01608,0.001,0.0,,0.59581,0.0141,0.0009,0.0,,0.62398,0.01233,0.703,0,,,,0.0007,0.0,,0.67119,0.00923,0.0006,0.0,,0.71945,0.00756,0.0004,0.0,,0.74274,0.00508,0.0005,0,,0.81109,0.00578,0.0005,0,,0.85884,0.00551,,,,,,,,,,
2023-10-07 23:00:00,0.0002,0.0,,1.01219,-0.00171,0.0003,0.0,,0.90142,-0.00279,0.0007,0.0,,0.84864,-0.0064,0.001,0.0,,0.75514,-0.0099,0.0014,0.0,,0.66675,-0.01509,0.0023,0.0,,0.59959,-0.02588,0.0039,0.0,,0.53921,-0.04517,0.006,6.0,,0.46918,-0.07391,0.0095,5.0,,0.40107,-0.12399,0.0125,0.0,,0.37155,-0.16485,0.1335,0.0,,0.61547,0.69385,0.0165,0.0,,0.34151,-0.2193,0.07,0.0,,,,0.0225,0.0,,0.31568,-0.29429,0.057,0.0,,0.31191,0.60432,0.0305,0.0,,0.28817,-0.39074,0.0385,79.0,,0.2907,0.49326,0.0425,0.0,,,,0.0255,120.0,,,,0.062,2.0,,,,0.018,0.0,,0.29517,0.28555,0.0715,0,,,,0.0135,75.0,,0.3137,0.21921,0.109,0.0,,0.28055,-0.81033,0.008,8.0,,0.34904,0.13291,0.2205,0.0,,0.80371,-0.64258,0.006,0.0,,0.39834,0.09435,0.19,0.0,,,,0.0039,0.0,,0.42556,0.06203,0.335,0,,0.95001,-0.70941,0.0029,1.0,,0.4591,0.04511,0.0022,0.0,,0.48931,0.0336,0.0018,0.0,,0.52149,0.02669,0.0015,0.0,,0.55155,0.02166,0.4295,0,,,,0.0011,0.0,,0.56863,0.01599,0.001,0.0,,0.59976,0.01403,0.0009,0.0,,0.62786,0.01227,0.703,0,,,,0.0007,0.0,,0.67496,0.00919,0.0006,0.0,,0.72313,0.00753,0.0004,0.0,,0.74629,0.00506,0.0005,0,,0.81469,0.00576,0.0005,0,,0.86243,0.00549,,,,,,,,,,
2023-10-08 00:00:00,0.0002,0.0,,1.01263,-0.00171,0.0003,0.0,,0.90181,-0.00279,0.0007,0.0,,0.84901,-0.0064,0.001,0.0,,0.75547,-0.0099,0.0014,0.0,,0.66704,-0.01509,0.0023,0.0,,0.59985,-0.02588,0.0039,0.0,,0.53945,-0.04517,0.006,0.0,,0.46939,-0.07391,0.0095,0.0,,0.40125,-0.12399,0.013,99.0,,0.37726,-0.16792,0.1335,0.0,,0.61574,0.69385,0.017,3.0,,0.34632,-0.2219,0.07,0.0,,,,0.0225,0.0,,0.31582,-0.29429,0.057,0.0,,0.31205,0.60432,0.0305,0.0,,0.2883,-0.39074,0.0385,1.0,,0.29082,0.49326,0.0425,0.0,,,,0.0255,0.0,,,,0.062,0.0,,,,0.0175,232.0,,0.29122,0.28236,0.0715,0,,,,0.013,3.0,,0.30913,0.21524,0.109,0.0,,0.28067,-0.81033,0.008,0.0,,0.34919,0.13291,0.2205,0.0,,0.80406,-0.64258,0.006,0.0,,0.39852,0.09435,0.19,0.0,,,,0.0039,0.0,,0.42575,0.06203,0.335,0,,0.95043,-0.70941,0.0029,0.0,,0.4593,0.04511,0.0026,125.0,,0.50359,0.03802,0.0018,0.0,,0.52172,0.02669,0.0015,0.0,,0.55179,0.02166,0.4295,0,,,,0.0011,0.0,,0.56887,0.01599,0.001,0.0,,0.60002,0.01403,0.0009,0.0,,0.62814,0.01227,0.703,0,,,,0.0007,0.0,,0.67525,0.00919,0.0006,0.0,,0.72345,0.00753,0.0004,0.0,,0.74662,0.00506,0.0005,0,,0.81505,0.00576,0.0005,0,,0.8628,0.00549,,,,,,,,,,
2023-10-08 01:00:00,0.0002,0.0,,1.01396,-0.00171,0.0003,0.0,,0.90312,-0.00279,0.0007,0.0,,0.85038,-0.0064,0.001,0.0,,0.75685,-0.00989,0.0014,0.0,,0.66843,-0.01507,0.0023,0.0,,0.6013,-0.02583,0.0039,1.0,,0.54099,-0.04507,0.006,0.0,,0.47104,-0.0737,0.0095,0.0,,0.40307,-0.12355,0.013,0.0,,0.37924,-0.16724,0.1335,0.0,,0.61194,0.69596,0.017,0.0,,0.34851,-0.22085,0.07,0.0,,,,0.0225,0.0,,0.31829,-0.29262,0.057,0.0,,0.30857,0.60816,0.0295,88.0,,,,0.036,5.0,,,,0.0425,0.0,,,,0.0235,4070.0,,,,0.062,0.0,,,,0.0175,0.0,,0.28936,0.28374,0.0715,0,,,,0.013,0.0,,0.30751,0.21615,0.109,0.0,,0.2892,-0.80005,0.008,0.0,,0.34787,0.13335,0.2205,0.0,,0.81025,-0.63964,0.006,0.0,,0.39736,0.0946,0.19,0.0,,,,0.0039,0.0,,0.42473,0.06217,0.335,0,,0.95853,-0.70603,0.0029,0.0,,0.45837,0.0452,0.0026,0.0,,0.50272,0.03809,0.0018,0.0,,0.52092,0.02673,0.0015,0.0,,0.55105,0.02169,0.4295,0,,,,0.0011,0.0,,0.56818,0.01601,0.001,0.0,,0.59936,0.01405,0.0009,0.0,,0.62751,0.01229,0.703,0,,,,0.0007,0.0,,0.67468,0.0092,0.0006,0.0,,0.72292,0.00754,0.0004,0.0,,0.74614,0.00506,0.0005,0,,0.81459,0.00577,0.0005,0,,0.86238,0.0055,,,,,,,,,,
2023-10-08 02:00:00,0.0002,0.0,,1.01278,-0.00171,0.0003,0.0,,0.90184,-0.00279,0.0007,0.0,,0.84892,-0.00641,0.001,0.0,,0.75526,-0.00992,0.0014,0.0,,0.66671,-0.01511,0.0023,0.0,,0.59939,-0.02592,0.0039,0.0,,0.53885,-0.04526,0.006,0.0,,0.46859,-0.07408,0.0095,0.0,,0.40022,-0.12436,0.013,0.0,,0.37606,-0.1685,0.1335,0.0,,0.61964,0.69211,0.017,0.0,,0.34493,-0.22278,0.07,0.0,,,,0.0225,0.0,,0.31415,-0.2957,0.057,0.0,,0.31531,0.60118,0.0305,121.0,,0.28623,-0.39304,0.0355,263.0,,,,0.0425,0.0,,,,0.023,1741.0,,,,0.062,0.0,,,,0.0175,0.0,,0.29313,0.28122,0.0715,0,,,,0.013,0.0,,0.31086,0.21449,0.109,0.0,,0.2736,-0.81939,0.0075,1.0,,0.34418,0.12756,0.2205,0.0,,0.79986,-0.64506,0.006,0.0,,0.39998,0.09414,0.19,0.0,,,,0.0039,0.0,,0.42713,0.06191,0.335,0,,0.94479,-0.71227,0.0029,0.0,,0.46064,0.04504,0.0026,0.0,,0.50494,0.03796,0.0018,0.0,,0.52302,0.02665,0.0015,0.0,,0.5531,0.02163,0.4295,0,,,,0.0011,0.0,,0.57016,0.01597,0.001,0.0,,0.60132,0.01401,0.0009,0.0,,0.62944,0.01226,0.703,0,,,,0.0007,0.0,,0.67657,0.00918,0.0006,0.0,,0.72479,0.00753,0.0004,0.0,,0.74795,0.00505,0.0005,0,,0.81644,0.00576,0.0005,0,,0.86423,0.00549,,,,,,,,,,
2023-10-08 03:00:00,0.0002,0.0,,1.01102,-0.00171,0.0003,0.0,,0.89994,-0.0028,0.0007,0.0,,0.84678,-0.00643,0.001,0.0,,0.75297,-0.00995,0.0014,0.0,,0.66425,-0.01517,0.0023,0.0,,0.59667,-0.02604,0.0039,0.0,,0.5358,-0.04552,0.0065,86.0,,0.47481,-0.07831,0.0095,0.0,,0.39624,-0.12548,0.013,0.0,,0.37164,-0.17024,0.1335,0.0,,0.62992,0.687,0.017,0.0,,0.33996,-0.2255,0.07,0.0,,,,0.0225,0.0,,0.30841,-0.30004,0.057,0.0,,0.32431,0.5921,0.0305,0.0,,,,0.0355,100.0,,0.2799,0.47926,0.0425,0.0,,0.25618,-0.52623,0.023,0.0,,,,0.062,0.0,,,,0.0175,0.0,,0.29821,0.27788,0.0715,0,,,,0.013,0.0,,0.31537,0.21227,0.109,0.0,,0.2496,-0.84986,0.0075,0.0,,0.34798,0.12652,0.2205,0.0,,0.78531,-0.65269,0.006,0.0,,0.40349,0.09352,0.19,0.0,,,,0.0039,0.0,,0.43033,0.06156,0.335,0,,0.92546,-0.72108,0.0029,0.0,,0.46367,0.04481,0.0026,0.0,,0.50788,0.03779,0.0018,0.0,,0.52581,0.02655,0.0015,0.0,,0.55581,0.02155,0.4295,0,,,,0.0011,0.0,,0.57277,0.01591,0.001,0.0,,0.6039,0.01397,0.0009,0.0,,0.63199,0.01222,0.703,0,,,,0.0007,0.0,,0.67904,0.00916,0.0006,0.0,,0.72722,0.00751,0.0004,0.0,,0.7503,0.00504,0.0005,0,,0.81883,0.00575,0.0005,0,,0.86663,0.00548,,,,,,,,,,
2023-10-08 04:00:00,0.0002,0.0,,1.01279,-0.00171,0.0003,0.0,,0.90171,-0.00279,0.0007,0.0,,0.84866,-0.00642,0.001,0.0,,0.75487,-0.00993,0.0014,0.0,,0.66619,-0.01514,0.0023,0.0,,0.59872,-0.02597,0.0039,1.0,,0.53801,-0.04536,0.0065,0.0,,0.47723,-0.07798,0.0095,0.0,,0.39891,-0.1248,0.013,0.0,,0.37456,-0.16919,0.1335,0.0,,0.62421,0.69004,0.017,0.0,,0.34319,-0.22386,0.07,0.0,,,,0.0225,0.0,,0.31208,-0.29741,0.0525,75.0,,0.28686,0.60347,0.0315,75.0,,0.29086,-0.39737,0.0355,0.0,,0.27575,0.48384,0.0425,0.0,,,,0.023,0.0,,,,0.062,0.0,,,,0.0165,50.0,,0.28708,0.27323,0.0715,0,,,,0.012,76.0,,0.30325,0.20532,0.109,0.0,,0.26462,-0.83092,0.0075,0.0,,0.34595,0.12714,0.2205,0.0,,0.79463,-0.64808,0.0055,75.0,,0.39321,0.08874,0.19,0.0,,,,0.0037,3.0,,0.4241,0.05956,0.335,0,,0.93778,-0.71575,0.0029,0.0,,0.46217,0.04495,0.0026,0.0,,0.50647,0.03789,0.0019,76.0,,0.52893,0.02772,0.0015,0.0,,0.55457,0.0216,0.4295,0,,,,0.0011,0.0,,0.57161,0.01595,0.001,0.0,,0.60277,0.014,0.0009,0.0,,0.6309,0.01225,0.703,0,,,,0.0007,0.0,,0.67803,0.00917,0.0006,0.0,,0.72627,0.00752,0.0004,0.0,,0.74941,0.00505,0.0005,0,,0.81797,0.00576,0.0005,0,,0.86579,0.00549,,,,,,,,,,
2023-10-08 05:00:00,0.0002,0.0,,1.01323,-0.00171,0.0003,0.0,,0.90211,-0.00279,0.0007,0.0,,0.84903,-0.00642,0.001,0.0,,0.7552,-0.00993,0.0014,0.0,,0.66649,-0.01514,0.0023,0.0,,0.59898,-0.02597,0.0039,0.0,,0.53824,-0.04536,0.0065,0.0,,0.47744,-0.07798,0.0095,0.0,,0.39908,-0.1248,0.013,0.0,,0.37472,-0.16919,0.1335,0.0,,0.62448,0.69004,0.017,2.0,,0.34334,-0.22386,0.07,0.0,,,,0.0225,0.0,,0.31222,-0.29741,0.0525,0.0,,0.28699,0.60346,0.0315,0.0,,0.29099,-0.39737,0.0355,0.0,,0.27587,0.48384,0.0425,0.0,,,,0.023,0.0,,,,0.062,0.0,,,,0.0165,0.0,,0.28721,0.27323,0.0715,0,,,,0.012,0.0,,0.30338,0.20532,0.109,0.0,,0.26474,-0.83092,0.0075,0.0,,0.3461,0.12714,0.2205,0.0,,0.79498,-0.64808,0.0055,0.0,,0.39338,0.08874,0.19,0.0,,,,0.0037,0.0,,0.42428,0.05956,0.335,0,,0.93819,-0.71575,0.0029,0.0,,0.46238,0.04495,0.0026,0.0,,0.50669,0.03789,0.0019,0.0,,0.52916,0.02772,0.0015,0.0,,0.55481,0.0216,0.4295,0,,,,0.0011,0.0,,0.57186,0.01595,0.001,0.0,,0.60304,0.014,0.0009,0.0,,0.63118,0.01225,0.703,0,,,,0.0007,0.0,,0.67833,0.00917,0.0006,0.0,,0.72659,0.00752,0.0004,0.0,,0.74974,0.00505,0.0005,0,,0.81833,0.00576,0.0005,0,,0.86617,0.00549,,,,,,,,,,
2023-10-08 06:00:00,0.0002,0.0,,1.01368,-0.00171,0.0003,0.0,,0.9025,-0.00279,0.0007,0.0,,0.84941,-0.00642,0.001,0.0,,0.75554,-0.00993,0.0014,0.0,,0.66678,-0.01514,0.0023,0.0,,0.59925,-0.02597,0.0039,0.0,,0.53848,-0.04536,0.0065,0.0,,0.47765,-0.07798,0.0095,0.0,,0.39926,-0.1248,0.013,0.0,,0.37489,-0.16919,0.1335,0.0,,0.62476,0.69004,0.017,0.0,,0.34349,-0.22386,0.07,0.0,,,,0.0225,0.0,,0.31236,-0.29741,0.0525,0.0,,0.28711,0.60346,0.0315,0.0,,0.29112,-0.39737,0.0355,0.0,,0.276,0.48384,0.0425,0.0,,,,0.023,500.0,,,,0.062,0.0,,,,0.0165,0.0,,0.28734,0.27323,0.0715,0,,,,0.012,0.0,,0.30352,0.20532,0.109,0.0,,0.26486,-0.83092,0.0075,0.0,,0.34625,0.12714,0.2205,0.0,,0.79533,-0.64808,0.0055,0.0,,0.39356,0.08874,0.19,0.0,,,,0.0037,0.0,,0.42447,0.05956,0.335,0,,0.9386,-0.71575,0.0029,0.0,,0.46258,0.04495,0.0026,0.0,,0.50691,0.03789,0.0019,0.0,,0.5294,0.02772,0.0015,0.0,,0.55506,0.0216,0.4295,0,,,,0.0011,0.0,,0.57211,0.01595,0.001,0.0,,0.6033,0.014,0.0009,0.0,,0.63145,0.01225,0.703,0,,,,0.0007,0.0,,0.67863,0.00917,0.0006,0.0,,0.72691,0.00752,0.0004,0.0,,0.75007,0.00505,0.0005,0,,0.81869,0.00576,0.0005,0,,0.86656,0.00549,,,,,,,,,,
2023-10-08 07:00:00,0.0002,0.0,,1.0156,-0.00171,0.0003,0.0,,0.90443,-0.00279,0.0007,0.0,,0.85145,-0.0064,0.001,0.0,,0.75762,-0.00991,0.0014,0.0,,0.66891,-0.0151,0.0023,0.0,,0.6015,-0.02589,0.0041,2.0,,0.54666,-0.04671,0.0065,0.0,,0.48031,-0.07763,0.01,100.0,,0.40892,-0.12749,0.013,0.0,,0.37811,-0.16804,0.1335,0.0,,0.6183,0.6935,0.017,0.0,,0.34705,-0.22207,0.07,0.0,,,,0.022,80.0,,0.31237,-0.29267,0.0525,0.0,,,,0.0315,0.0,,0.29594,-0.3928,0.0355,73.0,,,,0.0425,0.0,,,,0.023,1861.0,,,,0.062,0.0,,,,0.016,276.0,,0.28001,0.27203,0.0715,0,,,,0.012,0.0,,0.30076,0.20679,0.109,0.0,,0.28009,-0.81211,0.0075,0.0,,0.34396,0.12784,0.2205,0.0,,0.80555,-0.64307,0.0055,0.0,,0.39153,0.08914,0.19,0.0,,,,0.0037,0.0,,0.42265,0.05978,0.335,0,,0.95206,-0.70998,0.0029,0.0,,0.4609,0.0451,0.0026,0.0,,0.50532,0.03801,0.0019,0.0,,0.52791,0.0278,0.0015,0.0,,0.55365,0.02165,0.4295,0,,,,0.0011,0.0,,0.57078,0.01598,0.001,0.0,,0.60202,0.01403,0.0009,0.0,,0.63022,0.01227,0.703,0,,,,0.0007,0.0,,0.67747,0.00919,0.0006,0.0,,0.72582,0.00753,0.0004,0.0,,0.74905,0.00506,0.0005,0,,0.81769,0.00576,0.0005,0,,0.86559,0.00549,,,,,,,,,,
2023-10-08 08:00:00,0.0002,0.0,,1.01737,-0.00171,0.0003,0.0,,0.9062,-0.00279,0.0007,0.0,,0.85333,-0.00639,0.001,0.0,,0.75952,-0.00989,0.0014,0.0,,0.67085,-0.01506,0.0023,0.0,,0.60355,-0.02581,0.0041,0.0,,0.54888,-0.04656,0.0065,0.0,,0.48273,-0.07731,0.01,0.0,,0.41161,-0.12681,0.013,0.0,,0.38102,-0.16702,0.1335,0.0,,0.61246,0.69667,0.017,0.0,,0.35026,-0.2205,0.07,0.0,,,,0.022,0.0,,0.31599,-0.29017,0.0525,0.0,,,,0.0315,0.0,,0.30027,-0.38881,0.0355,0.0,,,,0.0425,80.0,,0.27336,-0.505,0.023,5167.0,,,,0.062,0.0,,,,0.0165,136.0,,0.28135,0.27756,0.0715,0,,,,0.0115,1.0,,0.29342,0.20379,0.109,0.0,,0.29282,-0.79675,0.007,1.0,,0.33521,0.12328,0.2205,0.0,,0.81469,-0.63867,0.0055,0.0,,0.38972,0.0895,0.19,0.0,,,,0.0037,3.0,,0.42104,0.05999,0.335,0,,0.96404,-0.70492,0.0026,1.0,,0.45038,0.0418,0.0026,0.0,,0.50391,0.03811,0.0017,1.0,,0.51761,0.02561,0.0015,0.0,,0.55241,0.0217,0.4295,0,,,,0.0011,0.0,,0.56961,0.01602,0.001,0.0,,0.6009,0.01405,0.0009,0.0,,0.62913,0.01229,0.703,0,,,,0.0007,0.0,,0.67646,0.0092,0.0006,0.0,,0.72486,0.00754,0.0004,0.0,,0.74816,0.00506,0.0005,0,,0.81682,0.00577,0.0005,0,,0.86476,0.0055,,,,,,,,,,
2023-10-08 09:00:00,0.0002,0.0,,1.01782,-0.00171,0.0003,0.0,,0.9066,-0.00279,0.0007,0.0,,0.8537,-0.00639,0.001,0.0,,0.75986,-0.00989,0.0014,0.0,,0.67115,-0.01506,0.0023,0.0,,0.60381,-0.02581,0.0043,1.0,,0.55475,-0.04804,0.0065,0.0,,0.48294,-0.07731,0.01,0.0,,0.41179,-0.12681,0.013,0.0,,0.38119,-0.16702,0.1335,0.0,,0.61273,0.69667,0.017,0.0,,0.35041,-0.2205,0.07,0.0,,,,0.0205,100.0,,0.3039,-0.28412,0.0525,0.0,,,,0.0315,0.0,,0.3004,-0.38881,0.0355,0.0,,,,0.0425,0.0,,0.27348,-0.505,0.0235,1355.0,,,,0.062,0.0,,,,0.0165,0.0,,0.28147,0.27756,0.0715,0,,,,0.0115,0.0,,0.29355,0.20379,0.109,0.0,,0.29295,-0.79675,0.007,0.0,,0.33536,0.12328,0.2205,0.0,,0.81505,-0.63867,0.0055,0.0,,0.3899,0.0895,0.19,0.0,,,,0.0039,9.0,,0.42582,0.06222,0.335,0,,0.96446,-0.70492,0.0026,0.0,,0.45058,0.0418,0.0026,0.0,,0.50413,0.03811,0.0017,0.0,,0.51784,0.02561,0.0015,0.0,,0.55265,0.0217,0.4295,0,,,,0.0011,0.0,,0.56986,0.01602,0.001,0.0,,0.60116,0.01405,0.0009,0.0,,0.62941,0.01229,0.703,0,,,,0.0007,0.0,,0.67676,0.0092,0.0006,0.0,,0.72518,0.00754,0.0004,0.0,,0.74849,0.00506,0.0005,0,,0.81718,0.00577,0.0005,0,,0.86514,0.0055,,,,,,,,,,
2023-10-08 10:00:00,0.0002,0.0,,1.02003,-0.0017,0.0003,0.0,,0.90883,-0.00278,0.0007,0.0,,0.85608,-0.00638,0.001,0.0,,0.76229,-0.00986,0.0014,0.0,,0.67365,-0.01501,0.0023,0.0,,0.60646,-0.02572,0.0043,0.0,,0.55766,-0.04783,0.0065,0.0,,0.48609,-0.07689,0.01,0.0,,0.41531,-0.12593,0.013,0.0,,0.38501,-0.16569,0.1335,0.0,,0.60476,0.701,0.0165,2.0,,0.3499,-0.21586,0.07,0.0,,,,0.0205,0.0,,0.30859,-0.28085,0.0525,0.0,,,,0.0295,80.0,,0.2915,-0.38007,0.0375,294.0,,0.27537,0.50264,0.0425,220.0,,0.28052,-0.49667,0.025,1216.0,,,,0.062,0.0,,0.29062,-0.60791,0.0165,0.0,,0.27763,0.28039,0.0715,0,,,,0.012,19.0,,0.29507,0.20997,0.109,0.0,,0.30876,-0.77815,0.0075,33.0,,0.33929,0.12935,0.2205,0.0,,0.82699,-0.63294,0.0055,0.0,,0.38743,0.08999,0.19,0.0,,,,0.0042,10.0,,0.43023,0.06578,0.335,0,,0.98007,-0.69835,0.0026,0.0,,0.44854,0.04197,0.0026,0.0,,0.50217,0.03824,0.0017,0.0,,0.51603,0.0257,0.0015,0.0,,0.55092,0.02176,0.4295,0,,,,0.0011,0.0,,0.56822,0.01606,0.001,0.0,,0.59957,0.01409,0.0009,0.0,,0.62787,0.01232,0.703,0,,,,0.0007,0.0,,0.67532,0.00922,0.0006,0.0,,0.72381,0.00756,0.0004,0.0,,0.7472,0.00507,0.0005,0,,0.81591,0.00578,0.0005,0,,0.86391,0.00551,,,,,,,,,,
2023-10-08 11:00:00,0.0002,0.0,,1.01901,-0.00171,0.0003,0.0,,0.90771,-0.00278,0.0007,0.0,,0.85479,-0.00639,0.001,0.0,,0.76088,-0.00988,0.0014,0.0,,0.67211,-0.01505,0.0023,0.0,,0.60474,-0.0258,0.0043,0.0,,0.55569,-0.048,0.0065,0.0,,0.48386,-0.07724,0.01,0.0,,0.41271,-0.12667,0.013,0.0,,0.38213,-0.1668,0.1335,0.0,,0.61191,0.69739,0.0165,0.0,,0.34669,-0.21756,0.07,0.0,,,,0.0205,0.0,,0.30493,-0.28356,0.0525,0.0,,,,0.0295,0.0,,0.28706,-0.38447,0.0375,0.0,,0.2804,0.49727,0.0425,0.0,,0.27489,-0.50358,0.025,55.0,,,,0.062,0.0,,,,0.0165,0.0,,0.28106,0.27803,0.0715,0,,,,0.012,0.0,,0.29811,0.20844,0.109,0.0,,0.29591,-0.79352,0.0075,0.0,,0.34188,0.12863,0.2205,0.0,,0.81771,-0.6377,0.0055,25.0,,0.3898,0.08958,0.19,0.0,,,,0.0042,0.0,,0.43246,0.06553,0.335,0,,0.96786,-0.70381,0.0026,0.0,,0.4506,0.04183,0.0026,0.0,,0.50421,0.03813,0.0017,0.0,,0.51796,0.02563,0.0015,0.0,,0.55281,0.02171,0.4295,0,,,,0.0011,0.0,,0.57005,0.01603,0.001,0.0,,0.60138,0.01406,0.0009,0.0,,0.62966,0.0123,0.703,0,,,,0.0007,0.0,,0.67707,0.00921,0.0006,0.0,,0.72554,0.00755,0.0004,0.0,,0.74888,0.00507,0.0005,0,,0.81763,0.00577,0.0005,0,,0.86563,0.0055,,,,,,,,,,
2023-10-08 12:00:00,0.0002,0.0,,1.01666,-0.00171,0.0003,0.0,,0.9052,-0.00279,0.0007,0.0,,0.85199,-0.00641,0.001,0.0,,0.75789,-0.00992,0.0014,0.0,,0.66891,-0.01513,0.0023,0.0,,0.60123,-0.02595,0.0043,0.0,,0.55171,-0.04834,0.0065,0.0,,0.47941,-0.07791,0.01,0.0,,0.40758,-0.12809,0.013,0.0,,0.37649,-0.16896,0.1335,0.0,,0.62507,0.69073,0.0165,0.0,,0.34041,-0.2209,0.07,0.0,,,,0.0205,0.0,,0.29779,-0.28892,0.0525,0.0,,0.28666,0.60487,0.0295,0.0,,,,0.0375,0.0,,0.28972,0.48755,0.0425,0.0,,,,0.0245,277.0,,,,0.062,0.0,,,,0.0165,0.0,,0.28744,0.27368,0.0715,0,,,,0.012,0.0,,0.30374,0.20561,0.109,0.0,,0.2687,-0.82699,0.0075,2.0,,0.34668,0.12728,0.2205,0.0,,0.79942,-0.64707,0.0055,0.0,,0.39416,0.08882,0.19,0.0,,,,0.0042,0.0,,0.43652,0.06506,0.335,0,,0.94372,-0.71458,0.0026,0.0,,0.45434,0.04156,0.0026,0.0,,0.50789,0.03792,0.0017,0.0,,0.52142,0.02549,0.0015,0.0,,0.5562,0.02161,0.4295,0,,,,0.0011,0.0,,0.5733,0.01595,0.001,0.0,,0.60459,0.014,0.0009,0.0,,0.63282,0.01225,0.703,0,,,,0.0007,0.0,,0.68013,0.00918,0.0006,0.0,,0.72855,0.00752,0.0004,0.0,,0.75178,0.00505,0.0005,0,,0.82058,0.00576,0.0005,0,,0.86858,0.00549,,,,,,,,,,
2023-10-08 13:00:00,0.0002,0.0,,1.014,-0.00172,0.0003,0.0,,0.90237,-0.0028,0.0007,0.0,,0.84884,-0.00644,0.001,0.0,,0.75453,-0.00997,0.0014,0.0,,0.66533,-0.01521,0.0023,0.0,,0.59731,-0.02612,0.0043,0.0,,0.54726,-0.04872,0.0065,0.0,,0.47443,-0.07868,0.01,1.0,,0.40185,-0.12971,0.013,0.0,,0.37019,-0.17143,0.1335,0.0,,0.63933,0.68368,0.0175,163.0,,0.34261,-0.22989,0.07,0.0,,0.29082,0.70429,0.0205,0.0,,0.28978,-0.29518,0.0525,0.0,,0.29939,0.59069,0.0295,0.0,,,,0.035,80.0,,0.28237,0.47351,0.0465,1.0,,0.27915,-0.52726,0.0245,100.0,,0.29014,0.36382,0.062,0.0,,,,0.0165,0.0,,0.29445,0.26907,0.0715,0,,,,0.012,11.0,,0.30994,0.2026,0.109,0.0,,0.23193,-0.87392,0.007,25.0,,0.34513,0.12071,0.2205,0.0,,0.77863,-0.65794,0.0055,0.0,,0.39896,0.088,0.19,0.0,,,,0.0039,3.0,,0.43425,0.06133,0.335,0,,0.91603,-0.72716,0.0029,1.0,,0.4676,0.04466,0.0026,0.0,,0.51194,0.03768,0.0017,0.0,,0.52523,0.02535,0.0015,0.0,,0.55992,0.0215,0.4295,0,,,,0.0011,0.0,,0.57688,0.01588,0.001,0.0,,0.60811,0.01394,0.0009,0.0,,0.63629,0.0122,0.703,0,,,,0.0007,0.0,,0.6835,0.00914,0.0006,0.0,,0.73185,0.0075,0.0004,0.0,,0.75497,0.00504,0.0005,0,,0.82381,0.00574,0.0005,0,,0.8718,0.00547,,,,,,,,,,
2023-10-08 14:00:00,0.0002,0.0,,1.01474,-0.00172,0.0003,0.0,,0.90308,-0.0028,0.0007,0.0,,0.84955,-0.00644,0.001,0.0,,0.75522,-0.00997,0.0014,0.0,,0.66599,-0.0152,0.0023,0.0,,0.59797,-0.02611,0.0043,0.0,,0.54795,-0.04869,0.0065,0.0,,0.47514,-0.0786,0.01,0.0,,0.40259,-0.12955,0.013,0.0,,0.37097,-0.17119,0.1335,0.0,,0.63829,0.68433,0.0175,0.0,,0.34345,-0.22952,0.07,0.0,,0.28937,0.70612,0.0235,20.0,,0.3147,-0.30601,0.0525,0.0,,0.29834,0.59199,0.0295,0.0,,,,0.035,157.0,,0.28155,0.4745,0.0465,0.0,,0.28051,-0.52575,0.023,1495.0,,,,0.062,0.0,,,,0.016,29.0,,0.2897,0.26605,0.0715,0,,,,0.0115,44.0,,0.30454,0.19858,0.109,0.0,,0.23601,-0.8688,0.007,0.0,,0.3448,0.12084,0.2205,0.0,,0.78102,-0.65688,0.0055,0.0,,0.39869,0.08807,0.19,0.0,,,,0.0039,0.0,,0.43404,0.06137,0.335,0,,0.91916,-0.72593,0.0029,0.0,,0.46743,0.04469,0.0026,0.0,,0.5118,0.03771,0.0017,0.0,,0.52512,0.02536,0.0015,0.0,,0.55984,0.02151,0.4295,0,,,,0.0011,0.0,,0.57682,0.01588,0.001,0.0,,0.60807,0.01395,0.0009,0.0,,0.63627,0.01221,0.703,0,,,,0.0007,0.0,,0.68351,0.00914,0.0006,0.0,,0.73189,0.0075,0.0004,0.0,,0.75503,0.00504,0.0005,0,,0.8239,0.00574,0.0005,0,,0.87192,0.00547,,,,,,,,,,
2023-10-08 15:00:00,0.0002,0.0,,1.01519,-0.00172,0.0003,0.0,,0.90348,-0.0028,0.0007,0.0,,0.84992,-0.00644,0.001,0.0,,0.75555,-0.00997,0.0014,0.0,,0.66629,-0.0152,0.0023,0.0,,0.59823,-0.02611,0.0043,0.0,,0.54819,-0.04869,0.0065,0.0,,0.47535,-0.0786,0.01,0.0,,0.40277,-0.12955,0.013,0.0,,0.37113,-0.17119,0.1335,0.0,,0.63858,0.68433,0.0175,0.0,,0.34361,-0.22952,0.07,0.0,,0.2895,0.70612,0.0235,0.0,,0.31484,-0.30601,0.0525,0.0,,0.29847,0.59199,0.0295,0.0,,,,0.035,0.0,,0.28167,0.4745,0.0465,0.0,,0.28063,-0.52575,0.023,2000.0,,,,0.062,0.0,,,,0.016,0.0,,0.28982,0.26605,0.0715,0,,,,0.0115,0.0,,0.30467,0.19858,0.109,0.0,,0.23612,-0.8688,0.007,2.0,,0.34496,0.12084,0.2205,0.0,,0.78136,-0.65688,0.0055,0.0,,0.39887,0.08807,0.19,0.0,,,,0.0039,0.0,,0.43423,0.06137,0.335,0,,0.91957,-0.72593,0.0029,0.0,,0.46764,0.04469,0.0021,5.0,,0.49397,0.03219,0.0017,0.0,,0.52535,0.02536,0.0015,0.0,,0.56008,0.02151,0.4295,0,,,,0.0011,0.0,,0.57708,0.01588,0.001,0.0,,0.60834,0.01395,0.0007,1.0,,0.61739,0.00997,0.703,0,,,,0.0007,0.0,,0.68381,0.00914,0.0006,0.0,,0.73222,0.0075,0.0004,0.0,,0.75536,0.00504,0.0005,0,,0.82427,0.00574,0.0005,0,,0.8723,0.00547,,,,,,,,,,
2023-10-08 16:00:00,0.0002,0.0,,1.01446,-0.00172,0.0003,0.0,,0.90265,-0.00281,0.0007,0.0,,0.84895,-0.00645,0.001,0.0,,0.75447,-0.00999,0.0014,0.0,,0.6651,-0.01524,0.0023,0.0,,0.5969,-0.02617,0.0043,0.0,,0.54664,-0.04884,0.0065,83.0,,0.47357,-0.0789,0.0095,1.0,,0.39404,-0.12671,0.0125,51.0,,0.36332,-0.16902,0.1335,0.0,,0.64413,0.68171,0.017,2.0,,0.33638,-0.22849,0.07,0.0,,0.29588,0.69892,0.0235,0.0,,0.31176,-0.30843,0.0525,0.0,,0.30332,0.58685,0.0325,4.0,,0.28759,-0.41073,0.034,10.0,,0.27855,0.46885,0.0465,0.0,,0.27581,-0.53186,0.0225,1520.0,,,,0.062,0.0,,,,0.016,0.0,,0.29255,0.26434,0.0715,0,,,,0.0115,0.0,,0.3071,0.19747,0.109,0.0,,0.21936,-0.89042,0.007,0.0,,0.34704,0.12031,0.2205,0.0,,0.77351,-0.66116,0.0055,0.0,,0.40081,0.08776,0.19,0.0,,,,0.0039,0.0,,0.43605,0.06119,0.335,0,,0.90901,-0.73089,0.0031,2.0,,0.47517,0.04677,0.0021,0.0,,0.49562,0.03211,0.0017,0.0,,0.52695,0.02531,0.0015,0.0,,0.56166,0.02146,0.4295,0,,,,0.0011,0.0,,0.5786,0.01586,0.001,0.0,,0.60985,0.01392,0.0007,0.0,,0.61886,0.00995,0.703,0,,,,0.0007,0.0,,0.68529,0.00913,0.0006,0.0,,0.73368,0.00749,0.0004,0.0,,0.75679,0.00503,0.0005,0,,0.82573,0.00574,0.0005,0,,0.87377,0.00547,,,,,,,,,,
2023-10-08 17:00:00,0.0002,0.0,,1.01416,-0.00172,0.0003,0.0,,0.90228,-0.00281,0.0007,0.0,,0.84849,-0.00646,0.001,0.0,,0.75393,-0.01,0.0014,0.0,,0.66447,-0.01526,0.0023,0.0,,0.59616,-0.02621,0.0041,2.0,,0.54019,-0.04742,0.0065,80.0,,0.47254,-0.07908,0.01,100.0,,0.39945,-0.13058,0.0125,0.0,,0.36194,-0.16963,0.1335,0.0,,0.6477,0.6801,0.0165,104.0,,0.33018,-0.22682,0.07,0.0,,0.29985,0.69457,0.0235,0.0,,0.30988,-0.30997,0.048,2.0,,,,0.0305,300.0,,,,0.032,591.0,,,,0.0465,0.0,,,,0.0205,7229.0,,,,0.062,0.0,,,,0.014,722.0,,0.27697,0.24848,0.0715,0,,,,0.01,511.0,,0.29326,0.18308,0.109,0.0,,0.20734,-0.90581,0.006,50.0,,0.33401,0.10916,0.2205,0.0,,0.76868,-0.66388,0.0045,35.0,,0.38371,0.0767,0.19,0.0,,,,0.0035,3.0,,0.42774,0.05663,0.335,0,,0.90247,-0.73405,0.0031,0.0,,0.47634,0.04669,0.0021,0.0,,0.49673,0.03206,0.0017,0.0,,0.52804,0.02527,0.0015,0.0,,0.56274,0.02144,0.4295,0,,,,0.0011,0.0,,0.57966,0.01584,0.001,0.0,,0.6109,0.01391,0.0008,43.0,,0.62994,0.01108,0.703,0,,,,0.0007,0.0,,0.68632,0.00912,0.0006,0.0,,0.73472,0.00748,0.0004,0.0,,0.7578,0.00503,0.0005,0,,0.82678,0.00573,0.0005,0,,0.87484,0.00547,,,,,,,,,,
2023-10-08 18:00:00,0.0002,0.0,,1.01118,-0.00173,0.0003,0.0,,0.89912,-0.00282,0.0007,0.0,,0.84497,-0.00648,0.001,0.0,,0.75019,-0.01005,0.0014,0.0,,0.66049,-0.01535,0.0023,0.0,,0.59179,-0.02641,0.0042,1.0,,0.53806,-0.0486,0.007,6.0,,0.47625,-0.08357,0.01,10.0,,0.39307,-0.13245,0.0125,0.0,,0.35497,-0.17247,0.1335,0.0,,0.6629,0.67287,0.0165,0.0,,0.32232,-0.23134,0.07,0.0,,0.31707,0.6759,0.0245,1.0,,0.30844,-0.32065,0.048,0.0,,0.28776,0.57297,0.0345,1815.0,,0.28821,-0.42707,0.032,761.0,,0.27767,0.45139,0.0495,55.0,,0.27934,-0.54808,0.0205,2045.0,,,,0.062,0.0,,,,0.014,35.0,,0.28437,0.24383,0.0715,0,,,,0.0105,1.0,,0.30508,0.18478,0.109,0.0,,,,0.0065,3.0,,0.34698,0.11324,0.2205,0.0,,0.74473,-0.67687,0.0045,0.0,,0.38882,0.07592,0.19,0.0,,,,0.0035,6.0,,0.43253,0.05614,0.335,0,,0.87,-0.74923,0.0031,0.0,,0.48095,0.04634,0.0021,0.0,,0.50106,0.03185,0.0017,0.0,,0.53222,0.02512,0.0015,0.0,,0.56682,0.02132,0.4295,0,,,,0.0011,0.0,,0.58358,0.01575,0.001,0.0,,0.61476,0.01384,0.0008,0.0,,0.6337,0.01103,0.703,0,,,,0.0007,0.0,,0.69001,0.00908,0.0006,0.0,,0.73833,0.00745,0.0004,0.0,,0.76128,0.00501,0.0005,0,,0.83031,0.00571,0.0005,0,,0.87836,0.00545,,,,,,,,,,
2023-10-08 19:00:00,0.0002,0.0,,1.01148,-0.00173,0.0003,0.0,,0.89936,-0.00282,0.0007,0.0,,0.84517,-0.00649,0.001,0.0,,0.75034,-0.01005,0.0014,0.0,,0.66059,-0.01536,0.0023,0.0,,0.59185,-0.02642,0.0047,160.0,,0.5515,-0.05232,0.007,0.0,,0.47621,-0.08361,0.011,1.0,,0.40576,-0.13921,0.0125,0.0,,0.35481,-0.1726,0.1335,0.0,,0.66384,0.67256,0.019,33.0,,0.34467,-0.24397,0.07,0.0,,0.31794,0.67513,0.0245,1000.0,,0.30816,-0.32098,0.0475,13.0,,0.28491,0.57272,0.035,180.0,,0.29139,-0.42798,0.0315,100.0,,,,0.0495,0.0,,0.27882,-0.5489,0.02,520.0,,,,0.062,0.0,,,,0.0145,31.0,,0.28924,0.24748,0.0715,0,,,,0.011,2.0,,0.31069,0.18917,0.109,0.0,,,,0.0065,0.0,,0.34737,0.11318,0.2205,0.0,,0.74399,-0.67746,0.0045,0.0,,0.38921,0.07588,0.19,0.0,,,,0.0035,0.0,,0.43292,0.05612,0.335,0,,0.86892,-0.74992,0.0031,0.0,,0.48136,0.04633,0.0021,0.0,,0.50146,0.03184,0.0017,0.0,,0.53263,0.02511,0.0015,0.0,,0.56724,0.02131,0.4295,0,,,,0.0011,0.0,,0.584,0.01575,0.001,0.0,,0.61519,0.01384,0.0008,0.0,,0.63413,0.01102,0.703,0,,,,0.0007,0.0,,0.69046,0.00908,0.0006,0.0,,0.7388,0.00745,0.0004,0.0,,0.76176,0.00501,0.0005,0,,0.83082,0.00571,0.0005,0,,0.87889,0.00545,,,,,,,,,,
2023-10-08 20:00:00,0.0002,0.0,,1.01388,-0.00172,0.0003,0.0,,0.90178,-0.00281,0.0007,0.0,,0.84775,-0.00647,0.001,0.0,,0.75298,-0.01002,0.0014,0.0,,0.66331,-0.0153,0.0023,0.0,,0.59474,-0.02631,0.0047,0.0,,0.55472,-0.05206,0.0075,446.0,,0.48869,-0.08656,0.011,183.0,,0.40972,-0.13811,0.014,15.0,,0.37523,-0.18011,0.1335,0.0,,0.65574,0.6766,0.019,302.0,,0.3495,-0.24135,0.07,0.0,,0.30854,0.68538,0.0245,162.0,,0.31367,-0.31678,0.049,94.0,,0.28819,0.57997,0.034,255.0,,0.29094,-0.4204,0.0315,595.0,,,,0.0495,0.0,,0.2873,-0.5386,0.0205,1816.0,,,,0.062,0.0,,,,0.0145,0.0,,0.28524,0.25008,0.0715,0,,,,0.01,460.0,,0.29672,0.18164,0.109,0.0,,0.17205,-0.94832,0.0065,564.0,,0.34442,0.11399,0.2205,0.0,,0.75818,-0.66999,0.0047,34.0,,0.39043,0.07857,0.19,0.0,,,,0.0034,81.0,,0.42803,0.05526,0.335,0,,0.88814,-0.74117,0.0031,0.0,,0.47908,0.04652,0.0021,0.0,,0.49936,0.03196,0.0017,0.0,,0.53063,0.0252,0.0015,0.0,,0.56532,0.02138,0.4295,0,,,,0.0011,0.0,,0.58218,0.0158,0.001,0.0,,0.61343,0.01387,0.0008,0.0,,0.63244,0.01105,0.703,0,,,,0.0007,0.0,,0.68885,0.0091,0.0006,0.0,,0.73727,0.00747,0.0004,0.0,,0.76032,0.00502,0.0005,0,,0.8294,0.00572,0.0005,0,,0.87751,0.00546,,,,,,,,,,
2023-10-08 21:00:00,0.0002,0.0,,1.01805,-0.00172,0.0003,0.0,,0.90604,-0.0028,0.0007,0.0,,0.85236,-0.00644,0.001,0.0,,0.75774,-0.00996,0.0014,0.0,,0.66825,-0.0152,0.0023,0.0,,0.60003,-0.0261,0.0047,0.0,,0.56068,-0.05158,0.0075,0.0,,0.4953,-0.08556,0.0115,1.0,,0.42349,-0.13917,0.0145,37.0,,0.38865,-0.17984,0.1335,0.0,,0.63962,0.68466,0.019,0.0,,0.35857,-0.23652,0.07,0.0,,0.28948,0.70704,0.0255,141.0,,0.33194,-0.31231,0.049,0.0,,,,0.034,0.0,,0.3034,-0.40812,0.034,158.0,,0.27494,0.47334,0.0495,0.0,,0.30303,-0.52037,0.0215,2942.0,,,,0.062,0.0,,,,0.0145,272.0,,0.27738,0.2553,0.0715,0,,,,0.0105,99.0,,0.29505,0.18969,0.109,0.0,,0.2387,-0.8663,0.0065,0.0,,0.33858,0.11557,0.2205,0.0,,0.78447,-0.65635,0.0043,2.0,,0.37747,0.07488,0.19,0.0,,,,0.0034,0.0,,0.42323,0.05579,0.335,0,,0.92338,-0.72531,0.0025,10.0,,0.45633,0.04015,0.0021,100.0,,0.49511,0.0322,0.0017,0.0,,0.52658,0.02537,0.0015,0.0,,0.56141,0.02151,0.4295,0,,,,0.0011,0.0,,0.57846,0.01589,0.001,0.0,,0.60981,0.01395,0.0008,0.0,,0.62894,0.01111,0.703,0,,,,0.0007,0.0,,0.68549,0.00915,0.0006,0.0,,0.73403,0.0075,0.0004,0.0,,0.75724,0.00504,0.0005,0,,0.82633,0.00574,0.0005,0,,0.87449,0.00548,,,,,,,,,,
2023-10-08 22:00:00,0.0002,0.0,,1.02058,-0.00171,0.0003,0.0,,0.90861,-0.0028,0.0007,0.0,,0.8551,-0.00642,0.001,0.0,,0.76055,-0.00993,0.0014,0.0,,0.67115,-0.01514,0.0023,0.0,,0.6031,-0.02598,0.0047,0.0,,0.56412,-0.05131,0.007,69.0,,0.48996,-0.08161,0.011,15.0,,0.42135,-0.13493,0.014,305.0,,0.38787,-0.17532,0.1335,0.0,,0.63054,0.68936,0.018,197.0,,0.35452,-0.22921,0.07,0.0,,0.27828,0.7205,0.0235,100.0,,0.32183,-0.3016,0.05,30.0,,,,0.034,0.0,,0.31031,-0.40168,0.0335,80.0,,,,0.0435,80.0,,,,0.0215,4848.0,,,,0.062,0.0,,,,0.0145,0.0,,0.273,0.25835,0.0715,0,,,,0.0105,151.0,,0.29121,0.19164,0.109,0.0,,0.26352,-0.83495,0.0065,0.0,,0.33537,0.11648,0.2205,0.0,,0.79898,-0.6491,0.0043,0.0,,0.37465,0.07537,0.19,0.0,,,,0.0032,6.0,,0.4156,0.05376,0.335,0,,0.94262,-0.71692,0.0025,0.0,,0.45392,0.04034,0.0021,0.0,,0.49283,0.03233,0.0017,0.0,,0.52442,0.02547,0.0015,0.0,,0.55933,0.02159,0.4295,0,,,,0.0011,0.0,,0.57649,0.01594,0.001,0.0,,0.6079,0.01399,0.0008,0.0,,0.62711,0.01114,0.703,0,,,,0.0007,0.0,,0.68374,0.00917,0.0006,0.0,,0.73236,0.00752,0.0004,0.0,,0.75567,0.00505,0.0005,0,,0.82478,0.00575,0.0005,0,,0.87298,0.00549,,,,,,,,,,
2023-10-08 23:00:00,0.0002,0.0,,1.02,-0.00171,0.0003,0.0,,0.90793,-0.0028,0.0007,0.0,,0.8543,-0.00643,0.001,0.0,,0.75966,-0.00995,0.0014,0.0,,0.67015,-0.01517,0.0023,0.0,,0.60197,-0.02604,0.0047,0.0,,0.56278,-0.05144,0.007,0.0,,0.48842,-0.08187,0.011,0.0,,0.41953,-0.13549,0.014,0.0,,0.38585,-0.17616,0.1335,0.0,,0.63552,0.687,0.0175,56.0,,0.34762,-0.22803,0.07,0.0,,0.28413,0.71364,0.0235,110.0,,0.31917,-0.30364,0.05,0.0,,,,0.034,0.0,,0.30707,-0.40487,0.0335,0.0,,,,0.0435,0.0,,,,0.0215,0.0,,,,0.062,0.0,,,,0.0145,0.0,,,,0.0715,0,,,,0.0105,173.0,,0.29333,0.19066,0.109,0.0,,0.25182,-0.84986,0.0065,0.0,,0.3372,0.11603,0.2205,0.0,,0.79228,-0.65269,0.0043,0.0,,0.37631,0.07512,0.19,0.0,,,,0.0033,9.0,,0.41971,0.05479,0.335,0,,0.93368,-0.72108,0.0025,0.0,,0.45543,0.04024,0.0021,0.0,,0.4943,0.03227,0.0017,0.0,,0.52585,0.02542,0.0015,0.0,,0.56075,0.02155,0.4295,0,,,,0.0011,0.0,,0.57786,0.01591,0.001,0.0,,0.60926,0.01397,0.0008,0.0,,0.62844,0.01113,0.703,0,,,,0.0007,0.0,,0.68507,0.00916,0.0006,0.0,,0.73368,0.00751,0.0004,0.0,,0.75696,0.00504,0.0005,0,,0.82611,0.00575,0.0005,0,,0.87432,0.00548,,,,,,,,,,
2023-10-09 00:00:00,0.0002,0.0,,1.02135,-0.00171,0.0003,0.0,,0.90926,-0.0028,0.0007,0.0,,0.8557,-0.00642,0.001,0.0,,0.76105,-0.00994,0.0014,0.0,,0.67156,-0.01515,0.0023,0.0,,0.60344,-0.02599,0.0047,0.0,,0.5644,-0.05133,0.007,0.0,,0.49015,-0.08164,0.011,0.0,,0.42144,-0.13501,0.014,0.0,,0.38791,-0.17544,0.1335,0.0,,0.63178,0.68902,0.018,551.0,,0.35448,-0.22939,0.07,0.0,,0.27936,0.7195,0.0235,0.0,,0.32171,-0.30189,0.05,0.0,,,,0.034,0.0,,0.31011,-0.40213,0.0335,0.0,,,,0.0455,10.0,,0.28327,-0.51697,0.0215,0.0,,,,0.062,0.0,,,,0.0145,0.0,,0.27356,0.25813,0.0715,0,,,,0.0105,500.0,,0.29175,0.1915,0.109,0.0,,0.26212,-0.837,0.007,800.0,,0.34294,0.12178,0.2205,0.0,,0.79869,-0.64961,0.0043,0.0,,0.3752,0.07533,0.19,0.0,,,,0.0033,0.0,,0.41871,0.05491,0.335,0,,0.94213,-0.71751,0.0025,1.0,,0.45452,0.04032,0.0021,0.0,,0.49345,0.03232,0.0017,0.0,,0.52506,0.02546,0.0015,0.0,,0.56,0.02158,0.4295,0,,,,0.0011,0.0,,0.57716,0.01594,0.001,0.0,,0.6086,0.01399,0.0008,0.0,,0.62782,0.01114,0.703,0,,,,0.0007,0.0,,0.6845,0.00917,0.0006,0.0,,0.73316,0.00752,0.0004,0.0,,0.75648,0.00505,0.0005,0,,0.82565,0.00575,0.0005,0,,0.8739,0.00548,,,,,,,,,,
2023-10-09 01:00:00,0.0002,0.0,,1.02121,-0.00171,0.0003,0.0,,0.90905,-0.0028,0.0007,0.0,,0.8554,-0.00643,0.001,0.0,,0.76069,-0.00994,0.0014,0.0,,0.67112,-0.01516,0.0023,0.0,,0.60291,-0.02602,0.0047,0.0,,0.56374,-0.0514,0.007,0.0,,0.48936,-0.08179,0.011,0.0,,0.42048,-0.13533,0.014,0.0,,0.38682,-0.17592,0.1335,0.0,,0.63475,0.68767,0.018,1750.0,,0.35324,-0.23012,0.07,0.0,,0.28276,0.71557,0.024,100.0,,0.32426,-0.30478,0.05,0.0,,,,0.0315,1.0,,0.29024,-0.40067,0.0335,0.0,,,,0.044,80.0,,,,0.0215,0.0,,,,0.063,1.0,,,,0.0155,1.0,,0.28359,0.26467,0.0715,0,,,,0.011,1752.0,,0.29812,0.19554,0.109,0.0,,0.25552,-0.84546,0.007,0.0,,0.34407,0.12151,0.2205,0.0,,0.79501,-0.65166,0.0043,0.0,,0.37622,0.07519,0.19,0.0,,,,0.0033,0.0,,0.41969,0.05483,0.335,0,,0.9372,-0.71988,0.0025,0.0,,0.45547,0.04027,0.0021,0.0,,0.49439,0.03229,0.0017,0.0,,0.52598,0.02543,0.0015,0.0,,0.56091,0.02156,0.4295,0,,,,0.0011,0.0,,0.57806,0.01592,0.001,0.0,,0.60949,0.01398,0.0008,0.0,,0.6287,0.01113,0.703,0,,,,0.0007,0.0,,0.68539,0.00916,0.0006,0.0,,0.73405,0.00751,0.0004,0.0,,0.75737,0.00504,0.0005,0,,0.82657,0.00575,0.0005,0,,0.87483,0.00548,,,,,,,,,,
2023-10-09 02:00:00,0.0002,0.0,,1.0233,-0.00171,0.0003,0.0,,0.91116,-0.00279,0.0007,0.0,,0.85764,-0.00641,0.001,0.0,,0.76297,-0.00992,0.0014,0.0,,0.67346,-0.01512,0.0032,1.0,,0.6432,-0.03266,0.005,302.0,,0.57436,-0.05328,0.0075,6.0,,0.50149,-0.08478,0.011,0.0,,0.42383,-0.13446,0.014,0.0,,0.39045,-0.17461,0.1335,0.0,,0.62761,0.69142,0.018,2.0,,0.35724,-0.22812,0.07,0.0,,,,0.024,0.0,,0.32881,-0.30163,0.05,0.0,,,,0.0325,1.0,,0.30287,-0.39699,0.0335,0.0,,,,0.0445,47.0,,0.28071,-0.51328,0.024,99.0,,,,0.063,0.0,,,,0.0155,0.0,,0.28012,0.26711,0.0715,0,,,,0.011,0.0,,0.2951,0.19711,0.109,0.0,,0.27348,-0.82314,0.007,0.0,,0.34154,0.12225,0.2205,0.0,,0.80641,-0.64606,0.0043,0.0,,0.37403,0.07558,0.19,0.0,,,,0.0033,0.0,,0.41769,0.05506,0.335,0,,0.95225,-0.71342,0.0025,0.0,,0.45362,0.04042,0.0021,0.0,,0.49264,0.03239,0.0017,0.0,,0.52433,0.02551,0.0015,0.0,,0.55933,0.02162,0.4295,0,,,,0.0011,0.0,,0.57657,0.01596,0.001,0.0,,0.60805,0.01401,0.0008,0.0,,0.62732,0.01115,0.703,0,,,,0.0007,0.0,,0.68408,0.00918,0.0006,0.0,,0.73281,0.00752,0.0004,0.0,,0.7562,0.00505,0.0005,0,,0.82543,0.00576,0.0005,0,,0.87373,0.00549,,,,,,,,,,
2023-10-09 03:00:00,0.0002,0.0,,1.02361,-0.00171,0.0003,0.0,,0.91141,-0.00279,0.0007,0.0,,0.85786,-0.00641,0.001,0.0,,0.76314,-0.00992,0.0014,0.0,,0.67357,-0.01512,0.0032,0.0,,0.64328,-0.03267,0.005,0.0,,0.57438,-0.0533,0.0075,0.0,,0.50146,-0.08482,0.011,0.0,,0.42373,-0.13453,0.014,0.0,,0.39031,-0.17473,0.1335,0.0,,0.62857,0.69107,0.018,0.0,,0.35705,-0.2283,0.07,0.0,,,,0.024,0.0,,0.32856,-0.30191,0.05,0.0,,,,0.0325,0.0,,0.30253,-0.39744,0.0335,0.0,,,,0.0435,33.0,,0.27321,-0.51538,0.024,0.0,,,,0.063,0.0,,,,0.0155,0.0,,0.28057,0.26689,0.0715,0,,,,0.011,0.0,,0.29552,0.19696,0.109,0.0,,0.27205,-0.82506,0.007,0.0,,0.34194,0.12218,0.2205,0.0,,0.80577,-0.64657,0.0043,0.0,,0.37442,0.07554,0.19,0.0,,,,0.0033,0.0,,0.41808,0.05504,0.335,0,,0.95135,-0.714,0.0025,0.0,,0.45401,0.04041,0.0021,0.0,,0.49304,0.03238,0.0017,0.0,,0.52473,0.0255,0.0015,0.0,,0.55975,0.02161,0.4295,0,,,,0.0011,0.0,,0.57698,0.01596,0.001,0.0,,0.60848,0.01401,0.0008,0.0,,0.62775,0.01115,0.703,0,,,,0.0007,0.0,,0.68454,0.00918,0.0006,0.0,,0.73328,0.00752,0.0004,0.0,,0.75668,0.00505,0.0005,0,,0.82594,0.00576,0.0005,0,,0.87425,0.00549,,,,,,,,,,
2023-10-09 04:00:00,0.0002,0.0,,1.02541,-0.00171,0.0003,0.0,,0.91321,-0.00279,0.0007,0.0,,0.85976,-0.0064,0.001,0.0,,0.76507,-0.0099,0.0014,0.0,,0.67554,-0.01509,0.0032,0.0,,0.64546,-0.03258,0.005,0.0,,0.57671,-0.05313,0.0075,0.0,,0.50397,-0.08448,0.011,0.0,,0.42651,-0.13383,0.014,0.0,,0.3933,-0.17368,0.1335,0.0,,0.62273,0.6942,0.018,0.0,,0.36034,-0.22669,0.07,0.0,,,,0.024,0.0,,0.3323,-0.29938,0.05,0.0,,,,0.0325,0.0,,0.30695,-0.39342,0.0335,0.0,,,,0.0435,0.0,,0.2787,-0.50882,0.0245,2.0,,,,0.063,0.0,,,,0.0155,0.0,,0.27775,0.26893,0.0715,0,,,,0.011,0.0,,0.29307,0.19827,0.109,0.0,,0.28562,-0.80857,0.007,0.0,,0.3399,0.1228,0.2205,0.0,,0.81507,-0.64209,0.0043,0.0,,0.37266,0.07586,0.19,0.0,,,,0.0033,0.0,,0.41647,0.05523,0.335,0,,0.96358,-0.70885,0.0025,0.0,,0.45253,0.04053,0.0021,0.0,,0.49165,0.03247,0.0017,0.0,,0.52343,0.02556,0.0015,0.0,,0.5585,0.02166,0.4295,0,,,,0.0011,0.0,,0.57581,0.01599,0.001,0.0,,0.60735,0.01403,0.0008,0.0,,0.62667,0.01117,0.703,0,,,,0.0007,0.0,,0.68352,0.00919,0.0006,0.0,,0.73233,0.00753,0.0004,0.0,,0.75579,0.00506,0.0005,0,,0.82507,0.00577,0.0005,0,,0.87342,0.0055,,,,,,,,,,
2023-10-09 05:00:00,0.0002,0.0,,1.02468,-0.00171,0.0003,0.0,,0.91238,-0.00279,0.0007,0.0,,0.8588,-0.00641,0.001,0.0,,0.764,-0.00992,0.0021,6.0,,0.71941,-0.02034,0.0032,0.0,,0.64406,-0.03266,0.005,0.0,,0.57513,-0.05328,0.0075,0.0,,0.50217,-0.08478,0.011,0.0,,0.4244,-0.13446,0.014,0.0,,0.39097,-0.17461,0.1335,0.0,,0.62846,0.69142,0.0175,2.0,,0.35307,-0.22567,0.07,0.0,,,,0.024,0.0,,0.32925,-0.30163,0.05,0.0,,,,0.0315,45.0,,0.29601,-0.39553,0.036,120.0,,0.28041,0.48659,0.0435,80.0,,0.27406,-0.51464,0.0245,0.0,,0.28323,0.37156,0.063,0.0,,,,0.0155,0.0,,0.2805,0.26711,0.0715,0,,,,0.011,0.0,,0.2955,0.19711,0.109,0.0,,0.27384,-0.82314,0.007,2.0,,0.342,0.12225,0.2205,0.0,,0.80749,-0.64606,0.0043,0.0,,0.37454,0.07558,0.19,0.0,,,,0.0033,0.0,,0.41825,0.05506,0.335,0,,0.95353,-0.71342,0.0029,2.0,,0.46657,0.04501,0.0024,2.0,,0.50443,0.03577,0.0017,0.0,,0.52503,0.02551,0.0015,0.0,,0.56009,0.02162,0.4295,0,,,,0.0011,0.0,,0.57734,0.01596,0.001,0.0,,0.60887,0.01401,0.0008,0.0,,0.62816,0.01115,0.703,0,,,,0.0007,0.0,,0.685,0.00918,0.0006,0.0,,0.7338,0.00752,0.0004,0.0,,0.75722,0.00505,0.0005,0,,0.82654,0.00576,0.0005,0,,0.8749,0.00549,,,,,,,,,,
2023-10-09 06:00:00,0.0002,0.0,,1.02216,-0.00172,0.0003,0.0,,0.9097,-0.0028,0.0007,0.0,,0.8558,-0.00644,0.001,0.0,,0.7608,-0.00996,0.0021,0.0,,0.71581,-0.02044,0.0032,0.0,,0.64013,-0.03286,0.005,0.0,,0.57077,-0.05368,0.0075,1.0,,0.49729,-0.08556,0.011,0.0,,0.41882,-0.13605,0.014,0.0,,0.38485,-0.177,0.1335,0.0,,0.6422,0.68466,0.0175,0.0,,0.34626,-0.22933,0.07,0.0,,0.29065,0.70704,0.024,0.0,,0.32135,-0.30743,0.05,0.0,,0.2818,0.59589,0.0315,0.0,,0.28655,-0.40502,0.0355,80.0,,0.28661,0.47579,0.0435,0.0,,inf,,0.023,2.0,,0.27995,0.35808,0.063,0.0,,,,0.0155,0.0,,0.28716,0.26271,0.0715,0,,,,0.0115,126.0,,0.30643,0.19872,0.109,0.0,,0.23966,-0.8663,0.007,127.0,,0.34703,0.1209,0.2205,0.0,,0.78763,-0.65635,0.0043,0.0,,0.379,0.07488,0.19,0.0,,,,0.0037,3.0,,0.43224,0.05919,0.335,0,,0.9271,-0.72531,0.0029,0.0,,0.47058,0.04471,0.0024,0.0,,0.50829,0.03555,0.0017,0.0,,0.5287,0.02537,0.0015,0.0,,0.56367,0.02151,0.4295,0,,,,0.0011,0.0,,0.58079,0.01589,0.001,0.0,,0.61227,0.01395,0.0008,0.0,,0.63148,0.01111,0.703,0,,,,0.0007,0.0,,0.68825,0.00915,0.0006,0.0,,0.73699,0.0075,0.0004,0.0,,0.76029,0.00504,0.0005,0,,0.82966,0.00574,0.0005,0,,0.87802,0.00548,,,,,,,,,,
2023-10-09 07:00:00,0.0002,0.0,,1.0247,-0.00171,0.0003,0.0,,0.91227,-0.0028,0.0007,0.0,,0.85855,-0.00642,0.001,0.0,,0.76362,-0.00993,0.0021,0.0,,0.71888,-0.02037,0.0032,0.0,,0.64338,-0.03272,0.005,0.0,,0.57426,-0.0534,0.0075,80.0,,0.50109,-0.08501,0.0105,1.0,,0.41654,-0.13172,0.014,0.0,,0.38944,-0.17532,0.1335,0.0,,0.63309,0.68936,0.018,119.0,,0.35595,-0.22921,0.07,0.0,,0.27941,0.7205,0.024,0.0,,0.32714,-0.30334,0.05,0.0,,,,0.033,339.0,,0.30431,-0.4004,0.0355,0.0,,0.28004,0.48281,0.0435,0.0,,0.27069,-0.51914,0.023,0.0,,,,0.063,0.0,,,,0.016,20.0,,0.28697,0.26933,0.0715,0,,,,0.0115,0.0,,0.30252,0.20071,0.109,0.0,,0.26459,-0.83495,0.007,0.0,,0.34377,0.12184,0.2205,0.0,,0.8022,-0.6491,0.0043,0.0,,0.37616,0.07537,0.19,0.0,,,,0.0037,0.0,,0.42962,0.05951,0.335,0,,0.94642,-0.71692,0.0029,0.0,,0.46813,0.04492,0.0024,0.0,,0.50597,0.0357,0.002,1.0,,0.54001,0.02881,0.0015,0.0,,0.56159,0.02159,0.4295,0,,,,0.0011,0.0,,0.57882,0.01594,0.001,0.0,,0.61035,0.01399,0.0008,0.0,,0.62964,0.01114,0.703,0,,,,0.0007,0.0,,0.6865,0.00917,0.0006,0.0,,0.73531,0.00752,0.0004,0.0,,0.75872,0.00505,0.0005,0,,0.82811,0.00575,0.0005,0,,0.87651,0.00549,,,,,,,,,,
2023-10-09 08:00:00,0.0002,0.0,,1.02053,-0.00172,0.0003,0.0,,0.90788,-0.00281,0.0007,0.0,,0.85368,-0.00646,0.001,0.0,,0.75846,-0.01,0.0021,0.0,,0.7131,-0.02054,0.0034,150.0,,0.6446,-0.03444,0.005,80.0,,0.56735,-0.05402,0.0075,3.0,,0.49339,-0.08624,0.012,70.0,,0.42683,-0.14363,0.0145,9.0,,0.38514,-0.18195,0.1335,0.0,,0.65403,0.67914,0.0195,603.0,,0.35876,-0.24205,0.07,0.0,,0.30416,0.69202,0.0255,126.0,,0.32656,-0.31744,0.0535,161.0,,0.31738,0.58103,0.035,2298.0,,0.30369,-0.41732,0.036,5.0,,0.29842,0.46857,0.048,11.0,,0.28334,-0.53529,0.024,30.0,,0.29428,0.35711,0.063,0.0,,,,0.016,0.0,,0.29726,0.26267,0.0715,0,,,,0.0115,600.0,,0.31161,0.19637,0.109,0.0,,0.20054,-0.91598,0.007,0.0,,0.35148,0.11979,0.2205,0.0,,0.77071,-0.66553,0.0055,5.0,,0.40547,0.08746,0.19,0.0,,,,0.0039,6.0,,0.44081,0.06101,0.335,0,,0.90431,-0.73597,0.0029,0.0,,0.47425,0.04446,0.0024,0.0,,0.51185,0.03538,0.002,0.0,,0.54566,0.02857,0.0015,0.0,,0.56703,0.02142,0.4295,0,,,,0.0011,0.0,,0.58403,0.01583,0.001,0.0,,0.61548,0.0139,0.0008,0.0,,0.63463,0.01107,0.703,0,,,,0.0007,0.0,,0.69138,0.00912,0.0006,0.0,,0.74009,0.00748,0.0004,0.0,,0.76331,0.00502,0.0005,0,,0.83275,0.00573,0.0005,0,,0.88113,0.00546,,,,,,,,,,
2023-10-09 09:00:00,0.0002,0.0,,1.02503,-0.00171,0.0003,0.0,,0.91248,-0.0028,0.0007,0.0,,0.85865,-0.00642,0.0012,50.0,,0.78351,-0.01141,0.0021,0.0,,0.71874,-0.02039,0.0034,0.0,,0.65065,-0.03415,0.005,80.0,,0.57386,-0.05348,0.0075,83.0,,0.50052,-0.08517,0.012,4.0,,0.435,-0.14137,0.015,13.0,,0.39928,-0.18136,0.1335,0.0,,0.63636,0.68801,0.0195,753.0,,0.36863,-0.23691,0.07,0.0,,,,0.026,8.0,,0.3418,-0.31094,0.0535,0.0,,0.30151,0.59797,0.035,0.0,,0.31716,-0.40467,0.035,50.0,,0.27869,0.48002,0.048,0.0,,0.30021,-0.5156,0.0225,1050.0,,,,0.063,0.0,,,,0.016,0.0,,0.28855,0.26844,0.0715,0,,,,0.0115,752.0,,0.30395,0.20013,0.109,0.0,,0.25815,-0.8433,0.007,0.0,,0.34506,0.12157,0.2205,0.0,,0.79888,-0.65114,0.0055,3.0,,0.39964,0.0885,0.19,0.0,,,,0.0039,0.0,,0.43549,0.06163,0.335,0,,0.94192,-0.71929,0.0029,0.0,,0.46931,0.04486,0.0024,0.0,,0.50715,0.03566,0.002,0.0,,0.5412,0.02878,0.0015,0.0,,0.56276,0.02157,0.4295,0,,,,0.0011,0.0,,0.57998,0.01593,0.001,0.0,,0.61153,0.01398,0.0008,0.0,,0.63081,0.01113,0.703,0,,,,0.0007,0.0,,0.68771,0.00916,0.0006,0.0,,0.73655,0.00751,0.0004,0.0,,0.75995,0.00505,0.0005,0,,0.8294,0.00575,0.0005,0,,0.87784,0.00548,,,,,,,,,,
2023-10-09 10:00:00,0.0002,0.0,,1.02549,-0.00171,0.0003,0.0,,0.91289,-0.0028,0.0007,0.0,,0.85903,-0.00642,0.0012,0.0,,0.78387,-0.01141,0.0021,0.0,,0.71906,-0.02039,0.0034,0.0,,0.65095,-0.03415,0.005,0.0,,0.57411,-0.05348,0.0075,0.0,,0.50074,-0.08517,0.012,0.0,,0.4352,-0.14137,0.0145,2.0,,0.39411,-0.17862,0.1335,0.0,,0.63664,0.68801,0.0195,1000.0,,0.36879,-0.23691,0.07,0.0,,0.28309,0.71654,0.0245,8.0,,0.32998,-0.30617,0.0545,5.0,,0.3089,0.5967,0.035,0.0,,0.3173,-0.40467,0.035,0.0,,0.27882,0.48002,0.0465,13.0,,0.28977,-0.5177,0.0225,0.0,,,,0.0645,5.0,,0.28368,-0.63426,0.016,0.0,,0.28868,0.26844,0.0715,0,,,,0.0115,1000.0,,0.30409,0.20013,0.109,0.0,,0.25827,-0.8433,0.007,1.0,,0.34521,0.12157,0.2205,0.0,,0.79924,-0.65114,0.0055,0.0,,0.39982,0.0885,0.19,0.0,,,,0.0039,0.0,,0.43569,0.06163,0.335,0,,0.94234,-0.71929,0.0032,1.0,,0.47818,0.04814,0.0024,0.0,,0.50738,0.03566,0.002,0.0,,0.54144,0.02878,0.0015,0.0,,0.56302,0.02157,0.4295,0,,,,0.0011,0.0,,0.58024,0.01593,0.001,0.0,,0.6118,0.01398,0.0008,0.0,,0.63109,0.01113,0.703,0,,,,0.0007,0.0,,0.68802,0.00916,0.0006,0.0,,0.73688,0.00751,0.0004,0.0,,0.76029,0.00505,0.0005,0,,0.82978,0.00575,0.0005,0,,0.87823,0.00548,,,,,,,,,,
2023-10-09 11:00:00,0.0002,0.0,,1.027,-0.00171,0.0003,0.0,,0.91438,-0.00279,0.0007,0.0,,0.86061,-0.00642,0.0012,0.0,,0.78549,-0.01139,0.0021,0.0,,0.72076,-0.02035,0.0034,0.0,,0.65273,-0.03408,0.005,0.0,,0.57599,-0.05334,0.0075,0.0,,0.50276,-0.0849,0.012,0.0,,0.43745,-0.1408,0.0145,0.0,,0.39651,-0.17778,0.1335,0.0,,0.6322,0.69039,0.0195,0.0,,0.37145,-0.23563,0.07,0.0,,0.27741,0.72353,0.024,38.0,,0.32894,-0.30248,0.0545,0.0,,0.3048,0.60125,0.033,7.0,,0.3063,-0.39903,0.037,30.0,,0.28967,0.4864,0.0455,156.0,,0.28709,-0.51409,0.0225,0.0,,,,0.0645,0.0,,0.28935,-0.62712,0.016,0.0,,0.2865,0.26999,0.0715,0,,,,0.0115,0.0,,0.3022,0.20114,0.109,0.0,,0.26989,-0.82894,0.0075,2.0,,0.3505,0.12721,0.2205,0.0,,0.80667,-0.64757,0.0055,0.0,,0.39845,0.08878,0.19,0.0,,,,0.0039,0.0,,0.43446,0.06179,0.335,0,,0.95213,-0.71517,0.0032,0.0,,0.47705,0.04826,0.0024,0.0,,0.50633,0.03573,0.002,0.0,,0.54046,0.02883,0.0015,0.0,,0.5621,0.0216,0.4295,0,,,,0.0011,0.0,,0.57938,0.01595,0.001,0.0,,0.61098,0.014,0.0008,0.0,,0.63032,0.01115,0.703,0,,,,0.0007,0.0,,0.6873,0.00917,0.0006,0.0,,0.73621,0.00752,0.0004,0.0,,0.75968,0.00505,0.0005,0,,0.82918,0.00576,0.0005,0,,0.87768,0.00549,,,,,,,,,,
2023-10-09 12:00:00,0.0002,0.0,,1.02761,-0.00171,0.0003,0.0,,0.91495,-0.00279,0.0007,0.0,,0.86117,-0.00641,0.0012,0.0,,0.78603,-0.01139,0.0021,0.0,,0.72128,-0.02035,0.0034,0.0,,0.65324,-0.03407,0.005,0.0,,0.57648,-0.05332,0.007,1.0,,0.49405,-0.08146,0.0105,2.0,,0.41862,-0.13141,0.0135,8.0,,0.38609,-0.17195,0.1335,0.0,,0.6318,0.69073,0.0195,500.0,,0.37198,-0.23544,0.07,0.0,,0.27669,0.72455,0.024,0.0,,0.32949,-0.30219,0.0545,0.0,,0.30433,0.60191,0.0325,8.0,,0.30328,-0.39789,0.037,0.0,,0.28932,0.4869,0.0455,36.0,,0.28783,-0.51338,0.025,8.0,,0.28862,0.37297,0.064,1.0,,0.28655,-0.6282,0.016,0.0,,0.2863,0.27022,0.0715,0,,,,0.0115,500.0,,0.30204,0.20128,0.109,0.0,,0.27159,-0.82699,0.008,11.0,,0.35707,0.13226,0.2205,0.0,,0.80803,-0.64707,0.0055,0.0,,0.3984,0.08882,0.19,0.0,,,,0.0039,0.0,,0.43445,0.06182,0.335,0,,0.95388,-0.71458,0.0032,0.0,,0.47707,0.04827,0.0024,0.0,,0.50638,0.03574,0.002,0.0,,0.54053,0.02884,0.0015,0.0,,0.56219,0.02161,0.4295,0,,,,0.0011,0.0,,0.57948,0.01596,0.001,0.0,,0.6111,0.014,0.0008,0.0,,0.63045,0.01115,0.703,0,,,,0.0007,0.0,,0.68746,0.00918,0.0006,0.0,,0.7364,0.00752,0.0004,0.0,,0.75988,0.00505,0.0005,0,,0.82942,0.00576,0.0005,0,,0.87793,0.00549,,,,,,,,,,
2023-10-09 13:00:00,0.0002,0.0,,1.02583,-0.00172,0.0003,0.0,,0.91304,-0.0028,0.0007,0.0,,0.85901,-0.00643,0.0012,0.0,,0.78366,-0.01143,0.0021,0.0,,0.71866,-0.02043,0.0034,0.0,,0.65033,-0.03423,0.005,0.0,,0.57327,-0.05362,0.007,0.0,,0.49049,-0.08202,0.0105,0.0,,0.41451,-0.13258,0.0135,0.0,,0.38156,-0.17372,0.1335,0.0,,0.64221,0.68566,0.0195,0.0,,0.36678,-0.23822,0.07,0.0,,0.28916,0.70983,0.024,0.0,,0.32358,-0.30654,0.0545,0.0,,0.31352,0.59228,0.033,7.0,,0.2998,-0.40551,0.037,0.0,,0.29668,0.47955,0.0485,1.0,,0.3,-0.51975,0.025,0.0,,0.29466,0.36793,0.064,0.0,,,,0.016,0.0,,0.29137,0.26691,0.0715,0,,,,0.0115,0.0,,0.30653,0.19914,0.109,0.0,,0.24614,-0.85905,0.008,0.0,,0.36097,0.1312,0.2205,0.0,,0.79319,-0.65478,0.005,100.0,,0.39293,0.08289,0.19,0.0,,,,0.0039,0.0,,0.43771,0.06147,0.335,0,,0.93413,-0.72349,0.0032,0.0,,0.48019,0.04803,0.0024,1.0,,0.50935,0.03559,0.002,0.0,,0.54341,0.02872,0.0015,0.0,,0.56495,0.02153,0.4295,0,,,,0.0011,0.0,,0.58214,0.0159,0.001,0.0,,0.61373,0.01396,0.0008,0.0,,0.63301,0.01112,0.703,0,,,,0.0007,0.0,,0.68998,0.00915,0.0006,0.0,,0.73888,0.0075,0.0004,0.0,,0.76228,0.00504,0.0005,0,,0.83187,0.00574,0.0005,0,,0.88038,0.00548,,,,,,,,,,
2023-10-09 14:00:00,0.0002,0.0,,1.02585,-0.00172,0.0003,0.0,,0.91298,-0.0028,0.0007,0.0,,0.85889,-0.00644,0.0012,0.0,,0.78347,-0.01144,0.0021,0.0,,0.71839,-0.02044,0.0034,0.0,,0.64999,-0.03426,0.0048,112.0,,0.56762,-0.05228,0.007,1.0,,0.48995,-0.08213,0.0105,0.0,,0.41383,-0.13282,0.0135,185.0,,0.38079,-0.17408,0.1335,0.0,,0.64451,0.68466,0.0195,0.0,,0.36587,-0.23878,0.07,0.0,,0.2917,0.70704,0.024,0.0,,0.32251,-0.30743,0.0545,0.0,,0.31545,0.59042,0.033,0.0,,0.29847,-0.40694,0.036,2.0,,0.29118,0.47658,0.0485,0.0,,0.29829,-0.52187,0.024,1.0,,0.28848,0.36261,0.064,0.0,,,,0.0165,1.0,,0.29676,0.26972,0.0715,0,,,,0.0115,0.0,,0.30754,0.19872,0.109,0.0,,0.24053,-0.8663,0.007,3.0,,0.34828,0.1209,0.2205,0.0,,0.79048,-0.65635,0.005,0.0,,0.39377,0.08277,0.19,0.0,,,,0.0039,0.0,,0.43852,0.0614,0.335,0,,0.93045,-0.72531,0.0032,0.0,,0.48098,0.04799,0.0024,0.0,,0.51013,0.03555,0.002,0.0,,0.54418,0.0287,0.0015,0.0,,0.56571,0.02151,0.4295,0,,,,0.0012,5.0,,0.58975,0.01701,0.001,0.0,,0.61448,0.01395,0.0008,0.0,,0.63376,0.01111,0.703,0,,,,0.0007,0.0,,0.69074,0.00915,0.0006,0.0,,0.73965,0.0075,0.0004,0.0,,0.76304,0.00504,0.0005,0,,0.83266,0.00574,0.0005,0,,0.88119,0.00548,,,,,,,,,,
2023-10-09 15:00:00,0.0002,0.0,,1.02135,-0.00172,0.0003,0.0,,0.90825,-0.00282,0.0007,0.0,,0.85364,-0.00648,0.0012,0.0,,0.7778,-0.01153,0.0021,0.0,,0.71219,-0.02062,0.0034,0.0,,0.6432,-0.03461,0.0048,0.0,,0.56025,-0.05294,0.007,0.0,,0.48177,-0.08341,0.011,134.0,,0.41088,-0.13878,0.0145,221.0,,0.38119,-0.184,0.093,7.0,,0.33337,0.76572,0.0185,321.0,,0.34508,-0.24062,0.069,2.0,,0.30925,0.68222,0.026,31.0,,0.32482,-0.32398,0.049,129.0,,0.29534,0.57476,0.0355,17.0,,0.30016,-0.42576,0.0335,83.0,,0.28911,0.45647,0.0495,8.0,,0.28459,-0.54486,0.022,4929.0,,0.28612,0.34262,0.064,0.0,,,,0.015,10.0,,0.29467,0.25221,0.0715,0,,,,0.011,133.0,,0.31206,0.18983,0.109,0.0,,,,0.007,5.0,,0.3565,0.11876,0.2205,0.0,,0.7561,-0.67455,0.005,4.0,,0.40121,0.08157,0.19,0.0,,,,0.0039,0.0,,0.44546,0.06064,0.335,0,,0.88412,-0.74651,0.0032,0.0,,0.4876,0.04747,0.0024,0.0,,0.5164,0.03521,0.002,0.0,,0.5502,0.02844,0.0015,0.0,,0.57151,0.02134,0.4295,0,,,,0.0012,0.0,,0.59537,0.01688,0.001,0.0,,0.61995,0.01385,0.0008,0.0,,0.63908,0.01104,0.703,0,,,,0.0007,0.0,,0.69594,0.00909,0.0006,0.0,,0.74474,0.00746,0.0004,0.0,,0.76793,0.00501,0.0005,0,,0.83761,0.00572,0.0005,0,,0.88612,0.00545,,,,,,,,,,
2023-10-09 16:00:00,0.0002,0.0,,1.01789,-0.00173,0.0003,0.0,,0.90458,-0.00283,0.0007,0.0,,0.84957,-0.00651,0.0012,0.0,,0.77338,-0.01159,0.0021,0.0,,0.70734,-0.02077,0.0034,0.0,,0.63787,-0.0349,0.0048,0.0,,0.55445,-0.05347,0.007,0.0,,0.47533,-0.08446,0.0115,15.0,,0.40965,-0.14424,0.0145,330.0,,0.37291,-0.18746,0.092,3.0,,0.34849,0.74744,0.0185,109.0,,0.33579,-0.24602,0.068,1.0,,0.32055,0.66496,0.0255,22.0,,0.31,-0.33115,0.0475,2.0,,0.29964,0.55947,0.0355,0.0,,0.28684,-0.43972,0.0325,87.0,,0.29402,0.44262,0.0495,0.0,,,,0.021,25.0,,0.28827,0.32962,0.064,0.0,,,,0.0145,353.0,,0.29868,0.24342,0.0715,0,,,,0.0105,97.0,,0.31433,0.182,0.109,0.0,,,,0.007,0.0,,0.36301,0.11712,0.2205,0.0,,0.72782,-0.69013,0.005,0.0,,0.40712,0.08065,0.19,0.0,,,,0.0039,0.0,,0.451,0.06005,0.335,0,,0.84524,-0.76486,0.0032,0.0,,0.49287,0.04707,0.0024,0.0,,0.5214,0.03495,0.002,0.0,,0.55504,0.02825,0.0015,0.0,,0.57615,0.0212,0.4295,0,,,,0.0012,0.0,,0.59986,0.01678,0.001,0.0,,0.62433,0.01377,0.0008,0.0,,0.64335,0.01098,0.703,0,,,,0.0007,0.0,,0.70012,0.00905,0.0006,0.0,,0.74883,0.00743,0.0004,0.0,,0.77187,0.00499,0.0005,0,,0.84161,0.0057,0.0005,0,,0.8901,0.00543,,,,,,,,,,
2023-10-09 17:00:00,0.0002,0.0,,1.0054,-0.00175,0.0003,0.0,,0.89155,-0.00287,0.0007,0.0,,0.83524,-0.00663,0.0012,0.0,,0.75798,-0.01183,0.0023,89.0,,0.70134,-0.02269,0.0034,50.0,,0.61961,-0.03588,0.005,2.0,,0.53967,-0.05677,0.0085,300.0,,0.47876,-0.09858,0.0135,34.0,,0.40738,-0.16467,0.015,124.0,,0.34981,-0.20294,0.08,87.0,,0.3194,0.72571,0.0185,125.0,,0.30414,-0.26617,0.0585,66.0,,0.30709,0.62497,0.0325,90.0,,0.32463,-0.37927,0.042,163.0,,0.30679,0.51082,0.0445,76.0,,0.30341,-0.48954,0.0275,222.0,,0.29513,0.39363,0.0495,0.0,,0.20275,-0.66751,0.018,4502.0,,0.29508,0.28943,0.08,1.0,,,,0.0125,70.0,,0.30663,0.21286,0.0715,0,,,,0.0095,341.0,,0.32715,0.163,0.109,0.0,,,,0.007,0.0,,0.38389,0.11213,0.2205,0.0,,0.62386,-0.75145,0.0047,22.0,,0.42015,0.07464,0.19,0.0,,,,0.0034,6.0,,0.45612,0.05288,0.335,0,,0.69302,-0.84012,0.0029,2.0,,0.50064,0.04267,0.0024,1.0,,0.53732,0.0341,0.002,0.0,,0.57038,0.02763,0.0015,3.0,,0.59082,0.02077,0.4295,0,,,,0.0012,0.0,,0.61404,0.01646,0.001,0.0,,0.63813,0.01353,0.0008,0.0,,0.65675,0.01079,0.703,0,,,,0.0007,0.0,,0.71316,0.00891,0.0006,0.0,,0.76156,0.00733,0.0004,0.0,,0.78407,0.00493,0.0005,0,,0.85391,0.00563,0.0005,0,,0.90231,0.00537,,,,,,,,,,
2023-10-09 18:00:00,0.0002,0.0,,1.00831,-0.00175,0.0003,0.0,,0.8945,-0.00287,0.0007,0.0,,0.83841,-0.00661,0.0012,0.0,,0.76131,-0.01178,0.0023,0.0,,0.70493,-0.02259,0.0034,0.0,,0.62341,-0.03569,0.005,0.0,,0.54374,-0.0564,0.009,200.0,,0.4914,-0.10101,0.014,3.0,,0.41833,-0.16577,0.015,0.0,,0.35541,-0.20039,0.08,0.0,,0.30551,0.74068,0.0185,1000.0,,0.31038,-0.26205,0.0585,0.0,,0.29652,0.63683,0.032,114.0,,0.32866,-0.37198,0.0425,212.0,,0.30209,0.51962,0.044,11.0,,0.30938,-0.47982,0.0285,30.0,,0.29579,0.4031,0.062,17.0,,0.30863,-0.59121,0.019,177.0,,0.29774,0.29954,0.0835,6.0,,0.30984,-0.69181,0.0135,55.0,,0.31142,0.22353,0.0715,0,,,,0.01,1157.0,,0.32852,0.16938,0.109,0.0,,,,0.0065,107.0,,0.37269,0.10795,0.2205,0.0,,0.64536,-0.73838,0.0047,0.0,,0.41684,0.07514,0.19,0.0,,,,0.0034,0.0,,0.45309,0.05318,0.335,0,,0.72611,-0.82354,0.0029,0.0,,0.49777,0.04289,0.0024,0.0,,0.5346,0.03426,0.002,0.0,,0.56779,0.02774,0.0015,0.0,,0.58836,0.02085,0.4295,0,,,,0.0012,0.0,,0.61169,0.01652,0.001,0.0,,0.63586,0.01357,0.0008,0.0,,0.65457,0.01083,0.703,0,,,,0.0007,0.0,,0.71108,0.00894,0.0006,0.0,,0.75956,0.00734,0.0004,0.0,,0.78218,0.00494,0.0005,0,,0.85204,0.00564,0.0005,0,,0.90048,0.00538,,,,,,,,,,
2023-10-09 19:00:00,0.0002,0.0,,1.00477,-0.00176,0.0003,0.0,,0.89076,-0.00288,0.0007,0.0,,0.83426,-0.00664,0.0012,0.0,,0.7568,-0.01186,0.0028,100.0,,0.72452,-0.02615,0.0034,0.0,,0.61797,-0.036,0.005,0.0,,0.53777,-0.057,0.009,0.0,,0.48446,-0.10233,0.014,0.0,,0.4102,-0.1686,0.015,0.0,,0.34671,-0.20458,0.08,0.0,,0.32814,0.71699,0.024,141.0,,0.34662,-0.29127,0.0595,50.0,,0.32131,0.61631,0.033,9.0,,0.32382,-0.38423,0.0415,38.0,,0.3087,0.50528,0.044,0.0,,0.29419,-0.49657,0.0275,280.0,,0.29959,0.38998,0.0645,68.0,,0.30734,-0.60627,0.019,301.0,,0.30709,0.29317,0.0835,0.0,,0.28349,-0.72513,0.013,456.0,,0.3148,0.21539,0.0715,0,,,,0.01,0.0,,0.33589,0.1666,0.109,0.0,,,,0.0065,1.0,,0.37913,0.10654,0.2205,0.0,,0.61066,-0.76007,0.0047,0.0,,0.42273,0.07432,0.19,0.0,,,,0.0034,0.0,,0.45856,0.05268,0.335,0,,0.67165,-0.8513,0.0029,0.0,,0.50303,0.04253,0.0024,0.0,,0.53966,0.03401,0.002,0.0,,0.57268,0.02756,0.0015,0.0,,0.59306,0.02072,0.4295,0,,,,0.0012,0.0,,0.61625,0.01643,0.001,0.0,,0.64031,0.0135,0.0008,0.0,,0.6589,0.01077,0.703,0,,,,0.0007,0.0,,0.71532,0.0089,0.0006,0.0,,0.76371,0.00731,0.0004,0.0,,0.78618,0.00492,0.0005,0,,0.85609,0.00562,0.0005,0,,0.90452,0.00537,,,,,,,,,,
2023-10-09 20:00:00,0.0002,0.0,,1.00354,-0.00176,0.0003,0.0,,0.88941,-0.00288,0.0007,0.0,,0.83271,-0.00666,0.0012,0.0,,0.75509,-0.01189,0.0028,0.0,,0.72252,-0.02624,0.0034,0.0,,0.61582,-0.03614,0.0065,261.0,,0.56984,-0.06751,0.01,331.0,,0.49705,-0.1091,0.015,4254.0,,0.41789,-0.1753,0.019,201.0,,0.38153,-0.22683,0.08,0.0,,0.33733,0.70789,0.0255,37.0,,0.35452,-0.29922,0.0595,228.0,,0.3285,0.60914,0.0335,20.0,,0.3223,-0.38966,0.041,78.0,,0.31094,0.49928,0.047,13.0,,0.30889,-0.50102,0.0275,167.0,,0.30432,0.38607,0.0665,4.0,,0.31363,-0.60939,0.018,625.0,,0.30282,0.28443,0.0835,0.0,,0.2715,-0.74125,0.0125,1303.0,,0.31344,0.20962,0.0715,0,,,,0.009,2.0,,0.32754,0.15606,0.109,0.0,,,,0.0065,233.0,,0.38196,0.10596,0.2205,0.0,,0.5953,-0.77002,0.0047,0.0,,0.42533,0.07398,0.19,0.0,,,,0.0032,1.0,,0.45565,0.05027,0.335,0,,0.64608,-0.86448,0.0029,0.0,,0.50539,0.04239,0.0024,0.0,,0.54195,0.0339,0.002,0.0,,0.5749,0.02748,0.0015,0.0,,0.59521,0.02066,0.4295,0,,,,0.0012,0.0,,0.61834,0.01639,0.001,0.0,,0.64236,0.01347,0.0008,0.0,,0.66091,0.01075,0.703,0,,,,0.0007,0.0,,0.7173,0.00888,0.0006,0.0,,0.76568,0.0073,0.0004,0.0,,0.78809,0.00491,0.0005,0,,0.85804,0.00561,0.0005,0,,0.90648,0.00536,,,,,,,,,,
2023-10-09 21:00:00,0.0002,0.0,,1.00707,-0.00175,0.0003,0.0,,0.89301,-0.00287,0.0007,0.0,,0.83659,-0.00663,0.0012,0.0,,0.75918,-0.01183,0.0028,0.0,,0.72708,-0.02609,0.0034,0.0,,0.62052,-0.03589,0.0065,0.0,,0.57512,-0.06697,0.0095,15.0,,0.49524,-0.105,0.0145,23.0,,0.41906,-0.17036,0.018,131.0,,0.37941,-0.21875,0.08,0.0,,0.32083,0.72481,0.0235,4.0,,0.34646,-0.28713,0.0595,0.0,,0.31574,0.62241,0.031,100.0,,0.31361,-0.37707,0.0405,107.0,,0.29725,0.50914,0.0435,27.0,,0.29629,-0.49096,0.0265,689.0,,0.28873,0.3896,0.061,74.0,,0.28886,-0.61033,0.0175,3656.0,,0.29182,0.286,0.0835,0.0,,0.29323,-0.71291,0.012,348.0,,0.3026,0.20848,0.0715,0,,,,0.009,54.0,,0.32223,0.15809,0.109,0.0,,,,0.006,2.0,,0.36952,0.10178,0.2205,0.0,,0.62363,-0.75229,0.0047,0.0,,0.42114,0.0746,0.19,0.0,,,,0.0032,0.0,,0.45183,0.05063,0.335,0,,0.69213,-0.84121,0.0029,0.0,,0.50174,0.04265,0.0024,0.0,,0.53848,0.03409,0.002,0.0,,0.57159,0.02762,0.0015,0.0,,0.59206,0.02076,0.4295,0,,,,0.0012,0.0,,0.61532,0.01646,0.001,0.0,,0.63945,0.01352,0.0008,0.0,,0.6581,0.01079,0.703,0,,,,0.0007,0.0,,0.71461,0.00891,0.0006,0.0,,0.76309,0.00732,0.0004,0.0,,0.78564,0.00493,0.0005,0,,0.8556,0.00563,0.0005,0,,0.90409,0.00537,,,,,,,,,,
2023-10-09 22:00:00,0.0002,0.0,,1.00845,-0.00175,0.0003,0.0,,0.89437,-0.00287,0.0007,0.0,,0.83802,-0.00662,0.0012,0.0,,0.76064,-0.01182,0.0028,0.0,,0.72867,-0.02605,0.0034,0.0,,0.62212,-0.03582,0.0065,0.0,,0.57689,-0.06681,0.009,396.0,,0.48927,-0.10157,0.0145,605.0,,0.42119,-0.1697,0.0185,621.0,,0.38649,-0.22011,0.08,0.0,,0.3158,0.73024,0.024,1027.0,,0.35318,-0.28735,0.0595,0.0,,0.31193,0.62661,0.0325,1212.0,,0.32776,-0.37724,0.04,329.0,,0.29071,0.51204,0.0445,101.0,,0.30706,-0.48635,0.0265,0.0,,0.28635,0.39187,0.0595,5.0,,0.28259,-0.61005,0.017,19760.0,,0.2857,0.28419,0.0835,0.0,,0.2995,-0.70519,0.0115,4.0,,0.29598,0.20506,0.0715,0,,,,0.009,1.0,,0.32073,0.15871,0.109,0.0,,,,0.006,0.0,,0.36825,0.10209,0.2205,0.0,,0.63202,-0.74727,0.0043,5.0,,0.41183,0.07044,0.19,0.0,,,,0.0032,0.0,,0.45082,0.05074,0.335,0,,0.70514,-0.83478,0.0024,1.0,,0.4844,0.03722,0.0024,0.0,,0.53761,0.03415,0.0016,1.0,,0.55175,0.02334,0.0015,0.0,,0.59131,0.02079,0.4295,0,,,,0.0011,1.0,,0.60754,0.01539,0.001,0.0,,0.63878,0.01354,0.0008,0.0,,0.65747,0.0108,0.703,0,,,,0.0007,0.0,,0.71403,0.00892,0.0006,0.0,,0.76255,0.00733,0.0004,0.0,,0.78515,0.00493,0.0005,0,,0.85514,0.00563,0.0005,0,,0.90366,0.00538,,,,,,,,,,
2023-10-09 23:00:00,0.0002,0.0,,1.00398,-0.00176,0.0003,0.0,,0.88966,-0.00289,0.0007,0.0,,0.83279,-0.00666,0.0012,0.0,,0.75499,-0.01191,0.0023,5.0,,0.69769,-0.02287,0.0034,0.0,,0.61533,-0.03621,0.0065,0.0,,0.56911,-0.06768,0.0095,777.0,,0.48841,-0.10638,0.015,17.0,,0.41649,-0.17599,0.0185,1.0,,0.37519,-0.22558,0.08,0.0,,0.34263,0.70313,0.025,787.0,,0.34844,-0.29925,0.0595,0.0,,0.33275,0.60536,0.0335,281.0,,0.31979,-0.39228,0.039,61.0,,0.30025,0.49411,0.045,11.0,,0.29147,-0.50733,0.0265,70.0,,0.29982,0.38019,0.0595,64.0,,,,0.017,0.0,,0.29693,0.27657,0.0835,0.0,,0.26497,-0.75067,0.0115,0.0,,0.30573,0.20021,0.0715,0,,,,0.009,0.0,,0.32963,0.15547,0.109,0.0,,,,0.0055,1.0,,0.36786,0.09502,0.2205,0.0,,0.58732,-0.77566,0.0043,0.0,,0.41897,0.06949,0.19,0.0,,,,0.0032,0.0,,0.45749,0.05016,0.335,0,,0.63193,-0.87212,0.0022,1.0,,0.4835,0.03454,0.0017,1.0,,0.51463,0.02611,0.0016,0.0,,0.55759,0.02314,0.0015,0.0,,0.59705,0.02064,0.4295,0,,,,0.0011,0.0,,0.61305,0.01528,0.001,0.0,,0.6442,0.01345,0.0008,0.0,,0.66275,0.01074,0.703,0,,,,0.0007,0.0,,0.71919,0.00887,0.0006,0.0,,0.76761,0.00729,0.0004,0.0,,0.79001,0.00491,0.0005,0,,0.86006,0.00561,0.0005,0,,0.90856,0.00535,,,,,,,,,,
2023-10-10 00:00:00,0.0002,0.0,,0.98887,-0.00179,0.0003,0.0,,0.87389,-0.00294,0.0007,0.0,,0.81547,-0.00681,0.0012,0.0,,0.73638,-0.01221,0.0023,0.0,,0.67718,-0.02354,0.0043,1.0,,0.62236,-0.04388,0.0065,1.0,,0.54386,-0.07056,0.011,352.0,,0.48179,-0.12136,0.019,312.0,,0.42378,-0.20845,0.023,365.0,,0.37798,-0.26417,0.066,38.0,,0.30872,0.66796,0.0315,479.0,,0.35589,-0.34742,0.0485,121.0,,0.31367,0.55315,0.0385,114.0,,0.30391,-0.44654,0.034,567.0,,0.31333,0.43928,0.047,111.0,,,,0.0225,1125.0,,0.30942,0.33095,0.077,258.0,,0.30297,-0.67325,0.0145,249.0,,0.30871,0.23825,0.0835,0.0,,,,0.01,16.0,,0.31944,0.17339,0.0715,0,,,,0.008,1641.0,,0.34433,0.13662,0.159,53.0,,0.34091,-0.86603,0.005,220.0,,0.38271,0.08499,0.2205,0.0,,0.38769,-0.91195,0.004,11.0,,0.43425,0.06348,0.19,0.0,,,,0.0029,47.0,,0.46929,0.04511,0.335,0,,,,0.0022,0.0,,0.50262,0.03347,0.0017,0.0,,0.53287,0.02538,0.0016,0.0,,0.57543,0.02255,0.0015,0.0,,0.61453,0.02015,0.4295,0,,,,0.0011,0.0,,0.62982,0.01494,0.001,0.0,,0.66066,0.01317,0.0008,0.0,,0.67874,0.01053,0.703,0,,,,0.0007,0.0,,0.73476,0.00871,0.0006,0.0,,0.78279,0.00718,0.0004,0.0,,0.80456,0.00483,0.0005,0,,0.87474,0.00553,0.0005,0,,0.92312,0.00529,,,,,,,,,,
2023-10-10 01:00:00,0.0002,0.0,,1.00072,-0.00177,0.0003,0.0,,0.88613,-0.0029,0.0007,0.0,,0.8288,-0.0067,0.0012,0.0,,0.75059,-0.01199,0.0023,0.0,,0.69274,-0.02304,0.0043,0.0,,0.63964,-0.04279,0.0065,1275.0,,0.56279,-0.06842,0.01,5573.0,,0.4888,-0.11094,0.019,0.0,,0.44978,-0.19848,0.0215,80.0,,0.39318,-0.24349,0.066,0.0,,,,0.0315,0.0,,0.38911,-0.32473,0.0515,50.0,,0.29146,0.59805,0.036,19.0,,0.32484,-0.4075,0.034,0.0,,0.27856,0.4732,0.047,0.0,,0.28895,-0.52441,0.024,24.0,,0.29238,0.36056,0.071,50.0,,0.32127,-0.62366,0.0145,50.0,,0.28476,0.25278,0.0835,0.0,,,,0.011,84.0,,0.30894,0.19192,0.0715,0,,,,0.008,4598.0,,0.32504,0.14292,0.159,0.0,,0.46011,-0.76215,0.005,0.0,,0.36593,0.08814,0.2205,0.0,,0.54572,-0.80336,0.004,0.0,,0.41869,0.0654,0.19,0.0,,,,0.0029,6.0,,0.45486,0.0463,0.335,0,,0.55268,-0.91192,0.0022,0.0,,0.48903,0.03425,0.0017,0.0,,0.51995,0.02591,0.0016,0.0,,0.56283,0.02298,0.0015,0.0,,0.60222,0.0205,0.4295,0,,,,0.0011,0.0,,0.61804,0.01519,0.001,0.0,,0.64914,0.01338,0.0008,0.0,,0.66757,0.01068,0.703,0,,,,0.0007,0.0,,0.72395,0.00883,0.0006,0.0,,0.7723,0.00726,0.0004,0.0,,0.79455,0.00489,0.0005,0,,0.86469,0.00559,0.0005,0,,0.91319,0.00534,,,,,,,,,,
2023-10-10 02:00:00,0.0002,0.0,,1.00009,-0.00177,0.0003,0.0,,0.8854,-0.00291,0.0007,0.0,,0.82794,-0.00671,0.0012,0.0,,0.74961,-0.01201,0.0023,0.0,,0.6916,-0.02309,0.0043,0.0,,0.63832,-0.04289,0.0065,0.0,,0.56127,-0.06862,0.0095,160.0,,0.47948,-0.10825,0.019,0.0,,0.44754,-0.19938,0.0215,0.0,,0.39071,-0.24482,0.066,0.0,,,,0.0315,0.0,,0.38619,-0.32673,0.0515,0.0,,0.29599,0.59312,0.0355,2.0,,0.31776,-0.41027,0.034,0.0,,0.28213,0.46959,0.049,5.0,,0.29879,-0.52644,0.0245,7.0,,0.2991,0.36044,0.071,0.0,,0.31564,-0.63038,0.0145,0.0,,0.28722,0.25129,0.0835,0.0,,,,0.011,0.0,,0.31116,0.19096,0.0715,0,,,,0.0085,2.0,,0.33328,0.14733,0.159,0.0,,0.45087,-0.76989,0.005,0.0,,0.36772,0.08783,0.2205,0.0,,0.53421,-0.81126,0.004,0.0,,0.42039,0.06521,0.19,0.0,,,,0.0029,0.0,,0.45647,0.04618,0.335,0,,0.52698,-0.9243,0.0022,0.0,,0.49058,0.03417,0.0017,0.0,,0.52145,0.02586,0.0016,0.0,,0.56432,0.02294,0.0015,0.0,,0.6037,0.02047,0.4295,0,,,,0.0011,0.0,,0.61948,0.01517,0.001,0.0,,0.65056,0.01336,0.0008,0.0,,0.66897,0.01066,0.703,0,,,,0.0007,0.0,,0.72534,0.00882,0.0006,0.0,,0.77368,0.00725,0.0004,0.0,,0.7959,0.00488,0.0005,0,,0.86608,0.00558,0.0005,0,,0.9146,0.00533,,,,,,,,,,
2023-10-10 03:00:00,0.0002,0.0,,1.00163,-0.00177,0.0003,0.0,,0.88694,-0.0029,0.0007,0.0,,0.82956,-0.0067,0.0012,0.0,,0.75128,-0.01199,0.0023,0.0,,0.69337,-0.02304,0.0043,4.0,,0.64023,-0.04279,0.0065,0.0,,0.56331,-0.06842,0.0095,125.0,,0.48169,-0.10786,0.019,0.0,,0.45019,-0.19848,0.02,10.0,,0.37989,-0.23724,0.066,0.0,,,,0.0315,0.0,,0.38947,-0.32473,0.0515,0.0,,0.29173,0.59805,0.0355,0.0,,0.32149,-0.40697,0.034,0.0,,0.27882,0.4732,0.049,0.0,,0.30343,-0.52131,0.0245,0.0,,0.29642,0.36276,0.071,0.0,,0.32156,-0.62366,0.0145,0.0,,0.28502,0.25278,0.0835,0.0,,,,0.011,0.0,,0.30922,0.19192,0.0715,0,,,,0.0085,0.0,,0.33154,0.14798,0.159,0.0,,0.46053,-0.76215,0.005,0.0,,0.36626,0.08814,0.2205,0.0,,0.54622,-0.80336,0.004,0.0,,0.41907,0.0654,0.19,0.0,,,,0.0029,0.0,,0.45528,0.0463,0.335,0,,0.55319,-0.91192,0.0022,0.0,,0.48948,0.03425,0.0017,0.0,,0.52043,0.02591,0.0016,0.0,,0.56334,0.02298,0.0015,0.0,,0.60277,0.0205,0.4295,0,,,,0.0011,0.0,,0.61861,0.01519,0.001,0.0,,0.64973,0.01338,0.0008,0.0,,0.66818,0.01068,0.703,0,,,,0.0007,0.0,,0.72461,0.00883,0.0006,0.0,,0.773,0.00726,0.0004,0.0,,0.79527,0.00489,0.0005,0,,0.86548,0.00559,0.0005,0,,0.91402,0.00534,,,,,,,,,,
2023-10-10 04:00:00,0.0002,0.0,,1.00054,-0.00177,0.0003,0.0,,0.88573,-0.00291,0.0007,0.0,,0.82817,-0.00672,0.0012,0.0,,0.74973,-0.01202,0.0023,0.0,,0.69161,-0.02311,0.0043,0.0,,0.6382,-0.04293,0.0065,0.0,,0.56102,-0.06871,0.0095,0.0,,0.47907,-0.10842,0.019,0.0,,0.4469,-0.19977,0.02,56.0,,0.37633,-0.23914,0.066,0.0,,,,0.0315,0.0,,0.3852,-0.3276,0.0515,0.0,,0.29814,0.59105,0.0355,0.0,,0.3165,-0.4117,0.034,0.0,,0.28386,0.46807,0.049,0.0,,0.29711,-0.52869,0.0245,0.0,,0.30058,0.35946,0.071,0.0,,0.31342,-0.63334,0.0145,0.0,,0.28849,0.25065,0.0835,0.0,,,,0.011,0.0,,0.31233,0.19055,0.0715,0,,,,0.0085,0.0,,0.33439,0.14705,0.159,0.0,,0.44715,-0.77331,0.005,0.0,,0.36876,0.0877,0.2205,0.0,,0.52952,-0.81475,0.0038,5.0,,0.4169,0.06288,0.19,0.0,,,,0.0029,0.0,,0.45749,0.04613,0.335,0,,0.51521,-0.92999,0.0022,0.0,,0.49159,0.03414,0.0017,0.0,,0.52246,0.02584,0.0016,0.0,,0.56536,0.02292,0.0013,1.0,,0.59275,0.0183,0.4295,0,,,,0.0011,0.0,,0.62054,0.01515,0.001,0.0,,0.65164,0.01335,0.0008,0.0,,0.67006,0.01066,0.703,0,,,,0.0007,0.0,,0.72647,0.00881,0.0006,0.0,,0.77484,0.00725,0.0004,0.0,,0.79706,0.00488,0.0005,0,,0.8673,0.00558,0.0005,0,,0.91586,0.00533,,,,,,,,,,
2023-10-10 05:00:00,0.0002,0.0,,1.00146,-0.00177,0.0003,0.0,,0.88662,-0.00291,0.0007,0.0,,0.82908,-0.00671,0.0012,0.0,,0.75064,-0.01201,0.0025,100.0,,0.70266,-0.0245,0.0043,0.0,,0.63919,-0.04289,0.0065,0.0,,0.56204,-0.06862,0.0095,0.0,,0.48014,-0.10825,0.019,0.0,,0.44816,-0.19938,0.02,136.0,,0.37762,-0.23857,0.066,0.0,,,,0.0315,0.0,,0.38672,-0.32673,0.0555,100.0,,0.32557,0.58874,0.0355,7.0,,0.31819,-0.41027,0.037,112.0,,0.30388,0.47462,0.049,0.0,,0.2992,-0.52644,0.0235,7.0,,0.29193,0.35597,0.071,0.0,,0.31607,-0.63038,0.0145,0.0,,0.28762,0.25129,0.0835,0.0,,,,0.0105,211.0,,0.30634,0.18641,0.0715,0,,,,0.0085,0.0,,0.33373,0.14733,0.159,0.0,,0.45149,-0.76989,0.0055,1.0,,0.3769,0.09341,0.2205,0.0,,0.53494,-0.81126,0.0039,1.0,,0.41872,0.06409,0.19,0.0,,,,0.0029,0.0,,0.4571,0.04618,0.335,0,,0.52771,-0.9243,0.0022,0.0,,0.49125,0.03417,0.0017,0.0,,0.52216,0.02586,0.0016,0.0,,0.56509,0.02294,0.0013,0.0,,0.59251,0.01831,0.4295,0,,,,0.0011,0.0,,0.62033,0.01517,0.001,0.0,,0.65146,0.01336,0.0008,0.0,,0.66989,0.01066,0.703,0,,,,0.0007,0.0,,0.72634,0.00882,0.0006,0.0,,0.77475,0.00725,0.0004,0.0,,0.797,0.00488,0.0005,0,,0.86727,0.00558,0.0005,0,,0.91585,0.00533,,,,,,,,,,
2023-10-10 06:00:00,0.0002,0.0,,1.00177,-0.00177,0.0003,0.0,,0.88686,-0.00291,0.0009,67.0,,0.85692,-0.00815,0.0012,0.0,,0.7508,-0.01201,0.0025,0.0,,0.70277,-0.0245,0.0043,0.0,,0.63925,-0.04291,0.0065,0.0,,0.56205,-0.06865,0.0095,0.0,,0.48008,-0.10831,0.019,0.0,,0.44801,-0.19951,0.02,0.0,,0.37742,-0.23876,0.066,0.0,,,,0.0315,0.0,,0.38645,-0.32702,0.0555,0.0,,0.32634,0.58812,0.035,30.0,,0.31418,-0.41023,0.037,50.0,,0.30452,0.47414,0.049,0.0,,0.29869,-0.52719,0.0235,0.0,,0.29246,0.35563,0.071,0.0,,0.31538,-0.63136,0.0145,0.0,,0.28808,0.25108,0.0835,0.0,,,,0.0105,29.0,,0.30677,0.18628,0.0715,0,,,,0.0085,0.0,,0.33416,0.14723,0.159,0.0,,0.45032,-0.77103,0.0055,0.0,,0.37731,0.09336,0.2205,0.0,,0.53347,-0.81241,0.0039,0.0,,0.41913,0.06406,0.19,0.0,,,,0.0029,0.0,,0.45751,0.04616,0.335,0,,0.52395,-0.92617,0.0022,0.0,,0.49167,0.03416,0.0017,0.0,,0.52258,0.02585,0.0016,0.0,,0.56553,0.02293,0.0013,0.0,,0.59295,0.01831,0.4295,0,,,,0.0011,0.0,,0.62078,0.01516,0.001,0.0,,0.65192,0.01335,0.0008,0.0,,0.67036,0.01066,0.703,0,,,,0.0007,0.0,,0.72683,0.00881,0.0006,0.0,,0.77525,0.00725,0.0004,0.0,,0.7975,0.00488,0.0005,0,,0.86781,0.00558,0.0005,0,,0.91641,0.00533,,,,,,,,,,
2023-10-10 07:00:00,0.0002,0.0,,1.00222,-0.00177,0.0003,0.0,,0.88727,-0.00291,0.0009,0.0,,0.85732,-0.00815,0.0012,0.0,,0.75114,-0.01201,0.0025,0.0,,0.70309,-0.0245,0.0039,1.0,,0.62678,-0.0402,0.0065,0.0,,0.5623,-0.06865,0.009,275.0,,0.47259,-0.1051,0.019,0.0,,0.44822,-0.19951,0.0195,5.0,,0.37301,-0.23656,0.078,34.0,,0.35512,0.68308,0.026,7.0,,0.34301,-0.31249,0.0555,0.0,,0.32648,0.58812,0.0345,6.0,,0.31068,-0.40969,0.037,0.0,,0.30466,0.47414,0.047,7.0,,0.28457,-0.5306,0.023,22.0,,0.28879,0.35331,0.071,0.0,,0.31553,-0.63136,0.015,348.0,,0.29265,0.25482,0.0835,0.0,,,,0.01,22.0,,0.30158,0.18158,0.0715,0,,,,0.0085,0.0,,0.33431,0.14723,0.159,0.0,,0.45053,-0.77103,0.0055,0.0,,0.37749,0.09336,0.2205,0.0,,0.53371,-0.81241,0.0039,0.0,,0.41932,0.06406,0.19,0.0,,,,0.0029,0.0,,0.45772,0.04616,0.335,0,,0.52419,-0.92617,0.0021,2.0,,0.4881,0.033,0.0017,0.0,,0.52282,0.02585,0.0016,0.0,,0.56579,0.02293,0.0013,0.0,,0.59322,0.01831,0.4295,0,,,,0.0011,0.0,,0.62106,0.01516,0.001,0.0,,0.65222,0.01335,0.0008,0.0,,0.67066,0.01066,0.703,0,,,,0.0007,0.0,,0.72716,0.00881,0.0006,0.0,,0.77561,0.00725,0.0004,0.0,,0.79787,0.00488,0.0005,0,,0.86821,0.00558,0.0005,0,,0.91683,0.00533,,,,,,,,,,
2023-10-10 08:00:00,0.0002,0.0,,1.003,-0.00177,0.0003,0.0,,0.888,-0.0029,0.0009,0.0,,0.85808,-0.00815,0.0012,0.0,,0.75187,-0.012,0.0025,0.0,,0.70384,-0.02449,0.0039,0.0,,0.62753,-0.04017,0.0065,0.0,,0.56307,-0.06859,0.0095,39.0,,0.48109,-0.10819,0.015,6.0,,0.40727,-0.17995,0.019,18.0,,0.36931,-0.23392,0.078,0.0,,0.35376,0.68452,0.0255,28.0,,0.34001,-0.31035,0.0535,87.0,,0.3108,0.59143,0.0345,0.0,,0.31184,-0.40873,0.036,53.0,,0.29668,0.47348,0.046,14.0,,0.27887,-0.53078,0.023,2617.0,,0.28812,0.35398,0.071,0.0,,0.31734,-0.62941,0.015,0.0,,0.29211,0.25525,0.0835,0.0,,,,0.01,67.0,,0.30114,0.18185,0.0715,0,,,,0.008,1.0,,0.32769,0.14238,0.159,0.0,,0.45348,-0.76877,0.005,110.0,,0.3685,0.08787,0.2205,0.0,,0.53739,-0.81011,0.0039,39.0,,0.41909,0.06412,0.19,0.0,,,,0.0029,0.0,,0.45753,0.0462,0.335,0,,0.53236,-0.92246,0.0022,5.0,,0.49174,0.03418,0.0017,0.0,,0.5227,0.02587,0.0016,0.0,,0.56569,0.02294,0.0013,0.0,,0.59315,0.01832,0.4295,0,,inf,,0.0011,0.0,,0.62102,0.01517,0.001,0.0,,0.65219,0.01336,0.0008,0.0,,0.67066,0.01067,0.703,0,,,,0.0007,0.0,,0.72719,0.00882,0.0006,0.0,,0.77567,0.00725,0.0004,0.0,,0.79795,0.00488,0.0005,0,,0.86832,0.00558,0.0005,0,,0.91697,0.00533,,,,,,,,,,
2023-10-10 09:00:00,0.0002,0.0,,1.00486,-0.00177,0.0003,0.0,,0.88987,-0.0029,0.0009,0.0,,0.86011,-0.00813,0.0012,0.0,,0.75392,-0.01198,0.0025,0.0,,0.70606,-0.02443,0.0038,3.0,,0.62656,-0.03936,0.0065,0.0,,0.56563,-0.06834,0.0095,31.0,,0.48387,-0.10769,0.015,26.0,,0.41046,-0.17885,0.019,0.0,,0.37281,-0.23224,0.078,0.0,,0.34696,0.69117,0.0255,0.0,,0.344,-0.30768,0.0535,0.0,,0.30531,0.59744,0.0345,0.0,,0.31658,-0.40445,0.036,0.0,,0.29236,0.47795,0.046,0.0,,0.28481,-0.5237,0.023,26.0,,0.28465,0.35702,0.071,0.0,,0.3249,-0.62086,0.015,0.0,,0.28922,0.25718,0.0835,0.0,,,,0.01,0.0,,0.29864,0.18306,0.0715,0,,,,0.008,0.0,,0.32543,0.1432,0.159,0.0,,0.46579,-0.75892,0.005,0.0,,0.36657,0.08827,0.2205,0.0,,0.55266,-0.80007,0.0039,0.0,,0.41734,0.06436,0.19,0.0,,,,0.0026,1.0,,0.44688,0.04284,0.335,0,,0.56498,-0.90694,0.0022,0.0,,0.49026,0.03428,0.0017,0.0,,0.52132,0.02593,0.0016,0.0,,0.56437,0.023,0.0013,0.0,,0.5919,0.01836,0.4295,0,,,,0.0011,0.0,,0.61982,0.0152,0.001,0.0,,0.65104,0.01338,0.0008,0.0,,0.66955,0.01068,0.703,0,,,,0.0007,0.0,,0.72615,0.00883,0.0006,0.0,,0.77469,0.00727,0.0004,0.0,,0.79704,0.00489,0.0005,0,,0.86743,0.00559,0.0005,0,,0.91612,0.00534,,,,,,,,,,
2023-10-10 10:00:00,0.0002,0.0,,1.01076,-0.00176,0.0003,0.0,,0.89593,-0.00288,0.0009,0.0,,0.86687,-0.00807,0.0012,0.0,,0.76088,-0.01188,0.0025,0.0,,0.71374,-0.02419,0.0038,0.0,,0.63479,-0.0389,0.006,51.0,,0.56367,-0.06411,0.0095,1.0,,0.49398,-0.10579,0.0135,125.0,,0.40542,-0.16643,0.0175,1.0,,0.37151,-0.21886,0.0775,1.0,,0.31441,0.722,0.0225,33.0,,0.3341,-0.28746,0.0535,0.0,,0.28273,0.62309,0.031,23.0,,0.30826,-0.38352,0.037,495.0,,0.28189,0.49776,0.043,99.0,,0.28546,-0.50172,0.0235,3738.0,,0.27434,0.37182,0.0595,36.0,,,,0.015,2129.0,,0.2775,0.26509,0.0835,0.0,,0.27886,-0.73375,0.01,11.0,,0.2885,0.18798,0.0715,0,,,,0.0075,81.0,,0.30991,0.14116,0.159,0.0,,0.50964,-0.72482,0.005,232.0,,0.35856,0.08988,0.2205,0.0,,0.60635,-0.76543,0.0037,37.0,,0.40546,0.063,0.19,0.0,,,,0.0026,0.0,,0.44016,0.0434,0.335,0,,0.66232,-0.85837,0.0022,0.0,,0.48386,0.03467,0.0016,3.0,,0.51049,0.02502,0.0016,0.0,,0.55847,0.02321,0.0013,0.0,,0.58623,0.01851,0.4295,0,,,,0.0011,0.0,,0.61433,0.01532,0.001,0.0,,0.64568,0.01348,0.0008,0.0,,0.66437,0.01076,0.703,0,,,,0.0007,0.0,,0.72115,0.00889,0.0006,0.0,,0.76986,0.00731,0.0004,0.0,,0.79244,0.00492,0.0005,0,,0.86284,0.00562,0.0005,0,,0.91159,0.00536,,,,,,,,,,
2023-10-10 11:00:00,0.0002,0.0,,1.0089,-0.00176,0.0003,0.0,,0.89392,-0.00289,0.0009,0.0,,0.86454,-0.0081,0.0012,0.0,,0.7584,-0.01192,0.0025,0.0,,0.71092,-0.02429,0.0038,0.0,,0.63168,-0.03909,0.006,0.0,,0.56018,-0.06451,0.009,3.0,,0.48216,-0.10343,0.0135,0.0,,0.40077,-0.16812,0.0175,0.0,,0.3663,-0.22147,0.0775,0.0,,0.32716,0.70883,0.0225,0.0,,0.32814,-0.29161,0.0535,0.0,,0.29277,0.61161,0.032,5.0,,0.30848,-0.39186,0.036,111.0,,0.28257,0.48837,0.044,26.0,,0.28347,-0.51146,0.023,155.0,,0.27683,0.36405,0.0595,0.0,,,,0.0145,23784.0,,0.27835,0.25786,0.0835,0.0,,0.26167,-0.75723,0.01,0.0,,0.29305,0.18583,0.0715,0,,,,0.0075,0.0,,0.31405,0.13977,0.159,0.0,,0.49176,-0.7387,0.005,6173.0,,0.36223,0.08918,0.2205,0.0,,0.58457,-0.77952,0.0038,14.0,,0.41115,0.06376,0.19,0.0,,,,0.0026,6.0,,0.44333,0.04316,0.335,0,,0.62491,-0.87741,0.0022,0.0,,0.48692,0.0345,0.0018,70.0,,0.5228,0.02724,0.0013,1.0,,0.54473,0.0197,0.0013,0.0,,0.58904,0.01844,0.4295,0,,,,0.0011,0.0,,0.61709,0.01527,0.001,0.0,,0.6484,0.01344,0.0008,0.0,,0.66703,0.01073,0.703,0,,,,0.0007,0.0,,0.72377,0.00886,0.0006,0.0,,0.77243,0.00729,0.0004,0.0,,0.79493,0.00491,0.0005,0,,0.86538,0.0056,0.0005,0,,0.91413,0.00535,,,,,,,,,,
2023-10-10 12:00:00,0.0002,0.0,,1.00874,-0.00176,0.0003,0.0,,0.89369,-0.00289,0.0009,0.0,,0.86422,-0.0081,0.0012,0.0,,0.75799,-0.01193,0.0025,0.0,,0.71041,-0.02432,0.0038,0.0,,0.63107,-0.03915,0.006,0.0,,0.55944,-0.06461,0.009,0.0,,0.48127,-0.10364,0.0135,0.0,,0.39966,-0.16857,0.018,115.0,,0.36979,-0.22463,0.0775,0.0,,0.33059,0.70549,0.0225,0.0,,0.32665,-0.29275,0.0535,0.0,,0.2955,0.60868,0.032,0.0,,0.30665,-0.39369,0.036,0.0,,0.28473,0.48623,0.0455,1.0,,0.29179,-0.51246,0.023,100.0,,,,0.0615,1.0,,,,0.0145,0.0,,0.27982,0.25696,0.0835,0.0,,0.25692,-0.76404,0.01,0.0,,0.29436,0.18527,0.0715,0,,,,0.0075,0.0,,0.31526,0.1394,0.159,0.0,,0.48701,-0.74258,0.0055,3.0,,0.37196,0.09464,0.2205,0.0,,0.57876,-0.78346,0.0038,0.0,,0.4122,0.06365,0.19,0.0,,,,0.0026,0.0,,0.44433,0.04309,0.335,0,,0.61431,-0.88289,0.0023,35.0,,0.49158,0.03561,0.0018,0.0,,0.52377,0.02721,0.0013,0.0,,0.54567,0.01968,0.0013,0.0,,0.59,0.01843,0.4295,0,,,,0.0011,0.0,,0.61803,0.01525,0.001,0.0,,0.64935,0.01343,0.0008,0.0,,0.66796,0.01072,0.703,0,,,,0.0007,0.0,,0.72471,0.00886,0.0006,0.0,,0.77338,0.00728,0.0004,0.0,,0.79587,0.0049,0.0005,0,,0.86635,0.0056,0.0005,0,,0.91512,0.00535,,,,,,,,,,
2023-10-10 13:00:00,0.0002,0.0,,1.00812,-0.00177,0.0003,0.0,,0.89297,-0.0029,0.0009,0.0,,0.86334,-0.00812,0.0012,0.0,,0.75702,-0.01195,0.0025,0.0,,0.70926,-0.02436,0.0038,0.0,,0.62977,-0.03924,0.006,0.0,,0.55794,-0.0648,0.009,0.0,,0.47952,-0.10401,0.0135,0.0,,0.39757,-0.16938,0.018,0.0,,0.36741,-0.22589,0.0775,0.0,,0.33641,0.69979,0.024,8.0,,0.33623,-0.30014,0.0535,0.0,,0.30015,0.60367,0.033,3.0,,0.31068,-0.39836,0.036,0.0,,0.28839,0.48255,0.0455,3.0,,0.28751,-0.51762,0.023,214.0,,0.28154,0.36014,0.0615,0.0,,,,0.0145,0.0,,0.28231,0.2554,0.0835,0.0,,,,0.01,0.0,,0.29655,0.18429,0.0715,0,,,,0.0075,0.0,,0.31727,0.13876,0.159,0.0,,0.47837,-0.74956,0.0055,0.0,,0.37379,0.0943,0.2205,0.0,,0.56814,-0.79055,0.0038,0.0,,0.4139,0.06346,0.19,0.0,,,,0.0026,0.0,,0.44592,0.04298,0.335,0,,0.59445,-0.89294,0.0023,0.0,,0.49314,0.03553,0.0018,0.0,,0.52528,0.02715,0.0013,0.0,,0.54713,0.01964,0.0013,0.0,,0.59146,0.0184,0.4295,0,,,,0.0011,0.0,,0.61947,0.01523,0.001,0.0,,0.65078,0.01341,0.0008,0.0,,0.66937,0.0107,0.703,0,,,,0.0007,0.0,,0.72611,0.00885,0.0006,0.0,,0.77478,0.00728,0.0004,0.0,,0.79723,0.0049,0.0005,0,,0.86775,0.0056,0.0005,0,,0.91653,0.00534,,,,,,,,,,
2023-10-10 14:00:00,0.0002,0.0,,1.01247,-0.00176,0.0003,0.0,,0.89742,-0.00288,0.0009,0.0,,0.86829,-0.00807,0.0012,0.0,,0.7621,-0.01188,0.0025,0.0,,0.71485,-0.02419,0.0038,0.0,,0.63574,-0.03891,0.006,0.0,,0.56446,-0.06414,0.009,0.0,,0.48675,-0.10269,0.0135,0.0,,0.40585,-0.16654,0.0175,2.0,,0.37184,-0.21903,0.0775,0.0,,0.31585,0.72109,0.024,0.0,,0.34677,-0.29315,0.0535,0.0,,0.28393,0.6223,0.032,20.0,,0.31579,-0.38563,0.0365,1013.0,,0.27936,0.49666,0.0455,1000.0,,0.30321,-0.49986,0.023,13541.0,,,,0.0615,0.0,,0.28214,-0.62462,0.0155,1566.0,,0.28268,0.26851,0.0835,0.0,,0.27826,-0.73523,0.01,0.0,,0.28933,0.18783,0.0715,0,,,,0.008,502.0,,0.31703,0.1464,0.159,0.0,,0.5094,-0.72571,0.005,4380.0,,0.35946,0.08983,0.2205,0.0,,0.60603,-0.76634,0.0038,0.0,,0.40871,0.06414,0.19,0.0,,,,0.0026,0.0,,0.44117,0.04338,0.335,0,,0.66115,-0.85957,0.0023,0.0,,0.48861,0.03581,0.0018,0.0,,0.52098,0.02735,0.0013,0.0,,0.54307,0.01977,0.0011,2.0,,0.57422,0.01624,0.4295,0,,,,0.0011,0.0,,0.61563,0.01532,0.001,0.0,,0.64703,0.01348,0.0008,0.0,,0.66576,0.01076,0.703,0,,,,0.0007,0.0,,0.72264,0.00889,0.0006,0.0,,0.77143,0.00731,0.0004,0.0,,0.79405,0.00492,0.0005,0,,0.86458,0.00562,0.0005,0,,0.91342,0.00536,,,,,,,,,,
2023-10-10 15:00:00,0.0002,0.0,,1.01341,-0.00176,0.0003,0.0,,0.89832,-0.00288,0.0009,0.0,,0.86923,-0.00807,0.0012,0.0,,0.76302,-0.01187,0.0025,0.0,,0.71581,-0.02417,0.0038,0.0,,0.63671,-0.03887,0.006,0.0,,0.56547,-0.06406,0.009,0.0,,0.48781,-0.10254,0.0135,0.0,,0.40701,-0.1662,0.0175,0.0,,0.37308,-0.21852,0.0775,0.0,,0.31341,0.72384,0.0235,44.0,,0.34402,-0.29058,0.0535,0.0,,0.28204,0.62468,0.0305,100.0,,0.30621,-0.38175,0.0385,10.0,,0.29221,0.50038,0.044,251.0,,0.29447,-0.4993,0.025,26.0,,0.2854,0.3789,0.0615,0.0,,0.28469,-0.62148,0.0155,50.0,,0.28178,0.26922,0.0835,0.0,,0.28172,-0.73083,0.01,0.0,,0.28858,0.18827,0.0715,0,,,,0.008,102.0,,0.31636,0.14668,0.159,0.0,,0.51318,-0.72304,0.005,0.0,,0.35892,0.08997,0.2205,0.0,,0.61062,-0.76363,0.0041,60.0,,0.41491,0.06765,0.19,0.0,,,,0.0026,0.0,,0.44078,0.04343,0.335,0,,0.66857,-0.85598,0.0023,0.0,,0.48826,0.03585,0.0017,1.0,,0.51608,0.02621,0.0013,0.0,,0.5428,0.01979,0.0011,0.0,,0.57399,0.01625,0.4295,0,,,,0.0011,0.0,,0.61542,0.01533,0.001,0.0,,0.64685,0.01349,0.0008,0.0,,0.66559,0.01076,0.703,0,,,,0.0007,0.0,,0.72251,0.00889,0.0006,0.0,,0.77134,0.00731,0.0004,0.0,,0.79399,0.00492,0.0005,0,,0.86455,0.00562,0.0005,0,,0.91342,0.00536,,,,,,,,,,
2023-10-10 16:00:00,0.0002,0.0,,1.0162,-0.00175,0.0003,0.0,,0.90115,-0.00287,0.0009,0.0,,0.87236,-0.00804,0.0012,0.0,,0.7662,-0.01183,0.0025,0.0,,0.71928,-0.02407,0.0038,0.0,,0.6404,-0.03868,0.006,0.0,,0.56948,-0.06368,0.009,0.0,,0.49221,-0.10177,0.0135,3.0,,0.41202,-0.16456,0.0175,0.0,,0.3786,-0.216,0.0775,0.0,,0.30029,0.7383,0.0235,0.0,,0.3503,-0.28661,0.0535,0.0,,0.27192,0.63712,0.0305,0.0,,0.31356,-0.37531,0.038,20.0,,0.28095,0.50829,0.0425,80.0,,0.29294,-0.49041,0.0245,99.0,,0.27553,0.38254,0.0615,0.0,,0.29666,-0.60656,0.016,15.0,,0.28102,0.27638,0.0835,0.0,,0.29787,-0.7103,0.01,0.0,,0.28427,0.19049,0.0715,0,,,,0.008,0.0,,0.31245,0.14815,0.159,0.0,,0.53075,-0.7102,0.005,0.0,,0.35558,0.09068,0.2205,0.0,,0.63184,-0.7506,0.0041,0.0,,0.41185,0.06808,0.19,0.0,,,,0.003,50.0,,0.44981,0.0484,0.335,0,,0.70251,-0.83904,0.0023,0.0,,0.48563,0.03602,0.0017,0.0,,0.51362,0.02633,0.0013,0.0,,0.54047,0.01986,0.0011,0.0,,0.57175,0.01631,0.4295,0,,,,0.0011,0.0,,0.61324,0.01538,0.001,0.0,,0.64473,0.01353,0.0008,0.0,,0.66355,0.0108,0.703,0,,,,0.0007,0.0,,0.72057,0.00891,0.0006,0.0,,0.76947,0.00733,0.0004,0.0,,0.79223,0.00493,0.0005,0,,0.86281,0.00563,0.0005,0,,0.91172,0.00537,,,,,,,,,,
2023-10-10 17:00:00,0.0002,0.0,,1.01341,-0.00176,0.0003,0.0,,0.89818,-0.00288,0.0009,0.0,,0.86895,-0.00808,0.0012,0.0,,0.76259,-0.01189,0.0025,0.0,,0.71521,-0.02421,0.0038,0.0,,0.63594,-0.03895,0.006,0.0,,0.56449,-0.06422,0.009,0.0,,0.48658,-0.10285,0.0135,0.0,,0.40545,-0.16687,0.0175,0.0,,0.37128,-0.21955,0.0775,0.0,,0.31885,0.71839,0.0235,0.0,,0.34187,-0.29221,0.0565,10.0,,0.30872,0.61439,0.0305,0.0,,0.30358,-0.38442,0.038,39.0,,0.29201,0.49665,0.044,15.0,,0.29107,-0.50349,0.0245,5.0,,0.2844,0.37463,0.0615,0.0,,0.2801,-0.62781,0.0155,1.0,,0.28411,0.26781,0.0835,0.0,,0.27527,-0.73973,0.0105,1.0,,0.29587,0.19217,0.0715,0,,,,0.008,0.0,,0.31828,0.14611,0.159,0.0,,0.50652,-0.72843,0.005,2.0,,0.36066,0.08969,0.2205,0.0,,0.60253,-0.76909,0.0041,0.0,,0.4166,0.06747,0.19,0.0,,,,0.0029,6.0,,0.45138,0.04687,0.335,0,,0.6548,-0.86324,0.0023,0.0,,0.48986,0.03578,0.0017,0.0,,0.51764,0.02617,0.0013,0.0,,0.54434,0.01975,0.0011,0.0,,0.57552,0.01623,0.4295,0,,,,0.0011,0.0,,0.61698,0.01531,0.001,0.0,,0.64842,0.01347,0.0008,0.0,,0.66715,0.01075,0.703,0,,,,0.0007,0.0,,0.7241,0.00888,0.0004,35.0,,0.74049,0.00522,0.0004,0.0,,0.79558,0.00491,0.0005,0,,0.86621,0.00561,0.0005,0,,0.91511,0.00536,,,,,,,,,,
2023-10-10 18:00:00,0.0002,0.0,,1.01217,-0.00176,0.0003,0.0,,0.89682,-0.00289,0.0009,0.0,,0.86735,-0.0081,0.0013,1.0,,0.7698,-0.01266,0.0022,1.0,,0.69766,-0.02218,0.0038,0.0,,0.63373,-0.03909,0.006,0.0,,0.562,-0.06451,0.009,6.0,,0.48373,-0.10343,0.0135,0.0,,0.40207,-0.16812,0.0175,0.0,,0.36749,-0.22147,0.0775,0.0,,0.32822,0.70883,0.023,16.0,,0.33335,-0.29346,0.0565,0.0,,0.316,0.60684,0.033,10.0,,0.3169,-0.39334,0.037,124.0,,0.29064,0.48965,0.0455,6.0,,0.29511,-0.50957,0.0235,782.0,,0.28151,0.36631,0.0615,0.0,,,,0.015,1300.0,,0.28364,0.26162,0.0835,0.0,,0.26252,-0.75723,0.0105,269.0,,0.29928,0.19058,0.0715,0,,,,0.008,2.0,,0.3214,0.14506,0.159,0.0,,0.49335,-0.7387,0.005,0.0,,0.36341,0.08918,0.2205,0.0,,0.58647,-0.77952,0.0041,0.0,,0.41919,0.06716,0.19,0.0,,,,0.0029,0.0,,0.4538,0.04669,0.335,0,,0.62694,-0.87741,0.0023,0.0,,0.49218,0.03565,0.0017,1.0,,0.51987,0.02608,0.0013,0.0,,0.54649,0.0197,0.0011,0.0,,0.57763,0.01618,0.4295,0,,,,0.0011,0.0,,0.61909,0.01527,0.001,0.0,,0.6505,0.01344,0.0008,0.0,,0.66919,0.01073,0.703,0,,,,0.0007,0.0,,0.72611,0.00886,0.0004,0.0,,0.74242,0.00521,0.0004,0.0,,0.79751,0.00491,0.0005,0,,0.86818,0.0056,0.0005,0,,0.9171,0.00535,,,,,,,,,,
2023-10-10 19:00:00,0.0002,0.0,,1.0092,-0.00177,0.0003,0.0,,0.89366,-0.0029,0.0009,0.0,,0.86373,-0.00814,0.0013,0.0,,0.76594,-0.01272,0.0022,0.0,,0.69342,-0.02232,0.0038,0.0,,0.629,-0.03938,0.006,10.0,,0.55672,-0.06509,0.009,2.0,,0.47776,-0.10461,0.014,9.0,,0.40068,-0.17356,0.0175,0.0,,0.35968,-0.22545,0.0775,0.0,,0.34609,0.69121,0.023,0.0,,0.32436,-0.29984,0.0565,0.0,,0.33006,0.59268,0.034,1.0,,0.31335,-0.40481,0.035,1.0,,0.28755,0.47536,0.0455,0.0,,0.28126,-0.52608,0.023,1800.0,,0.28677,0.35634,0.0615,0.0,,,,0.0145,22.0,,0.2868,0.253,0.0835,0.0,,,,0.01,59.0,,0.30061,0.18279,0.0715,0,,,,0.008,0.0,,0.32748,0.14301,0.159,0.0,,0.46528,-0.76106,0.005,1.0,,0.36873,0.08818,0.2205,0.0,,0.55192,-0.80226,0.0041,0.0,,0.42418,0.06655,0.19,0.0,,,,0.0029,0.0,,0.45845,0.04631,0.335,0,,0.56077,-0.91024,0.0022,1.0,,0.49291,0.03426,0.0017,0.0,,0.5241,0.02592,0.0013,0.0,,0.55055,0.01958,0.0011,0.0,,0.58159,0.0161,0.4295,0,,,,0.0011,0.0,,0.62302,0.01519,0.001,0.0,,0.65438,0.01338,0.0008,0.0,,0.67297,0.01068,0.703,0,,,,0.0007,0.0,,0.72982,0.00883,0.0004,0.0,,0.74593,0.00519,0.0004,0.0,,0.80102,0.00489,0.0005,0,,0.87174,0.00559,0.0005,0,,0.92065,0.00534,,,,,,,,,,
2023-10-10 20:00:00,0.0002,0.0,,1.00591,-0.00178,0.0003,0.0,,0.89017,-0.00291,0.0009,0.0,,0.85973,-0.00818,0.0013,0.0,,0.76166,-0.0128,0.0022,0.0,,0.68873,-0.02247,0.0038,0.0,,0.62379,-0.03971,0.006,113.0,,0.5509,-0.06574,0.0085,84.0,,0.46329,-0.1026,0.0145,72.0,,0.39839,-0.17933,0.0195,3.0,,0.36961,-0.23947,0.0775,1000.0,,0.36465,0.67387,0.023,0.0,,0.31438,-0.30725,0.0565,0.0,,0.34493,0.5785,0.0335,4.0,,0.29744,-0.41617,0.035,1.0,,0.29952,0.46355,0.0455,1.0,,,,0.0225,11239.0,,0.29266,0.34602,0.07,67.0,,0.29687,-0.65136,0.0145,2586.0,,0.29497,0.24796,0.0835,0.0,,,,0.01,0.0,,0.3078,0.17961,0.0715,0,,,,0.008,0.0,,0.33409,0.14086,0.159,0.0,,0.43174,-0.7889,0.0048,293.0,,0.37089,0.08483,0.2205,0.0,,0.50985,-0.83071,0.0037,60.0,,0.42047,0.0614,0.19,0.0,,,,0.0029,0.0,,0.46351,0.04592,0.335,0,,0.45156,-0.9586,0.0022,3.0,,0.49771,0.034,0.0017,0.0,,0.52869,0.02574,0.0013,0.0,,0.55497,0.01946,0.0011,0.0,,0.5859,0.016,0.4295,0,,,,0.0011,0.0,,0.6273,0.01511,0.001,0.0,,0.65859,0.01331,0.0008,0.0,,0.67708,0.01063,0.703,0,,,,0.0007,0.0,,0.73384,0.00879,0.0004,0.0,,0.74975,0.00517,0.0004,0.0,,0.80482,0.00487,0.0005,0,,0.8756,0.00557,0.0005,0,,0.9245,0.00532,,,,,,,,,,
2023-10-10 21:00:00,0.0002,0.0,,1.00637,-0.00178,0.0003,0.0,,0.89058,-0.00291,0.0009,0.0,,0.86013,-0.00818,0.0013,0.0,,0.76202,-0.0128,0.0022,0.0,,0.68905,-0.02247,0.0038,0.0,,0.62408,-0.03971,0.006,36.0,,0.55115,-0.06574,0.0085,0.0,,0.46351,-0.1026,0.0145,0.0,,0.39858,-0.17933,0.0195,0.0,,0.36979,-0.23947,0.0775,0.0,,0.36482,0.67387,0.023,0.0,,0.31452,-0.30725,0.0565,0.0,,0.34509,0.5785,0.0335,125.0,,0.29758,-0.41617,0.034,1.0,,0.29247,0.46165,0.0455,0.0,,0.26565,-0.54613,0.022,1007.0,,0.28892,0.34356,0.07,0.0,,0.29701,-0.65136,0.0145,0.0,,0.29511,0.24796,0.0835,0.0,,,,0.01,15.0,,0.30794,0.17961,0.0715,0,,,,0.008,0.0,,0.33425,0.14086,0.159,0.0,,0.43194,-0.7889,0.0047,281.0,,0.36922,0.08366,0.2205,0.0,,0.51008,-0.83071,0.0035,185.0,,0.41589,0.05908,0.19,0.0,,,,0.0029,0.0,,0.46372,0.04592,0.335,0,,0.45177,-0.9586,0.0022,0.0,,0.49795,0.034,0.0019,50.0,,0.53814,0.028,0.0013,0.0,,0.55523,0.01946,0.0011,125.0,,0.58617,0.016,0.4295,0,,,,0.0011,0.0,,0.62759,0.01511,0.001,75.0,,0.6589,0.01331,0.0008,0.0,,0.67739,0.01063,0.703,0,,,,0.0007,0.0,,0.73419,0.00879,0.0004,0.0,,0.7501,0.00517,0.0004,0.0,,0.8052,0.00487,0.0005,0,,0.87601,0.00557,0.0005,0,,0.92493,0.00532,,,,,,,,,,
2023-10-10 22:00:00,0.0002,0.0,,1.00495,-0.00178,0.0003,0.0,,0.88904,-0.00292,0.0009,0.0,,0.85832,-0.0082,0.0013,0.0,,0.76005,-0.01284,0.002,275.0,,0.6759,-0.02106,0.0038,0.0,,0.62161,-0.03987,0.006,207.0,,0.54836,-0.06608,0.0095,156.0,,0.47588,-0.10985,0.0145,125.0,,0.39473,-0.18086,0.018,100.0,,0.35158,-0.23485,0.0775,0.0,,0.37389,0.66583,0.0275,87.0,,0.34556,-0.32519,0.0565,0.0,,0.35245,0.57184,0.037,10.0,,0.31693,-0.42535,0.033,134.0,,0.29123,0.45386,0.0455,0.0,,,,0.023,2071.0,,0.30157,0.34465,0.063,10.0,,,,0.014,2016.0,,0.2947,0.24169,0.0835,0.0,,,,0.01,270.0,,0.3116,0.17806,0.0715,0,,,,0.008,2.0,,0.33763,0.13982,0.159,0.0,,0.41375,-0.80457,0.005,1532.0,,0.37769,0.0866,0.2205,0.0,,0.48675,-0.84683,0.0034,50.0,,0.41618,0.0576,0.19,0.0,,,,0.0024,22.0,,0.45067,0.03987,0.335,0,,,,0.002,301.0,,0.49266,0.03155,0.0019,0.0,,0.5406,0.02791,0.0013,0.0,,0.55758,0.0194,0.001,1.0,,0.58109,0.0148,0.4295,0,,,,0.0011,0.0,,0.62988,0.01507,0.001,0.0,,0.66116,0.01328,0.0008,0.0,,0.67961,0.0106,0.703,0,,,,0.0007,0.0,,0.73638,0.00877,0.0003,114.0,,0.73093,0.00406,0.0004,0.0,,0.80729,0.00486,0.0005,0,,0.87815,0.00556,0.0005,0,,0.92707,0.00531,,,,,,,,,,
2023-10-10 23:00:00,0.0002,0.0,,1.00211,-0.00178,0.0003,0.0,,0.88601,-0.00293,0.0009,0.0,,0.85484,-0.00823,0.0013,0.0,,0.75632,-0.0129,0.002,0.0,,0.67186,-0.02119,0.0038,0.0,,0.61704,-0.04017,0.006,3.0,,0.54325,-0.06667,0.01,200.0,,0.47749,-0.11425,0.016,76.0,,0.40372,-0.19172,0.018,0.0,,0.34385,-0.23917,0.0775,0.0,,0.38921,0.65262,0.0275,9.0,,0.33631,-0.33208,0.0565,0.0,,0.36499,0.5608,0.0375,160.0,,0.30933,-0.43671,0.0325,16.0,,0.29779,0.44304,0.052,100.0,,0.29004,-0.55955,0.021,255.0,,0.29428,0.32817,0.063,0.0,,,,0.0135,1473.0,,0.29713,0.23368,0.0835,0.0,,,,0.0095,319.0,,0.3123,0.17067,0.0715,0,,,,0.0075,310.0,,0.33687,0.13291,0.159,0.0,,0.37828,-0.83578,0.0055,24276.0,,0.39172,0.09118,0.2205,0.0,,0.43973,-0.8794,0.004,247.0,,0.43517,0.06392,0.19,0.0,,,,0.0028,8.0,,0.46782,0.04425,0.335,0,,,,0.002,52.0,,0.49686,0.03134,0.0019,0.0,,0.54473,0.02774,0.0013,0.0,,0.5615,0.01929,0.001,0.0,,0.58488,0.01473,0.4295,0,,,,0.0011,0.0,,0.63368,0.015,0.001,0.0,,0.66491,0.01322,0.0008,0.0,,0.68326,0.01056,0.703,0,,,,0.0007,0.0,,0.73996,0.00874,0.0003,0.0,,0.73426,0.00405,0.0004,0.0,,0.81069,0.00485,0.0005,0,,0.8816,0.00554,0.0005,0,,0.93052,0.0053,,,,,,,,,,
2023-10-11 00:00:00,0.0005,100.0,,1.10567,-0.00374,0.0003,0.0,,0.88576,-0.00293,0.0009,0.0,,0.85449,-0.00824,0.0013,0.0,,0.7559,-0.01292,0.002,0.0,,0.67134,-0.02121,0.0038,0.0,,0.6164,-0.04022,0.006,50.0,,0.54248,-0.06678,0.0095,13.0,,0.46908,-0.11134,0.016,6.0,,0.40252,-0.19226,0.018,0.0,,0.3425,-0.24002,0.0775,0.0,,0.39222,0.65022,0.0275,3.0,,0.33466,-0.33344,0.0485,61.0,,0.30952,0.56096,0.0385,23.0,,0.31453,-0.43932,0.0315,19.0,,0.29258,0.4388,0.052,0.0,,0.28734,-0.56303,0.02,211.0,,0.28801,0.32151,0.063,0.0,,,,0.0135,13295.0,,0.29858,0.23292,0.0835,0.0,,,,0.0095,6.0,,0.31361,0.17019,0.0715,0,,,,0.0075,1.0,,0.3381,0.13258,0.159,0.0,,0.371,-0.84242,0.0055,0.0,,0.39285,0.09101,0.2205,0.0,,0.4297,-0.88644,0.004,0.0,,0.43624,0.06381,0.19,0.0,,,,0.0027,9.0,,0.46575,0.04304,0.335,0,,,,0.002,0.0,,0.49785,0.0313,0.0019,0.0,,0.54572,0.02771,0.0013,0.0,,0.56246,0.01927,0.001,0.0,,0.58583,0.01471,0.4295,0,,,,0.0011,0.0,,0.63465,0.01499,0.001,0.0,,0.66588,0.01321,0.0008,0.0,,0.68422,0.01055,0.703,0,,,,0.0007,0.0,,0.74093,0.00873,0.0003,0.0,,0.73517,0.00405,0.0004,0.0,,0.81164,0.00484,0.0005,0,,0.88259,0.00554,0.0005,0,,0.93152,0.00529,,,,,,,,,,
2023-10-11 01:00:00,0.0005,0.0,,1.10393,-0.00374,0.0003,0.0,,0.88403,-0.00294,0.0009,0.0,,0.85248,-0.00826,0.0016,5.0,,0.77776,-0.01512,0.002,0.0,,0.66894,-0.0213,0.0038,0.0,,0.61367,-0.04041,0.006,0.0,,0.53939,-0.06716,0.01,1.0,,0.47294,-0.11531,0.016,3.0,,0.39817,-0.19408,0.018,0.0,,0.33772,-0.24282,0.0775,0.0,,0.4015,0.64264,0.028,31.0,,0.33281,-0.33926,0.0485,0.0,,0.31731,0.55315,0.0395,60.0,,0.31466,-0.44677,0.0305,1.0,,0.29154,0.43038,0.055,1.0,,0.29994,-0.56655,0.02,0.0,,0.29313,0.3177,0.063,0.0,,,,0.013,1.0,,0.29824,0.22648,0.0835,0.0,,,,0.009,20.0,,0.31178,0.16375,0.0715,0,,,,0.007,1.0,,0.33491,0.12625,0.159,0.0,,0.34487,-0.86603,0.0055,0.0,,0.39613,0.09044,0.2205,0.0,,0.39219,-0.91195,0.004,0.0,,0.43929,0.06348,0.19,0.0,,,,0.0027,0.0,,0.46858,0.04284,0.335,0,,,,0.002,0.0,,0.50055,0.03117,0.0019,0.0,,0.54838,0.02761,0.0013,0.0,,0.565,0.01921,0.001,0.0,,0.58828,0.01467,0.4295,0,,,,0.0011,0.0,,0.63712,0.01494,0.001,0.0,,0.66832,0.01317,0.0008,0.0,,0.68661,0.01053,0.703,0,,,,0.0007,0.0,,0.74329,0.00871,0.0003,0.0,,0.73737,0.00404,0.0004,0.0,,0.8139,0.00483,0.0005,0,,0.88489,0.00553,0.0005,0,,0.93383,0.00529,,,,,,,,,,
2023-10-11 02:00:00,0.0005,0.0,,1.1048,-0.00374,0.0003,0.0,,0.88478,-0.00294,0.0009,0.0,,0.85325,-0.00826,0.0016,0.0,,0.77852,-0.01512,0.002,0.0,,0.66967,-0.02128,0.0038,0.0,,0.61442,-0.04038,0.006,0.0,,0.54016,-0.0671,0.01,1.0,,0.47375,-0.11519,0.016,51.0,,0.39906,-0.1938,0.018,0.0,,0.33864,-0.24239,0.0775,0.0,,0.4003,0.64379,0.028,0.0,,0.33388,-0.33856,0.0485,0.0,,0.31629,0.55433,0.0395,0.0,,0.31593,-0.44566,0.0315,510.0,,0.29802,0.43392,0.054,15.0,,0.29425,-0.56744,0.02,4.0,,0.2925,0.31828,0.063,0.0,,,,0.0135,750.0,,0.30246,0.23088,0.0835,0.0,,,,0.009,0.0,,0.31135,0.16398,0.0715,0,,,,0.007,0.0,,0.33454,0.1264,0.159,0.0,,0.34932,-0.86217,0.0055,0.0,,0.39584,0.09053,0.2205,0.0,,0.39874,-0.90771,0.004,0.0,,0.43905,0.06353,0.19,0.0,,,,0.0027,0.0,,0.4684,0.04287,0.335,0,,,,0.002,0.0,,0.50041,0.03119,0.0019,0.0,,0.54827,0.02763,0.0013,0.0,,0.56491,0.01922,0.001,0.0,,0.58822,0.01467,0.4295,0,,,,0.0011,0.0,,0.63709,0.01495,0.001,0.0,,0.66831,0.01318,0.0008,0.0,,0.68661,0.01053,0.703,0,,,,0.0007,0.0,,0.74332,0.00872,0.0003,0.0,,0.73743,0.00404,0.0004,0.0,,0.81399,0.00484,0.0005,0,,0.88501,0.00553,0.0005,0,,0.93398,0.00529,,,,,,,,,,
2023-10-11 03:00:00,0.0005,0.0,,1.10722,-0.00374,0.0003,0.0,,0.887,-0.00293,0.0009,0.0,,0.85569,-0.00824,0.0016,0.0,,0.78109,-0.01507,0.002,0.0,,0.67228,-0.02121,0.0038,0.0,,0.61727,-0.04022,0.006,0.0,,0.54324,-0.06678,0.0105,23.0,,0.48454,-0.11756,0.016,0.0,,0.40308,-0.19226,0.018,0.0,,0.34298,-0.24002,0.0775,0.0,,0.39277,0.65022,0.0285,8.0,,0.34298,-0.33604,0.0485,0.0,,0.30995,0.56096,0.0395,0.0,,0.32222,-0.43968,0.0325,33.0,,0.30024,0.44126,0.053,9.0,,0.295,-0.56051,0.0205,8.0,,0.29241,0.32428,0.063,0.0,,,,0.0135,0.0,,0.299,0.23292,0.0835,0.0,,,,0.009,0.0,,0.30834,0.16526,0.0715,0,,,,0.007,0.0,,0.3318,0.12727,0.159,0.0,,0.37152,-0.84242,0.0055,0.0,,0.3934,0.09101,0.2205,0.0,,0.4303,-0.88644,0.004,0.0,,0.43685,0.06381,0.19,0.0,,,,0.0027,0.0,,0.4664,0.04304,0.335,0,,,,0.002,0.0,,0.49855,0.0313,0.0019,0.0,,0.54648,0.02771,0.0013,0.0,,0.56325,0.01927,0.001,0.0,,0.58665,0.01471,0.4295,0,,,,0.0011,0.0,,0.63554,0.01499,0.001,0.0,,0.66681,0.01321,0.0008,0.0,,0.68518,0.01055,0.703,0,,,,0.0007,0.0,,0.74197,0.00873,0.0003,0.0,,0.7362,0.00405,0.0004,0.0,,0.81278,0.00484,0.0005,0,,0.88383,0.00554,0.0005,0,,0.93283,0.00529,,,,,,,,,,
2023-10-11 04:00:00,0.0005,0.0,,1.10357,-0.00375,0.0003,0.0,,0.88346,-0.00295,0.0009,0.0,,0.85163,-0.00828,0.0014,2.0,,0.76097,-0.01373,0.002,0.0,,0.66758,-0.02137,0.0041,2.0,,0.62162,-0.04268,0.0065,1.0,,0.54807,-0.07089,0.0105,0.0,,0.47762,-0.11909,0.017,1.0,,0.40516,-0.20072,0.022,1.0,,0.36971,-0.26281,0.065,2.0,,0.31318,0.66193,0.0295,2.0,,0.33986,-0.34683,0.044,13.0,,0.29161,0.54728,0.0395,0.0,,0.30887,-0.45303,0.029,85.0,,0.28608,0.42125,0.0565,1.0,,0.30327,-0.57205,0.019,108.0,,0.28964,0.30878,0.063,0.0,,,,0.0135,0.0,,0.30698,0.22853,0.0835,0.0,,,,0.009,1.0,,0.31537,0.16249,0.0715,0,,,,0.007,11.0,,0.33828,0.1254,0.159,0.0,,0.31958,-0.88921,0.0046,322.0,,0.38274,0.08002,0.2205,0.0,,0.3518,-0.9382,0.004,0.0,,0.44231,0.0632,0.19,0.0,,,,0.0027,0.0,,0.47146,0.04267,0.335,0,,,,0.002,0.0,,0.50335,0.03106,0.0019,0.0,,0.55119,0.02753,0.0013,0.0,,0.56772,0.01915,0.001,0.0,,0.59096,0.01463,0.4295,0,,,,0.0011,0.0,,0.63987,0.01491,0.001,0.0,,0.67107,0.01314,0.0008,0.0,,0.68933,0.0105,0.703,0,,,,0.0007,0.0,,0.74604,0.0087,0.0003,0.0,,0.73999,0.00403,0.0004,0.0,,0.81664,0.00483,0.0005,0,,0.88773,0.00552,0.0005,0,,0.93673,0.00528,,,,,,0.09,1.0,,0.34341,0.74978
2023-10-11 05:00:00,0.0005,0.0,,1.10878,-0.00374,0.0003,0.0,,0.88833,-0.00293,0.0009,0.0,,0.85705,-0.00824,0.0014,0.0,,0.76666,-0.01364,0.002,0.0,,0.67353,-0.02119,0.0041,0.0,,0.62828,-0.04228,0.0065,0.0,,0.55538,-0.07007,0.0105,0.0,,0.48588,-0.11737,0.0155,39.0,,0.39923,-0.18923,0.022,0.0,,0.38063,-0.25689,0.065,0.0,,0.29246,0.6852,0.0275,20.0,,0.3368,-0.33242,0.044,0.0,,0.27571,0.56544,0.039,4.0,,0.32056,-0.4379,0.029,0.0,,0.27366,0.43364,0.0565,0.0,,0.32278,-0.55007,0.02,8.0,,0.28753,0.32241,0.063,0.0,,,,0.013,252.0,,0.29359,0.22943,0.0835,0.0,,,,0.009,37.0,,0.30777,0.16562,0.0715,0,,,,0.007,27.0,,0.33132,0.12751,0.159,0.0,,0.3775,-0.83741,0.0046,0.0,,0.37664,0.08109,0.2205,0.0,,0.43845,-0.88113,0.004,0.0,,0.43661,0.06389,0.19,0.0,,,,0.0027,0.0,,0.46623,0.04308,0.335,0,,,,0.002,0.0,,0.49845,0.03133,0.0019,0.0,,0.54644,0.02774,0.0013,0.0,,0.56325,0.01929,0.001,0.0,,0.58669,0.01472,0.4295,0,,,,0.0011,0.0,,0.63563,0.015,0.001,0.0,,0.66694,0.01322,0.0008,0.0,,0.68534,0.01056,0.703,0,,,,0.0007,0.0,,0.74219,0.00874,0.0003,0.0,,0.73646,0.00405,0.0004,0.0,,0.81311,0.00485,0.0005,0,,0.88422,0.00554,0.0005,0,,0.93327,0.0053,,,,,,0.09,0.0,,0.31661,0.77649
2023-10-11 06:00:00,0.0005,0.0,,1.11017,-0.00373,0.0003,0.0,,0.88957,-0.00293,0.0009,0.0,,0.85838,-0.00823,0.0014,0.0,,0.768,-0.01362,0.002,0.0,,0.67489,-0.02116,0.0041,0.0,,0.62975,-0.0422,0.006,1.0,,0.54606,-0.06656,0.0105,0.0,,0.48759,-0.11706,0.0155,0.0,,0.40115,-0.18855,0.022,0.0,,0.38279,-0.25583,0.065,0.0,,0.28858,0.68988,0.0275,0.0,,0.33922,-0.33074,0.0495,16.0,,0.31289,0.56543,0.039,0.0,,0.32347,-0.43527,0.029,0.0,,0.27143,0.43606,0.0565,0.0,,0.32642,-0.54629,0.02,317.0,,0.28574,0.32392,0.071,10.0,,0.2794,-0.68059,0.013,7759.0,,0.2921,0.23038,0.0835,0.0,,,,0.009,11.0,,0.30647,0.16621,0.0715,0,,,,0.007,0.0,,0.33016,0.12791,0.159,0.0,,0.38675,-0.82939,0.0045,750.0,,0.37374,0.08012,0.2205,0.0,,0.45097,-0.87267,0.004,0.0,,0.43572,0.06402,0.19,0.0,,,,0.0027,0.0,,0.46544,0.04316,0.335,0,,,,0.002,0.0,,0.49773,0.03138,0.0019,0.0,,0.54577,0.02777,0.0013,0.0,,0.56264,0.01931,0.001,0.0,,0.58612,0.01474,0.4295,0,,,,0.0011,0.0,,0.63509,0.01501,0.001,0.0,,0.66643,0.01323,0.0008,0.0,,0.68486,0.01057,0.703,0,,,,0.0007,0.0,,0.74177,0.00875,0.0003,0.0,,0.73609,0.00405,0.0004,0.0,,0.81277,0.00485,0.0005,0,,0.8839,0.00555,0.0005,0,,0.93299,0.0053,,,,,,0.09,0.0,,0.31145,0.78196
2023-10-11 07:00:00,0.0005,0.0,,1.11069,-0.00373,0.0003,0.0,,0.88999,-0.00293,0.0009,0.0,,0.85878,-0.00823,0.0014,0.0,,0.76836,-0.01362,0.002,0.0,,0.67521,-0.02116,0.0041,0.0,,0.63004,-0.0422,0.006,0.0,,0.54631,-0.06656,0.009,187.0,,0.46529,-0.1076,0.015,7.0,,0.396,-0.18586,0.0195,5.0,,0.36044,-0.24536,0.065,0.0,,0.28871,0.68988,0.0275,0.0,,0.33938,-0.33074,0.0495,0.0,,0.31303,0.56543,0.037,55.0,,0.30904,-0.43429,0.029,0.0,,0.27156,0.43606,0.0565,0.0,,0.32657,-0.54629,0.02,135.0,,0.28587,0.32392,0.071,0.0,,0.27953,-0.68059,0.013,0.0,,0.29223,0.23038,0.0835,0.0,,,,0.009,0.0,,0.30662,0.16621,0.0715,0,,,,0.0065,210.0,,0.32335,0.12236,0.159,0.0,,0.38694,-0.82939,0.0043,89.0,,0.37001,0.07775,0.2205,0.0,,0.45118,-0.87267,0.004,0.0,,0.43592,0.06402,0.19,0.0,,,,0.0024,20.0,,0.45595,0.03962,0.335,0,,inf,,0.0018,1.0,,0.48959,0.029,0.0014,1.0,,0.52135,0.022,0.0012,1.0,,0.55664,0.01814,0.001,0.0,,0.5864,0.01474,0.4295,0,,,,0.0011,0.0,,0.63539,0.01501,0.001,0.0,,0.66674,0.01323,0.0008,0.0,,0.68519,0.01057,0.703,0,,,,0.0007,0.0,,0.74212,0.00875,0.0003,0.0,,0.73644,0.00405,0.0004,0.0,,0.81315,0.00485,0.0005,0,,0.88432,0.00555,0.0005,0,,0.93343,0.0053,,,,,,0.09,0.0,,0.3116,0.78196
2023-10-11 08:00:00,0.0005,0.0,,1.11607,-0.00372,0.0003,0.0,,0.89501,-0.00291,0.0009,0.0,,0.86438,-0.00818,0.0014,0.0,,0.77423,-0.01353,0.002,0.0,,0.68135,-0.02099,0.0035,79.0,,0.6168,-0.03758,0.006,0.0,,0.55374,-0.06577,0.009,0.0,,0.47354,-0.10599,0.0145,33.0,,0.40029,-0.17946,0.0195,0.0,,0.37131,-0.23966,0.065,0.0,,0.26522,0.71878,0.0275,0.0,,0.35207,-0.32173,0.0495,0.0,,0.29607,0.58366,0.0345,1.0,,0.30594,-0.41768,0.0325,75.0,,0.28363,0.45816,0.0565,0.0,,0.34579,-0.5265,0.02,5327.0,,0.27511,0.33277,0.071,0.0,,0.3054,-0.6478,0.0125,62.0,,0.2785,0.23165,0.0835,0.0,,,,0.009,0.0,,0.29868,0.16965,0.0715,0,,,,0.0065,0.0,,0.31618,0.12458,0.159,0.0,,0.43268,-0.79016,0.0046,22.0,,0.36948,0.08245,0.2205,0.0,,0.51081,-0.832,0.004,0.0,,0.43,0.06476,0.19,0.0,,,,0.0024,0.0,,0.4506,0.04003,0.335,0,,0.44727,-0.96118,0.0018,0.0,,0.48456,0.02926,0.0014,0.0,,0.51657,0.02218,0.0012,0.0,,0.55204,0.01828,0.001,0.0,,0.58197,0.01484,0.4295,0,,,,0.0011,0.0,,0.63099,0.01511,0.001,0.0,,0.66246,0.01331,0.0008,0.0,,0.68104,0.01063,0.703,0,,,,0.0007,0.0,,0.73813,0.00879,0.0003,0.0,,0.73278,0.00407,0.0004,0.0,,0.80949,0.00487,0.0005,0,,0.88067,0.00557,0.0005,0,,0.92984,0.00532,,,,,,0.09,0.0,,0.27948,0.81662
2023-10-11 09:00:00,0.0005,0.0,,1.11538,-0.00372,0.0003,0.0,,0.89428,-0.00292,0.0009,0.0,,0.86349,-0.00819,0.0014,0.0,,0.77322,-0.01355,0.002,0.0,,0.68022,-0.02103,0.0035,0.0,,0.61549,-0.03767,0.006,0.0,,0.55221,-0.06597,0.009,0.0,,0.47176,-0.10639,0.014,60.0,,0.39263,-0.17751,0.0195,0.0,,0.36882,-0.24105,0.065,0.0,,,,0.025,3.0,,0.32906,-0.31654,0.05,2.0,,0.30422,0.57847,0.0345,18.0,,0.30237,-0.42131,0.0325,0.0,,0.28717,0.45471,0.0565,0.0,,0.34126,-0.53124,0.02,0.0,,0.27798,0.33049,0.071,0.0,,0.29931,-0.65547,0.0125,0.0,,0.28092,0.23025,0.0835,0.0,,,,0.009,0.0,,0.30084,0.16877,0.0715,0,,,,0.0065,0.0,,0.31816,0.12402,0.159,0.0,,0.42218,-0.7992,0.0046,0.0,,0.37129,0.08216,0.2205,0.0,,0.49738,-0.84129,0.004,0.0,,0.43173,0.06457,0.19,0.0,,,,0.0024,0.0,,0.4522,0.03993,0.335,0,,0.38171,-0.98222,0.0018,0.0,,0.4861,0.0292,0.0014,0.0,,0.51807,0.02214,0.0012,0.0,,0.55352,0.01825,0.001,0.0,,0.58342,0.01482,0.4295,0,,,,0.0011,0.0,,0.63246,0.01508,0.001,0.0,,0.66392,0.01329,0.0008,0.0,,0.68248,0.01061,0.703,0,,,,0.0007,0.0,,0.73956,0.00878,0.0003,0.0,,0.73413,0.00406,0.0004,0.0,,0.81088,0.00487,0.0005,0,,0.8821,0.00556,0.0005,0,,0.93128,0.00531,,,,,,0.09,0.0,,0.28815,0.80721
2023-10-11 10:00:00,0.0005,0.0,,1.10615,-0.00375,0.0003,0.0,,0.88545,-0.00295,0.0009,0.0,,0.85347,-0.00829,0.0013,300.0,,0.75415,-0.01301,0.002,0.0,,0.66883,-0.02138,0.0035,0.0,,0.60289,-0.03842,0.006,54.0,,0.53805,-0.06757,0.0105,1.0,,0.47807,-0.11929,0.016,52.0,,0.39493,-0.19608,0.0205,17.0,,0.35628,-0.25737,0.061,8.0,,0.28475,0.6719,0.0265,52.0,,0.316,-0.34036,0.045,93.0,,0.30143,0.54528,0.0385,35.0,,0.30078,-0.45471,0.029,32.0,,0.28827,0.41994,0.0575,66.0,,0.30923,-0.57194,0.0175,2973.0,,0.27926,0.29867,0.071,0.0,,,,0.0115,437.0,,0.28941,0.21114,0.0835,0.0,,,,0.0075,30.0,,0.29899,0.14641,0.0715,0,,,,0.006,2.0,,0.32563,0.11402,0.159,0.0,,0.31262,-0.89621,0.0037,1000.0,,0.36616,0.06907,0.2205,0.0,,0.33888,-0.94652,0.0033,18.0,,0.42714,0.05521,0.19,0.0,,,,0.0022,6.0,,0.45661,0.03671,0.335,0,,,,0.0018,0.0,,0.49688,0.02868,0.0014,0.0,,0.52838,0.02178,0.0012,1.0,,0.56353,0.01798,0.001,0.0,,0.59314,0.01462,0.4295,0,,,,0.0011,0.0,,0.64218,0.0149,0.001,0.0,,0.67346,0.01314,0.0006,150.0,,0.6689,0.00831,0.703,0,,,,0.0007,0.0,,0.74861,0.00869,0.0003,0.0,,0.7425,0.00403,0.0004,0.0,,0.81938,0.00482,0.0005,0,,0.89068,0.00552,0.0005,0,,0.93981,0.00528,,,,,,0.086,2.0,,0.31052,0.76742
2023-10-11 11:00:00,0.0005,0.0,,1.10667,-0.00375,0.0003,0.0,,0.88587,-0.00295,0.0009,0.0,,0.85387,-0.00829,0.0013,0.0,,0.75451,-0.01301,0.002,0.0,,0.66915,-0.02138,0.0035,0.0,,0.60317,-0.03842,0.006,50.0,,0.5383,-0.06757,0.0095,58.0,,0.46359,-0.113,0.0155,3.0,,0.3899,-0.19343,0.02,12.0,,0.35199,-0.25522,0.061,0.0,,0.28489,0.6719,0.0275,7.0,,0.32398,-0.34302,0.045,0.0,,0.30157,0.54528,0.0375,67.0,,0.29367,-0.45461,0.028,5622.0,,0.28105,0.41686,0.0545,148.0,,0.28737,-0.58049,0.0175,11642.0,,0.27939,0.29867,0.071,0.0,,,,0.011,1234.0,,0.28455,0.20658,0.0835,0.0,,,,0.0075,0.0,,0.29913,0.14641,0.0715,0,,,,0.006,20.0,,0.32579,0.11402,0.159,0.0,,0.31276,-0.89621,0.0041,86.0,,0.37475,0.07401,0.2205,0.0,,0.33904,-0.94652,0.003,10.0,,0.41941,0.05163,0.19,0.0,,,,0.0022,0.0,,0.45683,0.03671,0.335,0,,,,0.002,173.0,,0.50558,0.03104,0.0014,0.0,,0.52863,0.02178,0.0013,49.0,,0.57012,0.01914,0.0012,40.0,,0.60798,0.01687,0.4295,0,,,,0.0011,0.0,,0.64248,0.0149,0.001,0.0,,0.67378,0.01314,0.0006,0.0,,0.66922,0.00831,0.703,0,,,,0.0007,0.0,,0.74896,0.00869,0.0003,0.0,,0.74285,0.00403,0.0004,0.0,,0.81976,0.00482,0.0005,0,,0.8911,0.00552,0.0005,0,,0.94025,0.00528,,,,,,0.086,0.0,,0.31067,0.76742
2023-10-11 12:00:00,0.0005,0.0,,1.1072,-0.00375,0.0003,0.0,,0.88628,-0.00295,0.0009,0.0,,0.85427,-0.00829,0.0013,0.0,,0.75486,-0.01301,0.002,0.0,,0.66946,-0.02138,0.0035,0.0,,0.60346,-0.03842,0.006,0.0,,0.53856,-0.06757,0.0095,0.0,,0.46381,-0.113,0.0145,2.0,,0.37952,-0.18789,0.02,0.0,,0.35216,-0.25522,0.061,0.0,,0.28502,0.6719,0.027,14.0,,0.32022,-0.34171,0.045,0.0,,0.30171,0.54528,0.037,31.0,,0.29018,-0.45455,0.028,10062.0,,0.28118,0.41686,0.054,10.0,,0.28383,-0.58202,0.0175,0.0,,0.27952,0.29867,0.071,0.0,,,,0.011,0.0,,0.28468,0.20658,0.0835,0.0,,,,0.008,2.0,,0.30546,0.15186,0.0715,0,,,,0.006,14.0,,0.32594,0.11402,0.159,0.0,,0.31291,-0.89621,0.0041,0.0,,0.37493,0.07401,0.2205,0.0,,0.3392,-0.94652,0.003,0.0,,0.4196,0.05163,0.19,0.0,,,,0.0022,0.0,,0.45704,0.03671,0.335,0,,,,0.002,0.0,,0.50582,0.03104,0.0014,0.0,,0.52888,0.02178,0.0013,0.0,,0.57039,0.01914,0.0012,0.0,,0.60827,0.01687,0.4295,0,,,,0.0011,0.0,,0.64278,0.0149,0.001,0.0,,0.6741,0.01314,0.0006,0.0,,0.66953,0.00831,0.703,0,,,,0.0007,0.0,,0.74932,0.00869,0.0003,0.0,,0.7432,0.00403,0.0004,0.0,,0.82015,0.00482,0.0005,0,,0.89152,0.00552,0.0005,0,,0.94069,0.00528,,,,,,0.086,0.0,,0.31081,0.76742
2023-10-11 13:00:00,0.0005,0.0,,1.10597,-0.00376,0.0003,0.0,,0.88504,-0.00295,0.0009,0.0,,0.8528,-0.00831,0.0013,0.0,,0.75325,-0.01304,0.002,0.0,,0.66768,-0.02145,0.0035,0.0,,0.60142,-0.03856,0.006,59.0,,0.53621,-0.06787,0.0095,0.0,,0.46108,-0.11363,0.0145,0.0,,0.37623,-0.18932,0.02,9.0,,0.34836,-0.25752,0.061,0.0,,0.29285,0.66288,0.027,0.0,,0.31572,-0.34548,0.045,100.0,,0.30764,0.53928,0.039,101.0,,0.29905,-0.4608,0.0275,50.0,,0.2822,0.41086,0.0555,24.0,,0.28746,-0.58682,0.017,3651.0,,0.27921,0.29262,0.071,0.0,,,,0.011,143.0,,0.28797,0.20488,0.0835,0.0,,,,0.008,173.0,,0.30843,0.15078,0.0715,0,,,,0.006,23.0,,0.32867,0.11331,0.159,0.0,,0.28282,-0.92254,0.0039,325.0,,0.37323,0.07121,0.2205,0.0,,0.26736,-0.98177,0.003,0.0,,0.42192,0.05142,0.19,0.0,,,,0.0023,6.0,,0.46278,0.03779,0.335,0,,,,0.002,0.0,,0.50797,0.03094,0.0014,0.0,,0.53093,0.02172,0.0013,0.0,,0.57242,0.01909,0.0012,0.0,,0.61028,0.01683,0.4295,0,,,,0.0011,0.0,,0.64478,0.01487,0.001,0.0,,0.67607,0.01311,0.0006,0.0,,0.67142,0.00829,0.703,0,,,,0.0007,0.0,,0.75124,0.00868,0.0003,0.0,,0.745,0.00402,0.0004,0.0,,0.82199,0.00482,0.0005,0,,0.8934,0.00551,0.0005,0,,0.94259,0.00527,,,,,,0.086,0.0,,0.32104,0.75695
2023-10-11 14:00:00,0.0005,0.0,,1.10491,-0.00377,0.0003,0.0,,0.88396,-0.00296,0.0009,0.0,,0.85151,-0.00832,0.0013,0.0,,0.75183,-0.01307,0.002,0.0,,0.66609,-0.02151,0.0035,0.0,,0.59962,-0.03868,0.006,0.0,,0.53412,-0.06814,0.0095,0.0,,0.45864,-0.11421,0.016,21.0,,0.38894,-0.19888,0.021,21.0,,0.35378,-0.26389,0.061,0.0,,0.29978,0.65516,0.0285,1185.0,,0.3233,-0.35267,0.041,37.0,,0.28398,0.53332,0.039,0.0,,0.29393,-0.46646,0.0275,1142.0,,0.28641,0.40702,0.056,111.0,,0.28438,-0.59391,0.017,4014.0,,0.28267,0.29017,0.071,0.0,,,,0.011,0.0,,0.29094,0.20339,0.0835,0.0,,,,0.0075,175.0,,0.30486,0.14443,0.0715,0,,,,0.006,12.0,,0.33115,0.11268,0.159,0.0,,0.24566,-0.95246,0.0039,0.0,,0.37547,0.07089,0.2205,0.0,,,,0.003,0.0,,0.42403,0.05123,0.19,0.0,,,,0.0023,0.0,,0.46479,0.03767,0.335,0,,,,0.002,0.0,,0.50994,0.03085,0.0014,0.0,,0.53281,0.02167,0.0013,0.0,,0.57428,0.01904,0.0012,0.0,,0.61213,0.0168,0.4295,0,,,,0.0011,0.0,,0.64661,0.01484,0.001,0.0,,0.67789,0.01308,0.0005,1.0,,0.65956,0.00713,0.703,0,,,,0.0007,0.0,,0.753,0.00866,0.0003,1.0,,0.74665,0.00401,0.0004,0.0,,0.82369,0.00481,0.0005,0,,0.89515,0.0055,0.0005,0,,0.94434,0.00526,,,,,,0.086,0.0,,0.32997,0.74806
2023-10-11 15:00:00,0.0005,0.0,,1.10842,-0.00375,0.0003,0.0,,0.88721,-0.00295,0.0009,0.0,,0.85511,-0.00829,0.0013,0.0,,0.75554,-0.01301,0.002,0.0,,0.66999,-0.0214,0.0038,1.0,,0.61397,-0.04064,0.006,3.0,,0.5388,-0.06763,0.0095,2.0,,0.46388,-0.11313,0.0155,41.0,,0.38994,-0.19372,0.0205,140.0,,0.35633,-0.25783,0.061,0.0,,0.28698,0.67006,0.028,352.0,,0.32757,-0.34503,0.043,161.0,,0.28878,0.54422,0.039,35.0,,0.30397,-0.45594,0.028,436.0,,0.2825,0.41597,0.056,14.0,,0.29746,-0.57788,0.017,21878.0,,0.2765,0.29484,0.071,0.0,,,,0.011,0.0,,0.28572,0.20624,0.0835,0.0,,,,0.0075,300.0,,0.30026,0.1462,0.0715,0,,,,0.006,15.0,,0.32692,0.11388,0.159,0.0,,0.30785,-0.90108,0.004,253.0,,0.37385,0.07272,0.2205,0.0,,0.3293,-0.95247,0.003,0.0,,0.42062,0.05159,0.19,0.0,,,,0.0023,0.0,,0.46162,0.0379,0.335,0,,,,0.002,0.0,,0.50692,0.03102,0.0014,0.0,,0.52999,0.02177,0.0013,0.0,,0.57155,0.01913,0.0012,0.0,,0.60948,0.01687,0.4295,0,,,,0.0011,0.0,,0.64403,0.01489,0.001,0.0,,0.67538,0.01313,0.0005,0.0,,0.65724,0.00716,0.703,0,,,,0.0007,0.0,,0.75069,0.00869,0.0003,0.0,,0.74455,0.00403,0.0004,0.0,,0.8216,0.00482,0.0005,0,,0.89307,0.00552,0.0005,0,,0.94232,0.00527,,,,,,0.086,0.0,,0.3133,0.76527
2023-10-11 16:00:00,0.0005,0.0,,1.11157,-0.00375,0.0003,0.0,,0.89012,-0.00294,0.0009,0.0,,0.85833,-0.00827,0.0013,0.0,,0.75885,-0.01296,0.002,0.0,,0.67347,-0.0213,0.0038,0.0,,0.61778,-0.04042,0.006,109.0,,0.54295,-0.06719,0.0095,81.0,,0.46852,-0.11219,0.0155,0.0,,0.39538,-0.19158,0.02,38.0,,0.35794,-0.2523,0.066,2.0,,0.31528,0.66714,0.027,127.0,,0.32682,-0.33698,0.045,6.0,,0.29465,0.55344,0.039,0.0,,0.31268,-0.44722,0.028,25.0,,0.27571,0.42274,0.0555,99.0,,0.30499,-0.56611,0.018,12230.0,,0.27929,0.30556,0.071,0.0,,,,0.011,0.0,,0.2811,0.20884,0.0835,0.0,,,,0.0075,0.0,,0.2962,0.14781,0.0715,0,,,,0.006,50.0,,0.3232,0.11495,0.159,0.0,,0.34511,-0.868,0.004,11.0,,0.37059,0.07327,0.2205,0.0,,0.39167,-0.91412,0.003,0.0,,0.41764,0.05191,0.19,0.0,,,,0.0023,0.0,,0.45886,0.03811,0.335,0,,,,0.002,0.0,,0.50429,0.03116,0.0014,0.0,,0.52753,0.02187,0.0013,0.0,,0.56917,0.0192,0.0012,0.0,,0.60718,0.01693,0.4295,0,,,,0.0011,0.0,,0.6418,0.01494,0.001,0.0,,0.67322,0.01317,0.0005,0.0,,0.65524,0.00718,0.703,0,,,,0.0007,0.0,,0.7487,0.00871,0.0003,0.0,,0.74274,0.00404,0.0004,0.0,,0.81981,0.00483,0.0005,0,,0.8913,0.00553,0.0005,0,,0.94058,0.00529,,,,,,0.086,0.0,,0.29765,0.78212
2023-10-11 17:00:00,0.0005,0.0,,1.12134,-0.00371,0.0003,0.0,,0.89932,-0.00291,0.0008,200.0,,0.8552,-0.00747,0.0013,0.0,,0.7696,-0.01279,0.002,0.0,,0.68488,-0.02097,0.0038,0.0,,0.63043,-0.03968,0.006,0.0,,0.55687,-0.06569,0.0095,0.0,,0.48421,-0.10904,0.0135,7.0,,0.39188,-0.17334,0.018,32.0,,0.35999,-0.23209,0.066,0.0,,0.27223,0.71693,0.025,12.0,,0.33469,-0.31336,0.045,0.0,,0.26212,0.59167,0.034,114.0,,0.30513,-0.41565,0.031,30.0,,0.27247,0.45652,0.0475,58.0,,0.28404,-0.54015,0.0205,321.0,,0.27906,0.33647,0.071,0.0,,0.30935,-0.6446,0.011,0.0,,0.26431,0.21876,0.0835,0.0,,,,0.0085,58.0,,0.29333,0.16483,0.0715,0,,,,0.0065,56.0,,0.31674,0.12483,0.159,0.0,,0.439,-0.78642,0.0041,135.0,,0.36062,0.07652,0.2205,0.0,,0.51868,-0.82816,0.0031,4.0,,0.40925,0.05432,0.19,0.0,,,,0.0023,0.0,,0.44853,0.03885,0.335,0,,0.46874,-0.95365,0.002,0.0,,0.49441,0.03169,0.0014,0.0,,0.51823,0.0222,0.0013,0.0,,0.56012,0.01947,0.0012,0.0,,0.59835,0.01714,0.4295,0,,,,0.0011,0.0,,0.63318,0.01512,0.001,0.0,,0.66478,0.01332,0.0005,0.0,,0.64739,0.00725,0.703,0,,,,0.0007,0.0,,0.7408,0.00879,0.0003,0.0,,0.73547,0.00407,0.0004,0.0,,0.8125,0.00487,0.0005,0,,0.88398,0.00557,0.0005,0,,0.93336,0.00532,,,,,,0.086,0.0,,0.22929,0.86235
2023-10-11 18:00:00,0.0005,0.0,,1.12309,-0.00371,0.0003,0.0,,0.9009,-0.00291,0.0008,0.0,,0.85688,-0.00745,0.0013,0.0,,0.77133,-0.01277,0.002,0.0,,0.68666,-0.02093,0.0038,0.0,,0.63236,-0.03959,0.0055,14.0,,0.54738,-0.06203,0.0095,0.0,,0.48647,-0.10864,0.0135,10.0,,0.3944,-0.17248,0.018,60.0,,0.36278,-0.23074,0.066,0.0,,0.26613,0.72475,0.0245,50.0,,0.33381,-0.30957,0.045,0.0,,,,0.0345,2.0,,0.31265,-0.41264,0.0325,21.0,,0.28004,0.46322,0.0475,0.0,,0.28889,-0.53446,0.0205,56.0,,0.27641,0.33879,0.069,10.0,,0.30015,-0.64616,0.013,5.0,,0.28121,0.2379,0.0835,0.0,,,,0.009,288.0,,0.29718,0.17092,0.0715,0,,,,0.0065,0.0,,0.31505,0.1254,0.159,0.0,,0.44944,-0.77797,0.0041,0.0,,0.35918,0.0768,0.2205,0.0,,0.53183,-0.81951,0.0031,0.0,,0.40796,0.05448,0.19,0.0,,,,0.0023,0.0,,0.44736,0.03895,0.335,0,,0.50633,-0.93803,0.002,0.0,,0.49331,0.03176,0.0014,0.0,,0.51722,0.02225,0.0013,0.0,,0.55916,0.0195,0.0012,0.0,,0.59743,0.01717,0.4295,0,,,,0.0011,0.0,,0.6323,0.01514,0.001,0.0,,0.66394,0.01334,0.0005,0.0,,0.64662,0.00727,0.703,0,,,,0.0007,0.0,,0.74007,0.00881,0.0003,0.0,,0.73482,0.00408,0.0004,0.0,,0.81188,0.00488,0.0005,0,,0.88338,0.00558,0.0005,0,,0.9328,0.00533,,,,,,0.086,0.0,,0.21756,0.87714
2023-10-11 19:00:00,0.0005,0.0,,1.12032,-0.00372,0.0003,0.0,,0.89819,-0.00292,0.0008,0.0,,0.85381,-0.00748,0.0013,0.0,,0.76798,-0.01283,0.002,0.0,,0.68302,-0.02105,0.0034,2.0,,0.6144,-0.03696,0.005,7.0,,0.53084,-0.05887,0.0095,0.0,,0.48118,-0.10974,0.0145,25.0,,0.39932,-0.1806,0.018,0.0,,0.35582,-0.23446,0.066,0.0,,0.28284,0.70431,0.025,23.0,,0.32974,-0.31718,0.045,0.0,,0.27002,0.58221,0.0345,12.0,,0.30274,-0.42237,0.032,11.0,,0.28587,0.45266,0.0475,0.0,,0.2761,-0.55038,0.021,68.0,,0.28802,0.33525,0.0685,3.0,,0.27914,-0.6708,0.013,12.0,,0.28763,0.23406,0.0835,0.0,,,,0.009,0.0,,0.30285,0.16852,0.0715,0,,,,0.0065,43.0,,0.32019,0.12386,0.159,0.0,,0.42104,-0.80186,0.0041,23.0,,0.36372,0.07605,0.2205,0.0,,0.49569,-0.84404,0.0031,6.0,,0.41219,0.05404,0.19,0.0,,,,0.0024,3.0,,0.45474,0.0399,0.335,0,,0.3489,-0.98998,0.002,0.0,,0.49716,0.03157,0.0016,1.0,,0.53135,0.02451,0.0013,0.0,,0.56276,0.01941,0.0012,0.0,,0.60098,0.01709,0.4295,0,,,,0.0011,0.0,,0.6358,0.01508,0.001,0.0,,0.66739,0.01328,0.0005,0.0,,0.64985,0.00724,0.703,0,,,,0.0007,0.0,,0.74337,0.00878,0.0003,0.0,,0.73789,0.00406,0.0004,0.0,,0.81501,0.00486,0.0005,0,,0.88657,0.00556,0.0005,0,,0.93598,0.00531,,,,,,0.086,0.0,,0.24763,0.84013
2023-10-11 20:00:00,0.0005,0.0,,1.11771,-0.00373,0.0003,0.0,,0.89563,-0.00293,0.0008,0.0,,0.8509,-0.00751,0.0013,0.0,,0.76482,-0.01289,0.002,0.0,,0.67958,-0.02116,0.0035,1.0,,0.61409,-0.03793,0.0055,11.0,,0.53853,-0.06301,0.009,2.0,,0.46844,-0.10754,0.0145,0.0,,0.39337,-0.18295,0.0185,142.0,,0.35382,-0.24054,0.066,0.0,,0.29784,0.68699,0.025,12.0,,0.32193,-0.32315,0.045,0.0,,0.28134,0.56895,0.0345,91.0,,0.29315,-0.43222,0.032,0.0,,0.2947,0.44413,0.0475,0.0,,0.26353,-0.56693,0.019,313.0,,0.27919,0.3185,0.069,15.0,,0.26596,-0.69148,0.0115,550.0,,0.27924,0.21761,0.0835,0.0,,,,0.0075,900.0,,0.29031,0.15035,0.0715,0,,,,0.006,75.0,,0.31785,0.11665,0.159,0.0,,0.3911,-0.82783,0.0043,13.0,,0.37206,0.07779,0.2205,0.0,,0.45636,-0.87103,0.0031,20.0,,0.41622,0.05364,0.19,0.0,,,,0.0024,0.0,,0.45856,0.03964,0.335,0,,,,0.002,0.0,,0.50084,0.03139,0.0016,10.0,,0.5349,0.02438,0.0013,0.0,,0.5662,0.01932,0.0012,0.0,,0.60436,0.01702,0.4295,0,,,,0.0011,0.0,,0.63913,0.01502,0.001,0.0,,0.67069,0.01323,0.0005,0.0,,0.65293,0.00721,0.703,0,,,,0.0007,0.0,,0.74653,0.00875,0.0003,0.0,,0.74083,0.00405,0.0004,0.0,,0.81801,0.00485,0.0005,0,,0.88962,0.00555,0.0005,0,,0.93903,0.0053,,,,,,0.086,0.0,,0.27156,0.81198
2023-10-11 21:00:00,0.0005,0.0,,1.12051,-0.00372,0.0003,0.0,,0.89821,-0.00292,0.0008,0.0,,0.8537,-0.00749,0.0013,0.0,,0.76773,-0.01285,0.002,0.0,,0.68263,-0.02108,0.0035,0.0,,0.61738,-0.03776,0.0055,75.0,,0.54209,-0.06266,0.009,6.0,,0.47243,-0.10679,0.014,4.0,,0.3925,-0.1784,0.0185,0.0,,0.35895,-0.23786,0.066,0.0,,0.28732,0.69932,0.0245,6.0,,0.3238,-0.31721,0.045,0.0,,0.27342,0.57842,0.0345,19.0,,0.30034,-0.42504,0.032,42.0,,0.28857,0.45024,0.0475,0.0,,0.27288,-0.55482,0.019,0.0,,0.27429,0.32257,0.0685,5.0,,0.27468,-0.67715,0.0115,347.0,,0.27518,0.22007,0.0835,0.0,,,,0.0075,0.0,,0.28678,0.15184,0.0715,0,,,,0.006,0.0,,0.31462,0.11764,0.159,0.0,,0.41341,-0.8087,0.0043,0.0,,0.36922,0.0783,0.2205,0.0,,0.48576,-0.85111,0.003,30.0,,0.41099,0.0527,0.19,0.0,,,,0.0024,0.0,,0.45617,0.03982,0.335,0,,,,0.002,0.0,,0.49859,0.03152,0.0016,0.0,,0.53277,0.02447,0.001,1.0,,0.54418,0.01579,0.0012,0.0,,0.60241,0.01707,0.4295,0,,,,0.0011,0.0,,0.63724,0.01506,0.001,0.0,,0.66885,0.01327,0.0005,0.0,,0.65124,0.00723,0.703,0,,,,0.0007,0.0,,0.74486,0.00877,0.0003,0.0,,0.73931,0.00406,0.0004,0.0,,0.81651,0.00486,0.0005,0,,0.88814,0.00556,0.0005,0,,0.9376,0.00531,,,,,,0.086,0.0,,0.25482,0.83177
2023-10-11 22:00:00,0.0005,0.0,,1.12069,-0.00373,0.0003,0.0,,0.89831,-0.00292,0.0008,0.0,,0.85374,-0.0075,0.0013,0.0,,0.76771,-0.01285,0.002,0.0,,0.68253,-0.02109,0.0035,0.0,,0.61721,-0.03779,0.0055,6.0,,0.54184,-0.06271,0.009,23.0,,0.47207,-0.1069,0.0145,17.0,,0.39751,-0.18151,0.0185,0.0,,0.35836,-0.23827,0.0705,10.0,,0.32591,0.68101,0.024,13.0,,0.31902,-0.31623,0.05,7.0,,0.31165,0.57264,0.036,17.0,,0.31045,-0.42725,0.032,156.0,,0.28968,0.44928,0.051,5.0,,0.29717,-0.54843,0.02,40.0,,0.28322,0.32763,0.071,5.0,,0.2929,-0.66583,0.0115,0.0,,0.27596,0.21969,0.0835,0.0,,,,0.009,30.0,,0.30532,0.16766,0.0715,0,,,,0.0065,3.0,,0.32249,0.1233,0.159,0.0,,0.41032,-0.81151,0.004,5.0,,0.36382,0.07454,0.2205,0.0,,0.48172,-0.85402,0.0029,5.0,,0.4089,0.05141,0.19,0.0,,,,0.0024,0.0,,0.45679,0.0398,0.335,0,,,,0.002,0.0,,0.49921,0.0315,0.0016,0.0,,0.53339,0.02446,0.001,0.0,,0.54479,0.01578,0.001,104.0,,0.58854,0.01478,0.4295,0,,,,0.0011,0.0,,0.63788,0.01505,0.001,0.0,,0.6695,0.01326,0.0005,0.0,,0.65185,0.00723,0.703,0,,,,0.0007,0.0,,0.74552,0.00877,0.0003,0.0,,0.73995,0.00406,0.0004,0.0,,0.81719,0.00486,0.0005,0,,0.88886,0.00556,0.0005,0,,0.93833,0.00531,,,,,,0.086,0.0,,0.25765,0.82855
2023-10-11 23:00:00,0.0005,0.0,,1.11334,-0.00375,0.0003,0.0,,0.89125,-0.00295,0.0008,0.0,,0.84582,-0.00757,0.0013,0.0,,0.75921,-0.013,0.0027,10.0,,0.70936,-0.02646,0.0035,0.0,,0.60708,-0.03839,0.006,307.0,,0.54189,-0.06751,0.009,0.0,,0.45921,-0.10957,0.0155,15.0,,0.39283,-0.19314,0.0195,50.0,,0.35028,-0.25254,0.0705,0.0,,0.35986,0.64795,0.0275,50.0,,0.32676,-0.34229,0.045,62.0,,0.30212,0.54651,0.039,76.0,,0.30743,-0.45357,0.0295,180.0,,0.29282,0.42229,0.0555,249.0,,0.29789,-0.57572,0.019,25.0,,0.29263,0.3085,0.071,0.0,,,,0.012,3.0,,0.29552,0.2159,0.0835,0.0,,,,0.0085,100.0,,0.31256,0.15732,0.0715,0,,,,0.0065,0.0,,0.33448,0.11986,0.159,0.0,,0.31987,-0.89151,0.0043,43.0,,0.3805,0.07648,0.2205,0.0,,0.35049,-0.9409,0.0029,0.0,,0.41862,0.05045,0.19,0.0,,,,0.0024,0.0,,0.46604,0.03916,0.335,0,,,,0.002,0.0,,0.50808,0.03106,0.0016,0.0,,0.5419,0.02415,0.001,0.0,,0.55279,0.0156,0.001,0.0,,0.59646,0.01462,0.4295,0,,,,0.0011,0.0,,0.64581,0.0149,0.001,0.0,,0.67729,0.01314,0.0005,0.0,,0.65913,0.00716,0.703,0,,,,0.0007,0.0,,0.75292,0.0087,0.0003,0.0,,0.7468,0.00403,0.0004,0.0,,0.82414,0.00483,0.0005,0,,0.89588,0.00552,0.0005,0,,0.94532,0.00528,,,,,,0.086,0.0,,0.31036,0.7696
2023-10-12 00:00:00,0.0005,0.0,,1.10893,-0.00377,0.0003,0.0,,0.88699,-0.00296,0.0008,0.0,,0.84102,-0.00761,0.0013,0.0,,0.75401,-0.01309,0.0027,0.0,,0.70351,-0.02668,0.0035,0.0,,0.60083,-0.03878,0.006,15.0,,0.53483,-0.06835,0.01,57.0,,0.46612,-0.11789,0.0165,96.0,,0.39342,-0.20254,0.0195,0.0,,0.33932,-0.25909,0.0705,0.0,,0.37976,0.63024,0.0275,0.0,,0.31372,-0.353,0.045,1.0,,0.31841,0.53011,0.041,218.0,,0.30571,-0.47043,0.0285,256.0,,0.29841,0.40744,0.0555,0.0,,0.2765,-0.60279,0.0175,257.0,,0.29083,0.29157,0.071,0.0,,,,0.012,0.0,,0.30466,0.21113,0.0835,0.0,,,,0.008,32.0,,0.31457,0.14911,0.0715,0,,,,0.0065,370.0,,0.34199,0.11783,0.159,0.0,,0.19153,-0.98574,0.0043,0.0,,0.3872,0.07544,0.2205,0.0,,,,0.0031,51.0,,0.43027,0.05228,0.19,0.0,,,,0.0024,0.0,,0.47189,0.03877,0.335,0,,,,0.002,0.0,,0.51371,0.03078,0.0016,0.0,,0.54732,0.02396,0.001,0.0,,0.5579,0.01548,0.001,0.0,,0.60152,0.01453,0.4295,0,,,,0.0011,0.0,,0.65087,0.01481,0.001,0.0,,0.68228,0.01307,0.0005,0.0,,0.66379,0.00712,0.703,0,,,,0.0007,0.0,,0.75769,0.00865,0.0003,0.0,,0.75122,0.00401,0.0004,0.0,,0.82864,0.00481,0.0005,0,,0.90044,0.0055,0.0005,0,,0.94986,0.00526,,,,,,0.086,0.0,,0.33821,0.74147
2023-10-12 01:00:00,0.0005,0.0,,1.1107,-0.00377,0.0003,0.0,,0.88859,-0.00296,0.0008,0.0,,0.84272,-0.0076,0.0013,0.0,,0.75577,-0.01307,0.0027,0.0,,0.70539,-0.02662,0.0035,0.0,,0.60276,-0.03868,0.006,0.0,,0.53692,-0.06814,0.01,147.0,,0.46845,-0.11743,0.016,18.0,,0.39097,-0.19888,0.022,5.0,,0.36445,-0.26791,0.0705,0.0,,0.37509,0.63449,0.028,27.0,,0.3211,-0.35147,0.043,77.0,,0.30002,0.53366,0.041,0.0,,0.31003,-0.46608,0.0275,281.0,,0.28791,0.40702,0.057,125.0,,0.29333,-0.59058,0.017,15238.0,,0.28415,0.29017,0.071,0.0,,,,0.011,470.0,,0.29247,0.20339,0.0835,0.0,,,,0.008,285.0,,0.31274,0.14984,0.0715,0,,,,0.0065,0.0,,0.34031,0.11833,0.159,0.0,,0.24693,-0.95248,0.0044,9.0,,0.38777,0.07686,0.2205,0.0,,,,0.0031,0.0,,0.42898,0.05243,0.19,0.0,,,,0.0024,0.0,,0.47071,0.03887,0.335,0,,,,0.002,0.0,,0.51261,0.03085,0.0016,0.0,,0.54629,0.024,0.001,0.0,,0.55695,0.01551,0.001,0.0,,0.60062,0.01455,0.4295,0,,,,0.0011,0.0,,0.64999,0.01484,0.001,0.0,,0.68144,0.01308,0.0005,0.0,,0.66302,0.00713,0.703,0,,,,0.0007,0.0,,0.75694,0.00866,0.0003,0.0,,0.75056,0.00401,0.0004,0.0,,0.82801,0.00481,0.0005,0,,0.89984,0.0055,0.0005,0,,0.94929,0.00526,,,,,,0.086,0.0,,0.33169,0.74806
2023-10-12 02:00:00,0.0005,0.0,,1.1137,-0.00376,0.0003,0.0,,0.89136,-0.00295,0.0008,0.0,,0.84573,-0.00758,0.0013,0.0,,0.75891,-0.01302,0.0027,0.0,,0.70883,-0.02651,0.0035,0.0,,0.60632,-0.03849,0.006,0.0,,0.54084,-0.06772,0.0095,20.0,,0.46542,-0.11332,0.0155,33.0,,0.39092,-0.19415,0.0205,28.0,,0.357,-0.25851,0.0705,0.0,,0.36539,0.64334,0.028,0.0,,0.32788,-0.34615,0.0415,49.0,,0.28111,0.54242,0.0385,2.0,,0.30017,-0.45774,0.027,1.0,,0.27793,0.4114,0.0565,500.0,,0.30046,-0.57913,0.018,23297.0,,0.28743,0.30044,0.071,0.0,,,,0.012,2083.0,,0.2982,0.21468,0.0835,0.0,,,,0.0085,1.0,,0.31503,0.15656,0.0715,0,,,,0.0065,0.0,,0.3368,0.11934,0.159,0.0,,0.30071,-0.90872,0.0044,0.0,,0.38468,0.07739,0.2205,0.0,,0.31292,-0.9622,0.0035,10.0,,0.43658,0.05742,0.19,0.0,,,,0.0024,0.0,,0.46811,0.03906,0.335,0,,,,0.002,0.0,,0.51016,0.03099,0.0016,32.0,,0.54397,0.0241,0.0015,33.0,,0.58692,0.02135,0.001,0.0,,0.59851,0.0146,0.4295,0,,,,0.0011,0.0,,0.64792,0.01488,0.001,0.0,,0.67943,0.01312,0.0005,0.0,,0.66116,0.00715,0.703,0,,,,0.0007,0.0,,0.7551,0.00869,0.0003,0.0,,0.74889,0.00402,0.0004,0.0,,0.82635,0.00482,0.0005,0,,0.8982,0.00552,0.0005,0,,0.9477,0.00527,,,,,,0.086,0.0,,0.31801,0.7621
2023-10-12 03:00:00,0.0005,0.0,,1.11934,-0.00374,0.0003,0.0,,0.89663,-0.00294,0.0008,0.0,,0.85152,-0.00753,0.0013,0.0,,0.76501,-0.01293,0.0027,0.0,,0.71556,-0.02629,0.0035,0.0,,0.61336,-0.03809,0.006,20.0,,0.54866,-0.06687,0.0095,3.0,,0.47422,-0.11152,0.0155,0.0,,0.40132,-0.19005,0.0195,9.0,,0.35959,-0.24769,0.0705,0.0,,0.34436,0.66331,0.028,0.0,,0.34155,-0.33578,0.0415,0.0,,0.26388,0.56287,0.039,15.0,,0.32055,-0.44113,0.0285,1.0,,0.27568,0.42937,0.0565,0.0,,0.32189,-0.55473,0.019,75.0,,0.28476,0.31487,0.071,0.0,,0.2713,-0.69525,0.0125,13.0,,0.29383,0.22414,0.0835,0.0,,,,0.009,88.0,,0.31273,0.16491,0.0715,0,,,,0.007,393.0,,0.33639,0.12703,0.159,0.0,,0.36992,-0.84757,0.0048,247.0,,0.38582,0.08315,0.2205,0.0,,0.42709,-0.89193,0.0035,0.0,,0.43048,0.0581,0.19,0.0,,,,0.0024,0.0,,0.4625,0.03947,0.335,0,,,,0.002,0.0,,0.50482,0.03127,0.0016,0.0,,0.53889,0.0243,0.0015,0.0,,0.58199,0.02151,0.001,0.0,,0.59386,0.0147,0.4295,0,,,,0.0011,0.0,,0.6433,0.01498,0.001,0.0,,0.67492,0.0132,0.0005,0.0,,0.65697,0.00719,0.703,0,,,,0.0007,0.0,,0.75091,0.00873,0.0003,0.0,,0.74504,0.00404,0.0004,0.0,,0.8225,0.00484,0.0005,0,,0.89436,0.00554,0.0005,0,,0.94392,0.00529,,,,,,0.086,0.0,,0.28684,0.7957
2023-10-12 04:00:00,0.0005,0.0,,1.11759,-0.00375,0.0003,0.0,,0.89489,-0.00294,0.0008,0.0,,0.84952,-0.00755,0.0013,0.0,,0.7628,-0.01297,0.0027,0.0,,0.71304,-0.02639,0.0035,0.0,,0.61063,-0.03827,0.006,0.0,,0.54554,-0.06725,0.0095,0.0,,0.47061,-0.11232,0.0155,3250.0,,0.39694,-0.19186,0.0195,0.0,,0.35466,-0.25053,0.0675,2.0,,0.33052,0.66138,0.027,34.0,,0.32777,-0.3377,0.0415,0.0,,0.27189,0.55338,0.039,0.0,,0.31333,-0.44835,0.0285,0.0,,0.28192,0.42333,0.0565,3250.0,,0.31264,-0.56525,0.019,28.0,,0.28989,0.31106,0.071,0.0,,0.25791,-0.71419,0.0125,0.0,,0.29821,0.22177,0.0835,0.0,,,,0.009,0.0,,0.31666,0.1634,0.0715,0,,,,0.007,0.0,,0.34002,0.12602,0.159,0.0,,0.34258,-0.87201,0.0048,0.0,,0.38908,0.08262,0.2205,0.0,,0.38706,-0.91858,0.0035,0.0,,0.43352,0.05779,0.19,0.0,,,,0.0024,0.0,,0.46534,0.03928,0.335,0,,,,0.002,0.0,,0.50756,0.03114,0.0016,0.0,,0.54154,0.02421,0.0015,0.0,,0.5846,0.02144,0.001,0.0,,0.59635,0.01466,0.4295,0,,,,0.0011,0.0,,0.64582,0.01493,0.001,0.0,,0.67741,0.01317,0.0005,0.0,,0.6593,0.00717,0.703,0,,,,0.0007,0.0,,0.75331,0.00871,0.0003,0.0,,0.74728,0.00403,0.0004,0.0,,0.8248,0.00483,0.0005,0,,0.8967,0.00553,0.0005,0,,0.94627,0.00528,,,,,,0.086,0.0,,0.30153,0.77977
2023-10-12 05:00:00,0.0005,0.0,,1.11812,-0.00375,0.0003,0.0,,0.89532,-0.00294,0.0008,0.0,,0.84993,-0.00755,0.0013,0.0,,0.76317,-0.01297,0.0027,0.0,,0.71338,-0.02639,0.0035,0.0,,0.61092,-0.03827,0.006,0.0,,0.5458,-0.06725,0.009,7.0,,0.46316,-0.10902,0.0145,19.0,,0.38642,-0.18634,0.019,219.0,,0.35027,-0.24825,0.0675,0.0,,0.33067,0.66138,0.027,0.0,,0.32793,-0.3377,0.0415,0.0,,0.27202,0.55338,0.039,0.0,,0.31348,-0.44835,0.0285,0.0,,0.28206,0.42333,0.0565,0.0,,0.31279,-0.56525,0.0195,456.0,,0.29412,0.31399,0.071,0.0,,0.25803,-0.71419,0.0125,260.0,,0.29836,0.22177,0.0835,0.0,,,,0.009,13.0,,0.31681,0.1634,0.0715,0,,,,0.007,0.0,,0.34018,0.12602,0.159,0.0,,0.34274,-0.87201,0.0048,75.0,,0.38927,0.08262,0.2205,0.0,,0.38725,-0.91858,0.0035,0.0,,0.43372,0.05779,0.19,0.0,,,,0.0024,0.0,,0.46556,0.03928,0.335,0,,,,0.002,0.0,,0.50781,0.03114,0.0016,0.0,,0.5418,0.02421,0.0015,0.0,,0.58488,0.02144,0.001,0.0,,0.59664,0.01466,0.4295,0,,,,0.0011,0.0,,0.64613,0.01493,0.001,0.0,,0.67773,0.01317,0.0005,0.0,,0.65962,0.00717,0.703,0,,,,0.0007,0.0,,0.75367,0.00871,0.0003,0.0,,0.74764,0.00403,0.0004,0.0,,0.82519,0.00483,0.0005,0,,0.89713,0.00553,0.0005,0,,0.94672,0.00528,,,,,,0.086,0.0,,0.30168,0.77977
2023-10-12 06:00:00,0.0005,0.0,,1.12095,-0.00374,0.0003,0.0,,0.89792,-0.00294,0.0008,0.0,,0.85275,-0.00753,0.0013,0.0,,0.76611,-0.01293,0.0027,0.0,,0.71659,-0.02629,0.0035,0.0,,0.61424,-0.03809,0.006,0.0,,0.54945,-0.06687,0.009,0.0,,0.46719,-0.10824,0.015,2.0,,0.39653,-0.18735,0.019,0.0,,0.35551,-0.24542,0.0695,11.0,,0.3369,0.66592,0.027,50.0,,0.33407,-0.33312,0.048,3.0,,0.31207,0.55931,0.036,8.0,,0.29896,-0.43993,0.0295,1.0,,0.28346,0.43218,0.051,12.0,,0.2819,-0.5684,0.019,8.0,,0.28517,0.31487,0.071,0.0,,0.27169,-0.69525,0.013,50.0,,0.29907,0.22831,0.0835,0.0,,,,0.009,20.0,,0.31318,0.16491,0.0715,0,,,,0.007,24.0,,0.33687,0.12703,0.159,0.0,,0.37046,-0.84757,0.0048,0.0,,0.38637,0.08315,0.2205,0.0,,0.4277,-0.89193,0.0035,0.0,,0.4311,0.0581,0.19,0.0,,,,0.0024,0.0,,0.46317,0.03947,0.335,0,,,,0.002,0.0,,0.50555,0.03127,0.0016,0.0,,0.53967,0.0243,0.0015,0.0,,0.58282,0.02151,0.001,0.0,,0.59471,0.0147,0.4295,0,,,,0.0011,0.0,,0.64423,0.01498,0.001,0.0,,0.67589,0.0132,0.0005,0.0,,0.65792,0.00719,0.703,0,,,,0.0007,0.0,,0.75199,0.00873,0.0003,0.0,,0.74611,0.00404,0.0004,0.0,,0.82368,0.00484,0.0005,0,,0.89564,0.00554,0.0005,0,,0.94528,0.00529,,,,,,0.086,0.0,,0.28725,0.7957
2023-10-12 07:00:00,0.0005,0.0,,1.12131,-0.00374,0.0003,0.0,,0.89818,-0.00294,0.0008,0.0,,0.85297,-0.00753,0.0013,0.0,,0.76628,-0.01293,0.0027,0.0,,0.71671,-0.02629,0.0035,0.0,,0.6143,-0.03811,0.006,0.0,,0.54945,-0.0669,0.009,7.0,,0.46712,-0.1083,0.015,7.0,,0.39637,-0.18748,0.019,0.0,,0.35529,-0.24563,0.0695,0.0,,0.33782,0.66517,0.027,0.0,,0.33378,-0.33346,0.047,50.0,,0.30546,0.55909,0.036,0.0,,0.29854,-0.4405,0.03,14.0,,0.28776,0.43308,0.051,0.0,,0.2813,-0.56932,0.019,8.0,,0.28569,0.31457,0.071,0.0,,0.2708,-0.69664,0.013,0.0,,0.29954,0.22813,0.0835,0.0,,,,0.009,0.0,,0.31363,0.16479,0.0715,0,,,,0.007,0.0,,0.3373,0.12695,0.159,0.0,,0.36865,-0.84933,0.0048,0.0,,0.3868,0.08311,0.2205,0.0,,0.4251,-0.89382,0.0035,0.0,,0.43153,0.05808,0.19,0.0,,,,0.0024,0.0,,0.46359,0.03945,0.335,0,,,,0.002,0.0,,0.50598,0.03126,0.0016,0.0,,0.54011,0.02429,0.0015,0.0,,0.58328,0.02151,0.001,0.0,,0.59517,0.0147,0.4295,0,,,,0.0011,0.0,,0.64471,0.01497,0.001,0.0,,0.67638,0.0132,0.0005,0.0,,0.65839,0.00719,0.703,0,,,,0.0007,0.0,,0.75251,0.00873,0.0003,0.0,,0.74662,0.00404,0.0004,0.0,,0.82423,0.00484,0.0005,0,,0.89622,0.00554,0.0005,0,,0.94588,0.00529,,,,,,0.086,0.0,,0.28854,0.79442
2023-10-12 08:00:00,0.0005,0.0,,1.11867,-0.00375,0.0003,0.0,,0.8956,-0.00295,0.0008,0.0,,0.85003,-0.00756,0.0013,0.0,,0.76308,-0.01299,0.0027,0.0,,0.71308,-0.02643,0.0035,0.0,,0.6104,-0.03835,0.006,0.0,,0.54502,-0.06742,0.009,2.0,,0.46207,-0.10939,0.015,0.0,,0.39026,-0.18999,0.0195,2.0,,0.35298,-0.25187,0.0695,0.0,,0.35139,0.65213,0.027,14.0,,0.32561,-0.33987,0.0455,2.0,,0.30532,0.54829,0.036,0.0,,0.28851,-0.45127,0.03,0.0,,0.29638,0.42504,0.051,0.0,,0.26801,-0.5868,0.019,0.0,,0.29274,0.30935,0.071,0.0,,,,0.013,0.0,,0.30561,0.22486,0.0835,0.0,,,,0.009,0.0,,0.31902,0.16272,0.0715,0,,,,0.007,12.0,,0.34227,0.12556,0.159,0.0,,0.32892,-0.88472,0.0048,0.0,,0.39125,0.08238,0.2205,0.0,,0.36504,-0.93298,0.0035,0.0,,0.43566,0.05765,0.19,0.0,,,,0.0024,0.0,,0.46744,0.0392,0.335,0,,,,0.002,0.0,,0.5097,0.03108,0.0016,0.0,,0.54369,0.02417,0.0015,0.0,,0.58681,0.02141,0.001,0.0,,0.59853,0.01464,0.4295,0,,,,0.0011,0.0,,0.64808,0.01491,0.001,0.0,,0.67971,0.01315,0.0005,0.0,,0.6615,0.00717,0.703,0,,,,0.0007,0.0,,0.7557,0.0087,0.0003,0.0,,0.74959,0.00403,0.0004,0.0,,0.82726,0.00483,0.0005,0,,0.89931,0.00552,0.0005,0,,0.94896,0.00528,,,,,,0.086,0.0,,0.30855,0.77292
2023-10-12 09:00:00,0.0005,0.0,,1.11833,-0.00375,0.0003,0.0,,0.8952,-0.00295,0.0008,0.0,,0.84951,-0.00757,0.0013,0.0,,0.76245,-0.01301,0.0027,0.0,,0.71232,-0.02647,0.0035,0.0,,0.60953,-0.03842,0.006,0.0,,0.54397,-0.06757,0.009,0.0,,0.46082,-0.10969,0.0155,1.0,,0.39401,-0.19343,0.0195,0.0,,0.35117,-0.253,0.0695,0.0,,0.35521,0.64869,0.028,34.0,,0.33134,-0.3443,0.0445,3.0,,0.30108,0.54533,0.036,0.0,,0.28577,-0.4544,0.03,0.0,,0.29887,0.42289,0.051,0.0,,0.26431,-0.59197,0.0185,9.0,,0.29066,0.30493,0.071,0.0,,,,0.013,0.0,,0.3074,0.22397,0.0835,0.0,,,,0.009,0.0,,0.32062,0.16216,0.0715,0,,,,0.007,0.0,,0.34377,0.12517,0.159,0.0,,0.31606,-0.89621,0.0048,0.0,,0.39263,0.08218,0.2205,0.0,,0.34261,-0.94652,0.0035,0.0,,0.43696,0.05753,0.19,0.0,,,,0.0024,0.0,,0.46868,0.03913,0.335,0,,,,0.002,0.0,,0.51091,0.03104,0.0016,0.0,,0.54488,0.02413,0.0015,0.0,,0.58799,0.02138,0.001,0.0,,0.59967,0.01462,0.4295,0,,,,0.0011,0.0,,0.64925,0.0149,0.001,0.0,,0.68088,0.01314,0.0005,0.0,,0.6626,0.00716,0.703,0,,,,0.0007,0.0,,0.75685,0.00869,0.0003,0.0,,0.75068,0.00403,0.0004,0.0,,0.82839,0.00482,0.0005,0,,0.90048,0.00552,0.0005,0,,0.95015,0.00528,,,,,,0.086,0.0,,0.31394,0.76742
2023-10-12 10:00:00,0.0005,0.0,,1.12363,-0.00374,0.0003,0.0,,0.90015,-0.00293,0.0008,0.0,,0.85495,-0.00753,0.0013,0.0,,0.76818,-0.01292,0.0027,0.0,,0.71863,-0.02626,0.0035,0.0,,0.61612,-0.03805,0.006,0.0,,0.55129,-0.06678,0.009,0.0,,0.46896,-0.10807,0.0155,0.0,,0.40372,-0.18964,0.0195,0.0,,0.36197,-0.24705,0.0695,0.0,,0.33526,0.66821,0.028,8.0,,0.34408,-0.33476,0.0445,0.0,,0.28506,0.56301,0.039,10.0,,0.32332,-0.43951,0.03,0.0,,0.28627,0.43493,0.051,0.0,,0.28463,-0.56567,0.019,3.0,,0.28456,0.31577,0.071,0.0,,0.27524,-0.69113,0.013,0.0,,0.29866,0.22887,0.0835,0.0,,,,0.009,0.0,,0.31291,0.16526,0.0715,0,,,,0.007,0.0,,0.33672,0.12727,0.159,0.0,,0.37703,-0.84242,0.0048,0.0,,0.3864,0.08327,0.2205,0.0,,0.43669,-0.88643,0.0035,0.0,,0.43128,0.05817,0.19,0.0,,,,0.0024,0.0,,0.46345,0.03951,0.335,0,,,,0.0019,1.0,,0.50176,0.03012,0.0016,0.0,,0.54015,0.02432,0.0015,0.0,,0.58341,0.02153,0.001,0.0,,0.59534,0.01471,0.4295,0,,,,0.0011,0.0,,0.64496,0.01499,0.001,0.0,,0.67669,0.01321,0.0005,0.0,,0.65872,0.0072,0.703,0,,,,0.0007,0.0,,0.75296,0.00873,0.0003,0.0,,0.74711,0.00405,0.0004,0.0,,0.82483,0.00484,0.0005,0,,0.89693,0.00554,0.0005,0,,0.94666,0.00529,,,,,,0.086,0.0,,0.28429,0.79962
2023-10-12 11:00:00,0.0005,0.0,,1.12065,-0.00375,0.0003,0.0,,0.89723,-0.00294,0.0008,0.0,,0.85164,-0.00756,0.0013,0.0,,0.76458,-0.01298,0.0027,0.0,,0.71456,-0.02642,0.0035,0.0,,0.61175,-0.03833,0.006,0.0,,0.54633,-0.06736,0.009,0.0,,0.46333,-0.10927,0.0155,0.0,,0.39687,-0.19243,0.0195,7.0,,0.35428,-0.25142,0.0695,0.0,,0.35043,0.65353,0.028,0.0,,0.33494,-0.34175,0.0465,1.0,,0.31192,0.54935,0.037,12.0,,0.29741,-0.45027,0.0295,1.0,,0.29217,0.42448,0.051,0.0,,0.26992,-0.58477,0.019,0.0,,0.2924,0.30992,0.071,0.0,,0.25444,-0.72043,0.013,0.0,,0.3054,0.22521,0.0835,0.0,,,,0.0085,9.0,,0.31293,0.15788,0.0715,0,,,,0.007,0.0,,0.34223,0.12571,0.159,0.0,,0.33432,-0.88037,0.0048,0.0,,0.39134,0.08246,0.2205,0.0,,0.37359,-0.92798,0.0035,0.0,,0.43585,0.0577,0.19,0.0,,,,0.0024,0.0,,0.46772,0.03923,0.335,0,,,,0.0019,0.0,,0.50584,0.02993,0.0016,0.0,,0.54411,0.02418,0.0015,0.0,,0.58729,0.02142,0.001,0.0,,0.59905,0.01464,0.4295,0,,,,0.0011,0.0,,0.64868,0.01492,0.001,0.0,,0.68036,0.01316,0.0005,0.0,,0.66215,0.00717,0.703,0,,,,0.0007,0.0,,0.75648,0.0087,0.0003,0.0,,0.75038,0.00403,0.0004,0.0,,0.82816,0.00483,0.0005,0,,0.90031,0.00552,0.0005,0,,0.95004,0.00528,,,,,,0.086,0.0,,0.30686,0.77517
2023-10-12 12:00:00,0.0005,0.0,,1.12136,-0.00375,0.0003,0.0,,0.89784,-0.00294,0.0008,0.0,,0.85223,-0.00756,0.0013,0.0,,0.76515,-0.01298,0.0027,0.0,,0.71512,-0.02641,0.0035,0.0,,0.61228,-0.03831,0.006,0.0,,0.54686,-0.06733,0.009,30.0,,0.46385,-0.10921,0.0145,3.0,,0.38668,-0.18676,0.019,136.0,,0.35027,-0.24892,0.0665,15.0,,0.32611,0.66174,0.026,52.0,,0.31968,-0.33601,0.0445,5.0,,0.29678,0.55037,0.036,12.0,,0.29078,-0.44942,0.028,317.0,,0.28069,0.42045,0.051,0.0,,0.27081,-0.58376,0.017,3935.0,,0.27553,0.29769,0.071,0.0,,0.25565,-0.71885,0.0115,948.0,,0.29044,0.21253,0.0835,0.0,,,,0.008,78.0,,0.3067,0.15273,0.0715,0,,,,0.0065,2686.0,,0.33499,0.1203,0.159,0.0,,0.33688,-0.87824,0.0043,35.0,,0.38147,0.07671,0.2205,0.0,,0.37761,-0.92556,0.0032,12.0,,0.42811,0.05421,0.19,0.0,,,,0.0024,0.0,,0.46774,0.03924,0.335,0,,,,0.0019,0.0,,0.50589,0.02994,0.0016,0.0,,0.54418,0.02419,0.0015,0.0,,0.5874,0.02142,0.001,0.0,,0.59917,0.01465,0.4295,0,,,,0.0011,0.0,,0.64882,0.01492,0.001,0.0,,0.68052,0.01316,0.0005,0.0,,0.66231,0.00717,0.703,0,,,,0.0007,0.0,,0.75668,0.00871,0.0003,0.0,,0.7506,0.00403,0.0004,0.0,,0.82842,0.00483,0.0005,0,,0.9006,0.00553,0.0005,0,,0.95035,0.00528,,,,,,0.086,0.0,,0.30594,0.77631
2023-10-12 13:00:00,0.0005,0.0,,1.12314,-0.00374,0.0003,0.0,,0.89944,-0.00294,0.0008,0.0,,0.85395,-0.00755,0.0013,0.0,,0.76691,-0.01296,0.0027,0.0,,0.71702,-0.02636,0.0035,0.0,,0.61421,-0.03822,0.006,0.0,,0.54895,-0.06713,0.009,14.0,,0.46612,-0.10878,0.0145,0.0,,0.38931,-0.18579,0.0195,6.0,,0.35778,-0.24965,0.0665,0.0,,0.32092,0.6673,0.0265,7.0,,0.32706,-0.33489,0.0445,0.0,,0.29274,0.55491,0.0365,59.0,,0.29858,-0.44537,0.028,13.0,,0.27755,0.42367,0.0525,9.0,,0.28734,-0.57246,0.0175,1872.0,,0.27719,0.30298,0.071,0.0,,0.26329,-0.70815,0.0115,0.0,,0.28833,0.21377,0.0835,0.0,,,,0.008,0.0,,0.30485,0.15351,0.0715,0,,,,0.0065,226.0,,0.3333,0.12083,0.159,0.0,,0.35301,-0.86409,0.0043,0.0,,0.38002,0.07697,0.2205,0.0,,0.40222,-0.90982,0.0032,200.0,,0.4268,0.05437,0.19,0.0,,,,0.0024,0.0,,0.46655,0.03934,0.335,0,,,,0.0019,0.0,,0.50479,0.03001,0.0016,0.0,,0.54315,0.02424,0.0015,0.0,,0.58642,0.02146,0.001,0.0,,0.59826,0.01467,0.4295,0,,,,0.0011,0.0,,0.64794,0.01495,0.001,0.0,,0.67968,0.01318,0.0005,0.0,,0.66154,0.00718,0.703,0,,,,0.0007,0.0,,0.75595,0.00872,0.0003,0.0,,0.74994,0.00404,0.0004,0.0,,0.82779,0.00484,0.0005,0,,0.9,0.00553,0.0005,0,,0.94978,0.00529,,,,,,0.086,0.0,,0.29844,0.78451
2023-10-12 14:00:00,0.0005,0.0,,1.12563,-0.00374,0.0003,0.0,,0.90172,-0.00293,0.0008,0.0,,0.85641,-0.00753,0.0013,0.0,,0.76946,-0.01292,0.0027,0.0,,0.7198,-0.02627,0.0035,0.0,,0.61708,-0.03807,0.0055,2.0,,0.54062,-0.06328,0.009,0.0,,0.46958,-0.10813,0.0145,0.0,,0.39332,-0.18429,0.0185,1.0,,0.35302,-0.24264,0.0665,0.0,,0.31251,0.67642,0.0265,0.0,,0.33227,-0.33103,0.0445,0.0,,0.28622,0.56232,0.0365,68.0,,0.30493,-0.43902,0.029,241.0,,0.2799,0.43173,0.051,410.0,,0.28445,-0.56657,0.017,4087.0,,0.26898,0.30301,0.071,0.0,,0.27476,-0.69249,0.012,27.0,,0.28985,0.22021,0.0835,0.0,,,,0.0085,102.0,,0.30789,0.16004,0.0715,0,,,,0.007,5585.0,,0.33764,0.12719,0.159,0.0,,0.37582,-0.84412,0.0044,17.0,,0.37962,0.07859,0.2205,0.0,,0.43484,-0.88824,0.0033,29.0,,0.42724,0.05581,0.19,0.0,,,,0.0024,0.0,,0.46455,0.03949,0.335,0,,,,0.0019,1.0,,0.50292,0.03011,0.0016,0.0,,0.54138,0.02431,0.0015,0.0,,0.58471,0.02152,0.001,0.0,,0.59666,0.01471,0.4295,0,,,,0.0011,0.0,,0.64638,0.01498,0.001,0.0,,0.67817,0.01321,0.0005,0.0,,0.66015,0.0072,0.703,0,,,,0.0007,0.0,,0.75458,0.00873,0.0003,0.0,,0.7487,0.00404,0.0004,0.0,,0.82657,0.00484,0.0005,0,,0.89881,0.00554,0.0005,0,,0.94863,0.00529,,,,,,0.086,0.0,,0.28602,0.7983
2023-10-12 15:00:00,0.0005,0.0,,1.1221,-0.00375,0.0003,0.0,,0.8983,-0.00295,0.0008,0.0,,0.85253,-0.00757,0.0013,0.0,,0.76526,-0.013,0.0027,0.0,,0.71505,-0.02645,0.0035,0.0,,0.612,-0.03838,0.0055,0.0,,0.53495,-0.06392,0.0095,252.0,,0.47073,-0.11282,0.015,92.0,,0.39088,-0.19027,0.019,117.0,,0.34881,-0.25004,0.0665,0.0,,0.33036,0.65788,0.027,52.0,,0.32578,-0.3406,0.0445,4.0,,0.30018,0.5472,0.0375,20.0,,0.29936,-0.45278,0.028,140.0,,0.28344,0.41819,0.051,0.0,,0.26739,-0.58885,0.017,15769.0,,0.27782,0.29626,0.071,0.0,,,,0.0115,167.0,,0.29248,0.21166,0.0835,0.0,,,,0.0085,100.0,,0.31469,0.15744,0.0715,0,,,,0.007,15209.0,,0.34396,0.1254,0.159,0.0,,0.32494,-0.88921,0.005,118.0,,0.39685,0.08454,0.2205,0.0,,0.35771,-0.93819,0.0037,34.0,,0.44254,0.05988,0.19,0.0,,,,0.0025,3.0,,0.47283,0.04035,0.335,0,,,,0.0019,0.0,,0.50759,0.0299,0.0015,50.0,,0.54066,0.02299,0.0013,2.0,,0.57726,0.01915,0.001,0.0,,0.60089,0.01463,0.4295,0,,,,0.0011,0.0,,0.65062,0.01491,0.001,0.0,,0.68235,0.01314,0.0005,0.0,,0.66405,0.00716,0.703,0,,,,0.0007,0.0,,0.75857,0.0087,0.0003,0.0,,0.75242,0.00403,0.0004,0.0,,0.83035,0.00483,0.0005,0,,0.90265,0.00552,0.0005,0,,0.95246,0.00528,,,,,,0.086,0.0,,0.31171,0.7707
2023-10-12 16:00:00,0.0005,0.0,,1.12123,-0.00376,0.0003,0.0,,0.89738,-0.00295,0.0008,0.0,,0.85145,-0.00758,0.0013,0.0,,0.76404,-0.01302,0.0027,0.0,,0.71362,-0.02651,0.0035,0.0,,0.61042,-0.03849,0.006,10.0,,0.5445,-0.06772,0.0095,71.0,,0.46857,-0.11332,0.015,65.0,,0.38824,-0.19142,0.02,2.0,,0.3549,-0.25636,0.0665,0.0,,0.33648,0.65188,0.0265,34.0,,0.31822,-0.34224,0.044,22.0,,0.30137,0.54226,0.038,20.0,,0.29853,-0.45772,0.0265,23.0,,0.27607,0.40972,0.0535,12.0,,0.28009,-0.58848,0.0165,100.0,,0.27672,0.29065,0.071,0.0,,,,0.011,22.0,,0.29012,0.20573,0.0835,0.0,,,,0.0085,0.0,,0.31715,0.15655,0.0715,0,,,,0.007,0.0,,0.34627,0.12479,0.159,0.0,,0.30274,-0.90872,0.005,20.0,,0.39895,0.08422,0.2205,0.0,,0.31504,-0.9622,0.0038,62.0,,0.44696,0.0608,0.19,0.0,,,,0.0025,0.0,,0.47468,0.04024,0.335,0,,,,0.0019,0.0,,0.50938,0.02982,0.0015,0.0,,0.5424,0.02294,0.0013,0.0,,0.57897,0.01911,0.001,0.0,,0.60256,0.0146,0.4295,0,,,,0.0011,0.0,,0.6523,0.01488,0.001,0.0,,0.68402,0.01312,0.0005,0.0,,0.66563,0.00715,0.703,0,,,,0.0007,0.0,,0.76021,0.00869,0.0003,0.0,,0.75395,0.00402,0.0004,0.0,,0.83194,0.00482,0.0005,0,,0.90427,0.00552,0.0005,0,,0.9541,0.00527,,,,,,0.086,0.0,,0.32016,0.7621
2023-10-12 17:00:00,0.0005,0.0,,1.1116,-0.00379,0.0003,0.0,,0.88817,-0.00298,0.0008,0.0,,0.84113,-0.00768,0.0013,0.0,,0.75297,-0.01321,0.0027,0.0,,0.70122,-0.02697,0.0035,0.0,,0.59724,-0.0393,0.0065,184.0,,0.54037,-0.07296,0.0105,139.0,,0.46617,-0.12352,0.018,291.0,,0.39853,-0.21569,0.02,0.0,,0.33184,-0.27043,0.0565,11.0,,0.30019,0.63133,0.0325,333.0,,0.33723,-0.37807,0.038,50.0,,0.29008,0.5056,0.042,32.0,,0.29328,-0.49402,0.0245,82.0,,0.28668,0.37836,0.055,22.0,,,,0.016,177.0,,0.29357,0.27235,0.071,0.0,,,,0.011,111.0,,0.30837,0.19659,0.0835,0.0,,,,0.0085,71.0,,0.3337,0.15059,0.0715,0,,,,0.007,757.0,,0.36168,0.12066,0.159,0.0,,,,0.0049,445.0,,0.41088,0.08089,0.2205,0.0,,,,0.0038,0.0,,0.45981,0.05944,0.19,0.0,,,,0.0025,0.0,,0.48655,0.03944,0.335,0,,,,0.0019,0.0,,0.52064,0.0293,0.0015,0.0,,0.5532,0.02257,0.0013,0.0,,0.58947,0.01883,0.001,0.0,,0.61268,0.0144,0.4295,0,,,,0.0011,0.0,,0.66241,0.0147,0.001,0.0,,0.69396,0.01297,0.0005,0.0,,0.67491,0.00707,0.703,0,,,,0.0007,0.0,,0.76964,0.0086,0.0003,0.0,,0.76268,0.00399,0.0004,0.0,,0.84079,0.00478,0.0005,0,,0.91321,0.00547,0.0005,0,,0.96299,0.00523,,,,,,0.082,2.0,,0.339,0.72609
2023-10-12 18:00:00,0.0005,0.0,,1.11393,-0.00379,0.0003,0.0,,0.8903,-0.00298,0.0008,0.0,,0.84343,-0.00766,0.0017,169.0,,0.7869,-0.01608,0.0027,0.0,,0.70381,-0.02689,0.0035,0.0,,0.5999,-0.03915,0.0065,0.0,,0.54333,-0.07263,0.0105,37.0,,0.46949,-0.12281,0.017,5082.0,,0.39241,-0.20917,0.022,344.0,,0.35371,-0.27608,0.0565,0.0,,0.29307,0.63955,0.0305,380.0,,0.32705,-0.37025,0.0405,270.0,,0.30294,0.51328,0.0425,178.0,,0.30338,-0.48668,0.026,182.0,,0.29385,0.38823,0.055,0.0,,,,0.0165,579.0,,0.29442,0.27827,0.071,0.0,,,,0.0115,5340.0,,0.31056,0.2026,0.0835,0.0,,,,0.0085,65.0,,0.33099,0.15159,0.0715,0,,,,0.007,1029.0,,0.35919,0.12136,0.159,0.0,,,,0.0049,88.0,,0.40869,0.08127,0.2205,0.0,,,,0.0038,0.0,,0.45781,0.05967,0.19,0.0,,,,0.0025,0.0,,0.48474,0.03958,0.335,0,,,,0.0019,0.0,,0.51896,0.02939,0.0015,0.0,,0.55161,0.02263,0.0013,0.0,,0.58795,0.01888,0.001,0.0,,0.61124,0.01444,0.4295,0,,,,0.0011,0.0,,0.66101,0.01473,0.001,0.0,,0.6926,0.013,0.0005,0.0,,0.67366,0.00708,0.703,0,,,,0.0007,0.0,,0.76842,0.00861,0.0003,0.0,,0.76157,0.00399,0.0004,0.0,,0.83971,0.00479,0.0005,0,,0.91216,0.00548,0.0005,0,,0.96197,0.00524,,,,,,0.082,0.0,,0.32989,0.73532
2023-10-12 19:00:00,0.0005,0.0,,1.11787,-0.00377,0.0003,0.0,,0.89396,-0.00297,0.0008,0.0,,0.84743,-0.00763,0.0017,0.0,,0.79123,-0.016,0.0027,0.0,,0.70841,-0.02674,0.0035,0.0,,0.6047,-0.03888,0.007,130.0,,0.55916,-0.07533,0.0105,144.0,,0.47557,-0.1215,0.017,40.0,,0.39962,-0.20615,0.0225,4.0,,0.36622,-0.27322,0.0635,4.0,,0.33392,0.63818,0.0305,0.0,,0.33664,-0.36254,0.0405,0.0,,0.29235,0.52446,0.0425,0.0,,0.31527,-0.4743,0.028,20.0,,0.30058,0.40295,0.0575,3.0,,0.28855,-0.60264,0.017,44679.0,,0.29185,0.28646,0.071,0.0,,,,0.0125,1075.0,,0.31476,0.21422,0.0835,0.0,,,,0.009,20.0,,0.33178,0.15854,0.0715,0,,,,0.007,521.0,,0.35428,0.12272,0.159,0.0,,,,0.0048,113.0,,0.4024,0.08089,0.2205,0.0,,,,0.0035,351.0,,0.44631,0.05677,0.19,0.0,,,,0.0025,0.0,,0.48109,0.03984,0.335,0,,,,0.0019,0.0,,0.51553,0.02956,0.0015,0.0,,0.54836,0.02276,0.0013,0.0,,0.58483,0.01897,0.001,0.0,,0.60826,0.0145,0.4295,0,,,,0.0011,0.0,,0.65806,0.01479,0.001,0.0,,0.68973,0.01305,0.0005,0.0,,0.67099,0.00711,0.703,0,,,,0.0007,0.0,,0.76576,0.00864,0.0003,0.0,,0.75915,0.00401,0.0004,0.0,,0.83729,0.0048,0.0005,0,,0.90976,0.00549,0.0005,0,,0.95963,0.00525,,,,,,0.082,0.0,,0.3116,0.75441
2023-10-12 20:00:00,0.0005,0.0,,1.11591,-0.00378,0.0003,0.0,,0.89201,-0.00297,0.0008,0.0,,0.84519,-0.00765,0.0017,0.0,,0.7887,-0.01606,0.0027,0.0,,0.70561,-0.02685,0.0048,1.0,,0.64274,-0.04821,0.007,0.0,,0.55561,-0.0758,0.01,629.0,,0.46423,-0.11931,0.016,56.0,,0.38439,-0.20321,0.0215,336.0,,0.35177,-0.27282,0.062,14.0,,0.33246,0.63116,0.0305,126.0,,0.32986,-0.36818,0.0405,275.0,,0.30043,0.51615,0.042,6.0,,0.30313,-0.48363,0.0265,68.0,,0.29571,0.39207,0.0575,27.0,,0.27722,-0.61742,0.017,408.0,,0.29719,0.28288,0.071,0.0,,,,0.0115,100.0,,0.30926,0.20338,0.0835,0.0,,,,0.009,0.0,,0.33601,0.15706,0.0715,0,,,,0.007,1.0,,0.3582,0.12171,0.159,0.0,,,,0.0048,0.0,,0.40594,0.08035,0.2205,0.0,,,,0.0035,0.0,,0.44961,0.05645,0.19,0.0,,,,0.0025,0.0,,0.48419,0.03965,0.335,0,,,,0.0019,0.0,,0.51849,0.02943,0.0015,0.0,,0.55122,0.02267,0.0013,0.0,,0.58763,0.01891,0.001,0.0,,0.61097,0.01445,0.4295,0,,,,0.0011,0.0,,0.66079,0.01475,0.001,0.0,,0.69243,0.01301,0.0005,0.0,,0.67352,0.00709,0.703,0,,,,0.0007,0.0,,0.76837,0.00862,0.0003,0.0,,0.76158,0.004,0.0004,0.0,,0.83978,0.00479,0.0005,0,,0.9123,0.00548,0.0005,0,,0.96216,0.00524,,,,,,0.082,0.0,,0.32547,0.74014
2023-10-12 21:00:00,0.0005,0.0,,1.11591,-0.00378,0.0003,0.0,,0.89194,-0.00298,0.0008,0.0,,0.84504,-0.00765,0.0017,0.0,,0.78846,-0.01607,0.0027,0.0,,0.70528,-0.02687,0.0048,0.0,,0.64231,-0.04826,0.007,160.0,,0.55506,-0.0759,0.011,10.0,,0.47792,-0.12573,0.018,60.0,,0.40382,-0.21372,0.023,13.0,,0.36378,-0.27936,0.062,0.0,,0.33475,0.62904,0.0315,213.0,,0.33626,-0.37133,0.0405,40.0,,0.30226,0.51442,0.0435,25.0,,0.3124,-0.48469,0.0265,5539.0,,0.29719,0.3909,0.0575,125.0,,0.27484,-0.62076,0.017,779.0,,0.29845,0.28213,0.071,0.0,,,,0.0115,11255.0,,0.31037,0.20291,0.0835,0.0,,,,0.009,0.0,,0.33704,0.15675,0.0715,0,,,,0.007,0.0,,0.35918,0.1215,0.159,0.0,,,,0.0049,55.0,,0.4088,0.08134,0.2205,0.0,,,,0.0035,50.0,,0.45049,0.05639,0.19,0.0,,,,0.0025,0.0,,0.48504,0.03961,0.335,0,,,,0.0019,0.0,,0.51933,0.0294,0.0015,0.0,,0.55205,0.02265,0.0013,0.0,,0.58845,0.01889,0.001,0.0,,0.61179,0.01444,0.4295,0,,,,0.0011,0.0,,0.66163,0.01474,0.001,0.0,,0.69327,0.013,0.0005,0.0,,0.67433,0.00709,0.703,0,,,,0.0007,0.0,,0.76922,0.00862,0.0003,0.0,,0.76239,0.00399,0.0004,0.0,,0.84064,0.00479,0.0005,0,,0.91319,0.00548,0.0005,0,,0.96308,0.00524,,,,,,0.082,0.0,,0.32849,0.73723
2023-10-12 22:00:00,0.0005,0.0,,1.1134,-0.00379,0.0003,0.0,,0.88947,-0.00299,0.0008,0.0,,0.84223,-0.00768,0.0017,0.0,,0.78529,-0.01614,0.0027,0.0,,0.7018,-0.02701,0.0045,1.0,,0.62952,-0.04655,0.007,0.0,,0.55067,-0.07648,0.011,1.0,,0.47283,-0.12695,0.0175,25.0,,0.39261,-0.21412,0.023,21.0,,0.3567,-0.2838,0.062,0.0,,0.34679,0.61747,0.0315,0.0,,0.32781,-0.37848,0.0405,13.0,,0.31186,0.50498,0.0435,117.0,,0.3018,-0.49626,0.026,388.0,,0.30109,0.38249,0.0575,0.0,,0.26032,-0.64088,0.0165,641.0,,0.3005,0.2746,0.071,0.0,,,,0.011,510.0,,0.31071,0.19584,0.0835,0.0,,,,0.009,4.0,,0.34214,0.15501,0.0715,0,,,,0.007,1.0,,0.3639,0.12031,0.159,0.0,,,,0.0049,0.0,,0.41308,0.0807,0.2205,0.0,,,,0.0035,0.0,,0.45445,0.05601,0.19,0.0,,,,0.0025,5.0,,0.48876,0.03938,0.335,0,,,,0.0019,0.0,,0.52288,0.02925,0.0015,0.0,,0.55548,0.02254,0.0013,0.0,,0.5918,0.01881,0.001,0.0,,0.61503,0.01439,0.4295,0,,,,0.0011,0.0,,0.66489,0.01468,0.001,0.0,,0.69649,0.01296,0.0005,0.0,,0.67734,0.00706,0.703,0,,,,0.0007,0.0,,0.77231,0.00859,0.0003,0.0,,0.76527,0.00398,0.0004,0.0,,0.84358,0.00478,0.0005,0,,0.91619,0.00547,0.0005,0,,0.96607,0.00523,,,,,,0.082,0.0,,0.34436,0.72166
2023-10-12 23:00:00,0.0005,0.0,,1.11287,-0.0038,0.0003,0.0,,0.88888,-0.00299,0.0008,0.0,,0.8415,-0.00769,0.0017,0.0,,0.78442,-0.01617,0.0027,0.0,,0.70079,-0.02706,0.0045,0.0,,0.62833,-0.04665,0.007,0.0,,0.54928,-0.07669,0.011,0.0,,0.47117,-0.12739,0.0175,5.0,,0.39054,-0.21513,0.024,23.0,,0.36288,-0.28899,0.062,0.0,,0.35108,0.61357,0.0315,41.0,,0.3249,-0.3811,0.0405,0.0,,0.31531,0.50177,0.0435,0.0,,0.29808,-0.50054,0.0255,537.0,,0.30005,0.37828,0.0575,500.0,,,,0.017,7569.0,,0.30723,0.27654,0.071,0.0,,,,0.011,0.0,,0.31276,0.19494,0.0835,0.0,,,,0.009,0.0,,0.34405,0.15441,0.0715,0,,,,0.007,76.0,,0.36568,0.11989,0.159,0.0,,,,0.0049,0.0,,0.41472,0.08047,0.2205,0.0,,,,0.0035,0.0,,0.45599,0.05588,0.19,0.0,,,,0.003,5.0,,0.50652,0.04486,0.335,0,,,,0.0019,0.0,,0.5243,0.0292,0.0015,0.0,,0.55686,0.0225,0.0013,0.0,,0.59317,0.01878,0.001,0.0,,0.61638,0.01437,0.4295,0,,,,0.0011,0.0,,0.66625,0.01466,0.001,0.0,,0.69785,0.01294,0.0005,0.0,,0.67862,0.00706,0.703,0,,,,0.0007,0.0,,0.77365,0.00858,0.0003,0.0,,0.76653,0.00398,0.0004,0.0,,0.84489,0.00477,0.0005,0,,0.91753,0.00546,0.0005,0,,0.96744,0.00523,,,,,,0.082,0.0,,0.3499,0.71649
2023-10-13 00:00:00,0.0005,0.0,,1.10382,-0.00383,0.0003,0.0,,0.88021,-0.00302,0.0008,0.0,,0.83178,-0.00779,0.0017,0.0,,0.77363,-0.01639,0.0027,0.0,,0.68909,-0.02751,0.0055,119.0,,0.64337,-0.05419,0.008,123.0,,0.55419,-0.08507,0.0125,60.0,,0.47471,-0.14034,0.019,197.0,,0.385,-0.2318,0.024,0.0,,0.33966,-0.3043,0.0525,8.0,,0.31489,0.59043,0.0335,79.0,,0.31222,-0.40917,0.0385,90.0,,0.32914,0.47295,0.0465,87.0,,0.28452,-0.53782,0.025,51.0,,0.31926,0.35784,0.071,80.0,,0.31316,-0.64559,0.0165,569.0,,0.32223,0.26135,0.071,0.0,,,,0.011,18.0,,0.32961,0.18746,0.0835,0.0,,,,0.0085,92.0,,0.3532,0.14451,0.0715,0,,,,0.007,1971.0,,0.38005,0.11637,0.159,0.0,,,,0.0049,0.0,,0.42765,0.07855,0.2205,0.0,,-inf,,0.0035,50.0,,0.46792,0.05473,0.19,0.0,,,,0.003,0.0,,0.51792,0.04407,0.335,0,,,,0.0021,53.0,,0.54353,0.03097,0.0015,0.0,,0.56703,0.02217,0.0013,0.0,,0.60306,0.01853,0.001,0.0,,0.62591,0.01419,0.4295,0,,,,0.0011,0.0,,0.67579,0.01449,0.001,0.0,,0.70722,0.0128,0.0005,0.0,,0.68738,0.00698,0.703,0,,,,0.0007,0.0,,0.78255,0.0085,0.0003,0.0,,0.77478,0.00394,0.0004,0.0,,0.85325,0.00473,0.0005,0,,0.92599,0.00542,0.0005,0,,0.97584,0.00519,0.0,10.0,,-0.06744,7e-05,0.076,3.0,,0.34502,0.69355
2023-10-13 01:00:00,0.0005,0.0,,1.1049,-0.00383,0.0003,0.0,,0.88116,-0.00302,0.0008,0.0,,0.83277,-0.00778,0.0017,0.0,,0.77464,-0.01638,0.0035,63.0,,0.72436,-0.0329,0.0055,0.0,,0.64447,-0.05413,0.0075,503.0,,0.54578,-0.08178,0.0115,48.0,,0.46259,-0.13427,0.019,30.0,,0.38637,-0.23122,0.025,29.0,,0.34953,-0.3067,0.0525,0.0,,0.31305,0.59251,0.0365,3.0,,0.3366,-0.41083,0.034,272.0,,0.29463,0.46672,0.0485,5.0,,0.30149,-0.5316,0.021,8620.0,,0.28652,0.33982,0.0715,8.0,,0.31998,-0.64017,0.014,289.0,,0.29843,0.24378,0.071,0.0,,,,0.0095,107.0,,0.31215,0.17387,0.0835,0.0,,,,0.008,118.0,,0.34601,0.1398,0.0715,0,,,,0.007,3078.0,,0.37943,0.11657,0.159,0.0,,,,0.0055,2.0,,0.43875,0.0849,0.2205,0.0,,,,0.0035,0.0,,0.46748,0.0548,0.19,0.0,,,,0.0025,11.0,,0.50101,0.03863,0.335,0,,,,0.0021,0.0,,0.5432,0.031,0.0015,0.0,,0.56674,0.02219,0.0013,0.0,,0.60281,0.01854,0.001,0.0,,0.62569,0.0142,0.4295,0,,,,0.0011,0.0,,0.67559,0.0145,0.0009,1.0,,0.69789,0.01177,0.0005,0.0,,0.68723,0.00699,0.703,0,,,,0.0007,0.0,,0.78245,0.00851,0.0003,0.0,,0.77471,0.00395,0.0004,0.0,,0.85322,0.00474,0.0005,0,,0.92598,0.00543,0.0005,0,,0.97586,0.00519,0.0,0.0,,-0.06784,7e-05,0.076,0.0,,0.34266,0.69602
2023-10-13 02:00:00,0.0005,0.0,,1.10599,-0.00383,0.0003,0.0,,0.88211,-0.00302,0.0008,0.0,,0.83375,-0.00778,0.0017,0.0,,0.77565,-0.01637,0.0035,0.0,,0.72543,-0.03287,0.0055,0.0,,0.64556,-0.05407,0.007,270.0,,0.53705,-0.07837,0.0115,8.0,,0.46379,-0.13403,0.017,40.0,,0.36826,-0.221,0.0225,74.0,,0.33005,-0.2971,0.0515,53.0,,0.30365,0.59592,0.0315,218.0,,0.30068,-0.40355,0.034,62.0,,0.29321,0.46828,0.0445,18.0,,0.27427,-0.53657,0.0215,181.0,,0.28939,0.34342,0.0715,0.0,,0.32286,-0.63703,0.0135,1440.0,,0.29284,0.24044,0.071,0.0,,,,0.009,158.0,,0.30564,0.16927,0.0835,0.0,,,,0.008,0.0,,0.34533,0.14006,0.0715,0,,,,0.006,477.0,,0.36338,0.10614,0.159,0.0,,,,0.0045,25.0,,0.41848,0.0744,0.2205,0.0,,,,0.0033,21.0,,0.46169,0.05263,0.19,0.0,,,,0.0025,0.0,,0.50063,0.03867,0.335,0,,,,0.0021,0.0,,0.54287,0.03102,0.0015,0.0,,0.56646,0.02221,0.0015,22.0,,0.61485,0.02074,0.001,0.0,,0.62547,0.01421,0.4295,0,,,,0.0011,0.0,,0.6754,0.01451,0.0009,0.0,,0.69772,0.01178,0.0005,0.0,,0.68709,0.00699,0.703,0,,,,0.0007,0.0,,0.78235,0.00851,0.0003,0.0,,0.77464,0.00395,0.0004,0.0,,0.85318,0.00474,0.0005,0,,0.92598,0.00543,0.0005,0,,0.97589,0.0052,0.0,0.0,,-0.06824,7e-05,0.075,3.0,,0.33185,0.70211
2023-10-13 03:00:00,0.0005,0.0,,1.10907,-0.00382,0.0003,0.0,,0.88495,-0.00301,0.0008,0.0,,0.83684,-0.00775,0.0017,0.0,,0.779,-0.01631,0.0035,0.0,,0.7291,-0.03273,0.0055,0.0,,0.64951,-0.05379,0.007,30.0,,0.54121,-0.07786,0.0105,181.0,,0.45466,-0.12676,0.0165,150.0,,0.36881,-0.21584,0.023,16.0,,0.34062,-0.29473,0.0515,0.0,,0.29427,0.60645,0.0315,21.0,,0.30831,-0.39648,0.0345,300.0,,0.28967,0.47657,0.047,7.0,,0.30247,-0.52074,0.021,354.0,,0.27968,0.34574,0.0715,0.0,,0.33545,-0.62302,0.0135,221.0,,0.28809,0.24343,0.071,0.0,,,,0.009,137.0,,0.30153,0.1711,0.12,1.0,,0.32835,-0.80606,0.0075,1000.0,,0.3349,0.13612,0.0715,0,,,,0.0065,12.0,,0.36771,0.11244,0.159,0.0,,,,0.0045,6.0,,0.41536,0.07488,0.2205,0.0,,,,0.0033,70.0,,0.45884,0.05292,0.19,0.0,,,,0.0028,40.0,,0.50808,0.0422,0.335,0,,,,0.0021,0.0,,0.54037,0.03115,0.0015,0.0,,0.56412,0.0223,0.0015,9.0,,0.61257,0.02081,0.001,0.0,,0.62333,0.01425,0.4295,0,,,,0.0011,0.0,,0.67329,0.01456,0.0009,0.0,,0.69569,0.01182,0.0005,0.0,,0.68519,0.00701,0.703,0,,,,0.0007,0.0,,0.78047,0.00853,0.0003,0.0,,0.77293,0.00396,0.0004,0.0,,0.85149,0.00475,0.0005,0,,0.92431,0.00544,0.0005,0,,0.97427,0.0052,0.0,0.0,,-0.07001,7e-05,0.075,0.0,,0.31966,0.71485
2023-10-13 04:00:00,0.0005,0.0,,1.10834,-0.00382,0.001,1.0,,1.02214,-0.00777,0.0008,0.0,,0.83591,-0.00776,0.0017,0.0,,0.7779,-0.01634,0.0035,0.0,,0.7278,-0.0328,0.0048,6.0,,0.62864,-0.04939,0.007,0.0,,0.53953,-0.07811,0.011,40.0,,0.45964,-0.13043,0.016,948.0,,0.36133,-0.21444,0.0225,1291.0,,0.33346,-0.29497,0.0525,1.0,,0.30679,0.59964,0.031,57.0,,0.30094,-0.39924,0.035,61.0,,0.29719,0.47365,0.047,0.0,,0.29782,-0.52621,0.0215,12.0,,0.28674,0.34583,0.0715,1522.0,,0.32945,-0.62989,0.0145,650.0,,0.29998,0.24975,0.071,0.0,,,,0.0095,4.0,,0.30954,0.17519,0.12,0.0,,0.31693,-0.81848,0.0075,13.0,,0.33703,0.1355,0.0715,0,,,,0.0065,0.0,,0.36974,0.11199,0.159,0.0,,,,0.0045,0.0,,0.41723,0.07464,0.2205,0.0,,,,0.0033,0.0,,0.4606,0.05278,0.19,0.0,,,,0.0028,0.0,,0.50979,0.0421,0.335,0,,,,0.0021,0.0,,0.54202,0.03109,0.0015,0.0,,0.5657,0.02225,0.0015,0.0,,0.61416,0.02078,0.001,0.0,,0.62486,0.01423,0.4295,0,,,,0.0011,0.0,,0.67484,0.01453,0.0009,0.0,,0.69722,0.0118,0.0005,0.0,,0.68665,0.007,0.703,0,,,,0.0007,0.0,,0.78199,0.00852,0.0003,0.0,,0.77435,0.00395,0.0004,0.0,,0.85296,0.00474,0.0005,0,,0.92583,0.00543,0.0005,0,,0.9758,0.0052,0.0,0.0,,-0.06918,7e-05,0.075,0.0,,0.32605,0.70836
2023-10-13 05:00:00,0.0005,0.0,,1.11288,-0.00381,0.001,0.0,,1.02695,-0.00774,0.0008,0.0,,0.84054,-0.00772,0.0017,0.0,,0.78293,-0.01624,0.0026,50.0,,0.69404,-0.0265,0.0048,0.0,,0.63452,-0.04899,0.0065,2.0,,0.53562,-0.07393,0.01,2.0,,0.45267,-0.12242,0.016,275.0,,0.36978,-0.21052,0.0215,49.0,,0.33463,-0.28467,0.054,14.0,,0.30326,0.61366,0.0305,31.0,,0.30886,-0.38762,0.036,53.0,,0.29296,0.48695,0.047,0.0,,0.31286,-0.5096,0.022,514.0,,0.2815,0.35617,0.0715,0.0,,0.34867,-0.6091,0.014,261.0,,0.28772,0.25072,0.071,0.0,,,,0.0095,49.0,,0.30292,0.17816,0.12,0.0,,0.35165,-0.78204,0.0075,0.0,,0.331,0.13748,0.0715,0,,,,0.0065,0.0,,0.36409,0.1134,0.159,0.0,,,,0.0048,25.0,,0.41828,0.07872,0.2205,0.0,,,,0.0033,0.0,,0.45599,0.05323,0.19,0.0,,,,0.0028,0.0,,0.50544,0.04241,0.335,0,,,,0.002,10.0,,0.53371,0.03017,0.0015,0.0,,0.56186,0.02239,0.0015,17.0,,0.6104,0.02089,0.001,0.0,,0.62133,0.0143,0.4295,0,,,,0.0011,0.0,,0.67134,0.0146,0.0009,0.0,,0.69383,0.01185,0.0005,0.0,,0.68348,0.00703,0.703,0,,,,0.0007,0.0,,0.77882,0.00856,0.0003,0.0,,0.77146,0.00397,0.0004,0.0,,0.85007,0.00476,0.0005,0,,0.92295,0.00545,0.0005,0,,0.97297,0.00521,0.0,0.0,,-0.07194,7e-05,0.075,0.0,,0.30614,0.72967
2023-10-13 06:00:00,0.0005,0.0,,1.11379,-0.00381,0.001,0.0,,1.02785,-0.00773,0.0008,0.0,,0.84133,-0.00772,0.0017,0.0,,0.78374,-0.01623,0.0026,0.0,,0.69483,-0.02648,0.004,35.0,,0.61107,-0.04341,0.006,1.0,,0.52576,-0.07033,0.0095,221.0,,0.44621,-0.11895,0.0155,24.0,,0.3656,-0.20745,0.021,122.0,,0.33132,-0.28208,0.054,0.0,,0.30201,0.6152,0.0305,0.0,,0.31005,-0.38667,0.036,190.0,,0.29203,0.48806,0.047,0.0,,0.31434,-0.50816,0.0235,666.0,,0.29254,0.3639,0.063,7.0,,0.28486,-0.64061,0.015,121.0,,0.29629,0.2588,0.071,0.0,,,,0.0105,157.0,,0.3135,0.18804,0.12,0.0,,0.35473,-0.77907,0.0085,105.0,,0.3436,0.14795,0.0715,0,,,,0.007,1905.0,,0.37124,0.1188,0.159,0.0,,,,0.005,133.0,,0.42196,0.08096,0.2205,0.0,,,,0.0036,35.0,,0.46369,0.05663,0.19,0.0,,,,0.0028,0.0,,0.50527,0.04244,0.335,0,,,,0.002,40.0,,0.53358,0.03019,0.0015,0.0,,0.56176,0.0224,0.0015,6.0,,0.61034,0.0209,0.001,0.0,,0.62128,0.01431,0.4295,0,,,,0.0011,0.0,,0.67132,0.01461,0.0009,0.0,,0.69384,0.01186,0.0005,0.0,,0.68349,0.00703,0.703,0,,,,0.0007,0.0,,0.77888,0.00856,0.0003,0.0,,0.77154,0.00397,0.0004,0.0,,0.85019,0.00476,0.0005,0,,0.9231,0.00545,0.0005,0,,0.97315,0.00522,0.0,0.0,,-0.07222,7e-05,0.075,0.0,,0.3044,0.73175
2023-10-13 07:00:00,0.0005,0.0,,1.11615,-0.0038,0.001,0.0,,1.03031,-0.00772,0.0008,0.0,,0.84366,-0.0077,0.0017,0.0,,0.78623,-0.01619,0.0026,0.0,,0.69743,-0.0264,0.004,0.0,,0.61382,-0.04325,0.006,1.0,,0.52871,-0.07001,0.0095,0.0,,0.4495,-0.11825,0.0155,3.0,,0.36949,-0.20574,0.0215,251.0,,0.34011,-0.2813,0.054,0.0,,0.29509,0.6231,0.0305,5.0,,0.31538,-0.38203,0.036,19.0,,0.28673,0.49372,0.047,0.0,,0.32109,-0.50119,0.0235,718.0,,0.28835,0.36759,0.0635,217.0,,0.29773,-0.6272,0.015,223.0,,0.29283,0.2611,0.071,0.0,,,,0.011,168.0,,0.31589,0.19406,0.116,1.0,,0.32935,-0.79482,0.0085,1000.0,,0.34089,0.14891,0.0715,0,,,,0.007,0.0,,0.36873,0.11948,0.159,0.0,,,,0.005,0.0,,0.41975,0.08133,0.2205,0.0,,,,0.0036,0.0,,0.4617,0.05686,0.19,0.0,,,,0.0028,0.0,,0.50343,0.04259,0.335,0,,,,0.002,0.0,,0.53188,0.03029,0.0015,0.0,,0.56017,0.02246,0.0015,0.0,,0.60879,0.02095,0.001,0.0,,0.61984,0.01434,0.4295,0,,,,0.0011,7.0,,0.66991,0.01464,0.0009,0.0,,0.69249,0.01188,0.0005,0.0,,0.68224,0.00705,0.703,0,,inf,,0.0007,0.0,,0.77765,0.00857,0.0003,0.0,,0.77043,0.00397,0.0004,0.0,,0.8491,0.00477,0.0005,0,,0.92204,0.00546,0.0005,0,,0.97213,0.00522,0.0,0.0,,-0.07349,7e-05,0.075,0.0,,0.29487,0.74255
2023-10-13 08:00:00,0.0005,0.0,,1.11995,-0.00379,0.001,0.0,,1.03433,-0.00769,0.0008,0.0,,0.84751,-0.00767,0.0017,0.0,,0.79041,-0.01612,0.0026,0.0,,0.70183,-0.02626,0.004,0.0,,0.61853,-0.04297,0.006,0.0,,0.53382,-0.06943,0.009,2.0,,0.4477,-0.1136,0.0155,0.0,,0.37631,-0.20276,0.0215,0.0,,0.34794,-0.27644,0.054,0.0,,0.28214,0.63832,0.029,27.0,,0.31311,-0.37108,0.0375,27.0,,0.28797,0.50576,0.041,10.0,,0.28872,-0.49415,0.0235,0.0,,0.28061,0.37451,0.0635,0.0,,0.31318,-0.60878,0.0155,206.0,,0.29093,0.26904,0.071,0.0,,,,0.011,2.0,,0.31032,0.19674,0.116,0.0,,0.35554,-0.76742,0.0085,101.0,,0.33586,0.15069,0.0715,0,,,,0.0065,1.0,,0.35665,0.1154,0.159,0.0,,,,0.005,0.0,,0.41561,0.08201,0.2205,0.0,,,,0.0036,0.0,,0.45793,0.05726,0.19,0.0,,,,0.0029,4.0,,0.5031,0.04395,0.335,0,,,,0.002,0.0,,0.5286,0.03045,0.0015,0.0,,0.55708,0.02258,0.0015,0.0,,0.60578,0.02105,0.001,0.0,,0.61701,0.01441,0.4295,0,,,,0.0011,0.0,,0.66711,0.0147,0.0009,0.0,,0.68979,0.01193,0.0005,0.0,,0.67971,0.00707,0.703,0,,,,0.0007,0.0,,0.77514,0.0086,0.0003,0.0,,0.76814,0.00399,0.0004,0.0,,0.84682,0.00478,0.0005,0,,0.91978,0.00547,0.0005,0,,0.96992,0.00523,0.0,0.0,,-0.07574,6e-05,0.075,0.0,,0.27661,0.76394
2023-10-13 09:00:00,0.0005,0.0,,1.11942,-0.00379,0.001,0.0,,1.03367,-0.0077,0.0008,0.0,,0.84678,-0.00768,0.0017,0.0,,0.78953,-0.01614,0.0026,0.0,,0.70083,-0.02631,0.004,0.0,,0.61737,-0.04306,0.006,1.0,,0.53247,-0.06962,0.0095,117.0,,0.45363,-0.11741,0.0155,0.0,,0.37429,-0.20374,0.0205,11.0,,0.33677,-0.27392,0.054,0.0,,0.2867,0.6331,0.0285,11.0,,0.30635,-0.37269,0.037,21.0,,0.28777,0.50176,0.0415,17.0,,0.2887,-0.49812,0.024,67.0,,0.28727,0.37432,0.0635,0.0,,0.30831,-0.61472,0.0155,2467.0,,0.29326,0.26759,0.071,0.0,,,,0.011,21.0,,0.31239,0.19584,0.116,0.0,,0.34734,-0.7761,0.0085,0.0,,0.33776,0.15009,0.0715,0,,,,0.007,17.0,,0.36587,0.12031,0.159,0.0,,,,0.005,0.0,,0.41726,0.08178,0.2205,0.0,,,,0.0036,0.0,,0.45949,0.05712,0.19,0.0,,,,0.0029,0.0,,0.50461,0.04386,0.335,0,,,,0.0022,1.0,,0.53833,0.03264,0.0015,0.0,,0.55848,0.02254,0.0015,0.0,,0.60719,0.02102,0.001,0.0,,0.61836,0.01439,0.4295,0,,,,0.0011,0.0,,0.66848,0.01468,0.0009,0.0,,0.69114,0.01191,0.0005,0.0,,0.681,0.00706,0.703,0,,,,0.0007,0.0,,0.77649,0.00859,0.0003,0.0,,0.76941,0.00398,0.0004,0.0,,0.84814,0.00478,0.0005,0,,0.92114,0.00547,0.0005,0,,0.97129,0.00523,0.0,0.0,,-0.07504,6e-05,0.075,0.0,,0.28304,0.7565
2023-10-13 10:00:00,0.0005,0.0,,1.11997,-0.00379,0.001,0.0,,1.03418,-0.0077,0.0008,0.0,,0.8472,-0.00768,0.0017,0.0,,0.78992,-0.01614,0.0026,51.0,,0.70117,-0.02631,0.004,0.0,,0.61767,-0.04306,0.0065,141.0,,0.54351,-0.07313,0.0095,104.0,,0.45386,-0.11741,0.0155,11.0,,0.37447,-0.20374,0.0205,12.0,,0.33694,-0.27392,0.054,0.0,,0.28684,0.6331,0.0295,1.0,,0.31426,-0.37474,0.037,10.0,,0.28791,0.50176,0.0415,24.0,,0.28884,-0.49812,0.024,0.0,,0.28741,0.37432,0.0595,5.0,,0.27751,-0.63129,0.015,477.0,,0.28892,0.26393,0.071,0.0,,,,0.0105,145.0,,0.30719,0.19123,0.116,0.0,,0.34751,-0.7761,0.0085,0.0,,0.33793,0.15009,0.0715,0,,,,0.007,13.0,,0.36605,0.12031,0.159,0.0,,,,0.0047,4.0,,0.41155,0.0785,0.2205,0.0,,,,0.0036,0.0,,0.45971,0.05712,0.19,0.0,,,,0.0029,0.0,,0.50486,0.04386,0.335,0,,,,0.002,1.0,,0.5303,0.0304,0.0015,0.0,,0.55875,0.02254,0.0015,0.0,,0.60748,0.02102,0.001,0.0,,0.61866,0.01439,0.4295,0,,,,0.0011,0.0,,0.66881,0.01468,0.0009,0.0,,0.69148,0.01191,0.0005,0.0,,0.68134,0.00706,0.703,0,,,,0.0006,50.0,,0.76357,0.00757,0.0003,0.0,,0.76978,0.00398,0.0004,0.0,,0.84856,0.00478,0.0005,0,,0.92159,0.00547,0.0005,0,,0.97177,0.00523,0.0,0.0,,-0.07508,6e-05,0.075,0.0,,0.28318,0.7565
2023-10-13 11:00:00,0.0005,0.0,,1.11744,-0.00381,0.001,0.0,,1.03136,-0.00773,0.0008,0.0,,0.84436,-0.00771,0.0017,0.0,,0.78673,-0.01621,0.0026,0.0,,0.69768,-0.02644,0.004,0.0,,0.6138,-0.04333,0.0065,3.0,,0.53913,-0.0737,0.0095,0.0,,0.44885,-0.1186,0.0155,0.0,,0.36836,-0.20659,0.022,9.0,,0.34298,-0.28466,0.054,0.0,,0.29923,0.6191,0.03,79.0,,0.30957,-0.38344,0.036,11.0,,0.29003,0.49087,0.043,11.0,,0.28894,-0.50932,0.023,32.0,,0.28718,0.36347,0.0625,168.0,,0.28611,-0.63716,0.0145,101.0,,0.29067,0.25618,0.071,0.0,,,,0.0105,155.0,,0.3127,0.18875,0.116,0.0,,0.32222,-0.80323,0.0085,115.0,,0.34301,0.14843,0.0715,0,,,,0.0075,3893.0,,0.37808,0.12422,0.159,0.0,,,,0.0047,0.0,,0.41583,0.07788,0.2205,100.0,,,,0.0039,102.0,,0.47129,0.06,0.19,0.0,,,,0.0029,0.0,,0.50868,0.04361,0.335,0,,,,0.002,0.0,,0.53391,0.03024,0.0015,0.0,,0.56221,0.02243,0.0015,0.0,,0.61092,0.02093,0.001,0.0,,0.62194,0.01433,0.4295,0,,,,0.0011,0.0,,0.6721,0.01463,0.0009,0.0,,0.6947,0.01187,0.0005,0.0,,0.68438,0.00704,0.703,0,,,,0.0006,0.0,,0.76665,0.00755,0.0003,0.0,,0.77269,0.00397,0.0004,0.0,,0.85153,0.00476,0.0005,0,,0.92462,0.00546,0.0005,0,,0.9748,0.00522,0.0,0.0,,-0.07301,7e-05,0.075,0.0,,0.30035,0.73706
2023-10-13 12:00:00,0.0005,0.0,,1.11908,-0.0038,0.001,0.0,,1.03305,-0.00772,0.0008,0.0,,0.84593,-0.0077,0.0017,0.0,,0.78838,-0.01619,0.0026,0.0,,0.69938,-0.0264,0.004,0.0,,0.61558,-0.04324,0.0065,0.0,,0.54104,-0.07349,0.0105,10.0,,0.46551,-0.12467,0.016,133.0,,0.37592,-0.20829,0.0215,9.0,,0.34138,-0.28102,0.054,0.0,,0.2951,0.62391,0.03,17.0,,0.31282,-0.38066,0.0365,68.0,,0.29058,0.49487,0.043,5.0,,0.29304,-0.50476,0.0235,96.0,,0.28862,0.36796,0.0625,0.0,,0.29156,-0.63038,0.0145,0.0,,0.28865,0.25757,0.071,0.0,,,,0.011,14.0,,0.31635,0.1942,0.116,0.0,,0.33169,-0.79318,0.0085,0.0,,0.34144,0.14901,0.0715,0,,,,0.0075,26.0,,0.37664,0.12464,0.159,0.0,,,,0.0047,0.0,,0.41459,0.0781,0.2205,0.0,,,,0.0039,211.0,,0.47017,0.06014,0.19,0.0,,,,0.0029,0.0,,0.50767,0.0437,0.335,0,,,,0.002,0.0,,0.53299,0.03029,0.0015,0.0,,0.56136,0.02247,0.0015,0.0,,0.61011,0.02096,0.001,0.0,,0.6212,0.01435,0.4295,0,,,,0.0011,0.0,,0.67139,0.01465,0.0009,0.0,,0.69403,0.01188,0.0005,0.0,,0.68376,0.00705,0.703,0,,,,0.0006,0.0,,0.76608,0.00756,0.0003,0.0,,0.77218,0.00398,0.0004,0.0,,0.85105,0.00477,0.0005,0,,0.92417,0.00546,0.0005,0,,0.97438,0.00522,0.0,0.0,,-0.07379,7e-05,0.075,0.0,,0.29461,0.74366
2023-10-13 13:00:00,0.0005,0.0,,1.12036,-0.0038,0.001,0.0,,1.03434,-0.00771,0.0008,0.0,,0.84711,-0.0077,0.0017,0.0,,0.78962,-0.01617,0.0026,0.0,,0.70063,-0.02636,0.004,0.0,,0.61687,-0.04317,0.0065,0.0,,0.5424,-0.07336,0.01,11.0,,0.45975,-0.1212,0.016,24.0,,0.3776,-0.20762,0.021,19.0,,0.33888,-0.2779,0.054,0.0,,0.29236,0.62719,0.0295,6.0,,0.31116,-0.37789,0.037,14.0,,0.29221,0.4977,0.0425,5.0,,0.29211,-0.50231,0.0235,29.0,,0.28702,0.36947,0.0625,0.0,,0.29519,-0.626,0.0145,0.0,,0.28736,0.25851,0.071,0.0,,,,0.011,0.0,,0.31523,0.19479,0.116,0.0,,0.33787,-0.78678,0.0085,0.0,,0.34045,0.1494,0.0715,0,,,,0.0075,0.0,,0.37573,0.12492,0.159,0.0,,,,0.0049,43.0,,0.41782,0.08044,0.2205,0.0,,,,0.0039,0.0,,0.46951,0.06024,0.19,0.0,,,,0.0029,0.0,,0.50708,0.04376,0.335,0,,,,0.002,0.0,,0.53247,0.03033,0.0015,0.0,,0.56089,0.0225,0.0015,0.0,,0.60968,0.02098,0.001,0.0,,0.6208,0.01436,0.4295,0,,,,0.0011,0.0,,0.67102,0.01466,0.0009,0.0,,0.69369,0.01189,0.0005,0.0,,0.68346,0.00705,0.703,0,,,,0.0006,0.0,,0.76582,0.00756,0.0003,0.0,,0.77197,0.00398,0.0004,0.0,,0.85087,0.00477,0.0005,0,,0.92402,0.00546,0.0005,0,,0.97426,0.00523,0.0,0.0,,-0.07432,7e-05,0.075,0.0,,0.29076,0.74822
2023-10-13 14:00:00,0.0005,0.0,,1.12001,-0.0038,0.001,0.0,,1.03387,-0.00772,0.0008,0.0,,0.84657,-0.0077,0.0017,0.0,,0.78895,-0.01619,0.0026,0.0,,0.69984,-0.0264,0.004,0.0,,0.61594,-0.04325,0.0065,0.0,,0.5413,-0.07353,0.01,0.0,,0.45842,-0.12155,0.0165,35.0,,0.38103,-0.2111,0.022,29.0,,0.34564,-0.28327,0.054,0.0,,0.29611,0.6231,0.03,3.0,,0.31261,-0.38112,0.037,0.0,,0.29511,0.49487,0.0425,0.0,,0.28898,-0.50608,0.0235,0.0,,0.28934,0.36759,0.063,14.0,,0.29487,-0.62932,0.0145,0.0,,0.2893,0.25734,0.071,0.0,,,,0.011,0.0,,0.31698,0.19406,0.116,0.0,,0.33049,-0.79482,0.0085,0.0,,0.34207,0.14891,0.0715,0,,,,0.0065,1.0,,0.36251,0.11419,0.159,0.0,,,,0.0049,0.0,,0.41924,0.08025,0.2205,0.0,,,,0.0039,0.0,,0.47086,0.06012,0.19,0.0,,,,0.0029,0.0,,0.50839,0.04368,0.335,0,,,,0.002,0.0,,0.53372,0.03029,0.0015,0.0,,0.56211,0.02246,0.0015,0.0,,0.6109,0.02095,0.001,0.0,,0.62199,0.01434,0.4295,0,,,,0.0011,0.0,,0.67223,0.01464,0.0009,0.0,,0.69488,0.01188,0.0005,0.0,,0.6846,0.00705,0.703,0,,inf,,0.0006,0.0,,0.76699,0.00756,0.0003,0.0,,0.7731,0.00397,0.0004,0.0,,0.85204,0.00477,0.0005,0,,0.92523,0.00546,0.0005,0,,0.9755,0.00522,0.0,0.0,,-0.07373,7e-05,0.075,0.0,,0.29589,0.74255
2023-10-13 15:00:00,0.0005,0.0,,1.12691,-0.00378,0.001,0.0,,1.04124,-0.00767,0.0008,0.0,,0.85369,-0.00764,0.0017,0.0,,0.79673,-0.01605,0.0026,0.0,,0.7081,-0.02612,0.004,0.0,,0.62483,-0.0427,0.0065,15.0,,0.55114,-0.07237,0.01,7.0,,0.46951,-0.11911,0.0165,0.0,,0.3943,-0.20534,0.0205,19.0,,0.34741,-0.26792,0.054,0.0,,0.27023,0.65408,0.0275,28.0,,0.31092,-0.3604,0.04,133.0,,0.29784,0.51761,0.0425,0.0,,0.31155,-0.48135,0.024,1.0,,0.2779,0.3835,0.063,0.0,,0.3244,-0.59452,0.0165,1166.0,,0.29449,0.28027,0.071,0.0,,,,0.0115,85.0,,0.31119,0.20386,0.116,0.0,,0.37928,-0.74482,0.009,75.0,,0.33828,0.15737,0.0715,0,,,,0.0075,1074.0,,0.36792,0.12709,0.159,0.0,,,,0.0049,215.0,,0.41098,0.08157,0.2205,0.0,,,,0.0038,100.0,,0.46076,0.05986,0.19,0.0,,,,0.0028,52.0,,0.49808,0.0431,0.335,0,,,,0.0021,10.0,,0.53128,0.03175,0.0015,0.0,,0.55583,0.02269,0.0015,0.0,,0.60475,0.02114,0.001,0.0,,0.61618,0.01446,0.4295,0,,,,0.0011,0.0,,0.66646,0.01475,0.0009,0.0,,0.6893,0.01197,0.0005,0.0,,0.67936,0.0071,0.703,0,,,,0.0006,0.0,,0.7618,0.0076,0.0003,0.0,,0.76827,0.004,0.0004,0.0,,0.8472,0.00479,0.0005,0,,0.92039,0.00549,0.0005,0,,0.97073,0.00525,0.1125,10.0,,0.39232,0.79564,0.075,0.0,,0.25865,0.78707
2023-10-13 16:00:00,0.0005,0.0,,1.1271,-0.00378,0.001,0.0,,1.04136,-0.00767,0.0007,50.0,,0.8391,-0.0069,0.0017,0.0,,0.7967,-0.01605,0.0026,6.0,,0.708,-0.02614,0.0041,1.0,,0.62788,-0.04344,0.0065,0.0,,0.55087,-0.07244,0.0095,15.0,,0.46165,-0.11598,0.0165,0.0,,0.39375,-0.20566,0.0205,0.0,,0.34675,-0.26843,0.054,0.0,,0.27191,0.65214,0.0285,14.0,,0.31795,-0.36356,0.0405,23.0,,0.30282,0.51673,0.0405,21.0,,0.29566,-0.48385,0.025,19.0,,0.28664,0.38673,0.063,0.0,,0.32294,-0.59634,0.0155,125.0,,0.28657,0.27275,0.071,0.0,,,,0.011,12.0,,0.30675,0.19905,0.116,0.0,,0.37691,-0.74734,0.0085,8.0,,0.33284,0.15221,0.0715,0,,,,0.0065,12.0,,0.35406,0.11642,0.159,0.0,,,,0.005,75.0,,0.41362,0.08259,0.2205,0.0,,,,0.0038,0.0,,0.46143,0.05981,0.19,0.0,,,,0.0026,16.0,,0.49217,0.04081,0.335,0,,,,0.002,12.0,,0.52774,0.03059,0.0017,30.0,,0.56699,0.02495,0.0011,13.0,,0.57976,0.0166,0.001,0.0,,0.61683,0.01446,0.4295,0,,,,0.0011,0.0,,0.66714,0.01475,0.0009,0.0,,0.68998,0.01196,0.0005,0.0,,0.68001,0.00709,0.703,0,,,,0.0005,78.0,,0.74749,0.00654,0.0003,0.0,,0.76895,0.004,0.0004,0.0,,0.84792,0.00479,0.0005,0,,0.92115,0.00548,0.0005,0,,0.97151,0.00524,0.1125,0.0,,0.3948,0.79382,0.075,0.0,,0.26109,0.78417
2023-10-13 17:00:00,0.0005,0.0,,1.1244,-0.00379,0.001,0.0,,1.03836,-0.0077,0.0007,0.0,,0.83612,-0.00692,0.0017,0.0,,0.7933,-0.01613,0.0026,0.0,,0.70429,-0.02628,0.0041,0.0,,0.62376,-0.04372,0.0065,9000.0,,0.54622,-0.07303,0.0095,33.0,,0.45635,-0.1172,0.0165,0.0,,0.38723,-0.20858,0.0205,0.0,,0.33938,-0.27311,0.054,0.0,,0.28563,0.63569,0.0285,3007.0,,0.30908,-0.37135,0.0405,0.0,,0.31312,0.5066,0.042,39.0,,0.29547,-0.49546,0.025,0.0,,0.29484,0.37965,0.063,0.0,,0.30821,-0.61359,0.0155,0.0,,0.29332,0.26831,0.071,0.0,,,,0.011,0.0,,0.31267,0.19629,0.116,0.0,,0.35295,-0.77171,0.008,130.0,,0.33184,0.14529,0.0715,0,,,,0.0065,94.0,,0.35904,0.11519,0.159,0.0,,,,0.0044,17.0,,0.40612,0.07522,0.2205,0.0,,,,0.0038,0.0,,0.4657,0.05939,0.19,0.0,,,,0.0024,28.0,,0.48922,0.03826,0.335,0,,,,0.002,0.0,,0.53155,0.03043,0.0017,0.0,,0.57069,0.02483,0.0011,0.0,,0.58327,0.01652,0.001,0.0,,0.62028,0.0144,0.4295,0,,,,0.0011,0.0,,0.67061,0.01469,0.0009,0.0,,0.69337,0.01192,0.0005,0.0,,0.68322,0.00707,0.703,0,,,,0.0005,0.0,,0.75068,0.00652,0.0003,20.0,,0.77201,0.00398,0.0004,0.0,,0.85105,0.00478,0.0005,0,,0.92433,0.00547,0.0005,0,,0.97469,0.00523,0.1125,90.0,,0.41483,0.77829,0.075,0.0,,0.28103,0.76018
2023-10-13 18:00:00,0.0005,0.0,,1.12605,-0.00379,0.001,0.0,,1.04005,-0.00769,0.0007,0.0,,0.83767,-0.00692,0.0017,0.0,,0.79496,-0.0161,0.0026,0.0,,0.70599,-0.02623,0.0041,0.0,,0.62555,-0.04363,0.006,5.0,,0.53728,-0.06934,0.0095,0.0,,0.45843,-0.11679,0.016,3.0,,0.3845,-0.20497,0.0205,0.0,,0.34207,-0.27153,0.054,0.0,,0.2813,0.641,0.0295,72.0,,0.32008,-0.3708,0.0385,310.0,,0.29511,0.50835,0.041,10.0,,0.29207,-0.49198,0.025,0.0,,0.29231,0.38196,0.06,10.0,,0.29027,-0.61911,0.016,500.0,,0.29572,0.27333,0.084,5.0,,0.29912,-0.72401,0.011,0.0,,0.3109,0.1972,0.116,0.0,,0.36142,-0.76322,0.008,443.0,,0.33028,0.14587,0.0715,0,,,,0.007,3675.0,,0.36507,0.12093,0.159,0.0,,,,0.0045,87.0,,0.40695,0.07658,0.2205,0.0,,,,0.0038,0.0,,0.46459,0.05953,0.19,0.0,,,,0.0023,41.0,,0.48464,0.03716,0.335,0,,,,0.0019,4.0,,0.52629,0.02933,0.0017,0.0,,0.56983,0.02487,0.0009,5.0,,0.56718,0.01413,0.001,0.0,,0.61954,0.01442,0.4295,0,,,,0.0011,0.0,,0.6699,0.01471,0.0009,0.0,,0.6927,0.01193,0.0005,0.0,,0.6826,0.00708,0.703,0,,,,0.0005,0.0,,0.75011,0.00653,0.0003,0.0,,0.7715,0.00399,0.0004,0.0,,0.85057,0.00478,0.0005,0,,0.92388,0.00548,0.0005,0,,0.97428,0.00524,0.1125,0.0,,0.40856,0.7833,0.075,0.0,,0.27476,0.76779
2023-10-13 19:00:00,0.0005,0.0,,1.12752,-0.00379,0.001,0.0,,1.04155,-0.00768,0.0007,0.0,,0.83903,-0.00691,0.0017,0.0,,0.79641,-0.01608,0.0026,50.0,,0.70748,-0.02619,0.0041,0.0,,0.62709,-0.04355,0.006,108.0,,0.53889,-0.06918,0.0095,76.0,,0.46019,-0.11645,0.0155,465.0,,0.38132,-0.20147,0.0215,2.0,,0.35323,-0.27435,0.054,0.0,,0.27767,0.64556,0.029,7.0,,0.31885,-0.36761,0.0385,0.0,,0.29244,0.5113,0.0415,13.0,,0.29909,-0.48806,0.025,8.0,,0.29022,0.38393,0.06,0.0,,0.29464,-0.61381,0.0165,522.0,,0.29843,0.27802,0.084,0.0,,0.30498,-0.71698,0.0115,6.0,,0.31472,0.20244,0.116,0.0,,0.36832,-0.75644,0.0085,102.0,,0.33537,0.15149,0.0715,0,,,,0.007,5982.0,,0.3639,0.12129,0.159,0.0,,,,0.0047,70.0,,0.41001,0.07902,0.2205,0.0,,,,0.0038,0.0,,0.4637,0.05965,0.19,0.0,,,,0.0025,28.0,,0.49094,0.03957,0.335,0,,,,0.0019,0.0,,0.52557,0.02938,0.0016,3.0,,0.564,0.02378,0.001,3.0,,0.57449,0.01537,0.001,0.0,,0.61898,0.01443,0.4295,0,,,,0.0011,0.0,,0.66936,0.01473,0.0009,0.0,,0.6922,0.01194,0.0005,0.0,,0.68214,0.00708,0.703,0,,,,0.0005,0.0,,0.7497,0.00654,0.0003,0.0,,0.77114,0.00399,0.0004,0.0,,0.85024,0.00479,0.0005,0,,0.92359,0.00548,0.0005,0,,0.97401,0.00524,0.1125,0.0,,0.40326,0.7876,0.075,0.0,,0.26941,0.77442
2023-10-13 20:00:00,0.0005,0.0,,1.1326,-0.00377,0.001,0.0,,1.04695,-0.00764,0.0007,0.0,,0.84415,-0.00687,0.0017,0.0,,0.80208,-0.01598,0.0026,0.0,,0.71347,-0.026,0.004,1.0,,0.6303,-0.04245,0.0055,1.0,,0.53446,-0.0648,0.0095,24.0,,0.46807,-0.11479,0.015,101.0,,0.38533,-0.19482,0.02,222.0,,0.3504,-0.2618,0.054,0.0,,0.25823,0.67036,0.0285,8.0,,0.32748,-0.3562,0.04,55.0,,0.28935,0.52739,0.0395,6.0,,0.29998,-0.47217,0.026,50.0,,0.28672,0.39796,0.06,0.0,,0.3152,-0.58942,0.017,1471.0,,0.29357,0.28777,0.084,0.0,,0.33206,-0.68536,0.0115,12.0,,0.30678,0.20643,0.116,0.0,,0.40003,-0.72578,0.009,2009.0,,0.33441,0.15907,0.0715,0,,,,0.007,389.0,,0.35731,0.12309,0.159,0.0,,,,0.0049,23.0,,0.40813,0.08219,0.2205,0.0,,,,0.0038,0.0,,0.45831,0.06024,0.19,0.0,,,,0.0025,0.0,,0.48601,0.03991,0.335,0,,,,0.0019,0.0,,0.52093,0.02961,0.0017,4.0,,0.5647,0.02508,0.001,0.0,,0.57035,0.01547,0.001,0.0,,0.61491,0.01452,0.4295,0,,,,0.0011,0.0,,0.66533,0.01481,0.0009,0.0,,0.68831,0.01201,0.0005,0.0,,0.6785,0.00712,0.703,0,,,,0.0005,0.0,,0.74615,0.00656,0.0003,0.0,,0.7678,0.00401,0.0004,0.0,,0.8469,0.0048,0.0005,0,,0.92026,0.0055,0.0005,0,,0.97075,0.00526,0.1125,0.0,,0.37431,0.81107,0.075,0.0,,0.2396,0.81235
2023-10-13 21:00:00,0.0005,0.0,,1.13118,-0.00378,0.001,0.0,,1.04533,-0.00766,0.0007,0.0,,0.84251,-0.00689,0.0017,0.0,,0.80016,-0.01603,0.0026,0.0,,0.71134,-0.02608,0.004,1.0,,0.62793,-0.04262,0.0055,0.0,,0.53181,-0.06513,0.0095,0.0,,0.46494,-0.11552,0.015,1012.0,,0.38153,-0.1965,0.02,6.0,,0.34603,-0.26451,0.054,0.0,,0.26713,0.659,0.0285,0.0,,0.32222,-0.36065,0.04,0.0,,0.29586,0.5206,0.04,8.0,,0.29706,-0.47932,0.026,150.0,,0.29189,0.39341,0.06,0.0,,0.30652,-0.59975,0.017,6939.0,,0.29787,0.28491,0.084,0.0,,0.32067,-0.69862,0.0115,165.0,,0.3105,0.20465,0.116,0.0,,0.38674,-0.73866,0.009,1000.0,,0.33782,0.1579,0.0715,0,,,,0.0075,115.0,,0.36765,0.12746,0.159,0.0,,,,0.005,134.0,,0.41294,0.08286,0.2205,0.0,,,,0.0035,1.0,,0.4534,0.05664,0.19,0.0,,,,0.0028,22.0,,0.49852,0.04318,0.335,0,,,,0.0019,0.0,,0.52335,0.02951,0.0017,0.0,,0.56707,0.025,0.001,0.0,,0.57258,0.01543,0.001,0.0,,0.61714,0.01448,0.4295,0,,,,0.0011,0.0,,0.66758,0.01477,0.0009,0.0,,0.69051,0.01198,0.0005,0.0,,0.68059,0.0071,0.703,0,,,,0.0005,0.0,,0.74825,0.00655,0.0003,0.0,,0.76982,0.004,0.0004,0.0,,0.84898,0.0048,0.0005,0,,0.92239,0.00549,0.0005,0,,0.97288,0.00525,0.1125,0.0,,0.38769,0.8003,0.075,0.0,,0.25349,0.79455
2023-10-13 22:00:00,0.0005,0.0,,1.12629,-0.0038,0.001,0.0,,1.03996,-0.0077,0.0007,0.0,,0.83726,-0.00693,0.0017,0.0,,0.79422,-0.01615,0.0026,4.0,,0.70491,-0.02632,0.004,0.0,,0.62087,-0.04309,0.0055,0.0,,0.52409,-0.06602,0.0095,0.0,,0.45595,-0.11755,0.015,0.0,,0.37073,-0.20128,0.02,0.0,,0.33366,-0.2723,0.054,0.0,,0.29003,0.63139,0.0285,0.0,,0.30732,-0.3736,0.04,0.0,,0.31298,0.50344,0.04,0.0,,0.27815,-0.50112,0.026,0.0,,0.30557,0.38174,0.06,0.0,,0.28133,-0.63133,0.0165,6.0,,0.30482,0.27413,0.084,0.0,,0.28666,-0.74045,0.0115,0.0,,0.32036,0.19999,0.116,0.0,,0.34671,-0.77909,0.009,0.0,,0.3468,0.15481,0.0715,0,,,,0.007,37.0,,0.36877,0.12017,0.159,0.0,,,,0.0048,97.0,,0.41649,0.07953,0.2205,0.0,,,,0.0038,106.0,,0.46799,0.05927,0.19,0.0,,,,0.003,300.0,,0.51145,0.04492,0.335,0,,,,0.002,58.0,,0.53387,0.03038,0.0017,0.0,,0.57307,0.02479,0.001,0.0,,0.57819,0.01531,0.001,0.0,,0.62271,0.01438,0.4295,0,,,,0.0011,0.0,,0.67316,0.01467,0.0009,0.0,,0.69595,0.01191,0.0005,0.0,,0.68572,0.00706,0.703,0,,,,0.0005,0.0,,0.75334,0.00652,0.0003,0.0,,0.77468,0.00398,0.0004,0.0,,0.85392,0.00477,0.0005,0,,0.9274,0.00547,0.0005,0,,0.97788,0.00523,0.1125,0.0,,0.42118,0.77423,0.075,0.0,,0.28695,0.75409
2023-10-13 23:00:00,0.0005,0.0,,1.12448,-0.0038,0.001,0.0,,1.03792,-0.00772,0.0007,0.0,,0.83521,-0.00695,0.0017,0.0,,0.79185,-0.01621,0.0026,29.0,,0.7023,-0.02643,0.004,98.0,,0.61797,-0.0433,0.0055,0.0,,0.52087,-0.06642,0.01,55.0,,0.45954,-0.12177,0.0165,7.0,,0.38161,-0.21161,0.0215,1.0,,0.34152,-0.28213,0.054,0.0,,0.29959,0.62069,0.0305,10.0,,0.31633,-0.38341,0.037,305.0,,0.29808,0.49319,0.04,0.0,,0.26975,-0.51155,0.0235,7.0,,0.29196,0.36647,0.06,0.0,,0.26982,-0.64691,0.015,177.0,,0.29625,0.2604,0.084,0.0,,0.27037,-0.762,0.0115,0.0,,0.32471,0.19805,0.116,0.0,,0.32732,-0.79981,0.0075,6250.0,,0.3314,0.1383,0.0715,0,,,,0.006,200.0,,0.35714,0.1085,0.159,0.0,,,,0.0045,50.0,,0.41373,0.07572,0.2205,0.0,,,,0.0035,70.0,,0.46343,0.05568,0.19,0.0,,,,0.003,0.0,,0.51447,0.04472,0.335,0,,,,0.0019,4.0,,0.53233,0.02912,0.0014,18.0,,0.55953,0.02128,0.001,0.0,,0.5808,0.01526,0.001,0.0,,0.6253,0.01433,0.4295,0,,,,0.0006,100.0,,0.62724,0.009,0.0009,0.0,,0.69851,0.01187,0.0005,366.0,,0.68815,0.00704,0.703,0,,,,0.0004,104.0,,0.73822,0.00541,0.0003,5.0,,0.77701,0.00397,0.0004,0.0,,0.85632,0.00477,0.0005,0,,0.92984,0.00546,0.0005,0,,0.98032,0.00522,0.1125,0.0,,0.43486,0.76414,0.075,0.0,,0.30018,0.73923
2023-10-14 00:00:00,0.0005,0.0,,1.13178,-0.00378,0.001,0.0,,1.04572,-0.00767,0.0007,0.0,,0.84264,-0.0069,0.0017,0.0,,0.80009,-0.01605,0.0026,0.0,,0.71105,-0.02613,0.004,0.0,,0.62739,-0.04271,0.0055,0.0,,0.53101,-0.0653,0.01,0.0,,0.4713,-0.11917,0.0165,0.0,,0.3957,-0.2055,0.0215,0.0,,0.3575,-0.27231,0.054,0.0,,0.27222,0.65311,0.03,2.0,,0.33153,-0.36635,0.037,0.0,,0.27747,0.51526,0.04,0.0,,0.29376,-0.48345,0.0235,0.0,,0.27572,0.38099,0.06,0.0,,0.30205,-0.60564,0.0155,105.0,,0.28734,0.273,0.084,0.0,,0.31465,-0.70627,0.0105,20.0,,0.30232,0.19457,0.116,0.0,,0.3797,-0.74607,0.008,521.0,,0.32752,0.14717,0.0715,0,,,,0.006,0.0,,0.34751,0.11091,0.159,0.0,,,,0.0044,5.0,,0.40299,0.07591,0.2205,0.0,,,,0.0035,0.0,,0.45541,0.0565,0.19,0.0,,,,0.003,0.0,,0.50687,0.04529,0.335,0,,,,0.0019,0.0,,0.52531,0.02945,0.0014,0.0,,0.55289,0.02151,0.001,0.0,,0.5745,0.0154,0.001,0.0,,0.61912,0.01446,0.4295,0,,,,0.0006,0.0,,0.62142,0.00908,0.0009,0.0,,0.69257,0.01196,0.0005,0.0,,0.68257,0.00709,0.703,0,,,,0.0004,0.0,,0.73286,0.00544,0.0003,0.0,,0.77187,0.004,0.0004,0.0,,0.85115,0.00479,0.0005,0,,0.92468,0.00549,0.0005,0,,0.97524,0.00525,0.1125,0.0,,0.39523,0.79473,0.075,0.0,,0.26098,0.78561
2023-10-14 01:00:00,0.0005,0.0,,1.12926,-0.00379,0.001,0.0,,1.0429,-0.00769,0.0007,0.0,,0.83984,-0.00692,0.0017,0.0,,0.79689,-0.01612,0.0026,0.0,,0.70755,-0.02627,0.004,0.0,,0.62352,-0.04298,0.0055,0.0,,0.52675,-0.06581,0.0095,1.0,,0.4588,-0.11707,0.016,2.0,,0.38435,-0.20563,0.0215,0.0,,0.35046,-0.27671,0.054,0.0,,0.28528,0.63744,0.03,0.0,,0.32308,-0.37353,0.0385,67.0,,0.2984,0.50603,0.04,0.0,,0.2831,-0.49576,0.0235,0.0,,0.28344,0.37411,0.06,0.0,,0.28785,-0.62346,0.0155,0.0,,0.29376,0.26879,0.084,0.0,,0.29549,-0.72982,0.0105,0.0,,0.30789,0.19198,0.116,0.0,,0.35716,-0.76884,0.008,0.0,,0.33259,0.14548,0.0715,0,,,,0.0065,182.0,,0.35994,0.11533,0.159,0.0,,,,0.0044,0.0,,0.40726,0.0753,0.2205,0.0,,,,0.0035,0.0,,0.45943,0.05612,0.19,0.0,,,,0.003,0.0,,0.51073,0.04503,0.335,0,,,,0.0019,0.0,,0.52892,0.0293,0.0014,0.0,,0.55634,0.0214,0.001,0.0,,0.57781,0.01534,0.001,0.0,,0.62241,0.0144,0.4295,0,,,,0.0006,0.0,,0.62454,0.00904,0.0009,0.0,,0.6958,0.01192,0.0005,0.0,,0.68563,0.00707,0.703,0,,,,0.0004,0.0,,0.73586,0.00543,0.0003,0.0,,0.77479,0.00399,0.0004,0.0,,0.85415,0.00478,0.0005,0,,0.92772,0.00547,0.0005,0,,0.97829,0.00523,0.1125,0.0,,0.41434,0.77994,0.075,0.0,,0.28003,0.76268
2023-10-14 02:00:00,0.0005,0.0,,1.12891,-0.00379,0.001,0.0,,1.04244,-0.0077,0.0007,0.0,,0.83932,-0.00693,0.0017,0.0,,0.79623,-0.01614,0.0026,0.0,,0.70677,-0.02631,0.004,0.0,,0.6226,-0.04306,0.006,1.0,,0.53698,-0.06962,0.0095,0.0,,0.45748,-0.11741,0.016,0.0,,0.38267,-0.20645,0.0215,0.0,,0.34849,-0.27804,0.054,0.0,,0.28913,0.6331,0.03,0.0,,0.32068,-0.37572,0.0385,0.0,,0.30135,0.50317,0.04,0.0,,0.28001,-0.49957,0.0235,0.0,,0.28579,0.37216,0.06,0.0,,0.28365,-0.62905,0.016,100.0,,0.30023,0.27115,0.084,0.0,,0.28967,-0.73735,0.0105,0.0,,0.30964,0.19123,0.112,1.0,,0.30886,-0.80943,0.008,0.0,,0.3342,0.14499,0.0715,0,,,,0.0065,0.0,,0.36146,0.11499,0.159,0.0,,,,0.0044,0.0,,0.40867,0.07512,0.2205,0.0,,,,0.0035,0.0,,0.46078,0.05601,0.19,0.0,,,,0.003,0.0,,0.51205,0.04495,0.335,0,,,,0.0019,0.0,,0.53017,0.02925,0.0014,0.0,,0.55756,0.02137,0.001,0.0,,0.57899,0.01532,0.001,0.0,,0.6236,0.01439,0.4295,0,,,,0.0006,0.0,,0.62569,0.00903,0.0009,0.0,,0.697,0.01191,0.0005,0.0,,0.68678,0.00706,0.703,0,,,,0.0004,0.0,,0.73701,0.00542,0.0003,0.0,,0.77593,0.00398,0.0004,0.0,,0.85533,0.00478,0.0005,0,,0.92895,0.00547,0.0005,0,,0.97953,0.00523,0.1125,0.0,,0.4199,0.77584,0.075,0.0,,0.28544,0.7565
2023-10-14 03:00:00,0.0005,0.0,,1.13112,-0.00379,0.001,0.0,,1.04473,-0.00769,0.0007,0.0,,0.84144,-0.00692,0.0017,0.0,,0.79854,-0.0161,0.0026,0.0,,0.70917,-0.02623,0.004,0.0,,0.62514,-0.04292,0.006,0.0,,0.5397,-0.06934,0.0095,0.0,,0.46049,-0.11679,0.016,0.0,,0.38623,-0.20497,0.0215,0.0,,0.35252,-0.27565,0.054,0.0,,0.28257,0.641,0.03,0.0,,0.32544,-0.37181,0.0385,0.0,,0.29644,0.50835,0.04,0.0,,0.28595,-0.49278,0.0235,0.0,,0.28194,0.3757,0.06,0.0,,0.29158,-0.61911,0.016,0.0,,0.29705,0.27333,0.084,0.0,,0.30047,-0.72401,0.0105,0.0,,0.30692,0.19258,0.112,0.0,,0.32317,-0.79372,0.008,0.0,,0.33177,0.14587,0.0715,0,,,,0.0065,0.0,,0.35923,0.1156,0.159,0.0,,,,0.0044,0.0,,0.40671,0.07544,0.2205,0.0,,,,0.0035,0.0,,0.459,0.05621,0.19,0.0,,,,0.003,0.0,,0.51039,0.04509,0.335,0,,,,0.0019,0.0,,0.52866,0.02933,0.0014,4.0,,0.55615,0.02143,0.001,0.0,,0.57768,0.01535,0.001,0.0,,0.62233,0.01442,0.4295,0,,,,0.0006,0.0,,0.62451,0.00905,0.0009,0.0,,0.69582,0.01193,0.0005,0.0,,0.68568,0.00708,0.703,0,,,,0.0004,0.0,,0.73598,0.00543,0.0003,0.0,,0.77497,0.00399,0.0004,0.0,,0.8544,0.00478,0.0005,0,,0.92804,0.00548,0.0005,0,,0.97867,0.00524,0.1125,0.0,,0.4104,0.7833,0.075,0.0,,0.276,0.76779
2023-10-14 04:00:00,0.0005,0.0,,1.14185,-0.00375,0.001,0.0,,1.05623,-0.00761,0.0007,0.0,,0.85243,-0.00683,0.0017,0.0,,0.81077,-0.01588,0.0026,0.0,,0.72219,-0.0258,0.004,0.0,,0.63919,-0.04206,0.006,21.0,,0.55505,-0.06763,0.0095,0.0,,0.47787,-0.11313,0.016,0.0,,0.40708,-0.19637,0.019,225.0,,0.35321,-0.25117,0.054,0.0,,,,0.026,25.0,,0.32131,-0.33972,0.039,11.0,,0.26757,0.54492,0.038,8.0,,0.30566,-0.45588,0.0235,0.0,,0.25666,0.40014,0.06,0.0,,0.33667,-0.56714,0.0175,2877.0,,0.28913,0.29811,0.084,0.0,,0.35926,-0.6573,0.0125,623.0,,0.30965,0.21947,0.105,3.0,,0.33322,-0.76164,0.009,589.0,,0.32806,0.16193,0.0715,0,,,,0.0065,1.0,,0.34434,0.11957,0.159,0.0,,0.31713,-0.90108,0.0044,0.0,,0.3935,0.07751,0.2205,0.0,,0.33922,-0.95248,0.0035,0.0,,0.44674,0.05749,0.19,0.0,,,,0.003,0.0,,0.49876,0.04597,0.335,0,,,,0.0019,0.0,,0.51791,0.02985,0.0014,0.0,,0.54598,0.02177,0.001,0.0,,0.56802,0.01558,0.001,0.0,,0.61283,0.01461,0.4295,0,,,,0.0006,0.0,,0.61556,0.00917,0.0009,0.0,,0.68666,0.01207,0.0005,0.0,,0.67707,0.00716,0.703,0,,,,0.0004,0.0,,0.7277,0.00549,0.0003,0.0,,0.767,0.00403,0.0004,0.0,,0.84639,0.00482,0.0005,0,,0.92002,0.00552,0.0005,0,,0.97074,0.00527,0.1125,0.0,,0.3415,0.84002,0.075,0.0,,,
2023-10-14 05:00:00,0.0005,0.0,,1.14423,-0.00375,0.001,0.0,,1.05872,-0.00759,0.0007,0.0,,0.85473,-0.00682,0.0017,0.0,,0.81328,-0.01584,0.0026,0.0,,0.72481,-0.02572,0.0032,1.0,,0.6138,-0.03605,0.0055,100.0,,0.54639,-0.06378,0.009,20.0,,0.4733,-0.1092,0.0145,1.0,,0.39457,-0.18676,0.019,1.0,,0.35741,-0.24891,0.054,0.0,,,,0.027,8.0,,0.33432,-0.33878,0.047,50.0,,0.32158,0.54988,0.035,21.0,,0.28921,-0.44913,0.03,75.0,,0.30157,0.42635,0.06,0.0,,0.34435,-0.55926,0.019,19.0,,0.29812,0.3102,0.084,0.0,,0.36891,-0.64753,0.0135,1425.0,,0.31636,0.22942,0.106,4.0,,0.35559,-0.74102,0.01,67.0,,0.33707,0.17268,0.0715,0,,,,0.0075,4.0,,0.35618,0.13106,0.159,0.0,,0.34376,-0.87823,0.0044,0.0,,0.3913,0.07789,0.2205,0.0,,0.38531,-0.92556,0.0038,103.0,,0.45226,0.06112,0.19,0.0,,,,0.0026,5.0,,0.48411,0.0416,0.335,0,,,,0.0024,6.0,,0.53648,0.03563,0.0014,0.0,,0.54439,0.02183,0.0012,53.0,,0.58075,0.01802,0.0011,91.0,,0.61912,0.01579,0.4295,0,,,,0.0009,1.0,,0.64523,0.01273,0.0007,1.0,,0.66474,0.00988,0.0005,0.0,,0.67582,0.00717,0.703,0,,,,0.0004,0.0,,0.72652,0.0055,0.0003,0.0,,0.7659,0.00403,0.0004,0.0,,0.84531,0.00483,0.0005,0,,0.91897,0.00553,0.0005,0,,0.96973,0.00528,0.1125,0.0,,0.32694,0.85287,0.075,0.0,,,
2023-10-14 06:00:00,0.0005,0.0,,1.13392,-0.00379,0.001,0.0,,1.04749,-0.00768,0.0007,0.0,,0.84385,-0.00691,0.0017,0.0,,0.80102,-0.01608,0.0026,0.0,,0.71161,-0.02619,0.0037,1.0,,0.61757,-0.04065,0.006,211.0,,0.54214,-0.06915,0.0095,241.0,,0.46304,-0.11639,0.016,67.0,,0.38905,-0.20401,0.021,2.0,,0.35114,-0.27206,0.054,0.0,,0.27844,0.64648,0.0285,30.0,,0.31717,-0.3661,0.0405,67.0,,0.30837,0.51328,0.04,12.0,,0.29021,-0.48841,0.026,207.0,,0.29913,0.38823,0.058,20.0,,0.28156,-0.62086,0.019,0.0,,0.32151,0.29425,0.084,0.0,,0.30779,-0.71561,0.012,105.0,,0.32136,0.20694,0.106,0.0,,0.26637,-0.84284,0.0095,8.0,,0.34931,0.16132,0.0715,0,,,,0.008,89.0,,0.37994,0.13146,0.159,0.0,,,,0.0044,0.0,,0.40589,0.07565,0.2205,0.0,,,,0.0038,0.0,,0.46603,0.05967,0.19,0.0,,,,0.0026,0.0,,0.49688,0.04073,0.335,0,,,,0.0024,0.0,,0.54886,0.03498,0.0014,0.0,,0.55587,0.02146,0.0012,0.0,,0.5919,0.01774,0.0011,0.0,,0.63005,0.01557,0.4295,0,,,,0.0009,0.0,,0.65585,0.01256,0.0007,0.0,,0.67504,0.00976,0.0005,0.0,,0.68575,0.00708,0.703,0,,,,0.0004,0.0,,0.73616,0.00544,0.0003,0.0,,0.77524,0.00399,0.0004,0.0,,0.85478,0.00479,0.0005,0,,0.92853,0.00548,0.0005,0,,0.97924,0.00524,0.1125,0.0,,0.40436,0.78847,0.075,0.0,,0.26978,0.77577
2023-10-14 07:00:00,0.0005,0.0,,1.13795,-0.00377,0.001,0.0,,1.05175,-0.00765,0.0007,0.0,,0.84787,-0.00688,0.0017,0.0,,0.80545,-0.016,0.0026,0.0,,0.71628,-0.02604,0.0037,0.0,,0.62251,-0.04037,0.006,2.0,,0.54755,-0.06856,0.0095,135.0,,0.46913,-0.11512,0.016,23.0,,0.3963,-0.20102,0.021,0.0,,0.35933,-0.26727,0.054,0.0,,0.2637,0.6651,0.0285,0.0,,0.32682,-0.3582,0.0405,0.0,,0.2976,0.52446,0.04,0.0,,0.30228,-0.47529,0.0265,8.0,,0.29445,0.3977,0.0605,20.0,,0.31676,-0.59243,0.019,0.0,,0.31437,0.29906,0.084,0.0,,0.32867,-0.69127,0.012,0.0,,0.31529,0.20998,0.106,0.0,,0.29913,-0.8039,0.0095,36.0,,0.34382,0.16335,0.0715,0,,,,0.008,1.0,,0.37485,0.1329,0.159,0.0,,,,0.0055,6.0,,0.42303,0.08845,0.2205,0.0,,,,0.0036,84.0,,0.45692,0.0579,0.19,0.0,,,,0.0028,3.0,,0.49976,0.04327,0.335,0,,,,0.0024,0.0,,0.5453,0.03518,0.0014,0.0,,0.55259,0.02158,0.0012,0.0,,0.58875,0.01783,0.0011,0.0,,0.627,0.01564,0.4295,0,,,,0.0009,0.0,,0.65291,0.01261,0.0007,0.0,,0.67221,0.0098,0.0005,0.0,,0.68305,0.00711,0.703,0,,,,0.0004,0.0,,0.73358,0.00545,0.0003,0.0,,0.77279,0.004,0.0004,0.0,,0.85234,0.0048,0.0005,0,,0.92611,0.00549,0.0005,0,,0.97686,0.00525,0.1125,0.0,,0.38248,0.80608,0.075,0.0,,0.24735,0.80401
2023-10-14 08:00:00,0.0005,0.0,,1.14034,-0.00377,0.001,0.0,,1.05425,-0.00764,0.0007,0.0,,0.85019,-0.00686,0.0017,0.0,,0.80797,-0.01596,0.0026,0.0,,0.7189,-0.02596,0.0037,0.0,,0.62525,-0.04022,0.006,0.0,,0.55053,-0.06826,0.0095,0.0,,0.47242,-0.11447,0.016,0.0,,0.40019,-0.19949,0.021,0.0,,0.36369,-0.26484,0.054,0.0,,,,0.0285,0.0,,0.33192,-0.35423,0.0405,0.0,,0.2919,0.53068,0.04,0.0,,0.30859,-0.4688,0.0265,0.0,,0.28998,0.40187,0.0605,0.0,,0.32489,-0.58343,0.019,0.0,,0.31066,0.30168,0.084,0.0,,0.33921,-0.67963,0.012,0.0,,0.31216,0.21163,0.106,0.0,,0.31446,-0.78644,0.0095,0.0,,0.34101,0.16445,0.0715,0,,,,0.008,0.0,,0.37226,0.13367,0.159,0.0,,0.22819,-0.96949,0.0055,0.0,,0.42077,0.08887,0.2205,0.0,,,,0.0036,0.0,,0.4549,0.05813,0.19,0.0,,,,0.0028,0.0,,0.4979,0.04342,0.335,0,,,,0.0024,0.0,,0.54355,0.03529,0.0014,0.0,,0.551,0.02164,0.0012,0.0,,0.58723,0.01787,0.0011,0.0,,0.62554,0.01567,0.4295,0,,,,0.0009,0.0,,0.65152,0.01264,0.0007,0.0,,0.67089,0.00982,0.0005,0.0,,0.68179,0.00713,0.703,0,,,,0.0004,0.0,,0.7324,0.00546,0.0003,0.0,,0.77168,0.00401,0.0004,0.0,,0.85126,0.00481,0.0005,0,,0.92505,0.0055,0.0005,0,,0.97585,0.00526,0.1125,0.0,,0.37031,0.81622,0.075,0.0,,0.23436,0.82116
2023-10-14 09:00:00,0.0005,0.0,,1.14146,-0.00377,0.001,0.0,,1.05537,-0.00763,0.0007,0.0,,0.85118,-0.00686,0.0017,0.0,,0.80901,-0.01595,0.0026,0.0,,0.71995,-0.02593,0.0037,0.0,,0.62629,-0.04018,0.006,0.0,,0.55161,-0.06817,0.0095,0.0,,0.47358,-0.11427,0.016,0.0,,0.4015,-0.19903,0.0195,10.0,,0.3514,-0.25765,0.054,0.0,,0.25332,0.67912,0.0285,0.0,,0.33356,-0.35306,0.041,13.0,,0.29401,0.53268,0.039,10.0,,0.3031,-0.4671,0.0265,0.0,,0.28873,0.40315,0.0605,0.0,,0.32741,-0.58082,0.017,121.0,,0.29245,0.2899,0.084,0.0,,0.34242,-0.67627,0.012,0.0,,0.31132,0.21213,0.106,0.0,,0.31897,-0.78152,0.0095,0.0,,0.34028,0.16478,0.0715,0,,,,0.008,0.0,,0.37161,0.13391,0.159,0.0,,0.24825,-0.95642,0.0055,0.0,,0.42024,0.08899,0.2205,0.0,,,,0.0036,0.0,,0.45446,0.0582,0.19,0.0,,,,0.0028,0.0,,0.49752,0.04346,0.335,0,,,,0.0024,0.0,,0.54322,0.03532,0.0014,0.0,,0.55072,0.02166,0.0012,0.0,,0.58698,0.01789,0.0011,0.0,,0.62533,0.01568,0.4295,0,,,,0.0009,0.0,,0.65134,0.01265,0.0007,0.0,,0.67073,0.00982,0.0005,0.0,,0.68166,0.00713,0.703,0,,,,0.0004,0.0,,0.73231,0.00547,0.0003,0.0,,0.77162,0.00401,0.0004,0.0,,0.85123,0.00481,0.0005,0,,0.92506,0.0055,0.0005,0,,0.97589,0.00526,0.1125,0.0,,0.36667,0.8194,0.075,0.0,,0.23033,0.82669
2023-10-14 10:00:00,0.0005,0.0,,1.14168,-0.00377,0.001,0.0,,1.05551,-0.00764,0.0007,0.0,,0.85124,-0.00686,0.0017,0.0,,0.809,-0.01596,0.0026,0.0,,0.71986,-0.02595,0.0037,0.0,,0.62612,-0.04021,0.006,87.0,,0.55135,-0.06823,0.0085,52.0,,0.45749,-0.1076,0.0145,1.0,,0.38479,-0.19108,0.0195,4.0,,0.35076,-0.25813,0.054,0.0,,,,0.0285,0.0,,0.33275,-0.35384,0.041,0.0,,0.29534,0.53142,0.038,4.0,,0.29455,-0.4686,0.0265,0.0,,0.28981,0.4023,0.0605,0.0,,0.326,-0.58256,0.017,41.0,,0.29336,0.28936,0.084,0.0,,0.34057,-0.6785,0.0115,69.0,,0.30698,0.20742,0.106,0.0,,0.31624,-0.78479,0.0085,189.0,,0.32881,0.15471,0.0715,0,,,,0.007,1269.0,,0.35819,0.12353,0.159,0.0,,0.23576,-0.96489,0.0044,58.0,,0.3995,0.07675,0.2205,0.0,,,,0.0036,0.0,,0.45514,0.05816,0.19,0.0,,,,0.0028,0.0,,0.4982,0.04343,0.335,0,,,,0.0024,0.0,,0.5439,0.0353,0.0013,11.0,,0.54548,0.02045,0.0012,0.0,,0.58764,0.01788,0.0011,0.0,,0.626,0.01568,0.4295,0,,,,0.0009,0.0,,0.65201,0.01264,0.0007,0.0,,0.6714,0.00982,0.0005,0.0,,0.68232,0.00713,0.703,0,,,,0.0004,0.0,,0.73299,0.00547,0.0003,0.0,,0.77231,0.00401,0.0004,0.0,,0.85196,0.00481,0.0005,0,,0.92584,0.0055,0.0005,0,,0.97669,0.00526,0.1125,0.0,,0.36942,0.81727,0.075,0.0,,0.23322,0.82298
2023-10-14 11:00:00,0.0005,0.0,,1.14171,-0.00377,0.001,0.0,,1.05545,-0.00764,0.0007,0.0,,0.8511,-0.00687,0.0017,0.0,,0.80877,-0.01597,0.0026,0.0,,0.71954,-0.02597,0.0037,0.0,,0.62571,-0.04025,0.006,0.0,,0.55082,-0.06832,0.0085,0.0,,0.45682,-0.10778,0.0145,12.0,,0.3839,-0.19153,0.019,74.0,,0.3451,-0.25657,0.054,0.0,,0.25772,0.67359,0.0265,101.0,,0.31541,-0.35005,0.041,0.0,,0.29726,0.52955,0.038,0.0,,0.29287,-0.4706,0.0265,0.0,,0.29135,0.40103,0.0605,0.0,,0.32379,-0.5852,0.017,0.0,,0.29465,0.28856,0.084,0.0,,0.33767,-0.6819,0.0115,39.0,,0.30811,0.20692,0.106,0.0,,0.31198,-0.7898,0.0085,0.0,,0.32985,0.15439,0.0715,0,,,,0.007,25.0,,0.35919,0.1233,0.159,0.0,,0.21004,-0.97978,0.005,116.0,,0.41243,0.08341,0.2205,0.0,,,,0.0035,10.0,,0.45346,0.05695,0.19,0.0,,,,0.0028,0.0,,0.49908,0.04339,0.335,0,,,,0.0024,0.0,,0.54478,0.03527,0.0013,0.0,,0.54632,0.02043,0.0012,0.0,,0.58848,0.01786,0.0011,0.0,,0.62685,0.01567,0.4295,0,,,,0.0009,0.0,,0.65286,0.01263,0.0007,0.0,,0.67224,0.00981,0.0005,0.0,,0.68315,0.00712,0.703,0,,,,0.0004,0.0,,0.73382,0.00546,0.0003,0.0,,0.77315,0.00401,0.0004,0.0,,0.85285,0.00481,0.0005,0,,0.92676,0.0055,0.0005,0,,0.97763,0.00526,0.1125,0.0,,0.37339,0.81414,0.075,0.0,,0.23743,0.81757
2023-10-14 12:00:00,0.0005,0.0,,1.14228,-0.00377,0.001,0.0,,1.05599,-0.00764,0.0007,0.0,,0.85153,-0.00687,0.0017,0.0,,0.80918,-0.01597,0.0026,0.0,,0.7199,-0.02597,0.0037,0.0,,0.62603,-0.04025,0.006,0.0,,0.5511,-0.06832,0.0085,0.0,,0.45705,-0.10778,0.0145,0.0,,0.3841,-0.19153,0.019,1.0,,0.34527,-0.25657,0.054,0.0,,0.25785,0.67359,0.026,12.0,,0.31155,-0.34871,0.041,40.0,,0.29741,0.52955,0.038,0.0,,0.29302,-0.4706,0.0265,50.0,,0.29149,0.40103,0.0605,0.0,,0.32396,-0.5852,0.017,0.0,,0.2948,0.28856,0.084,0.0,,0.33784,-0.6819,0.0115,25.0,,0.30827,0.20692,0.106,0.0,,0.31214,-0.7898,0.0085,0.0,,0.33002,0.15439,0.0715,0,,,,0.007,107.0,,0.35937,0.1233,0.159,0.0,,0.21015,-0.97978,0.005,0.0,,0.41264,0.08341,0.2205,0.0,,,,0.0035,0.0,,0.45369,0.05695,0.19,0.0,,,,0.0028,0.0,,0.49933,0.04339,0.335,0,,,,0.0024,0.0,,0.54505,0.03527,0.0013,0.0,,0.54659,0.02043,0.0012,0.0,,0.58878,0.01786,0.0011,0.0,,0.62716,0.01567,0.4295,0,,,,0.0009,0.0,,0.65319,0.01263,0.0007,0.0,,0.67258,0.00981,0.0005,0.0,,0.68349,0.00712,0.703,0,,,,0.0004,0.0,,0.7342,0.00546,0.0003,0.0,,0.77354,0.00401,0.0004,0.0,,0.85328,0.00481,0.0005,0,,0.92723,0.0055,0.0005,0,,0.97813,0.00526,0.1125,0.0,,0.37358,0.81414,0.075,0.0,,0.23755,0.81757
2023-10-14 13:00:00,0.0005,0.0,3335.0,1.14049,-0.00378,0.001,0.0,1563.0,1.05396,-0.00766,0.0007,0.0,1407.0,0.8495,-0.00688,0.0017,0.0,1504.0,0.80683,-0.01602,0.0026,0.0,1481.0,0.71731,-0.02608,0.0037,0.0,1807.0,0.62318,-0.04044,0.005,2.0,16002.0,0.52436,-0.0613,0.0085,0.0,16867.0,0.45336,-0.1086,0.0135,8.0,21446.0,0.36861,-0.18752,0.0185,9.0,9911.0,0.33549,-0.2574,0.054,0.0,1700.0,0.26849,0.66,0.026,88.0,28115.0,0.30536,-0.35409,0.041,0.0,2633.0,0.30515,0.52168,0.038,0.0,11732.0,0.28513,-0.47957,0.0265,0.0,36565.0,0.29765,0.39567,0.0605,0.0,20663.0,0.31366,-0.5971,0.017,0.0,214124.0,0.29989,0.28517,0.084,0.0,6567.0,0.32434,-0.69737,0.0115,0.0,170973.0,0.31268,0.20481,0.106,0.0,4171.0,0.29198,-0.81332,0.0085,0.0,63436.0,0.33401,0.15303,0.0715,0,1221.0,,,0.007,10.0,62718.0,0.3631,0.12236,0.159,0.0,1050.0,,,0.005,0.0,39752.0,0.41603,0.0829,0.2205,0.0,113.0,,,0.0035,0.0,29850.0,0.45683,0.05666,0.19,0.0,711.0,,,0.0028,0.0,14749.0,0.50234,0.04319,0.335,0,2.0,,,0.0018,1.0,2924.0,0.52284,0.02833,0.0013,0.0,2935.0,0.54929,0.02035,0.0012,0.0,6381.0,0.59144,0.0178,0.0011,0.0,3863.0,0.62979,0.01562,0.4295,0,36.0,,,0.0009,0.0,856.0,0.65576,0.0126,0.0007,0.0,544.0,0.67509,0.00979,0.0005,0.0,1644.0,0.68592,0.0071,0.703,0,87.0,,,0.0004,0.0,798.0,0.73659,0.00545,0.0003,0.0,193.0,0.77588,0.004,0.0004,0.0,645.0,0.85568,0.0048,0.0005,0,287.0,0.92968,0.00549,0.0005,0,398.0,0.98058,0.00525,0.1125,0.0,110.0,0.38963,0.80125,0.075,0.0,10.0,0.25431,0.79608
2023-10-14 14:00:00,0.0005,0.0,,1.13943,-0.00378,0.001,0.0,,1.05272,-0.00767,0.0007,0.0,,0.84822,-0.0069,0.0017,0.0,,0.80533,-0.01606,0.0026,0.0,,0.71563,-0.02615,0.0037,0.0,,0.6213,-0.04057,0.005,0.0,,0.52226,-0.06156,0.0085,7.0,,0.45087,-0.10917,0.0135,0.0,,0.36556,-0.18889,0.0185,0.0,,0.33195,-0.25967,0.054,0.0,,0.27571,0.65119,0.026,0.0,,0.30107,-0.35795,0.038,52.0,,0.28807,0.51461,0.0395,26.0,,0.29083,-0.48516,0.0265,0.0,,0.30194,0.39207,0.0605,0.0,,0.3064,-0.60582,0.0155,21.0,,0.29012,0.2725,0.084,0.0,,0.31466,-0.70889,0.0115,0.0,,0.31578,0.20338,0.106,0.0,,0.27668,-0.8317,0.0085,0.0,,0.33682,0.1521,0.0715,0,,,,0.0065,624.0,,0.35825,0.11635,0.159,0.0,,,,0.005,0.0,,0.41845,0.08255,0.2205,0.0,,,,0.0035,0.0,,0.45908,0.05645,0.19,0.0,,,,0.0028,0.0,,0.5045,0.04306,0.335,0,,,,0.0016,1.0,,0.51532,0.02585,0.0013,10.0,,0.55125,0.0203,0.0012,0.0,,0.59338,0.01776,0.0011,0.0,,0.63171,0.01558,0.4295,0,,,,0.0009,0.0,,0.65764,0.01257,0.0007,0.0,,0.67693,0.00977,0.0005,0.0,,0.68772,0.00709,0.703,0,,,,0.0004,0.0,,0.73836,0.00544,0.0003,0.0,,0.77763,0.004,0.0004,0.0,,0.85748,0.00479,0.0005,0,,0.93153,0.00548,0.0005,0,,0.98244,0.00524,0.1125,0.0,,0.40032,0.79292,0.075,0.0,,0.26515,0.78274
2023-10-14 15:00:00,0.0005,0.0,,1.14074,-0.00378,0.001,0.0,,1.05404,-0.00767,0.0007,0.0,,0.84941,-0.00689,0.0017,0.0,,0.80659,-0.01604,0.0021,1.0,,0.69074,-0.02244,0.0037,0.0,,0.62259,-0.04051,0.005,0.0,,0.52358,-0.06144,0.0085,10.0,,0.45231,-0.10891,0.0145,6.0,,0.37813,-0.19426,0.0185,0.0,,0.33377,-0.25865,0.054,0.0,,0.27272,0.65505,0.027,7.0,,0.31119,-0.35876,0.039,12.0,,0.29339,0.51766,0.0395,0.0,,0.29351,-0.48234,0.0265,0.0,,0.30026,0.39366,0.0605,0.0,,0.30987,-0.60189,0.0155,0.0,,0.28877,0.27351,0.084,0.0,,0.31924,-0.70369,0.0115,0.0,,0.31463,0.20401,0.106,0.0,,0.28386,-0.82329,0.0085,0.0,,0.33582,0.15251,0.0715,0,,,,0.0065,14.0,,0.35735,0.11663,0.159,0.0,,,,0.0045,1.0,,0.40764,0.07713,0.2205,0.0,,,,0.0035,0.0,,0.45842,0.05654,0.19,0.0,,,,0.0021,5.0,,0.47916,0.03494,0.335,0,,,,0.0016,0.0,,0.5148,0.02588,0.0013,0.0,,0.55078,0.02032,0.0012,0.0,,0.59295,0.01778,0.0011,0.0,,0.63132,0.0156,0.4295,0,,,,0.0009,0.0,,0.65729,0.01258,0.0007,0.0,,0.67661,0.00978,0.0005,0.0,,0.68742,0.0071,0.703,0,,,,0.0004,0.0,,0.73811,0.00544,0.0003,0.0,,0.77742,0.004,0.0004,0.0,,0.85731,0.00479,0.0005,0,,0.93139,0.00549,0.0005,0,,0.98234,0.00525,0.1125,0.0,,0.39591,0.79657,0.075,0.0,,0.2606,0.78853
2023-10-14 16:00:00,0.0005,0.0,,1.13985,-0.00378,0.001,0.0,,1.053,-0.00768,0.0007,0.0,,0.84832,-0.0069,0.0017,0.0,,0.80529,-0.01608,0.0021,0.0,,0.68932,-0.02249,0.0037,0.0,,0.62095,-0.04063,0.005,0.0,,0.52173,-0.06167,0.0085,0.0,,0.45012,-0.10943,0.015,1.0,,0.38077,-0.19837,0.0185,0.0,,0.33063,-0.26069,0.054,0.0,,0.27908,0.64741,0.027,0.0,,0.30736,-0.3622,0.039,0.0,,0.29814,0.51284,0.0395,0.0,,0.28858,-0.48803,0.0265,0.0,,0.30407,0.39051,0.0605,0.0,,0.30335,-0.60984,0.0155,0.0,,0.2919,0.2715,0.084,0.0,,0.31049,-0.71425,0.011,1.0,,0.31209,0.19827,0.106,0.0,,0.26961,-0.84055,0.0085,25.0,,0.33834,0.1517,0.0715,0,,,,0.007,101.0,,0.36721,0.12143,0.159,0.0,,,,0.0045,0.0,,0.40978,0.07683,0.2205,0.0,,,,0.0032,1.0,,0.45236,0.05292,0.19,0.0,,,,0.0021,0.0,,0.48104,0.03484,0.335,0,,,,0.0016,0.0,,0.51662,0.02581,0.0012,1.0,,0.5463,0.01906,0.001,1.0,,0.58023,0.01538,0.0009,1.0,,0.61676,0.01328,0.4295,0,,,,0.0009,0.0,,0.659,0.01256,0.0007,0.0,,0.67829,0.00976,0.0005,0.0,,0.68906,0.00709,0.703,0,,,,0.0004,0.0,,0.73973,0.00544,0.0003,0.0,,0.77902,0.00399,0.0004,0.0,,0.85896,0.00479,0.0005,0,,0.93308,0.00548,0.0005,0,,0.98405,0.00524,0.1125,0.0,,0.40528,0.78935,0.075,0.0,,0.27001,0.77714
2023-10-14 17:00:00,0.0005,0.0,,1.14189,-0.00378,0.001,0.0,,1.05512,-0.00767,0.0007,0.0,,0.85027,-0.00689,0.0017,0.0,,0.80741,-0.01604,0.0021,0.0,,0.69144,-0.02244,0.0037,5.0,,0.62322,-0.04051,0.005,0.0,,0.52411,-0.06144,0.0085,0.0,,0.45277,-0.10891,0.014,43.0,,0.37307,-0.19131,0.0185,0.0,,0.33411,-0.25865,0.054,0.0,,0.273,0.65505,0.027,0.0,,0.31151,-0.35876,0.039,0.0,,0.29368,0.51766,0.0405,24.0,,0.30129,-0.48179,0.0265,0.0,,0.30056,0.39366,0.0605,0.0,,0.31019,-0.60189,0.0155,0.0,,0.28907,0.27351,0.084,0.0,,0.31956,-0.70369,0.0105,1.0,,0.30427,0.19488,0.106,0.0,,0.28414,-0.82329,0.008,1.0,,0.32976,0.14737,0.0715,0,,,,0.007,0.0,,0.36521,0.122,0.159,0.0,,inf,,0.0045,0.0,,0.40806,0.07713,0.2205,0.0,,,,0.0032,0.0,,0.45081,0.0531,0.19,0.0,,,,0.0021,0.0,,0.47964,0.03494,0.335,0,,,,0.0015,1.0,,0.51026,0.02464,0.0014,5.0,,0.55728,0.02152,0.001,0.0,,0.57909,0.01541,0.0009,0.0,,0.61567,0.01331,0.4295,0,,,,0.0009,0.0,,0.65795,0.01258,0.0007,0.0,,0.6773,0.00978,0.0005,0.0,,0.68812,0.0071,0.703,0,,,,0.0004,0.0,,0.73886,0.00544,0.0003,0.0,,0.77821,0.004,0.0004,0.0,,0.85818,0.00479,0.0005,0,,0.93233,0.00549,0.0005,0,,0.98334,0.00525,0.1125,0.0,,0.39631,0.79657,0.075,0.0,,0.26086,0.78853
2023-10-14 18:00:00,0.0005,0.0,,1.14284,-0.00378,0.001,0.0,,1.05605,-0.00766,0.0007,0.0,,0.85109,-0.00689,0.0017,0.0,,0.80824,-0.01603,0.0021,0.0,,0.69224,-0.02242,0.0037,0.0,,0.62403,-0.04048,0.005,0.0,,0.52491,-0.06139,0.0085,0.0,,0.45361,-0.10879,0.014,0.0,,0.37398,-0.19101,0.0185,0.0,,0.33511,-0.25815,0.054,0.0,,0.27156,0.65701,0.027,0.0,,0.31266,-0.35792,0.039,53.0,,0.29268,0.51888,0.0405,0.0,,0.30271,-0.48043,0.0265,0.0,,0.29979,0.39446,0.0605,0.0,,0.31199,-0.59996,0.0155,0.0,,0.28847,0.27402,0.084,0.0,,0.32192,-0.70113,0.0105,2.0,,0.30378,0.19519,0.106,0.0,,0.28771,-0.81923,0.008,0.0,,0.32934,0.14757,0.0715,0,,,,0.007,0.0,,0.36485,0.12214,0.159,0.0,,,,0.0045,0.0,,0.40778,0.0772,0.2205,0.0,,,,0.0032,0.0,,0.4506,0.05314,0.19,0.0,,,,0.0021,0.0,,0.47948,0.03496,0.335,0,,,,0.0015,0.0,,0.51014,0.02465,0.0014,0.0,,0.55718,0.02153,0.001,0.0,,0.57903,0.01542,0.0009,0.0,,0.61564,0.01332,0.4295,0,,,,0.0009,0.0,,0.65794,0.01259,0.0007,0.0,,0.67731,0.00978,0.0005,0.0,,0.68815,0.0071,0.703,0,,,,0.0004,0.0,,0.73893,0.00545,0.0003,0.0,,0.77831,0.004,0.0004,0.0,,0.85831,0.00479,0.0005,0,,0.9325,0.00549,0.0005,0,,0.98353,0.00525,0.1125,0.0,,0.39417,0.79842,0.075,0.0,,0.2586,0.79151
2023-10-14 19:00:00,0.0005,0.0,,1.14159,-0.00378,0.001,0.0,,1.05461,-0.00768,0.0007,0.0,,0.84961,-0.0069,0.0017,0.0,,0.80652,-0.01608,0.0021,0.0,,0.69037,-0.02249,0.0037,0.0,,0.6219,-0.04063,0.005,0.0,,0.52253,-0.06167,0.0085,0.0,,0.45081,-0.10943,0.015,2.0,,0.38136,-0.19837,0.02,4.0,,0.34485,-0.26755,0.054,0.0,,0.27951,0.64741,0.028,3.0,,0.31579,-0.36455,0.0395,123.0,,0.30234,0.51318,0.0415,42.0,,0.30401,-0.48667,0.0265,0.0,,0.30454,0.39051,0.0605,0.0,,0.30382,-0.60984,0.0165,46.0,,0.3013,0.27852,0.0815,15.0,,0.28866,-0.73148,0.011,17.0,,0.31257,0.19827,0.106,0.0,,0.27002,-0.84055,0.009,188.0,,0.34515,0.15665,0.0715,0,,,,0.007,258.0,,0.36777,0.12143,0.159,0.0,,,,0.0045,0.0,,0.41041,0.07683,0.2205,0.0,,,,0.0032,4.0,,0.45305,0.05292,0.19,0.0,,,,0.0021,0.0,,0.48177,0.03484,0.335,0,,,,0.0015,1.0,,0.51233,0.02458,0.0014,0.0,,0.55935,0.02147,0.001,0.0,,0.58112,0.01538,0.0008,4.0,,0.60859,0.0121,0.4295,0,,,,0.0009,0.0,,0.66001,0.01256,0.0007,0.0,,0.67933,0.00976,0.0005,0.0,,0.69012,0.00709,0.703,0,,,,0.0004,0.0,,0.74086,0.00544,0.0003,0.0,,0.78021,0.00399,0.0004,0.0,,0.86027,0.00479,0.0005,0,,0.93451,0.00548,0.0005,0,,0.98555,0.00524,0.1125,0.0,,0.4059,0.78935,0.075,0.0,,0.27042,0.77714
2023-10-14 20:00:00,0.0005,0.0,,1.14456,-0.00378,0.001,0.0,,1.05772,-0.00766,0.0007,0.0,,0.85252,-0.00688,0.0017,0.0,,0.80971,-0.01602,0.0021,0.0,,0.69361,-0.0224,0.0037,0.0,,0.6254,-0.04044,0.005,0.0,,0.52623,-0.0613,0.0085,0.0,,0.45498,-0.1086,0.015,1.0,,0.38635,-0.19634,0.02,0.0,,0.35049,-0.26426,0.054,0.0,,0.26945,0.66,0.028,0.0,,0.32248,-0.35908,0.0395,0.0,,0.29498,0.52097,0.0415,0.0,,0.31241,-0.47794,0.0265,0.0,,0.29871,0.39567,0.0605,0.0,,0.31478,-0.5971,0.0165,4.0,,0.29655,0.28181,0.0815,0.0,,0.30384,-0.71268,0.011,0.0,,0.3085,0.20031,0.106,0.0,,0.29302,-0.81332,0.009,10.0,,0.34146,0.15801,0.0715,0,,,,0.007,102.0,,0.3644,0.12236,0.159,0.0,,,,0.0045,0.0,,0.40747,0.07731,0.2205,0.0,,,,0.0032,0.0,,0.45039,0.0532,0.19,0.0,,,,0.0024,5.0,,0.49049,0.03861,0.335,0,,,,0.0017,1.0,,0.52001,0.02714,0.0014,0.0,,0.55719,0.02155,0.001,0.0,,0.57908,0.01543,0.0008,0.0,,0.60665,0.01213,0.4295,0,,,,0.0009,0.0,,0.6581,0.0126,0.0007,0.0,,0.67749,0.00979,0.0005,0.0,,0.68837,0.0071,0.703,0,,,,0.0004,0.0,,0.73921,0.00545,0.0003,0.0,,0.77865,0.004,0.0004,0.0,,0.85873,0.0048,0.0005,0,,0.93299,0.00549,0.0005,0,,0.98408,0.00525,0.1125,0.0,,0.39102,0.80125,0.075,0.0,,0.25522,0.79608
2023-10-14 21:00:00,0.0005,0.0,,1.14642,-0.00377,0.001,0.0,,1.05964,-0.00765,0.0007,0.0,,0.85429,-0.00687,0.0017,0.0,,0.81161,-0.01599,0.0021,0.0,,0.69551,-0.02236,0.0037,0.0,,0.62743,-0.04034,0.005,0.0,,0.52835,-0.06111,0.0085,13.0,,0.45733,-0.10816,0.015,0.0,,0.38912,-0.19527,0.02,0.0,,0.35359,-0.26253,0.054,0.0,,0.26396,0.66718,0.028,0.0,,0.32613,-0.35622,0.0395,0.0,,0.29103,0.52534,0.0415,0.0,,0.31695,-0.47342,0.0265,0.0,,0.29562,0.39853,0.0605,0.0,,0.32063,-0.59059,0.0165,0.0,,0.29404,0.28362,0.0815,0.0,,0.31175,-0.70329,0.012,1.0,,0.31687,0.21031,0.106,0.0,,0.30441,-0.80027,0.009,1.0,,0.33955,0.15875,0.0715,0,,,,0.007,1.0,,0.36266,0.12287,0.159,0.0,,,,0.0045,0.0,,0.40598,0.07757,0.2205,0.0,,,,0.0032,0.0,,0.44906,0.05335,0.19,0.0,,,,0.0024,0.0,,0.48928,0.0387,0.335,0,,,,0.0017,0.0,,0.5189,0.0272,0.0014,0.0,,0.55615,0.02159,0.001,0.0,,0.57812,0.01546,0.0008,0.0,,0.60575,0.01215,0.4295,0,,,,0.0009,0.0,,0.65722,0.01262,0.0007,0.0,,0.67667,0.0098,0.0005,0.0,,0.68759,0.00711,0.703,0,,,,0.0004,0.0,,0.7385,0.00546,0.0003,0.0,,0.77799,0.00401,0.0004,0.0,,0.8581,0.0048,0.0005,0,,0.9324,0.0055,0.0005,0,,0.98352,0.00526,0.1125,0.0,,0.38276,0.80806,0.075,0.0,,0.24655,0.80729
2023-10-14 22:00:00,0.0005,0.0,,1.14536,-0.00378,0.001,0.0,,1.0584,-0.00766,0.0007,0.0,,0.85301,-0.00689,0.0017,0.0,,0.81011,-0.01603,0.0021,0.0,,0.69387,-0.02242,0.0037,0.0,,0.62555,-0.04047,0.005,0.0,,0.52624,-0.06136,0.0085,0.0,,0.45484,-0.10872,0.015,0.0,,0.38601,-0.19665,0.02,0.0,,0.35001,-0.26476,0.054,0.0,,0.27132,0.658,0.028,0.0,,0.32181,-0.35991,0.0395,0.0,,0.29645,0.51975,0.04,6.0,,0.3002,-0.48,0.0265,0.0,,0.29994,0.39486,0.0605,0.0,,0.31346,-0.599,0.0165,0.0,,0.29761,0.28129,0.0815,0.0,,0.30189,-0.71545,0.012,0.0,,0.32002,0.20885,0.106,0.0,,0.28999,-0.81724,0.0085,40.0,,0.33613,0.15282,0.0715,0,,,,0.007,85.0,,0.36532,0.12221,0.159,0.0,,,,0.0045,0.0,,0.40837,0.07724,0.2205,0.0,,,,0.0035,10.0,,0.45938,0.05661,0.19,0.0,,,,0.0024,0.0,,0.49141,0.03858,0.335,0,,,,0.0017,1.0,,0.52093,0.02712,0.0014,0.0,,0.55813,0.02154,0.001,0.0,,0.58003,0.01542,0.0008,0.0,,0.60762,0.01213,0.4295,0,,,,0.0009,0.0,,0.65911,0.01259,0.0007,0.0,,0.67852,0.00978,0.0005,0.0,,0.6894,0.0071,0.703,0,,,,0.0004,0.0,,0.74028,0.00545,0.0003,0.0,,0.77974,0.004,0.0004,0.0,,0.85991,0.0048,0.0005,0,,0.93425,0.00549,0.0005,0,,0.98539,0.00525,0.1125,0.0,,0.3938,0.79936,0.075,0.0,,0.25792,0.79302
2023-10-14 23:00:00,0.0005,0.0,,1.15126,-0.00376,0.001,0.0,,1.06468,-0.00762,0.0007,0.0,,0.85897,-0.00684,0.0017,0.0,,0.8167,-0.01591,0.0021,0.0,,0.70065,-0.02222,0.0037,1.0,,0.63296,-0.04005,0.005,0.0,,0.53415,-0.06056,0.0085,0.0,,0.46384,-0.10692,0.014,3.0,,0.38578,-0.18656,0.02,0.0,,0.36227,-0.25775,0.054,0.0,,0.24745,0.68955,0.028,0.0,,0.33633,-0.3484,0.0395,0.0,,0.27941,0.5385,0.038,20.0,,0.30321,-0.46148,0.0265,0.0,,0.28656,0.40705,0.0605,0.0,,0.3368,-0.57321,0.0175,212.0,,0.29542,0.29561,0.0815,0.0,,0.33318,-0.67879,0.012,0.0,,0.31055,0.21365,0.106,0.0,,0.33395,-0.76751,0.009,31.0,,0.33392,0.16093,0.0715,0,,,,0.007,2.0,,0.35754,0.12434,0.159,0.0,,0.29081,-0.9255,0.0045,0.0,,0.40154,0.07833,0.2205,0.0,,0.26364,-0.98663,0.0035,0.0,,0.45308,0.05728,0.19,0.0,,,,0.0024,0.0,,0.48561,0.03898,0.335,0,,,,0.0018,6.0,,0.52018,0.02857,0.0014,0.0,,0.55295,0.02172,0.001,0.0,,0.57513,0.01554,0.0008,0.0,,0.6029,0.01221,0.4295,0,,,,0.0009,0.0,,0.65443,0.01267,0.0007,0.0,,0.67401,0.00984,0.0005,0.0,,0.68507,0.00714,0.703,0,,,,0.0004,0.0,,0.73614,0.00548,0.0003,0.0,,0.77578,0.00402,0.0004,0.0,,0.85594,0.00482,0.0005,0,,0.93029,0.00551,0.0005,0,,0.9815,0.00527,0.1125,0.0,,0.35736,0.82936,0.075,0.0,,0.21867,0.84463
2023-10-15 00:00:00,0.0005,0.0,,1.1513,-0.00376,0.001,0.0,,1.06463,-0.00762,0.0007,0.0,,0.85884,-0.00685,0.0017,0.0,,0.81648,-0.01592,0.0021,0.0,,0.70035,-0.02224,0.0037,1.0,,0.63255,-0.04009,0.0055,1.0,,0.54581,-0.0644,0.009,2.0,,0.4712,-0.11056,0.015,1.0,,0.39595,-0.19273,0.02,0.0,,0.36121,-0.25845,0.054,0.0,,0.25016,0.686,0.028,0.0,,0.33503,-0.34955,0.0395,0.0,,0.28136,0.53646,0.038,0.0,,0.30154,-0.46339,0.028,416.0,,0.2997,0.41079,0.0605,0.0,,0.33463,-0.57571,0.0185,8.0,,0.30538,0.30107,0.0815,0.0,,0.33027,-0.68226,0.012,0.0,,0.31171,0.21314,0.106,0.0,,0.32996,-0.77206,0.0095,1261.0,,0.34107,0.16545,0.0715,0,,,,0.0075,85.0,,0.36575,0.12934,0.159,0.0,,0.27922,-0.93485,0.005,50.0,,0.41246,0.08385,0.2205,0.0,,,,0.0037,1.0,,0.45913,0.05947,0.19,0.0,,,,0.0024,0.0,,0.48649,0.03893,0.335,0,,,,0.0018,0.0,,0.52104,0.02855,0.0014,0.0,,0.5538,0.0217,0.0011,49.0,,0.58339,0.01674,0.0008,0.0,,0.60373,0.0122,0.4295,0,,,,0.0009,0.0,,0.65529,0.01266,0.0007,0.0,,0.67486,0.00983,0.0005,0.0,,0.68591,0.00714,0.703,0,,,,0.0004,0.0,,0.73698,0.00547,0.0003,0.0,,0.77663,0.00402,0.0004,0.0,,0.85684,0.00481,0.0005,0,,0.93123,0.00551,0.0005,0,,0.98245,0.00527,0.1125,0.0,,0.36159,0.82596,0.075,0.0,,0.22336,0.83841
2023-10-15 01:00:00,0.0005,0.0,,1.15061,-0.00377,0.001,0.0,,1.0638,-0.00763,0.0007,0.0,,0.85795,-0.00686,0.0017,0.0,,0.81541,-0.01595,0.0021,0.0,,0.69916,-0.02229,0.0037,0.0,,0.63117,-0.04019,0.0055,0.0,,0.54422,-0.0646,0.009,0.0,,0.46931,-0.111,0.015,15.0,,0.39359,-0.19377,0.0195,9.0,,0.35386,-0.25789,0.054,0.0,,0.25623,0.678,0.028,0.0,,0.33176,-0.35225,0.0395,0.0,,0.2857,0.53179,0.039,4.0,,0.30496,-0.46774,0.028,0.0,,0.30316,0.40785,0.0605,0.0,,0.32929,-0.58169,0.0185,0.0,,0.30826,0.29918,0.0815,0.0,,0.32314,-0.69064,0.012,0.0,,0.3142,0.21196,0.106,0.0,,0.32013,-0.78315,0.0095,0.0,,0.34336,0.16467,0.0715,0,,,,0.007,158.0,,0.36065,0.1236,0.159,0.0,,0.24421,-0.96054,0.0049,122.0,,0.41243,0.08247,0.2205,0.0,,,,0.0037,0.0,,0.46096,0.0593,0.19,0.0,,,,0.0024,0.0,,0.4882,0.03884,0.335,0,,,,0.0018,0.0,,0.52269,0.02848,0.0014,0.0,,0.55541,0.02165,0.0011,0.0,,0.58496,0.01671,0.0008,0.0,,0.60525,0.01218,0.4295,0,,,,0.0009,0.0,,0.65683,0.01264,0.0007,0.0,,0.67638,0.00982,0.0005,0.0,,0.68739,0.00713,0.703,0,,,,0.0004,0.0,,0.73845,0.00547,0.0003,0.0,,0.77808,0.00401,0.0004,0.0,,0.85834,0.00481,0.0005,0,,0.93278,0.0055,0.0005,0,,0.98402,0.00526,0.1125,0.0,,0.37096,0.81833,0.075,0.0,,0.23362,0.82483
2023-10-15 02:00:00,0.0005,0.0,,1.15138,-0.00377,0.001,0.0,,1.06454,-0.00763,0.0007,0.0,,0.85858,-0.00686,0.0017,0.0,,0.81604,-0.01595,0.0021,0.0,,0.69974,-0.02228,0.0037,0.0,,0.63174,-0.04018,0.0055,0.0,,0.54477,-0.06457,0.009,0.0,,0.46985,-0.11094,0.015,0.0,,0.39416,-0.19362,0.0195,2.0,,0.35446,-0.25765,0.054,0.0,,0.25552,0.67912,0.028,0.0,,0.33242,-0.35186,0.0395,0.0,,0.28525,0.53245,0.039,0.0,,0.30573,-0.4671,0.027,45.0,,0.29511,0.40489,0.0605,0.0,,0.33025,-0.58082,0.0185,0.0,,0.30803,0.29945,0.0815,0.0,,0.32436,-0.68942,0.012,0.0,,0.31403,0.21213,0.106,0.0,,0.32175,-0.78152,0.009,95.0,,0.33713,0.15994,0.0715,0,,,,0.007,150.0,,0.36056,0.12367,0.159,0.0,,0.25041,-0.95642,0.0049,0.0,,0.4124,0.08251,0.2205,0.0,,,,0.0037,0.0,,0.46097,0.05932,0.19,0.0,,,,0.0024,0.0,,0.48824,0.03885,0.335,0,,,,0.0018,0.0,,0.52276,0.02849,0.0014,0.0,,0.5555,0.02166,0.0011,0.0,,0.58508,0.01671,0.0008,0.0,,0.60539,0.01219,0.4295,0,,,,0.0009,0.0,,0.657,0.01265,0.0007,0.0,,0.67656,0.00982,0.0005,0.0,,0.68758,0.00713,0.703,0,,,,0.0004,0.0,,0.73867,0.00547,0.0003,0.0,,0.77833,0.00401,0.0004,0.0,,0.85863,0.00481,0.0005,0,,0.9331,0.0055,0.0005,0,,0.98437,0.00526,0.1125,0.0,,0.36986,0.8194,0.075,0.0,,0.23233,0.8267
2023-10-15 03:00:00,0.0005,0.0,,1.15289,-0.00376,0.001,0.0,,1.06608,-0.00763,0.0007,0.0,,0.85997,-0.00685,0.0017,0.0,,0.81753,-0.01593,0.0021,0.0,,0.7012,-0.02225,0.0037,0.0,,0.63328,-0.0401,0.0055,0.0,,0.54639,-0.06443,0.009,0.0,,0.47162,-0.11062,0.015,0.0,,0.39619,-0.19288,0.019,27.0,,0.35204,-0.25418,0.054,0.0,,,,0.027,5.0,,0.32694,-0.3474,0.0395,0.0,,0.2824,0.53578,0.039,0.0,,0.30895,-0.46392,0.027,6.0,,0.29291,0.40703,0.0605,0.0,,0.33436,-0.57655,0.017,158.0,,0.29322,0.29125,0.0815,0.0,,0.32975,-0.68344,0.0115,19.0,,0.30733,0.20858,0.106,0.0,,0.32906,-0.7736,0.009,0.0,,0.33581,0.16048,0.0715,0,,,,0.007,511.0,,0.35937,0.12404,0.159,0.0,,0.27541,-0.93814,0.0049,0.0,,0.41138,0.08271,0.2205,0.0,,,,0.0037,0.0,,0.46007,0.05944,0.19,0.0,,,,0.0024,0.0,,0.48744,0.03892,0.335,0,,,,0.0018,0.0,,0.52204,0.02854,0.0014,0.0,,0.55484,0.02169,0.0011,0.0,,0.58447,0.01673,0.0008,0.0,,0.60483,0.0122,0.4295,0,,,,0.0009,0.0,,0.65647,0.01266,0.0007,0.0,,0.67607,0.00983,0.0005,0.0,,0.68712,0.00714,0.703,0,,,,0.0004,0.0,,0.73827,0.00547,0.0003,0.0,,0.77797,0.00402,0.0004,0.0,,0.85831,0.00481,0.0005,0,,0.93282,0.00551,0.0005,0,,0.98412,0.00527,0.1125,0.0,,0.36348,0.82485,0.075,0.0,,0.2252,0.83639
2023-10-15 04:00:00,0.0005,0.0,,1.15348,-0.00376,0.001,0.0,,1.06662,-0.00763,0.0007,0.0,,0.86041,-0.00685,0.0017,0.0,,0.81795,-0.01593,0.0021,0.0,,0.70156,-0.02225,0.0037,0.0,,0.63361,-0.0401,0.0055,0.0,,0.54667,-0.06443,0.009,0.0,,0.47187,-0.11062,0.015,0.0,,0.39639,-0.19288,0.019,0.0,,0.35222,-0.25418,0.054,0.0,,0.25154,0.68484,0.027,0.0,,0.32711,-0.3474,0.0395,0.0,,0.28254,0.53578,0.039,0.0,,0.30911,-0.46392,0.027,0.0,,0.29306,0.40703,0.0605,0.0,,0.33454,-0.57655,0.017,0.0,,0.29337,0.29125,0.0815,0.0,,0.32992,-0.68344,0.0115,0.0,,0.30749,0.20858,0.106,0.0,,0.32923,-0.7736,0.009,0.0,,0.33598,0.16048,0.0715,0,,,,0.007,128.0,,0.35956,0.12404,0.159,0.0,,0.27555,-0.93814,0.0049,0.0,,0.41159,0.08271,0.2205,0.0,,,,0.0037,0.0,,0.4603,0.05944,0.19,0.0,,,,0.0024,0.0,,0.4877,0.03892,0.335,0,,,,0.0018,0.0,,0.52231,0.02854,0.0014,0.0,,0.55513,0.02169,0.0011,0.0,,0.58477,0.01673,0.0008,0.0,,0.60514,0.0122,0.4295,0,,,,0.0009,0.0,,0.65681,0.01266,0.0007,0.0,,0.67641,0.00983,0.0005,0.0,,0.68748,0.00714,0.703,0,,,,0.0004,0.0,,0.73865,0.00547,0.0003,0.0,,0.77837,0.00402,0.0004,0.0,,0.85875,0.00481,0.0005,0,,0.9333,0.00551,0.0005,0,,0.98463,0.00527,0.1125,0.0,,0.36367,0.82485,0.075,0.0,,0.22532,0.83638
2023-10-15 05:00:00,0.0005,0.0,,1.15444,-0.00376,0.001,0.0,,1.06757,-0.00762,0.0007,0.0,,0.86124,-0.00685,0.0017,0.0,,0.81879,-0.01592,0.0021,0.0,,0.70237,-0.02223,0.0037,0.0,,0.63442,-0.04008,0.0055,0.0,,0.54749,-0.06437,0.009,0.0,,0.47272,-0.1105,0.015,0.0,,0.39733,-0.19258,0.019,0.0,,0.35322,-0.25371,0.054,0.0,,0.24995,0.68718,0.027,0.0,,0.32826,-0.34663,0.0395,0.0,,0.28148,0.53714,0.039,0.0,,0.31049,-0.46266,0.027,29.0,,0.29226,0.40789,0.0605,0.0,,0.33628,-0.57487,0.017,100.0,,0.29275,0.29179,0.0815,0.0,,0.33215,-0.6811,0.011,1.0,,0.30172,0.20438,0.106,0.0,,0.33221,-0.77053,0.009,0.0,,0.33555,0.1607,0.0715,0,,,,0.007,1.0,,0.35919,0.12419,0.159,0.0,,0.28401,-0.93165,0.0049,0.0,,0.41131,0.08279,0.2205,0.0,,0.18194,-0.99944,0.0037,0.0,,0.46009,0.05949,0.19,0.0,,,,0.0024,1.0,,0.48753,0.03895,0.335,0,,,,0.0018,0.0,,0.52218,0.02856,0.0014,0.0,,0.55504,0.0217,0.0011,0.0,,0.58471,0.01674,0.0008,0.0,,0.60511,0.01221,0.4295,0,,,,0.0009,0.0,,0.6568,0.01267,0.0007,0.0,,0.67643,0.00984,0.0005,0.0,,0.68751,0.00714,0.703,0,,,,0.0004,0.0,,0.73872,0.00547,0.0003,0.0,,0.77847,0.00402,0.0004,0.0,,0.85889,0.00481,0.0005,0,,0.93347,0.00551,0.0005,0,,0.98483,0.00527,0.1125,0.0,,0.36117,0.82709,0.075,0.0,,0.22243,0.84045
2023-10-15 06:00:00,0.0005,0.0,,1.15595,-0.00376,0.001,0.0,,1.06911,-0.00762,0.0007,0.0,,0.86263,-0.00684,0.0017,0.0,,0.82028,-0.0159,0.0021,0.0,,0.70384,-0.0222,0.0037,0.0,,0.63597,-0.04,0.0055,0.0,,0.54911,-0.06423,0.009,0.0,,0.47449,-0.11019,0.015,0.0,,0.39936,-0.19185,0.019,0.0,,0.35546,-0.25255,0.054,0.0,,0.24572,0.69317,0.027,0.0,,0.33086,-0.34471,0.0395,0.0,,0.27859,0.54058,0.039,0.0,,0.31369,-0.45957,0.027,0.0,,0.29004,0.41007,0.0605,0.0,,0.34034,-0.57074,0.017,4.0,,0.29096,0.29317,0.0815,0.0,,0.33744,-0.67538,0.012,1.0,,0.31067,0.21416,0.106,0.0,,0.33926,-0.76307,0.009,0.0,,0.33423,0.16126,0.0715,0,,,,0.007,0.0,,0.358,0.12457,0.159,0.0,,0.30249,-0.91683,0.0049,0.0,,0.41029,0.08298,0.2205,0.0,,0.30108,-0.97324,0.0037,0.0,,0.45919,0.05961,0.19,0.0,,,,0.0024,0.0,,0.48673,0.03902,0.335,0,,,,0.0018,0.0,,0.52146,0.0286,0.0014,0.0,,0.55438,0.02173,0.0011,0.0,,0.5841,0.01676,0.0008,0.0,,0.60455,0.01222,0.4295,0,,,,0.0009,0.0,,0.65627,0.01268,0.0007,0.0,,0.67594,0.00985,0.0005,0.0,,0.68705,0.00715,0.703,0,,,,0.0004,0.0,,0.73832,0.00548,0.0003,0.0,,0.77812,0.00402,0.0004,0.0,,0.85857,0.00482,0.0005,0,,0.93318,0.00551,0.0005,0,,0.98458,0.00527,0.1125,0.0,,0.35452,0.83283,0.075,0.0,,0.21471,0.85111
2023-10-15 07:00:00,0.0005,0.0,,1.15637,-0.00376,0.001,0.0,,1.06946,-0.00762,0.0007,0.0,,0.86289,-0.00684,0.0017,0.0,,0.82049,-0.0159,0.0021,0.0,,0.70398,-0.02221,0.0037,0.0,,0.63606,-0.04002,0.0055,0.0,,0.54912,-0.06426,0.009,0.0,,0.47443,-0.11025,0.015,0.0,,0.3992,-0.192,0.019,0.0,,0.35523,-0.25278,0.054,0.0,,0.24673,0.69195,0.027,0.0,,0.33055,-0.3451,0.0395,0.0,,0.27935,0.53988,0.0375,22.0,,0.30188,-0.46022,0.027,0.0,,0.29067,0.40963,0.0605,0.0,,0.33974,-0.57156,0.017,0.0,,0.2915,0.29289,0.0815,0.0,,0.33659,-0.67651,0.012,0.0,,0.31116,0.21399,0.106,0.0,,0.33807,-0.76453,0.009,0.0,,0.3347,0.16115,0.0715,0,,,,0.007,0.0,,0.35846,0.12449,0.159,0.0,,0.29921,-0.91965,0.0049,0.0,,0.41075,0.08294,0.2205,0.0,,0.29126,-0.97735,0.0037,0.0,,0.45965,0.05959,0.19,0.0,,,,0.0024,0.0,,0.48719,0.039,0.335,0,,,,0.0018,1.0,,0.52193,0.02859,0.0014,0.0,,0.55486,0.02173,0.0011,0.0,,0.58459,0.01676,0.0008,0.0,,0.60504,0.01222,0.4295,0,,,,0.0009,0.0,,0.65678,0.01268,0.0007,0.0,,0.67645,0.00985,0.0005,0.0,,0.68757,0.00715,0.703,0,,,,0.0004,0.0,,0.73886,0.00548,0.0003,0.0,,0.77867,0.00402,0.0004,0.0,,0.85916,0.00482,0.0005,0,,0.93382,0.00551,0.0005,0,,0.98524,0.00527,0.1125,0.0,,0.35609,0.83166,0.075,0.0,,0.21642,0.84892
2023-10-15 08:00:00,0.0005,0.0,,1.15292,-0.00377,0.001,0.0,,1.06565,-0.00765,0.0007,0.0,,0.85913,-0.00687,0.0017,0.0,,0.81621,-0.01599,0.0021,0.0,,0.69945,-0.02236,0.0037,0.0,,0.63099,-0.04034,0.0055,100.0,,0.5435,-0.06489,0.009,0.0,,0.46793,-0.11164,0.015,0.0,,0.39132,-0.19527,0.019,0.0,,0.34633,-0.25802,0.054,0.0,,0.26545,0.66719,0.0275,48.0,,0.32394,-0.35502,0.041,100.0,,0.30402,0.52587,0.0375,0.0,,0.28852,-0.47485,0.026,26.0,,0.2934,0.39671,0.0605,0.0,,0.32245,-0.59059,0.017,0.0,,0.30014,0.28698,0.0815,0.0,,0.31351,-0.70329,0.012,0.0,,0.31867,0.21031,0.1055,1.0,,0.30071,-0.80499,0.009,98.0,,0.34147,0.15875,0.0715,0,,,,0.007,0.0,,0.36472,0.12286,0.159,0.0,,,,0.0049,0.0,,0.41639,0.08208,0.2205,0.0,,,,0.0037,0.0,,0.4649,0.05906,0.19,0.0,,,,0.0024,0.0,,0.49205,0.0387,0.335,0,,,,0.0018,0.0,,0.52655,0.02839,0.0014,0.0,,0.5593,0.02159,0.0011,0.0,,0.58889,0.01666,0.0008,0.0,,0.60918,0.01215,0.4295,0,,,,0.0009,0.0,,0.66094,0.01262,0.0007,0.0,,0.6805,0.0098,0.0005,0.0,,0.69149,0.00711,0.703,0,,,,0.0004,0.0,,0.74268,0.00546,0.0003,0.0,,0.7824,0.00401,0.0004,0.0,,0.86297,0.0048,0.0005,0,,0.93768,0.0055,0.0005,0,,0.98909,0.00526,0.1125,0.0,,0.38493,0.80806,0.075,0.0,,0.24795,0.80729
2023-10-15 09:00:00,0.0005,0.0,,1.15664,-0.00376,0.001,0.0,,1.06958,-0.00762,0.0007,0.0,,0.86283,-0.00685,0.0017,0.0,,0.82027,-0.01592,0.0021,0.0,,0.7036,-0.02224,0.0037,325.0,,0.63549,-0.04009,0.0055,0.0,,0.54835,-0.0644,0.009,0.0,,0.47339,-0.11056,0.015,0.0,,0.39778,-0.19273,0.019,0.0,,0.35354,-0.25395,0.054,0.0,,0.25132,0.686,0.0275,0.0,,0.33252,-0.3483,0.042,100.0,,0.30161,0.5366,0.0375,0.0,,0.29915,-0.46343,0.026,0.0,,0.28558,0.40398,0.0605,0.0,,0.33619,-0.57571,0.017,297.0,,0.29374,0.29152,0.0815,0.0,,0.3318,-0.68227,0.012,0.0,,0.31316,0.21314,0.1055,0.0,,0.32649,-0.776,0.009,8.0,,0.33655,0.16059,0.0715,0,,,,0.007,0.0,,0.36021,0.12412,0.159,0.0,,0.28052,-0.93485,0.0049,0.0,,0.41241,0.08275,0.2205,0.0,,,,0.0039,7.0,,0.46628,0.06168,0.19,0.0,,,,0.0026,1.0,,0.49572,0.04127,0.335,0,,,,0.0018,0.0,,0.52346,0.02855,0.0014,0.0,,0.55637,0.0217,0.0011,0.0,,0.5861,0.01674,0.0008,0.0,,0.60653,0.0122,0.4295,0,,,,0.0009,0.0,,0.65833,0.01266,0.0007,0.0,,0.67799,0.00983,0.0005,0.0,,0.68909,0.00714,0.703,0,,,,0.0004,0.0,,0.7404,0.00547,0.0003,0.0,,0.78023,0.00402,0.0004,0.0,,0.86081,0.00481,0.0005,0,,0.93555,0.00551,0.0005,0,,0.98702,0.00527,0.1125,0.0,,0.36327,0.82596,0.075,0.0,,0.2244,0.83841
2023-10-15 10:00:00,0.0005,0.0,,1.15761,-0.00376,0.001,0.0,,1.07053,-0.00762,0.0007,0.0,,0.86366,-0.00685,0.0017,0.0,,0.82112,-0.01592,0.0021,0.0,,0.70441,-0.02223,0.0037,0.0,,0.63631,-0.04006,0.0055,0.0,,0.54917,-0.06434,0.009,0.0,,0.47425,-0.11043,0.015,0.0,,0.39872,-0.19244,0.019,0.0,,0.35455,-0.25348,0.054,0.0,,0.24973,0.68836,0.026,1.0,,0.32142,-0.34355,0.042,0.0,,0.30056,0.53786,0.0385,3.0,,0.30811,-0.46208,0.026,0.0,,0.28478,0.40486,0.0605,0.0,,0.33793,-0.57404,0.017,0.0,,0.29312,0.29207,0.0815,0.0,,0.33404,-0.67994,0.012,0.0,,0.31265,0.21348,0.1055,0.0,,0.32949,-0.77288,0.009,1.0,,0.33612,0.16081,0.0715,0,,,,0.0075,1.0,,0.36708,0.1295,0.159,0.0,,0.28867,-0.92853,0.005,1.0,,0.41409,0.08393,0.2205,0.0,,0.24403,-0.99216,0.0039,0.0,,0.46606,0.06173,0.19,0.0,,,,0.0026,0.0,,0.49555,0.0413,0.335,0,,,,0.0019,1.0,,0.52789,0.02976,0.0014,0.0,,0.55628,0.02171,0.0011,0.0,,0.58604,0.01674,0.0008,0.0,,0.6065,0.01221,0.4295,0,,,,0.0009,0.0,,0.65832,0.01267,0.0007,0.0,,0.67801,0.00984,0.0005,0.0,,0.68912,0.00714,0.703,0,,,,0.0004,0.0,,0.74047,0.00548,0.0003,0.0,,0.78033,0.00402,0.0004,0.0,,0.86095,0.00482,0.0005,0,,0.93573,0.00551,0.0005,0,,0.98722,0.00527,0.1125,0.0,,0.36075,0.82822,0.075,0.0,,0.22146,0.84252
2023-10-15 11:00:00,0.0005,0.0,,1.15729,-0.00376,0.001,0.0,,1.07009,-0.00763,0.0007,0.0,,0.86315,-0.00685,0.0017,0.0,,0.82048,-0.01594,0.0021,0.0,,0.70366,-0.02226,0.0037,0.0,,0.63541,-0.04013,0.0055,0.0,,0.54811,-0.06449,0.009,0.0,,0.47296,-0.11075,0.015,0.0,,0.39709,-0.19317,0.019,0.0,,0.35267,-0.25465,0.054,0.0,,0.25416,0.68253,0.026,0.0,,0.31915,-0.34551,0.043,6.0,,0.31131,0.53486,0.039,4.0,,0.309,-0.46518,0.026,0.0,,0.28729,0.40267,0.0605,0.0,,0.33417,-0.57825,0.018,20.0,,0.30395,0.29716,0.0815,0.0,,0.32902,-0.68581,0.0125,6.0,,0.31965,0.21689,0.1055,0.0,,0.32251,-0.78079,0.009,0.0,,0.3378,0.16027,0.0715,0,,,,0.0075,50.0,,0.36867,0.12911,0.159,0.0,,0.26741,-0.94505,0.005,0.0,,0.41554,0.08373,0.2205,0.0,,,,0.0039,0.0,,0.46745,0.0616,0.19,0.0,,,,0.0026,0.0,,0.49686,0.04123,0.335,0,,,,0.0019,0.0,,0.52916,0.02971,0.0014,0.0,,0.55752,0.02168,0.0011,0.0,,0.58725,0.01672,0.0008,0.0,,0.60768,0.0122,0.4295,0,,,,0.0009,0.0,,0.65953,0.01266,0.0007,0.0,,0.6792,0.00983,0.0005,0.0,,0.69029,0.00713,0.703,0,,,,0.0004,0.0,,0.74164,0.00547,0.0003,0.0,,0.78149,0.00402,0.0004,0.0,,0.86216,0.00481,0.0005,0,,0.93698,0.00551,0.0005,0,,0.98849,0.00526,0.1125,0.0,,0.36764,0.82265,0.075,0.0,,0.22908,0.83244
2023-10-15 12:00:00,0.0005,0.0,,1.15789,-0.00376,0.001,0.0,,1.07064,-0.00763,0.0007,0.0,,0.86359,-0.00685,0.0017,0.0,,0.82091,-0.01594,0.0021,0.0,,0.70402,-0.02226,0.0037,0.0,,0.63574,-0.04013,0.0055,1.0,,0.54839,-0.06449,0.009,0.0,,0.47321,-0.11075,0.015,0.0,,0.3973,-0.19317,0.019,0.0,,0.35285,-0.25465,0.054,0.0,,0.25429,0.68253,0.026,0.0,,0.31932,-0.34551,0.043,0.0,,0.31147,0.53486,0.039,0.0,,0.30916,-0.46518,0.0275,9.0,,0.2991,0.40786,0.0605,0.0,,0.33434,-0.57825,0.018,0.0,,0.30411,0.29716,0.0815,0.0,,0.32919,-0.68581,0.0125,0.0,,0.31981,0.21689,0.1055,0.0,,0.32268,-0.78079,0.009,0.0,,0.33797,0.16027,0.0715,0,,,,0.0075,0.0,,0.36886,0.12911,0.159,0.0,,0.26755,-0.94505,0.005,0.0,,0.41576,0.08373,0.2205,0.0,,,,0.0039,4.0,,0.4677,0.0616,0.19,0.0,,,,0.0026,1.0,,0.49712,0.04123,0.335,0,,,,0.0019,0.0,,0.52943,0.02971,0.0014,0.0,,0.55781,0.02168,0.0011,0.0,,0.58756,0.01672,0.0008,0.0,,0.608,0.0122,0.4295,0,,,,0.0009,0.0,,0.65987,0.01266,0.0007,0.0,,0.67955,0.00983,0.0005,0.0,,0.69065,0.00713,0.703,0,,,,0.0004,0.0,,0.74202,0.00547,0.0003,0.0,,0.7819,0.00402,0.0004,0.0,,0.86261,0.00481,0.0005,0,,0.93747,0.00551,0.0005,0,,0.98901,0.00526,0.1125,0.0,,0.36783,0.82265,0.075,0.0,,0.2292,0.83244
2023-10-15 13:00:00,0.0005,0.0,,1.15849,-0.00376,0.001,0.0,,1.0712,-0.00763,0.0007,0.0,,0.86404,-0.00685,0.0017,0.0,,0.82133,-0.01594,0.0021,0.0,,0.70439,-0.02226,0.0037,0.0,,0.63607,-0.04013,0.0055,1.0,,0.54868,-0.06449,0.009,0.0,,0.47345,-0.11075,0.0145,6.0,,0.39198,-0.19034,0.0195,2.0,,0.35772,-0.25694,0.054,0.0,,0.25442,0.68253,0.027,8.0,,0.32765,-0.34818,0.043,0.0,,0.31163,0.53486,0.039,0.0,,0.30932,-0.46518,0.0275,0.0,,0.29926,0.40786,0.0605,0.0,,0.33452,-0.57825,0.018,0.0,,0.30426,0.29716,0.0815,0.0,,0.32937,-0.68581,0.0125,0.0,,0.31998,0.21689,0.1055,0.0,,0.32284,-0.78079,0.009,0.0,,0.33815,0.16027,0.0715,0,,,,0.0075,0.0,,0.36905,0.12911,0.159,0.0,,0.26769,-0.94505,0.005,0.0,,0.41598,0.08373,0.2205,0.0,,,,0.0039,8.0,,0.46794,0.0616,0.19,0.0,,,,0.0026,0.0,,0.49738,0.04123,0.335,0,,,,0.0019,0.0,,0.52971,0.02971,0.0014,0.0,,0.5581,0.02168,0.0009,1.0,,0.57236,0.01428,0.0006,1.0,,0.58731,0.00968,0.4295,0,,,,0.0005,1.0,,0.61548,0.00788,0.0004,1.0,,0.63832,0.00623,0.0005,0.0,,0.69101,0.00713,0.703,0,,,,0.0004,0.0,,0.74241,0.00547,0.0003,0.0,,0.7823,0.00402,0.0004,0.0,,0.86306,0.00481,0.0005,0,,0.93795,0.00551,0.0005,0,,0.98952,0.00526,0.1125,0.0,,0.36802,0.82265,0.075,0.0,,0.22932,0.83244
2023-10-15 14:00:00,0.0005,0.0,,1.15762,-0.00377,0.001,0.0,,1.07016,-0.00764,0.0007,0.0,,0.86296,-0.00687,0.0017,0.0,,0.82004,-0.01597,0.0021,0.0,,0.70297,-0.02231,0.0037,0.0,,0.63443,-0.04025,0.0055,0.0,,0.54681,-0.06472,0.009,0.0,,0.47124,-0.11125,0.0145,0.0,,0.38925,-0.19153,0.0195,1.0,,0.35458,-0.25885,0.054,0.0,,0.26131,0.67359,0.027,10.0,,0.32387,-0.35135,0.043,0.0,,0.31657,0.53009,0.039,0.0,,0.30454,-0.47034,0.0275,0.0,,0.3032,0.40451,0.0605,0.0,,0.32831,-0.5852,0.018,0.0,,0.30755,0.29502,0.0815,0.0,,0.32103,-0.69559,0.0125,0.0,,0.32285,0.21555,0.1055,0.0,,0.31106,-0.79421,0.009,0.0,,0.34073,0.1594,0.0715,0,,,,0.0075,0.0,,0.37148,0.1285,0.159,0.0,,0.21297,-0.97978,0.005,0.0,,0.41818,0.08341,0.2205,0.0,,,,0.0039,2.0,,0.47002,0.06141,0.19,0.0,,,,0.0026,0.0,,0.49934,0.04111,0.335,0,,,,0.0019,0.0,,0.53158,0.02964,0.0014,0.0,,0.55991,0.02163,0.0009,0.0,,0.57409,0.01425,0.0006,0.0,,0.58897,0.00966,0.4295,0,,,,0.0005,0.0,,0.61712,0.00786,0.0004,0.0,,0.63994,0.00622,0.0005,0.0,,0.69267,0.00712,0.703,0,,,,0.0004,0.0,,0.74405,0.00546,0.0003,0.0,,0.78392,0.00401,0.0004,0.0,,0.86473,0.00481,0.0005,0,,0.93967,0.0055,0.0005,0,,0.99126,0.00526,0.1125,0.0,,0.3786,0.81414,0.075,0.0,,0.24074,0.81757
2023-10-15 15:00:00,0.0005,0.0,,1.15877,-0.00377,0.001,0.0,,1.07132,-0.00764,0.0007,0.0,,0.86398,-0.00686,0.0017,0.0,,0.82111,-0.01596,0.0021,0.0,,0.70401,-0.02229,0.0037,0.0,,0.6355,-0.04021,0.0055,0.0,,0.5479,-0.06463,0.009,0.0,,0.4724,-0.11106,0.0145,0.0,,0.39056,-0.19108,0.0195,0.0,,0.35601,-0.25813,0.054,0.0,,0.25893,0.67689,0.027,0.0,,0.32553,-0.35015,0.043,0.0,,0.31495,0.53186,0.039,2.0,,0.30656,-0.46839,0.0265,14.0,,0.29415,0.4023,0.0605,0.0,,0.33088,-0.58256,0.018,0.0,,0.30654,0.29582,0.0815,0.0,,0.32442,-0.69186,0.0115,2.0,,0.31157,0.20742,0.1055,0.0,,0.31578,-0.78906,0.0095,7.0,,0.34616,0.16456,0.0715,0,,,,0.0075,0.0,,0.37084,0.12873,0.159,0.0,,0.2393,-0.96488,0.005,0.0,,0.41765,0.08353,0.2205,0.0,,,,0.0039,0.0,,0.46958,0.06148,0.19,0.0,,,,0.0026,0.0,,0.49896,0.04116,0.335,0,,,,0.0019,0.0,,0.53126,0.02966,0.0014,0.0,,0.55963,0.02165,0.0009,0.0,,0.57385,0.01426,0.0006,0.0,,0.58877,0.00967,0.4295,0,,,,0.0005,0.0,,0.61695,0.00787,0.0004,0.0,,0.63979,0.00622,0.0005,0.0,,0.69254,0.00713,0.703,0,,,,0.0004,0.0,,0.74397,0.00547,0.0003,0.0,,0.78388,0.00401,0.0004,0.0,,0.86472,0.00481,0.0005,0,,0.9397,0.0055,0.0005,0,,0.99131,0.00526,0.1125,0.0,,0.37495,0.81727,0.075,0.0,,0.23672,0.82298
2023-10-15 16:00:00,0.0005,0.0,,1.15993,-0.00376,0.001,0.0,,1.07247,-0.00763,0.0007,0.0,,0.86501,-0.00686,0.0017,0.0,,0.82218,-0.01594,0.0021,0.0,,0.70504,-0.02227,0.0037,27.0,,0.63657,-0.04016,0.0055,0.0,,0.549,-0.06454,0.0085,50.0,,0.4655,-0.10741,0.0145,0.0,,0.39186,-0.19064,0.0195,0.0,,0.35745,-0.25741,0.054,0.0,,0.25653,0.68025,0.0265,44.0,,0.32309,-0.34765,0.0435,30.0,,0.31712,0.53375,0.038,1.0,,0.30097,-0.46663,0.028,72.0,,0.30457,0.40868,0.0605,0.0,,0.33345,-0.57996,0.017,95.0,,0.29675,0.29017,0.0815,0.0,,0.32777,-0.68821,0.012,4.0,,0.31598,0.2123,0.1055,0.0,,0.32042,-0.78405,0.009,61.0,,0.33928,0.16005,0.0715,0,,,,0.0065,223.0,,0.3554,0.11833,0.159,0.0,,0.25787,-0.95247,0.0046,175.0,,0.4091,0.07917,0.2205,0.0,,,,0.004,37.0,,0.4716,0.06264,0.19,0.0,,,,0.0026,0.0,,0.49858,0.0412,0.335,0,,,,0.0019,0.0,,0.53094,0.02969,0.0014,0.0,,0.55935,0.02167,0.0009,0.0,,0.57362,0.01427,0.0006,0.0,,0.58856,0.00968,0.4295,0,,,,0.0005,0.0,,0.61677,0.00787,0.0006,1.0,,0.66916,0.00867,0.0005,0.0,,0.69241,0.00713,0.703,0,,,,0.0004,0.0,,0.74388,0.00547,0.0003,0.0,,0.78383,0.00401,0.0004,0.0,,0.86471,0.00481,0.0005,0,,0.93973,0.0055,0.0005,0,,0.99137,0.00526,0.1125,0.0,,0.37124,0.82047,0.075,0.0,,0.23258,0.82859
2023-10-15 17:00:00,0.0005,0.0,,1.16238,-0.00376,0.001,0.0,,1.07502,-0.00762,0.0007,0.0,,0.86738,-0.00684,0.0017,0.0,,0.82476,-0.0159,0.0021,0.0,,0.70764,-0.02221,0.0037,0.0,,0.63937,-0.04002,0.0055,75.0,,0.55198,-0.06426,0.0085,0.0,,0.46878,-0.1068,0.0145,0.0,,0.39572,-0.18918,0.019,99.0,,0.35708,-0.25278,0.054,0.0,,0.24801,0.69195,0.0265,1.0,,0.32816,-0.34376,0.0435,2.0,,0.31125,0.5398,0.0385,23.0,,0.31106,-0.4602,0.028,4.0,,0.29995,0.41292,0.0605,0.0,,0.34151,-0.57156,0.0175,1.0,,0.2974,0.29616,0.0815,0.0,,0.33834,-0.67651,0.012,0.0,,0.31278,0.21399,0.1055,0.0,,0.33489,-0.76829,0.009,0.0,,0.33644,0.16115,0.0715,0,,,,0.0065,2.0,,0.35284,0.11905,0.159,0.0,,0.30077,-0.91965,0.0046,0.0,,0.40686,0.07956,0.2205,0.0,,0.29278,-0.97735,0.004,0.0,,0.46953,0.06289,0.19,0.0,,,,0.0026,0.0,,0.49672,0.04135,0.335,0,,,,0.0017,1.0,,0.51994,0.02739,0.0014,0.0,,0.55774,0.02173,0.0009,0.0,,0.57212,0.01431,0.0006,0.0,,0.58717,0.0097,0.4295,0,,,,0.0005,0.0,,0.61544,0.00789,0.0006,0.0,,0.66784,0.00869,0.0005,0.0,,0.69115,0.00715,0.703,0,,,,0.0004,0.0,,0.7427,0.00548,0.0003,0.0,,0.78272,0.00402,0.0004,0.0,,0.86363,0.00482,0.0005,0,,0.93867,0.00551,0.0005,0,,0.99036,0.00527,0.1125,0.0,,0.35794,0.83166,0.075,0.0,,0.21755,0.84892
2023-10-15 18:00:00,0.0005,0.0,,1.16299,-0.00376,0.001,0.0,,1.07558,-0.00762,0.0007,0.0,,0.86783,-0.00684,0.0017,0.0,,0.82519,-0.0159,0.0022,1.0,,0.71365,-0.02296,0.0037,0.0,,0.6397,-0.04002,0.0055,2.0,,0.55227,-0.06426,0.008,1.0,,0.46071,-0.10323,0.0145,0.0,,0.39593,-0.18918,0.019,0.0,,0.35726,-0.25278,0.054,0.0,,0.24814,0.69195,0.0265,12.0,,0.32833,-0.34376,0.0435,4.0,,0.31142,0.5398,0.0385,35.0,,0.31123,-0.4602,0.028,0.0,,0.3001,0.41292,0.0605,0.0,,0.34169,-0.57156,0.0175,0.0,,0.29755,0.29616,0.0815,0.0,,0.33852,-0.67651,0.012,0.0,,0.31294,0.21399,0.1055,0.0,,0.33507,-0.76829,0.0085,1.0,,0.33037,0.15611,0.0715,0,,,,0.007,1.0,,0.36051,0.12449,0.159,0.0,,0.30092,-0.91965,0.0046,0.0,,0.40707,0.07956,0.2205,0.0,,0.29293,-0.97735,0.0032,1.0,,0.44901,0.05383,0.19,0.0,,,,0.0026,0.0,,0.49698,0.04135,0.335,0,,,,0.0017,0.0,,0.52021,0.02739,0.0014,0.0,,0.55803,0.02173,0.0009,0.0,,0.57242,0.01431,0.0006,0.0,,0.58747,0.0097,0.4295,0,,,,0.0005,0.0,,0.61576,0.00789,0.0006,0.0,,0.66819,0.00869,0.0005,0.0,,0.69151,0.00715,0.703,0,,,,0.0004,0.0,,0.74309,0.00548,0.0003,0.0,,0.78313,0.00402,0.0004,0.0,,0.86408,0.00482,0.0005,0,,0.93916,0.00551,0.0005,0,,0.99088,0.00527,0.1125,0.0,,0.35813,0.83166,0.075,0.0,,0.21766,0.84892
2023-10-15 19:00:00,0.0005,0.0,,1.16267,-0.00376,0.001,0.0,,1.07515,-0.00762,0.0007,0.0,,0.86732,-0.00685,0.0017,0.0,,0.82455,-0.01592,0.0022,0.0,,0.71289,-0.02299,0.0037,0.0,,0.6388,-0.04009,0.0055,0.0,,0.55121,-0.0644,0.008,0.0,,0.45945,-0.10352,0.0145,0.0,,0.39431,-0.1899,0.019,0.0,,0.35538,-0.25395,0.054,0.0,,0.25263,0.686,0.0265,0.0,,0.32606,-0.34569,0.0435,0.0,,0.3146,0.53674,0.039,7.0,,0.31214,-0.46329,0.028,0.0,,0.30266,0.41079,0.0605,0.0,,0.33794,-0.57571,0.018,5.0,,0.30404,0.29797,0.0815,0.0,,0.33353,-0.68227,0.0125,63.0,,0.31997,0.2174,0.1055,0.0,,0.32819,-0.776,0.0085,0.0,,0.33203,0.15557,0.0715,0,,,,0.0075,1.0,,0.36936,0.12934,0.159,0.0,,0.28198,-0.93485,0.0046,0.0,,0.40851,0.07936,0.2205,0.0,,,,0.0032,0.0,,0.45037,0.05372,0.19,0.0,,,,0.0026,0.0,,0.4983,0.04127,0.335,0,,,,0.0017,1.0,,0.52147,0.02734,0.0014,0.0,,0.55927,0.0217,0.0009,0.0,,0.57362,0.01429,0.0006,0.0,,0.58863,0.00969,0.4295,0,,,,0.0005,0.0,,0.61691,0.00788,0.0006,0.0,,0.66937,0.00868,0.0005,0.0,,0.69268,0.00714,0.703,0,,,,0.0004,0.0,,0.74426,0.00547,0.0003,0.0,,0.7843,0.00402,0.0004,0.0,,0.8653,0.00481,0.0005,0,,0.94043,0.00551,0.0005,0,,0.99216,0.00527,0.1125,0.0,,0.36516,0.82596,0.075,0.0,,0.22556,0.83841
2023-10-15 20:00:00,0.0005,0.0,,1.16124,-0.00377,0.001,0.0,,1.07351,-0.00764,0.0007,0.0,,0.86566,-0.00687,0.0017,0.0,,0.82261,-0.01597,0.0022,0.0,,0.71079,-0.02307,0.0037,0.0,,0.63642,-0.04025,0.0055,0.0,,0.54852,-0.06472,0.008,0.0,,0.45637,-0.10418,0.0145,0.0,,0.39047,-0.19153,0.019,0.0,,0.351,-0.25656,0.054,0.0,,0.26213,0.67359,0.0265,0.0,,0.32081,-0.35005,0.0435,0.0,,0.32137,0.53023,0.0395,2.0,,0.30929,-0.47021,0.028,0.0,,0.30806,0.4062,0.057,5.0,,0.30207,-0.5964,0.018,0.0,,0.30851,0.29502,0.0815,0.0,,0.32204,-0.69559,0.0125,0.0,,0.32386,0.21554,0.1055,0.0,,0.31204,-0.79421,0.0085,0.0,,0.3355,0.15439,0.0715,0,,,,0.0075,0.0,,0.37265,0.1285,0.159,0.0,,0.21364,-0.97978,0.0046,0.0,,0.41143,0.07894,0.2205,0.0,,,,0.0032,0.0,,0.45308,0.05348,0.19,0.0,,,,0.0026,0.0,,0.5009,0.04111,0.335,0,,,,0.0017,0.0,,0.52392,0.02725,0.0014,0.0,,0.56166,0.02163,0.0009,0.0,,0.57589,0.01425,0.0006,0.0,,0.59082,0.00966,0.4295,0,,,,0.0005,0.0,,0.61906,0.00786,0.0006,0.0,,0.67156,0.00866,0.0005,0.0,,0.69484,0.00712,0.703,0,,,,0.0004,0.0,,0.74638,0.00546,0.0003,0.0,,0.78638,0.00401,0.0004,0.0,,0.86744,0.00481,0.0005,0,,0.94262,0.0055,0.0005,0,,0.99436,0.00526,0.1125,0.0,,0.37978,0.81414,0.075,0.0,,0.24149,0.81757
2023-10-15 21:00:00,0.0005,0.0,,1.15963,-0.00378,0.001,0.0,,1.07167,-0.00766,0.0007,0.0,,0.8638,-0.00688,0.0015,2.0,,0.80476,-0.01461,0.0022,0.0,,0.70846,-0.02315,0.0034,1.0,,0.62309,-0.03818,0.0055,3.0,,0.54555,-0.06507,0.0085,2.0,,0.4612,-0.10853,0.0145,0.0,,0.38625,-0.19334,0.019,2.0,,0.34616,-0.2595,0.0635,5.0,,0.3496,0.63532,0.027,60.0,,0.31906,-0.35624,0.0435,0.0,,0.32864,0.52341,0.0395,0.0,,0.3019,-0.47819,0.028,0.0,,0.3139,0.40136,0.057,0.0,,0.29222,-0.60865,0.018,0.0,,0.31336,0.2919,0.0815,0.0,,0.30892,-0.71131,0.0125,39.0,,0.32808,0.21356,0.1055,0.0,,0.29285,-0.81647,0.0095,2.0,,0.35181,0.16292,0.0715,0,,,,0.007,3.0,,0.36886,0.12243,0.159,0.0,,,,0.0045,2.0,,0.41252,0.07735,0.2205,0.0,,,,0.0032,0.0,,0.45602,0.05322,0.19,0.0,,,,0.0023,5.0,,0.493,0.03743,0.335,0,,,,0.0021,294.0,,0.54467,0.03182,0.0014,2.0,,0.56424,0.02156,0.0012,75.0,,0.60109,0.01781,0.0006,0.0,,0.59318,0.00963,0.4295,0,,,,0.0005,0.0,,0.62138,0.00784,0.0006,0.0,,0.67392,0.00864,0.0005,0.0,,0.69716,0.00711,0.703,0,,,,0.0004,0.0,,0.74867,0.00545,0.0003,0.0,,0.78862,0.004,0.0004,0.0,,0.86974,0.0048,0.0005,0,,0.94497,0.00549,0.0005,0,,0.99672,0.00525,0.1125,0.0,,0.3949,0.8022,0.075,0.0,,0.25729,0.79764
2023-10-15 22:00:00,0.0005,0.0,,1.16227,-0.00377,0.001,0.0,,1.07444,-0.00764,0.0007,0.0,,0.86638,-0.00687,0.0015,0.0,,0.80751,-0.01457,0.0022,0.0,,0.71131,-0.02308,0.0034,0.0,,0.6261,-0.03803,0.0055,0.0,,0.54882,-0.06475,0.0085,0.0,,0.46482,-0.10785,0.0145,0.0,,0.39051,-0.19168,0.019,0.0,,0.35095,-0.25681,0.0635,0.0,,0.34152,0.6433,0.027,0.0,,0.32473,-0.35175,0.0435,0.0,,0.3223,0.52965,0.0395,0.0,,0.30899,-0.47086,0.0275,13.0,,0.30495,0.4041,0.057,0.0,,0.30156,-0.59739,0.018,0.0,,0.30922,0.29476,0.0815,0.0,,0.32129,-0.69685,0.0125,0.0,,0.32453,0.21538,0.1055,0.0,,0.31082,-0.79597,0.0095,0.0,,0.34864,0.16412,0.0715,0,,,,0.007,15.0,,0.36599,0.12323,0.159,0.0,,0.20076,-0.98573,0.0045,0.0,,0.41004,0.07776,0.2205,0.0,,,,0.0032,0.0,,0.45378,0.05346,0.19,0.0,,,,0.0023,0.0,,0.49094,0.03758,0.335,0,,,,0.0021,0.0,,0.54272,0.03193,0.0014,0.0,,0.56244,0.02162,0.0012,0.0,,0.59937,0.01786,0.0006,0.0,,0.59161,0.00966,0.4295,0,,,,0.0005,0.0,,0.61987,0.00786,0.0006,0.0,,0.67243,0.00866,0.0005,0.0,,0.69573,0.00712,0.703,0,,,,0.0004,0.0,,0.74732,0.00546,0.0003,0.0,,0.78735,0.00401,0.0004,0.0,,0.8685,0.00481,0.0005,0,,0.94376,0.0055,0.0005,0,,0.99556,0.00526,0.1125,0.0,,0.38146,0.81311,0.075,0.0,,0.24311,0.81581
2023-10-15 23:00:00,0.0005,0.0,,1.16233,-0.00377,0.001,0.0,,1.0744,-0.00765,0.0007,0.0,,0.86625,-0.00687,0.0015,0.0,,0.8073,-0.01458,0.0022,0.0,,0.71101,-0.0231,0.0034,0.0,,0.6257,-0.03807,0.0055,0.0,,0.5483,-0.06483,0.0085,0.0,,0.46414,-0.10803,0.0145,8.0,,0.38961,-0.19213,0.019,0.0,,0.34988,-0.25753,0.0635,0.0,,0.34397,0.64109,0.0265,6.0,,0.31932,-0.35167,0.0415,14.0,,0.30902,0.52725,0.0395,0.0,,0.30727,-0.47283,0.0275,0.0,,0.30653,0.40287,0.057,0.0,,0.29924,-0.60039,0.018,0.0,,0.31056,0.29397,0.0815,0.0,,0.31818,-0.70068,0.0125,0.0,,0.32572,0.21488,0.1055,0.0,,0.30627,-0.80132,0.0095,0.0,,0.34974,0.16379,0.0715,0,,,,0.007,0.0,,0.36702,0.12301,0.159,0.0,,,,0.0045,0.0,,0.41099,0.07765,0.2205,0.0,,,,0.0032,0.0,,0.45469,0.0534,0.19,0.0,,,,0.0023,0.0,,0.49183,0.03754,0.335,0,,,,0.0021,0.0,,0.54362,0.0319,0.0014,0.0,,0.56331,0.0216,0.0012,0.0,,0.60024,0.01784,0.0006,0.0,,0.59243,0.00965,0.4295,0,,,,0.0005,0.0,,0.6207,0.00786,0.0006,0.0,,0.67328,0.00865,0.0005,0.0,,0.69658,0.00712,0.703,0,,,,0.0004,0.0,,0.74819,0.00546,0.0003,0.0,,0.78823,0.00401,0.0004,0.0,,0.86942,0.0048,0.0005,0,,0.94472,0.0055,0.0005,0,,0.99654,0.00526,0.1125,0.0,,0.38545,0.81006,0.075,0.0,,0.24726,0.81064
2023-10-16 00:00:00,0.0005,0.0,,1.16164,-0.00378,0.001,0.0,,1.07356,-0.00766,0.0007,0.0,,0.86536,-0.00688,0.0015,0.0,,0.80624,-0.0146,0.0022,0.0,,0.7098,-0.02315,0.0034,0.0,,0.62431,-0.03817,0.0055,0.0,,0.54669,-0.06504,0.0085,0.0,,0.46224,-0.10847,0.0145,0.0,,0.38723,-0.19319,0.019,0.0,,0.34713,-0.25926,0.0635,0.0,,0.3494,0.63603,0.0265,0.0,,0.316,-0.35456,0.0415,1.0,,0.31334,0.52308,0.039,2.0,,0.29921,-0.47773,0.0275,0.0,,0.31,0.40003,0.057,0.0,,0.29353,-0.6076,0.018,0.0,,0.31346,0.29215,0.0815,0.0,,0.31054,-0.70995,0.0125,0.0,,0.32826,0.21373,0.1055,0.0,,0.295,-0.8145,0.0095,0.0,,0.35206,0.16303,0.0715,0,,,,0.007,0.0,,0.36916,0.1225,0.159,0.0,,,,0.0045,0.0,,0.41293,0.07739,0.2205,0.0,,,,0.0032,0.0,,0.45651,0.05325,0.19,0.0,,,,0.0023,0.0,,0.49356,0.03745,0.335,0,,,,0.0021,0.0,,0.54533,0.03183,0.0014,0.0,,0.56494,0.02156,0.0012,0.0,,0.60185,0.01781,0.0006,0.0,,0.59394,0.00963,0.4295,0,,,,0.0005,0.0,,0.62219,0.00784,0.0006,0.0,,0.67481,0.00864,0.0005,0.0,,0.69809,0.00711,0.703,0,,,,0.0004,0.0,,0.74969,0.00545,0.0003,0.0,,0.78971,0.004,0.0004,0.0,,0.87096,0.0048,0.0005,0,,0.9463,0.00549,0.0005,0,,0.99814,0.00525,0.1125,0.0,,0.39431,0.80316,0.075,0.0,,0.25644,0.79921
2023-10-16 01:00:00,0.0005,0.0,,1.16652,-0.00376,0.001,0.0,,1.07874,-0.00762,0.0007,0.0,,0.87025,-0.00685,0.0015,0.0,,0.81155,-0.01452,0.0022,0.0,,0.71537,-0.02299,0.0034,0.0,,0.63027,-0.03785,0.0055,0.0,,0.55321,-0.06437,0.0085,0.0,,0.46953,-0.10705,0.014,10.0,,0.39029,-0.18685,0.019,0.0,,0.35692,-0.25371,0.0635,0.0,,0.33207,0.65325,0.0265,0.0,,0.32758,-0.34531,0.0425,4.0,,0.30735,0.53726,0.0385,5.0,,0.30992,-0.46271,0.0275,0.0,,0.29923,0.40957,0.057,0.0,,0.31262,-0.58494,0.0185,1.0,,0.30897,0.30134,0.0815,0.0,,0.33563,-0.6811,0.0125,0.0,,0.32064,0.21757,0.1055,0.0,,0.33065,-0.77443,0.009,11.0,,0.33906,0.1607,0.0715,0,,,,0.007,134.0,,0.36295,0.12419,0.159,0.0,,0.28698,-0.93165,0.0045,0.0,,0.40749,0.07825,0.2205,0.0,,0.18388,-0.99944,0.0032,0.0,,0.45156,0.05375,0.19,0.0,,,,0.0026,3.0,,0.49966,0.04129,0.335,0,,,,0.0021,0.0,,0.54093,0.03206,0.0014,0.0,,0.56084,0.0217,0.0012,0.0,,0.59791,0.01792,0.0006,0.0,,0.59032,0.00969,0.4295,0,,,,0.0005,0.0,,0.61869,0.00788,0.0006,0.0,,0.67131,0.00868,0.0005,0.0,,0.6947,0.00714,0.703,0,,,,0.0004,0.0,,0.74645,0.00547,0.0003,0.0,,0.78661,0.00402,0.0004,0.0,,0.86787,0.00481,0.0005,0,,0.94323,0.00551,0.0005,0,,0.99513,0.00527,0.1125,0.0,,0.36495,0.82709,0.075,0.0,,0.22475,0.84045
2023-10-16 02:00:00,0.0005,0.0,,1.1712,-0.00375,0.001,0.0,,1.0837,-0.00759,0.0007,0.0,,0.87493,-0.00681,0.0015,0.0,,0.81663,-0.01444,0.0022,0.0,,0.72069,-0.02284,0.0034,0.0,,0.63596,-0.03755,0.0055,0.0,,0.55945,-0.06375,0.0085,0.0,,0.47648,-0.10573,0.014,0.0,,0.39848,-0.18373,0.019,0.0,,0.36619,-0.24869,0.0635,0.0,,0.31469,0.67154,0.026,4.0,,0.33432,-0.33564,0.0425,0.0,,0.29395,0.55161,0.0385,0.0,,0.32343,-0.4494,0.03,17.0,,0.30814,0.42679,0.057,0.0,,0.33006,-0.56565,0.0185,0.0,,0.30038,0.30749,0.0815,0.0,,0.35797,-0.65713,0.0125,161.0,,0.3133,0.22142,0.1055,0.0,,0.36049,-0.74294,0.0095,11.0,,0.33867,0.16807,0.0715,0,,,,0.007,0.0,,0.357,0.12586,0.159,0.0,,0.35428,-0.87613,0.0049,11.0,,0.41036,0.08367,0.2205,0.0,,0.39824,-0.92319,0.0032,0.0,,0.44684,0.05423,0.19,0.0,,,,0.0026,0.0,,0.49523,0.04161,0.335,0,,,,0.0021,0.0,,0.53675,0.03228,0.0014,0.0,,0.55695,0.02184,0.0012,0.0,,0.59416,0.01802,0.0006,0.0,,0.58687,0.00974,0.4295,0,,,,0.0005,0.0,,0.61535,0.00792,0.0006,0.0,,0.66799,0.00872,0.0005,0.0,,0.69148,0.00717,0.703,0,,,,0.0004,0.0,,0.74337,0.0055,0.0003,0.0,,0.78368,0.00403,0.0004,0.0,,0.86494,0.00483,0.0005,0,,0.94033,0.00553,0.0005,0,,0.99228,0.00528,0.1125,0.0,,0.33302,0.85422,0.075,0.0,,,
2023-10-16 03:00:00,0.0005,0.0,,1.17052,-0.00375,0.001,0.0,,1.08287,-0.0076,0.0007,0.0,,0.87405,-0.00682,0.0015,0.0,,0.81558,-0.01446,0.0022,0.0,,0.7195,-0.02288,0.0034,0.0,,0.63459,-0.03765,0.0055,0.0,,0.55785,-0.06395,0.0085,0.0,,0.4746,-0.10614,0.014,0.0,,0.39616,-0.18471,0.019,0.0,,0.3635,-0.25026,0.0635,0.0,,0.32054,0.66551,0.026,7.0,,0.33111,-0.33822,0.0425,0.0,,0.29847,0.5469,0.0385,0.0,,0.31939,-0.45352,0.029,57.0,,0.30398,0.42081,0.057,0.0,,0.32482,-0.57157,0.0185,0.0,,0.30334,0.30549,0.0815,0.0,,0.35125,-0.66443,0.0125,0.0,,0.31586,0.22017,0.1055,0.0,,0.35159,-0.75239,0.0095,0.0,,0.34099,0.16726,0.0715,0,,,,0.007,3.0,,0.35914,0.12533,0.159,0.0,,0.3363,-0.8915,0.0049,0.0,,0.41232,0.08339,0.2205,0.0,,0.3685,-0.94089,0.0032,0.0,,0.44865,0.05408,0.19,0.0,,,,0.0026,0.0,,0.49698,0.04151,0.335,0,,,,0.0021,0.0,,0.53846,0.03221,0.0014,0.0,,0.55857,0.0218,0.0012,0.0,,0.59577,0.01799,0.0006,0.0,,0.58837,0.00973,0.4295,0,,,,0.0005,0.0,,0.61684,0.00791,0.0006,0.0,,0.66951,0.00871,0.0005,0.0,,0.69298,0.00716,0.703,0,,,,0.0004,0.0,,0.74487,0.00549,0.0003,0.0,,0.78516,0.00403,0.0004,0.0,,0.86648,0.00483,0.0005,0,,0.9419,0.00552,0.0005,0,,0.99388,0.00528,0.1125,0.0,,0.34394,0.84503,0.075,0.0,,0.19956,0.87513
2023-10-16 04:00:00,0.0005,0.0,,1.17428,-0.00374,0.001,0.0,,1.08684,-0.00758,0.0007,0.0,,0.87778,-0.0068,0.0015,0.0,,0.81961,-0.0144,0.0022,0.0,,0.7237,-0.02277,0.0034,0.0,,0.63906,-0.03742,0.0055,18.0,,0.56273,-0.06347,0.0085,0.0,,0.48002,-0.10514,0.014,0.0,,0.40252,-0.18236,0.019,0.0,,0.37067,-0.24649,0.0635,0.0,,0.30674,0.68056,0.025,18.0,,0.33109,-0.32908,0.0465,93.0,,0.31876,0.55676,0.0385,0.0,,0.32974,-0.44372,0.0295,30.0,,0.29966,0.42987,0.057,0.0,,0.33804,-0.55754,0.019,4.0,,0.30099,0.31339,0.0755,15.0,,0.31817,-0.67527,0.0125,6.0,,0.31021,0.22322,0.1055,0.0,,0.37341,-0.73022,0.0095,0.0,,0.33595,0.16924,0.0715,0,,,,0.0075,113.0,,0.36179,0.13193,0.159,0.0,,0.37777,-0.85654,0.0047,150.0,,0.40432,0.08181,0.2205,0.0,,0.43329,-0.90159,0.0035,75.0,,0.45311,0.05798,0.19,0.0,,,,0.0026,0.0,,0.49362,0.04176,0.335,0,,,,0.0021,0.0,,0.53529,0.03238,0.0014,0.0,,0.55563,0.0219,0.0012,0.0,,0.59294,0.01807,0.0006,0.0,,0.58578,0.00977,0.4295,0,,,,0.0005,0.0,,0.61434,0.00794,0.0006,0.0,,0.66702,0.00874,0.0005,0.0,,0.69058,0.00719,0.703,0,,,,0.0004,0.0,,0.74258,0.00551,0.0003,0.0,,0.78298,0.00404,0.0004,0.0,,0.86432,0.00484,0.0005,0,,0.93977,0.00553,0.0005,0,,0.9918,0.00529,0.1125,0.0,,0.31691,0.86849,0.075,0.0,,0.15983,0.92988
2023-10-16 05:00:00,0.0005,0.0,,1.17065,-0.00376,0.0005,111.0,,0.99257,-0.00444,0.0007,0.0,,0.87382,-0.00683,0.0015,0.0,,0.81517,-0.01449,0.0022,0.0,,0.71891,-0.02292,0.0034,0.0,,0.63379,-0.03773,0.0055,0.0,,0.55682,-0.06412,0.0085,3.0,,0.47327,-0.1065,0.0135,3.0,,0.38868,-0.18256,0.019,0.0,,0.3614,-0.25163,0.0635,0.0,,0.32568,0.6605,0.026,40.0,,0.32854,-0.34048,0.0465,0.0,,0.33316,0.54285,0.038,74.0,,0.31225,-0.45711,0.0295,0.0,,0.31111,0.41971,0.057,0.0,,0.32045,-0.57679,0.018,100.0,,0.30169,0.30072,0.0755,0.0,,0.29405,-0.70486,0.0125,2.0,,0.31825,0.21913,0.1055,0.0,,0.34391,-0.76089,0.0095,0.0,,0.34319,0.16657,0.0715,0,,,,0.0075,5.0,,0.36848,0.13011,0.159,0.0,,0.31917,-0.90613,0.0047,0.0,,0.41023,0.08089,0.2205,0.0,,0.33563,-0.95884,0.0035,0.0,,0.4586,0.05744,0.19,0.0,,,,0.0026,0.0,,0.49879,0.04142,0.335,0,,,,0.0021,0.0,,0.54024,0.03215,0.0014,0.0,,0.56031,0.02176,0.0012,0.0,,0.5975,0.01796,0.0006,0.0,,0.59002,0.00971,0.4295,0,,,,0.0005,0.0,,0.61849,0.0079,0.0006,0.0,,0.67122,0.0087,0.0005,0.0,,0.69469,0.00715,0.703,0,,,,0.0004,0.0,,0.7466,0.00548,0.0003,0.0,,0.7869,0.00402,0.0004,0.0,,0.86831,0.00482,0.0005,0,,0.94383,0.00552,0.0005,0,,0.99585,0.00527,0.1125,0.0,,0.35311,0.83759,0.075,0.0,,0.21059,0.86024
2023-10-16 06:00:00,0.0005,0.0,,1.16904,-0.00376,0.0005,0.0,,0.99087,-0.00445,0.0007,0.0,,0.87196,-0.00685,0.0015,0.0,,0.81305,-0.01453,0.0019,100.0,,0.69909,-0.02071,0.0032,1.0,,0.62369,-0.03636,0.005,150.0,,0.5415,-0.0607,0.0085,44.0,,0.46985,-0.10723,0.014,1.0,,0.39022,-0.18728,0.019,0.0,,0.35661,-0.25442,0.0635,0.0,,0.33528,0.6509,0.026,0.0,,0.32283,-0.34512,0.0465,0.0,,0.34062,0.53605,0.037,90.0,,0.29739,-0.46478,0.0295,0.0,,0.3171,0.41469,0.057,0.0,,0.31102,-0.58774,0.0195,50.0,,0.31968,0.30649,0.0755,0.0,,0.28061,-0.7224,0.0125,0.0,,0.3225,0.21706,0.1055,0.0,,0.32719,-0.77918,0.0095,0.0,,0.34705,0.16522,0.0715,0,,,,0.0075,1.0,,0.37207,0.12919,0.159,0.0,,0.27481,-0.94154,0.0047,0.0,,0.41343,0.08042,0.2205,0.0,,,,0.0035,0.0,,0.46159,0.05716,0.19,0.0,,,,0.0026,0.0,,0.50162,0.04124,0.335,0,,,,0.0021,0.0,,0.54297,0.03203,0.0014,0.0,,0.5629,0.02169,0.0012,0.0,,0.60004,0.0179,0.0006,0.0,,0.59239,0.00968,0.4295,0,,,,0.0005,0.0,,0.62082,0.00788,0.0006,0.0,,0.67359,0.00868,0.0005,0.0,,0.69702,0.00714,0.703,0,,,,0.0004,0.0,,0.74889,0.00547,0.0003,0.0,,0.78915,0.00402,0.0004,0.0,,0.87062,0.00481,0.0005,0,,0.94619,0.00551,0.0005,0,,0.99822,0.00527,0.1125,0.0,,0.36998,0.82374,0.075,0.0,,0.22989,0.8344
2023-10-16 07:00:00,0.0005,0.0,,1.16966,-0.00376,0.0005,0.0,,0.99139,-0.00445,0.0007,0.0,,0.87243,-0.00685,0.0015,0.0,,0.81348,-0.01453,0.0019,0.0,,0.69945,-0.02071,0.0032,0.0,,0.62402,-0.03636,0.005,250.0,,0.54179,-0.0607,0.0085,1.0,,0.4701,-0.10723,0.014,0.0,,0.39043,-0.18728,0.019,0.0,,0.3568,-0.25442,0.0635,0.0,,0.33546,0.6509,0.027,3.0,,0.33126,-0.34779,0.0465,0.0,,0.3408,0.53605,0.0385,3.0,,0.30904,-0.46461,0.0275,244.0,,0.30162,0.40829,0.057,0.0,,0.31119,-0.58774,0.0195,0.0,,0.31985,0.30649,0.0755,0.0,,0.28076,-0.7224,0.0125,0.0,,0.32267,0.21706,0.1055,0.0,,0.32736,-0.77918,0.0095,0.0,,0.34724,0.16522,0.0715,0,,,,0.0075,0.0,,0.37227,0.12919,0.159,0.0,,0.27496,-0.94154,0.0047,0.0,,0.41364,0.08042,0.2205,0.0,,,,0.0035,0.0,,0.46184,0.05716,0.19,0.0,,,,0.0026,0.0,,0.50188,0.04124,0.335,0,,,,0.0021,0.0,,0.54326,0.03203,0.0014,0.0,,0.5632,0.02169,0.0012,0.0,,0.60036,0.0179,0.0006,0.0,,0.5927,0.00968,0.4295,0,,,,0.0005,0.0,,0.62115,0.00788,0.0006,0.0,,0.67394,0.00868,0.0005,0.0,,0.69739,0.00714,0.703,0,,,,0.0004,0.0,,0.74929,0.00547,0.0003,0.0,,0.78956,0.00402,0.0004,0.0,,0.87108,0.00481,0.0005,0,,0.94669,0.00551,0.0005,0,,0.99875,0.00527,0.1125,0.0,,0.37017,0.82374,0.075,0.0,,0.23001,0.8344
2023-10-16 08:00:00,0.0005,0.0,,1.17195,-0.00376,0.0005,0.0,,0.99359,-0.00444,0.0007,0.0,,0.87463,-0.00684,0.0015,0.0,,0.81583,-0.0145,0.0019,0.0,,0.70182,-0.02065,0.0032,0.0,,0.62653,-0.03624,0.005,0.0,,0.54448,-0.06045,0.0085,0.0,,0.47311,-0.10668,0.0135,3.0,,0.38821,-0.18298,0.019,0.0,,0.36073,-0.25232,0.0635,0.0,,0.32858,0.65805,0.0255,1.0,,0.32344,-0.3402,0.0465,0.0,,0.33552,0.54112,0.038,21.0,,0.31091,-0.45896,0.0275,0.0,,0.29744,0.41217,0.0555,3.0,,0.30688,-0.58398,0.0195,0.0,,0.31641,0.30894,0.0755,0.0,,0.29118,-0.7091,0.0125,173.0,,0.31978,0.21861,0.1055,0.0,,0.34033,-0.7653,0.0095,0.0,,0.34466,0.16623,0.0715,0,,,,0.0075,0.0,,0.36992,0.12988,0.159,0.0,,0.31002,-0.91407,0.0047,0.0,,0.41163,0.08077,0.2205,0.0,,0.31408,-0.96937,0.0035,0.0,,0.46002,0.05737,0.19,0.0,,,,0.0026,0.0,,0.50022,0.04138,0.335,0,,,,0.0021,0.0,,0.54171,0.03212,0.0014,0.0,,0.56177,0.02174,0.0012,0.0,,0.59901,0.01795,0.0006,0.0,,0.59147,0.0097,0.4295,0,,,,0.0005,0.0,,0.61997,0.0079,0.0006,0.0,,0.67279,0.00869,0.0005,0.0,,0.69629,0.00715,0.703,0,,,,0.0004,0.0,,0.74826,0.00548,0.0003,0.0,,0.78861,0.00402,0.0004,0.0,,0.87016,0.00482,0.0005,0,,0.94579,0.00551,0.0005,0,,0.99789,0.00527,0.1125,0.0,,0.35796,0.834,0.075,0.0,,0.216,0.85334
2023-10-16 09:00:00,0.0005,0.0,,1.17739,-0.00374,0.0005,0.0,,0.99893,-0.00442,0.0007,0.0,,0.8801,-0.0068,0.0015,0.0,,0.82178,-0.0144,0.0019,0.0,,0.70794,-0.02049,0.0032,0.0,,0.63316,-0.03591,0.005,0.0,,0.55169,-0.05976,0.0085,0.0,,0.48129,-0.10514,0.0135,0.0,,0.39779,-0.17939,0.018,16.0,,0.36194,-0.24173,0.0635,0.0,,0.30756,0.68056,0.0255,7.0,,0.33618,-0.33058,0.0465,0.0,,0.3196,0.55676,0.037,6.0,,0.31904,-0.44322,0.0275,0.0,,0.28491,0.42404,0.0555,0.0,,0.32735,-0.56109,0.0195,0.0,,0.30608,0.31631,0.0755,0.0,,0.31901,-0.67527,0.013,11.0,,0.31612,0.22739,0.1055,0.0,,0.3744,-0.73022,0.0095,0.0,,0.33684,0.16924,0.0715,0,,,,0.0075,6.0,,0.36275,0.13193,0.159,0.0,,0.37877,-0.85654,0.0047,0.0,,0.40539,0.08181,0.2205,0.0,,0.43444,-0.90159,0.0035,0.0,,0.45431,0.05798,0.19,0.0,,,,0.0025,1.0,,0.49147,0.04059,0.335,0,,,,0.0021,0.0,,0.5367,0.03238,0.0014,0.0,,0.5571,0.0219,0.0012,0.0,,0.59451,0.01807,0.0006,0.0,,0.58733,0.00977,0.4295,0,,,,0.0005,0.0,,0.61597,0.00794,0.0006,0.0,,0.66879,0.00874,0.0005,0.0,,0.69241,0.00719,0.703,0,,,,0.0004,0.0,,0.74455,0.00551,0.0003,0.0,,0.78506,0.00404,0.0004,0.0,,0.86661,0.00484,0.0005,0,,0.94226,0.00553,0.0005,0,,0.99442,0.00529,0.1125,0.0,,0.31775,0.86849,0.075,0.0,,0.16025,0.92988
2023-10-16 10:00:00,0.0005,0.0,,1.17653,-0.00375,0.0005,0.0,,0.99798,-0.00443,0.0007,0.0,,0.87903,-0.00681,0.0015,0.0,,0.82052,-0.01443,0.0019,0.0,,0.70655,-0.02054,0.0028,1.0,,0.61556,-0.03285,0.005,0.0,,0.54986,-0.05997,0.0085,0.0,,0.47911,-0.10561,0.013,3.0,,0.3893,-0.1774,0.017,11.0,,0.34909,-0.23843,0.0635,0.0,,0.31438,0.67331,0.0245,9.0,,0.32411,-0.33043,0.0465,0.0,,0.32478,0.55178,0.037,0.0,,0.31444,-0.44789,0.0275,0.0,,0.289,0.42028,0.0555,0.0,,0.32138,-0.56782,0.0195,0.0,,0.30949,0.31399,0.0755,0.0,,0.31094,-0.68504,0.013,0.0,,0.31905,0.22594,0.1055,0.0,,0.36458,-0.74033,0.0095,0.0,,0.33948,0.1683,0.0715,0,,,,0.0075,20.0,,0.36521,0.13129,0.159,0.0,,0.36065,-0.87201,0.0047,0.0,,0.40759,0.08149,0.2205,0.0,,0.40748,-0.91858,0.0035,0.0,,0.45638,0.05779,0.19,0.0,,,,0.0025,0.0,,0.49343,0.04047,0.335,0,,,,0.0021,0.0,,0.53862,0.0323,0.0014,0.0,,0.55892,0.02185,0.0012,0.0,,0.59631,0.01803,0.0006,0.0,,0.58901,0.00975,0.4295,0,,,,0.0005,0.0,,0.61763,0.00793,0.0006,0.0,,0.67048,0.00873,0.0005,0.0,,0.69408,0.00717,0.703,0,,,,0.0004,0.0,,0.7462,0.0055,0.0003,0.0,,0.78669,0.00403,0.0004,0.0,,0.8683,0.00483,0.0005,0,,0.944,0.00553,0.0005,0,,0.99618,0.00528,0.1125,0.0,,0.33124,0.85696,0.075,0.0,,0.18152,0.90109
2023-10-16 11:00:00,0.0005,0.0,,1.17716,-0.00375,0.0005,0.0,,0.99851,-0.00443,0.0007,0.0,,0.87949,-0.00681,0.0015,0.0,,0.82095,-0.01443,0.0019,0.0,,0.70693,-0.02054,0.0028,0.0,,0.61588,-0.03285,0.005,0.0,,0.55015,-0.05997,0.0085,0.0,,0.47936,-0.10561,0.013,1.0,,0.3895,-0.1774,0.0175,4.0,,0.35419,-0.24099,0.0635,0.0,,0.31455,0.67331,0.0245,5.0,,0.32429,-0.33043,0.0465,0.0,,0.32496,0.55178,0.0365,5.0,,0.31075,-0.44775,0.0275,0.0,,0.28915,0.42028,0.0515,15.0,,0.29043,-0.57921,0.0185,6.0,,0.30101,0.30806,0.0755,0.0,,0.3111,-0.68504,0.013,0.0,,0.31922,0.22594,0.1055,0.0,,0.36477,-0.74033,0.0095,0.0,,0.33966,0.1683,0.0715,0,,,,0.0075,0.0,,0.3654,0.13129,0.159,0.0,,0.36084,-0.87201,0.0046,1.0,,0.40577,0.08034,0.2205,0.0,,0.4077,-0.91858,0.0035,0.0,,0.45663,0.05779,0.19,0.0,,,,0.0025,0.0,,0.4937,0.04047,0.335,0,,,,0.0021,0.0,,0.5389,0.0323,0.0014,0.0,,0.55922,0.02185,0.0012,0.0,,0.59662,0.01803,0.0006,0.0,,0.58933,0.00975,0.4295,0,,,,0.0005,0.0,,0.61796,0.00793,0.0006,0.0,,0.67084,0.00873,0.0005,0.0,,0.69445,0.00717,0.703,0,,,,0.0004,0.0,,0.7466,0.0055,0.0003,0.0,,0.78711,0.00403,0.0004,0.0,,0.86876,0.00483,0.0005,0,,0.9445,0.00553,0.0005,0,,0.99671,0.00528,0.1125,0.0,,0.33142,0.85696,0.075,0.0,,0.18162,0.90108
2023-10-16 12:00:00,0.0005,0.0,3335.0,,,0.0005,0.0,1674.0,,,0.0007,0.0,1407.0,,,0.0015,0.0,1506.0,,,0.0019,0.0,1583.0,,,0.0028,0.0,1968.0,,,0.005,0.0,16577.0,,,0.0085,0.0,16870.0,,,0.013,0.0,21439.0,,,0.017,309.0,10016.0,,,0.0635,0.0,1700.0,,,0.0245,50.0,28062.0,,,0.0465,0.0,2584.0,,,0.0365,0.0,11810.0,,,0.0275,0.0,37213.0,,,0.0515,0.0,20670.0,,,0.0185,2.0,214623.0,,,0.0755,0.0,6552.0,,,0.012,110.0,171165.0,,,0.1055,0.0,4171.0,,,0.0095,50.0,63738.0,,,0.0715,0,1221.0,,,0.0075,0.0,62596.0,,,0.159,0.0,1050.0,,,0.0046,0.0,40167.0,,,0.2205,0.0,113.0,,,0.0037,17.0,29863.0,,,0.19,0.0,711.0,,,0.0025,1.0,14760.0,,,0.335,0,2.0,,,0.0021,0.0,2690.0,,,0.0014,0.0,2937.0,,,0.0012,0.0,6381.0,,,0.0006,0.0,3863.0,,,0.4295,0,36.0,,,0.0005,0.0,856.0,,,0.0006,0.0,545.0,,,0.0005,0.0,1644.0,,,0.703,0,87.0,,,0.0004,0.0,798.0,,,0.0003,0.0,193.0,,,0.0004,0.0,645.0,,,0.0005,0,287.0,,,0.0005,0,398.0,,,0.1125,0.0,110.0,,,0.075,0.0,10.0,,
2023-10-16 13:00:00,0.0005,0.0,,,,0.0005,0.0,,,,0.0007,0.0,,,,0.0015,0.0,,,,0.0019,0.0,,,,0.0025,1.0,,,,0.0045,52.0,,,,0.0085,0.0,,,,0.0115,121.0,,,,0.016,1.0,,,,0.0635,0.0,,,,0.0225,369.0,,,,0.0505,6.0,,,,0.0335,15.0,,,,0.037,558.0,,,,0.046,209.0,,,,0.0255,1839.0,,,,0.065,166.0,,,,0.0175,3381.0,,,,0.1055,0.0,,,,0.0125,201.0,,,,0.0715,0,,,,0.01,357.0,,,,0.159,0.0,,,,0.007,24.0,,,,0.2205,0.0,,,,0.0046,124.0,,,,0.19,0.0,,,,0.0035,18.0,,,,0.335,0,,,,0.0025,10.0,,,,0.0016,1.0,,,,0.0013,2.0,,,,0.001,2.0,,,,0.4295,0,,,,0.0008,1.0,,,,0.0007,6.0,,,,0.0005,1.0,,,,0.703,0,,,,0.0005,46.0,,,,0.0003,0.0,,,,0.0004,0.0,,,,0.0005,0,,,,0.0005,0,,,,0.1125,0.0,,,,0.075,0.0,,,
2023-10-16 14:00:00,0.0005,0.0,,,,0.0005,0.0,,,,0.0007,0.0,,,,0.0015,0.0,,,,0.0019,0.0,,,,0.0025,0.0,,,,0.0043,1.0,,,,0.0085,0.0,,,,0.0125,5.0,,,,0.016,11.0,,,,0.0635,0.0,,,,0.023,12.0,,,,0.0515,601.0,,,,0.0325,67.0,,,,0.033,53.0,,,,0.0455,80.0,,,,0.022,53.0,,,,0.065,5.0,,,,0.0155,3084.0,,,,0.1055,0.0,,,,0.012,172.0,,,,0.0715,0,,,,0.0095,1.0,,,,0.159,0.0,,,,0.0065,5.0,,,,0.2205,0.0,,,,0.0046,0.0,,,,0.19,0.0,,,,0.003,204.0,,,,0.335,0,,,,0.0019,202.0,,,,0.0016,100.0,,,,0.0013,0.0,,,,0.001,0.0,,,,0.4295,0,,,,0.0008,0.0,,,,0.0007,0.0,,,,0.0005,0.0,,,,0.703,0,,,,0.0005,0.0,,,,0.0003,0.0,,,,0.0004,0.0,,,,0.0005,0,,,,0.0005,0,,,,0.1125,0.0,,,,0.075,0.0,,,
2023-10-16 15:00:00,0.0005,0.0,,,,0.0005,0.0,,,,0.0007,0.0,,,,0.0015,0.0,,,,0.0019,0.0,,,,0.0025,0.0,,,,0.0043,0.0,,,,0.0085,0.0,,,,0.0125,0.0,,,,0.0155,1.0,,,,0.0635,0.0,,,,0.021,1174.0,,,,0.0515,0.0,,,,0.031,28.0,,,,0.032,194.0,,,,0.0455,0.0,,,,0.0205,2708.0,,,,0.0675,121.0,,,,0.0145,644.0,,,,0.1055,0.0,,,,0.01,80.0,,,,0.0715,0,,,,0.008,10.0,,,,0.159,0.0,,,,0.0055,190.0,,,,0.2205,0.0,,,,0.0046,0.0,,,,0.19,0.0,,,,0.003,0.0,,,,0.335,0,,,,0.0019,0.0,,,,0.0016,0.0,,,,0.0013,0.0,,,,0.001,0.0,,,,0.4295,0,,,,0.0008,0.0,,,,0.0007,0.0,,,,0.0005,0.0,,,,0.703,0,,,,0.0005,0.0,,,,0.0003,0.0,,,,0.0004,0.0,,,,0.0005,0,,,,0.0005,0,,,,0.1125,0.0,,,,0.075,0.0,,,
2023-10-16 16:00:00,0.0005,0.0,,,,0.0005,0.0,,,,0.0007,0.0,,,,0.0015,0.0,,,,0.0019,0.0,,,,0.0025,0.0,,,,0.0042,1.0,,,,0.0065,11.0,,,,0.0115,12.0,,,,0.0145,4.0,,,,0.0635,0.0,,,,0.02,27.0,,,,0.0515,200.0,,,,0.0295,13.0,,,,0.032,0.0,,,,0.0455,0.0,,,,0.021,2.0,,,,0.0675,0.0,,,,0.0145,0.0,,,,0.1055,0.0,,,,0.01,50.0,,,,0.0715,0,,,,0.008,23.0,,,,0.159,0.0,,,,0.0055,285.0,,,,0.2205,0.0,,,,0.0039,50.0,,,,0.19,0.0,,,,0.003,0.0,,,,0.335,0,,,,0.0019,0.0,,,,0.0016,0.0,,,,0.0013,0.0,,,,0.001,0.0,,,,0.4295,0,,,,0.0008,0.0,,,,0.0007,0.0,,,,0.0005,0.0,,,,0.703,0,,,,0.0005,0.0,,,,0.0003,0.0,,,,0.0004,0.0,,,,0.0005,0,,,,0.0005,0,,,,0.1125,0.0,,,,0.075,0.0,,,
2023-10-16 17:00:00,0.0005,0.0,,,,0.0005,0.0,,,,0.0007,0.0,,,,0.0015,0.0,,,,0.0019,0.0,,,,0.0025,5.0,,,,0.0042,0.0,,,,0.0065,0.0,,,,0.0115,0.0,,,,0.0145,0.0,,,,0.0635,0.0,,,,0.021,10.0,,,,0.0515,0.0,,,,0.0295,0.0,,,,0.0325,25.0,,,,0.044,90.0,,,,0.022,1131.0,,,,0.064,75.0,,,,0.0145,102.0,,,,0.1055,0.0,,,,0.0105,1267.0,,,,0.0715,0,,,,0.0085,520.0,,,,0.159,0.0,,,,0.0055,0.0,,,,0.2205,0.0,,,,0.0039,0.0,,,,0.19,0.0,,,,0.003,0.0,,,,0.335,0,,,,0.0019,0.0,,,,0.0016,0.0,,,,0.0013,0.0,,,,0.001,0.0,,,,0.4295,0,,,,0.0008,0.0,,,,0.0007,0.0,,,,0.0005,0.0,,,,0.703,0,,,,0.0005,0.0,,,,0.0003,0.0,,,,0.0004,0.0,,,,0.0005,0,,,,0.0005,0,,,,0.1125,0.0,,,,0.075,0.0,,,
2023-10-16 18:00:00,0.0005,0.0,,,,0.0005,0.0,,,,0.0007,0.0,,,,0.0015,0.0,,,,0.0019,0.0,,,,0.0025,0.0,,,,0.0042,0.0,,,,0.0065,0.0,,,,0.011,250.0,,,,0.015,75.0,,,,0.0635,0.0,,,,0.0205,10.0,,,,0.0515,0.0,,,,0.03,275.0,,,,0.0335,6.0,,,,0.044,0.0,,,,0.022,0.0,,,,0.064,0.0,,,,0.0145,0.0,,,,0.1055,0.0,,,,0.011,14.0,,,,0.0715,0,,,,0.0085,51.0,,,,0.159,0.0,,,,0.0055,0.0,,,,0.2205,0.0,,,,0.0039,0.0,,,,0.19,0.0,,,,0.003,0.0,,,,0.335,0,,,,0.0019,0.0,,,,0.0016,0.0,,,,0.0013,0.0,,,,0.001,0.0,,,,0.4295,0,,,,0.0008,0.0,,,,0.0007,0.0,,,,0.0005,0.0,,,,0.703,0,,,,0.0005,0.0,,,,0.0003,0.0,,,,0.0004,0.0,,,,0.0005,0,,,,0.0005,0,,,,0.1125,0.0,,,,0.075,0.0,,,
2023-10-16 19:00:00,0.0005,0.0,,,,0.0005,0.0,,,,0.0007,0.0,,,,0.0015,0.0,,,,0.0019,0.0,,,,0.0025,0.0,,,,0.0047,888.0,,,,0.0065,0.0,,,,0.011,0.0,,,,0.015,0.0,,,,0.0635,0.0,,,,0.021,11.0,,,,0.0515,0.0,,,,0.03,0.0,,,,0.0335,0.0,,,,0.044,0.0,,,,0.022,0.0,,,,0.064,0.0,,,,0.0145,0.0,,,,0.1055,0.0,,,,0.0105,100.0,,,,0.0715,0,,,,0.0085,1.0,,,,0.159,0.0,,,,0.0055,0.0,,,,0.2205,0.0,,,,0.0039,0.0,,,,0.19,0.0,,,,0.003,0.0,,,,0.335,0,,,,0.0019,0.0,,,,0.0016,0.0,,,,0.0013,0.0,,,,0.001,0.0,,,,0.4295,0,,,,0.0008,0.0,,,,0.0007,0.0,,,,0.0005,0.0,,,,0.703,0,,,,0.0005,0.0,,,,0.0003,0.0,,,,0.0004,0.0,,,,0.0005,0,,,,0.0005,0,,,,0.1125,0.0,,,,0.075,0.0,,,
2023-10-16 20:00:00,0.0005,0.0,,,,0.0005,0.0,,,,0.0007,0.0,,,,0.0015,0.0,,,,0.0019,0.0,,,,0.0026,1.0,,,,0.0047,0.0,,,,0.0065,0.0,,,,0.011,0.0,,,,0.015,0.0,,,,0.0635,0.0,,,,0.021,0.0,,,,0.0515,0.0,,,,0.03,0.0,,,,0.0335,0.0,,,,0.0445,1.0,,,,0.022,2.0,,,,0.064,0.0,,,,0.0145,1.0,,,,0.1055,0.0,,,,0.0105,34.0,,,,0.0715,0,,,,0.0085,129.0,,,,0.159,0.0,,,,0.0055,27.0,,,,0.2205,0.0,,,,0.0039,0.0,,,,0.19,0.0,,,,0.003,0.0,,,,0.335,0,,,,0.0019,0.0,,,,0.0015,100.0,,,,0.0013,0.0,,,,0.001,0.0,,,,0.4295,0,,,,0.0008,0.0,,,,0.0007,0.0,,,,0.0005,0.0,,,,0.703,0,,,,0.0005,0.0,,,,0.0003,0.0,,,,0.0004,0.0,,,,0.0005,0,,,,0.0005,0,,,,0.1125,0.0,,,,0.075,0.0,,,
2023-10-16 21:00:00,0.0005,0.0,,,,0.0005,0.0,,,,0.0007,0.0,,,,0.0015,0.0,,,,0.0018,13.0,,,,0.0027,4.0,,,,0.005,34.0,,,,0.0065,0.0,,,,0.013,192.0,,,,0.0165,132.0,,,,0.0635,0.0,,,,0.023,171.0,,,,0.066,200.0,,,,0.0335,111.0,,,,0.048,120.0,,,,0.031,16.0,,,,0.023,331.0,,,,0.047,1.0,,,,0.0165,169.0,,,,0.1055,0.0,,,,0.0115,114.0,,,,0.0715,0,,,,0.01,277.0,,,,0.159,0.0,,,,0.006,7.0,,,,0.204,2.0,,,,0.0042,103.0,,,,0.2645,2.0,,,,0.0034,2.0,,,,0.335,0,,,,0.0019,0.0,,,,0.0017,48.0,,,,0.0013,0.0,,,,0.0012,3.0,,,,0.4295,0,,,,0.0008,0.0,,,,0.0007,0.0,,,,0.0005,0.0,,,,0.703,0,,,,0.0005,0.0,,,,0.0003,0.0,,,,0.0004,0.0,,,,0.0005,0,,,,0.0005,0,,,,0.1125,0.0,,,,0.075,0.0,,,
2023-10-16 22:00:00,0.0005,0.0,,,,0.0005,0.0,,,,0.0007,0.0,,,,0.0015,0.0,,,,0.0018,0.0,,,,0.0027,0.0,,,,0.0042,1.0,,,,0.006,4.0,,,,0.0115,41.0,,,,0.016,4.0,,,,0.0635,0.0,,,,0.0205,231.0,,,,0.066,0.0,,,,0.03,45.0,,,,0.0355,30.0,,,,0.031,0.0,,,,0.0235,11.0,,,,0.047,0.0,,,,0.016,111.0,,,,0.1055,0.0,,,,0.011,51.0,,,,0.0715,0,,,,0.008,3.0,,,,0.159,0.0,,,,0.006,0.0,,,,0.204,0.0,,,,0.0035,117.0,,,,0.2645,0.0,,,,0.0034,0.0,,,,0.335,0,,,,0.0018,1.0,,,,0.0017,0.0,,,,0.0013,0.0,,,,0.0012,0.0,,,,0.4295,0,,,,0.0008,0.0,,,,0.0007,0.0,,,,0.0005,0.0,,,,0.703,0,,,,0.0005,0.0,,,,0.0003,0.0,,,,0.0004,0.0,,,,0.0005,0,,,,0.0005,0,,,,0.1125,0.0,,,,0.075,0.0,,,
2023-10-16 23:00:00,0.0005,0.0,,,,0.0005,0.0,,,,0.0007,0.0,,,,0.0015,0.0,,,,0.0018,0.0,,,,0.0027,0.0,,,,0.0042,0.0,,,,0.006,0.0,,,,0.012,10.0,,,,0.0155,267.0,,,,0.0635,0.0,,,,0.0215,2.0,,,,0.066,0.0,,,,0.0315,11.0,,,,0.033,5.0,,,,0.031,0.0,,,,0.021,187.0,,,,0.047,0.0,,,,0.0145,442.0,,,,0.1055,0.0,,,,0.01,9.0,,,,0.0715,0,,,,0.0075,17.0,,,,0.159,0.0,,,,0.005,3.0,,,,0.204,0.0,,,,0.0035,38.0,,,,0.2645,0.0,,,,0.0025,2.0,,,,0.335,0,,,,0.0019,200.0,,,,0.0017,0.0,,,,0.0013,0.0,,,,0.0012,0.0,,,,0.4295,0,,,,0.0008,0.0,,,,0.0007,0.0,,,,0.0005,0.0,,,,0.703,0,,,,0.0005,0.0,,,,0.0003,0.0,,,,0.0004,0.0,,,,0.0005,0,,,,0.0005,0,,,,0.1125,0.0,,,,0.075,0.0,,,
2023-10-17 00:00:00,0.0005,0.0,,,,0.0005,0.0,,,,0.0007,0.0,,,,0.0015,0.0,,,,0.0018,0.0,,,,0.0027,0.0,,,,0.0043,20.0,,,,0.007,5.0,,,,0.012,46.0,,,,0.0155,0.0,,,,0.0635,0.0,,,,0.0225,116.0,,,,0.049,115.0,,,,0.0315,27.0,,,,0.033,0.0,,,,0.031,0.0,,,,0.021,241.0,,,,0.047,0.0,,,,0.0135,5.0,,,,0.1055,0.0,,,,0.01,0.0,,,,0.0715,0,,,,0.0075,2.0,,,,0.159,0.0,,,,0.005,0.0,,,,0.204,0.0,,,,0.0035,270.0,,,,0.2645,0.0,,,,0.0027,198.0,,,,0.335,0,,,,0.0019,0.0,,,,0.0017,0.0,,,,0.0013,0.0,,,,0.0012,0.0,,,,0.4295,0,,,,0.0008,0.0,,,,0.0007,0.0,,,,0.0005,0.0,,,,0.703,0,,,,0.0005,0.0,,,,0.0003,0.0,,,,0.0004,0.0,,,,0.0005,0,,,,0.0005,0,,,,0.1125,0.0,,,,0.075,0.0,,,
2023-10-17 01:00:00,0.0005,0.0,,,,0.0005,0.0,,,,0.0007,0.0,,,,0.0015,0.0,,,,0.0018,0.0,,,,0.0027,0.0,,,,0.0043,1.0,,,,0.007,0.0,,,,0.0115,141.0,,,,0.0155,50.0,,,,0.0635,0.0,,,,0.0215,8.0,,,,0.049,0.0,,,,0.0325,25.0,,,,0.0315,5.0,,,,0.031,0.0,,,,0.021,48.0,,,,0.047,0.0,,,,0.0135,17.0,,,,0.1055,0.0,,,,0.01,1.0,,,,0.0715,0,,,,0.0075,1.0,,,,0.148,4.0,,,,0.005,0.0,,,,0.209,5.0,,,,0.0034,125.0,,,,0.2645,0.0,,,,0.0027,0.0,,,,0.335,0,,,,0.0019,0.0,,,,0.0017,0.0,,,,0.0013,0.0,,,,0.0012,0.0,,,,0.4295,0,,,,0.0008,0.0,,,,0.0007,0.0,,,,0.0005,0.0,,,,0.703,0,,,,0.0005,0.0,,,,0.0003,0.0,,,,0.0004,0.0,,,,0.0005,0,,,,0.0005,0,,,,0.1125,0.0,,,,0.075,0.0,,,
2023-10-17 02:00:00,0.0005,0.0,,,,0.0005,0.0,,,,0.0007,0.0,,,,0.0015,0.0,,,,0.0018,0.0,,,,0.0027,0.0,,,,0.0042,10.0,,,,0.007,0.0,,,,0.011,3.0,,,,0.0155,3.0,,,,0.0635,0.0,,,,0.0195,13.0,,,,0.055,14.0,,,,0.03,6.0,,,,0.0355,152.0,,,,0.0415,23.0,,,,0.024,212.0,,,,0.047,0.0,,,,0.0155,5.0,,,,0.1055,0.0,,,,0.0105,214.0,,,,0.0715,0,,,,0.008,302.0,,,,0.148,0.0,,,,0.005,75.0,,,,0.209,0.0,,,,0.0034,0.0,,,,0.2645,0.0,,,,0.0027,0.0,,,,0.335,0,,,,0.0019,0.0,,,,0.0017,0.0,,,,0.0013,42.0,,,,0.0012,0.0,,,,0.4295,0,,,,0.0008,0.0,,,,0.0007,0.0,,,,0.0005,0.0,,,,0.703,0,,,,0.0005,0.0,,,,0.0003,0.0,,,,0.0004,0.0,,,,0.0005,0,,,,0.0005,0,,,,0.1125,0.0,,,,0.075,0.0,,,
2023-10-17 03:00:00,0.0005,0.0,,,,0.0005,0.0,,,,0.0007,0.0,,,,0.0015,0.0,,,,0.0017,1.0,,,,0.0027,0.0,,,,0.0042,0.0,,,,0.006,36.0,,,,0.0105,1.0,,,,0.0155,0.0,,,,0.0635,0.0,,,,0.0195,100.0,,,,0.058,33.0,,,,0.028,5.0,,,,0.0355,0.0,,,,0.0405,41.0,,,,0.0265,250.0,,,,0.047,0.0,,,,0.017,2.0,,,,0.1055,0.0,,,,0.0115,174.0,,,,0.0715,0,,,,0.008,0.0,,,,0.134,5.0,,,,0.005,0.0,,,,0.209,0.0,,,,0.0034,0.0,,,,0.2645,0.0,,,,0.0027,0.0,,,,0.335,0,,,,0.0019,0.0,,,,0.0017,0.0,,,,0.0013,0.0,,,,0.0012,0.0,,,,0.4295,0,,,,0.0008,0.0,,,,0.0007,0.0,,,,0.0005,0.0,,,,0.703,0,,,,0.0005,0.0,,,,0.0003,0.0,,,,0.0004,0.0,,,,0.0005,0,,,,0.0005,0,,,,0.1125,0.0,,,,0.075,0.0,,,
2023-10-17 04:00:00,0.0005,0.0,,,,0.0005,0.0,,,,0.0007,0.0,,,,0.0015,0.0,,,,0.0017,0.0,,,,0.0027,0.0,,,,0.0042,0.0,,,,0.0065,100.0,,,,0.0105,0.0,,,,0.0145,1.0,,,,0.0635,0.0,,,,0.0195,5.0,,,,0.058,0.0,,,,0.0295,12.0,,,,0.036,4.0,,,,0.0405,0.0,,,,0.0265,0.0,,,,0.047,0.0,,,,0.016,3.0,,,,0.1055,0.0,,,,0.0115,0.0,,,,0.0715,0,,,,0.008,0.0,,,,0.134,0.0,,,,0.005,0.0,,,,0.209,0.0,,,,0.0034,0.0,,,,0.2645,0.0,,,,0.0027,0.0,,,,0.335,0,,,,0.0019,0.0,,,,0.0017,0.0,,,,0.0013,0.0,,,,0.0012,0.0,,,,0.4295,0,,,,0.0008,0.0,,,,0.0007,0.0,,,,0.0005,0.0,,,,0.703,0,,,,0.0005,0.0,,,,0.0003,0.0,,,,0.0004,0.0,,,,0.0005,0,,,,0.0005,0,,,,0.1125,0.0,,,,0.075,0.0,,,
2023-10-17 05:00:00,0.0005,0.0,,,,0.0005,0.0,,,,0.0007,0.0,,,,0.0015,0.0,,,,0.0017,0.0,,,,0.0025,1.0,,,,0.0042,0.0,,,,0.0065,0.0,,,,0.011,1.0,,,,0.0145,0.0,,,,0.0635,0.0,,,,0.0195,5.0,,,,0.058,0.0,,,,0.0295,0.0,,,,0.034,4.0,,,,0.0405,0.0,,,,0.0235,9.0,,,,0.061,1.0,,,,0.0145,15.0,,,,0.1055,0.0,,,,0.0115,0.0,,,,0.0715,0,,,,0.008,0.0,,,,0.134,0.0,,,,0.005,0.0,,,,0.209,0.0,,,,0.0034,0.0,,,,0.2645,0.0,,,,0.0027,0.0,,,,0.335,0,,,,0.0019,0.0,,,,0.0017,0.0,,,,0.0013,0.0,,,,0.0012,0.0,,,,0.4295,0,,,,0.0008,0.0,,,,0.0007,0.0,,,,0.0005,0.0,,,,0.703,0,,,,0.0005,0.0,,,,0.0003,0.0,,,,0.0004,0.0,,,,0.0005,0,,,,0.0005,0,,,,0.1125,0.0,,,,0.075,0.0,,,
2023-10-17 06:00:00,0.0005,0.0,,,,0.0005,0.0,,,,0.0007,0.0,,,,0.0015,0.0,,,,0.0017,0.0,,,,0.0025,0.0,,,,0.0042,0.0,,,,0.0065,0.0,,,,0.011,0.0,,,,0.0145,0.0,,,,0.0635,0.0,,,,0.018,27.0,,,,0.0605,11.0,,,,0.0275,6.0,,,,0.04,13.0,,,,0.039,73.0,,,,0.0255,17.0,,,,0.061,0.0,,,,0.0175,114.0,,,,0.1055,0.0,,,,0.0125,48.0,,,,0.0715,0,,,,0.0085,5.0,,,,0.134,0.0,,,,0.0055,211.0,,,,0.209,0.0,,,,0.0034,0.0,,,,0.2645,0.0,,,,0.0027,0.0,,,,0.335,0,,,,0.0019,0.0,,,,0.0017,0.0,,,,0.0013,0.0,,,,0.0012,0.0,,,,0.4295,0,,,,0.0008,0.0,,,,0.0007,0.0,,,,0.0005,0.0,,,,0.703,0,,,,0.0005,0.0,,,,0.0003,0.0,,,,0.0004,0.0,,,,0.0005,0,,,,0.0005,0,,,,0.1125,0.0,,,,0.075,0.0,,,
2023-10-17 07:00:00,0.0005,0.0,,,,0.0005,0.0,,,,0.0007,0.0,,,,0.0015,0.0,,,,0.0017,50.0,,,,0.0025,0.0,,,,0.0042,0.0,,,,0.0065,0.0,,,,0.011,0.0,,,,0.0145,0.0,,,,0.0635,0.0,,,,0.018,1.0,,,,0.0605,0.0,,,,0.0275,82.0,,,,0.04,4.0,,,,0.04,99.0,,,,0.0265,7.0,,,,0.0575,10.0,,,,0.0175,0.0,,,,0.1055,0.0,,,,0.0125,5.0,,,,0.0715,0,,,,0.0095,93.0,,,,0.134,0.0,,,,0.0055,0.0,,,,0.209,0.0,,,,0.0042,180.0,,,,0.2645,0.0,,,,0.0027,0.0,,,,0.335,0,,,,0.0019,0.0,,,,0.0015,1.0,,,,0.0013,0.0,,,,0.0012,0.0,,,,0.4295,0,,,,0.0008,0.0,,,,0.0007,0.0,,,,0.0005,0.0,,,,0.703,0,,,,0.0005,0.0,,,,0.0003,0.0,,,,0.0004,0.0,,,,0.0005,0,,,,0.0005,0,,,,0.1125,0.0,,,,0.075,0.0,,,
2023-10-17 08:00:00,0.0005,0.0,,,,0.0005,0.0,,,,0.0007,0.0,,,,0.0015,0.0,,,,0.0017,0.0,,,,0.0025,0.0,,,,0.0042,0.0,,,,0.0065,0.0,,,,0.011,0.0,,,,0.0145,0.0,,,,0.0635,0.0,,,,0.02,1.0,,,,0.0605,0.0,,,,0.029,49.0,,,,0.04,0.0,,,,0.0415,90.0,,,,0.0255,33.0,,,,0.0575,0.0,,,,0.0175,0.0,,,,0.1055,0.0,,,,0.0125,1.0,,,,0.0715,0,,,,0.01,2.0,,,,0.134,0.0,,,,0.0055,0.0,,,,0.209,0.0,,,,0.0042,200.0,,,,0.2645,0.0,,,,0.003,100.0,,,,0.335,0,,,,0.0019,0.0,,,,0.0015,0.0,,,,0.0013,0.0,,,,0.0012,0.0,,,,0.4295,0,,,,0.0008,0.0,,,,0.0007,0.0,,,,0.0005,0.0,,,,0.703,0,,,,0.0005,0.0,,,,0.0003,0.0,,,,0.0004,0.0,,,,0.0005,0,,,,0.0005,0,,,,0.1125,0.0,,,,0.075,0.0,,,
2023-10-17 09:00:00,0.0005,0.0,,,,0.0005,0.0,,,,0.0007,0.0,,,,0.0015,0.0,,,,0.0017,0.0,,,,0.0024,1.0,,,,0.004,1.0,,,,0.0065,30.0,,,,0.011,0.0,,,,0.0145,0.0,,,,0.0635,0.0,,,,0.02,0.0,,,,0.0605,0.0,,,,0.0285,20.0,,,,0.04,0.0,,,,0.0415,0.0,,,,0.0255,75.0,,,,0.0575,0.0,,,,0.0175,15.0,,,,0.1055,0.0,,,,0.012,5.0,,,,0.0715,0,,,,0.0095,26.0,,,,0.134,0.0,,,,0.0055,15.0,,,,0.209,0.0,,,,0.0042,0.0,,,,0.2645,0.0,,,,0.003,0.0,,,,0.335,0,,,,0.0024,5.0,,,,0.0015,0.0,,,,0.0013,0.0,,,,0.0012,0.0,,,,0.4295,0,,,,0.0008,0.0,,,,0.0007,0.0,,,,0.0005,0.0,,,,0.703,0,,,,0.0005,0.0,,,,0.0003,0.0,,,,0.0004,0.0,,,,0.0005,0,,,,0.0005,0,,,,0.1125,0.0,,,,0.075,0.0,,,
2023-10-17 10:00:00,0.0005,0.0,,,,0.0005,0.0,,,,0.0007,0.0,,,,0.0015,0.0,,,,0.0017,0.0,,,,0.0024,0.0,,,,0.004,0.0,,,,0.0065,0.0,,,,0.0105,20.0,,,,0.0145,151.0,,,,0.0635,0.0,,,,0.02,20.0,,,,0.0605,0.0,,,,0.0295,14.0,,,,0.0385,25.0,,,,0.0415,0.0,,,,0.025,10.0,,,,0.0575,0.0,,,,0.0175,0.0,,,,0.1055,350.0,,,,0.012,0.0,,,,0.0715,0,,,,0.0095,10.0,,,,0.134,0.0,,,,0.006,175.0,,,,0.209,0.0,,,,0.0042,0.0,,,,0.2645,0.0,,,,0.003,0.0,,,,0.335,0,,,,0.0024,0.0,,,,0.0017,132.0,,,,0.0013,0.0,,,,0.0012,0.0,,,,0.4295,0,,,,0.0008,0.0,,,,0.0007,0.0,,,,0.0005,0.0,,,,0.703,0,,,,0.0005,0.0,,,,0.0003,0.0,,,,0.0004,0.0,,,,0.0005,0,,,,0.0005,0,,,,0.1125,0.0,,,,0.075,0.0,,,
2023-10-17 11:00:00,0.0005,0.0,,,,0.0005,0.0,,,,0.0007,0.0,,,,0.0015,0.0,,,,0.0017,0.0,,,,0.0024,0.0,,,,0.004,0.0,,,,0.0065,0.0,,,,0.0105,2.0,,,,0.0145,0.0,,,,0.0635,0.0,,,,0.02,0.0,,,,0.0605,0.0,,,,0.0295,0.0,,,,0.0385,4.0,,,,0.0415,0.0,,,,0.025,3.0,,,,0.0575,0.0,,,,0.0175,0.0,,,,0.1055,0.0,,,,0.012,0.0,,,,0.0715,0,,,,0.0095,0.0,,,,0.134,0.0,,,,0.006,0.0,,,,0.209,0.0,,,,0.0042,0.0,,,,0.2645,0.0,,,,0.003,0.0,,,,0.335,0,,,,0.0024,0.0,,,,0.0017,0.0,,,,0.0013,0.0,,,,0.0012,0.0,,,,0.4295,0,,,,0.0008,0.0,,,,0.0007,0.0,,,,0.0005,0.0,,,,0.703,0,,,,0.0005,0.0,,,,0.0003,0.0,,,,0.0004,0.0,,,,0.0005,0,,,,0.0005,0,,,,0.1125,0.0,,,,0.075,0.0,,,
2023-10-17 12:00:00,0.0005,0.0,,,,0.0005,0.0,,,,0.0007,0.0,,,,0.0015,0.0,,,,0.0017,0.0,,,,0.0024,0.0,,,,0.0038,1.0,,,,0.0065,0.0,,,,0.0105,0.0,,,,0.0145,0.0,,,,0.0635,0.0,,,,0.02,1.0,,,,0.0605,0.0,,,,0.0295,0.0,,,,0.0385,0.0,,,,0.0415,0.0,,,,0.025,0.0,,,,0.0575,0.0,,,,0.0175,0.0,,,,0.1055,0.0,,,,0.012,1.0,,,,0.0715,0,,,,0.0095,0.0,,,,0.134,0.0,,,,0.0055,1.0,,,,0.209,0.0,,,,0.0042,0.0,,,,0.2645,0.0,,,,0.0026,1.0,,,,0.335,0,,,,0.0024,0.0,,,,0.0017,0.0,,,,0.0013,0.0,,,,0.0012,0.0,,,,0.4295,0,,,,0.0008,0.0,,,,0.0007,0.0,,,,0.0005,0.0,,,,0.703,0,,,,0.0005,0.0,,,,0.0003,0.0,,,,0.0004,0.0,,,,0.0005,0,,,,0.0005,0,,,,0.1125,0.0,,,,0.075,0.0,,,
2023-10-17 13:00:00,0.0005,0.0,,,,0.0005,0.0,,,,0.0007,0.0,,,,0.0015,0.0,,,,0.0017,0.0,,,,0.0024,0.0,,,,0.0038,0.0,,,,0.0065,0.0,,,,0.0105,0.0,,,,0.0145,500.0,,,,0.0635,0.0,,,,0.02,0.0,,,,0.0605,0.0,,,,0.0295,0.0,,,,0.0385,0.0,,,,0.0445,6.0,,,,0.025,0.0,,,,0.0575,0.0,,,,0.0175,0.0,,,,0.1055,0.0,,,,0.012,0.0,,,,0.0715,0,,,,0.0095,0.0,,,,0.134,0.0,,,,0.0055,0.0,,,,0.209,0.0,,,,0.0042,0.0,,,,0.2645,0.0,,,,0.0026,0.0,,,,0.335,0,,,,0.0024,0.0,,,,0.0017,0.0,,,,0.0013,0.0,,,,0.0012,0.0,,,,0.4295,0,,,,0.0008,0.0,,,,0.0007,0.0,,,,0.0005,0.0,,,,0.703,0,,,,0.0005,0.0,,,,0.0003,0.0,,,,0.0004,0.0,,,,0.0005,0,,,,0.0005,0,,,,0.1125,0.0,,,,0.075,0.0,,,
2023-10-17 14:00:00,0.0005,0.0,,,,0.0005,0.0,,,,0.0007,0.0,,,,0.0015,0.0,,,,0.0017,0.0,,,,0.0024,0.0,,,,0.0038,0.0,,,,0.0065,0.0,,,,0.0105,0.0,,,,0.0145,0.0,,,,0.0745,1.0,,,,0.021,1.0,,,,0.0605,0.0,,,,0.03,6.0,,,,0.0355,1088.0,,,,0.0445,1000.0,,,,0.023,50.0,,,,0.0575,0.0,,,,0.0155,99.0,,,,0.1055,0.0,,,,0.012,0.0,,,,0.0715,0,,,,0.0095,0.0,,,,0.134,0.0,,,,0.005,3.0,,,,0.209,0.0,,,,0.0035,1.0,,,,0.2645,0.0,,,,0.0026,0.0,,,,0.335,0,,,,0.0017,1.0,,,,0.0017,0.0,,,,0.0013,0.0,,,,0.0012,0.0,,,,0.4295,0,,,,0.0008,0.0,,,,0.0007,0.0,,,,0.0005,0.0,,,,0.703,0,,,,0.0005,0.0,,,,0.0003,0.0,,,,0.0004,0.0,,,,0.0005,0,,,,0.0005,0,,,,0.1125,0.0,,,,0.075,0.0,,,
2023-10-17 15:00:00,0.0005,0.0,,,,0.0005,0.0,,,,0.0007,0.0,,,,0.0015,0.0,,,,0.0016,5.0,,,,0.0024,0.0,,,,0.0037,1.0,,,,0.0065,0.0,,,,0.01,10.0,,,,0.0135,140.0,,,,0.0735,1.0,,,,0.0195,25.0,,,,0.0605,0.0,,,,0.029,13.0,,,,0.0355,2.0,,,,0.0425,6.0,,,,0.024,28.0,,,,0.0575,0.0,,,,0.0165,26.0,,,,0.1055,0.0,,,,0.012,0.0,,,,0.0715,0,,,,0.0095,0.0,,,,0.134,0.0,,,,0.0055,22.0,,,,0.209,0.0,,,,0.0035,0.0,,,,0.2645,0.0,,,,0.0026,0.0,,,,0.335,0,,,,0.0016,2.0,,,,0.0017,0.0,,,,0.0013,0.0,,,,0.0012,0.0,,,,0.4295,0,,,,0.0008,0.0,,,,0.0007,0.0,,,,0.0005,0.0,,,,0.703,0,,,,0.0005,0.0,,,,0.0003,0.0,,,,0.0004,0.0,,,,0.0005,0,,,,0.0005,0,,,,0.1125,0.0,,,,0.075,0.0,,,
2023-10-17 16:00:00,0.0005,0.0,,,,0.0005,0.0,,,,0.0007,0.0,,,,0.0015,0.0,,,,0.0016,0.0,,,,0.0024,0.0,,,,0.0036,1.0,,,,0.0065,0.0,,,,0.0105,2.0,,,,0.0135,0.0,,,,0.0735,0.0,,,,0.0195,100.0,,,,0.0605,0.0,,,,0.0295,24.0,,,,0.0355,0.0,,,,0.0425,0.0,,,,0.0235,26.0,,,,0.0575,0.0,,,,0.0165,52.0,,,,0.1055,0.0,,,,0.0115,17.0,,,,0.0715,0,,,,0.0095,0.0,,,,0.134,0.0,,,,0.0055,2.0,,,,0.209,0.0,,,,0.0036,40.0,,,,0.2645,0.0,,,,0.0026,0.0,,,,0.335,0,,,,0.0016,0.0,,,,0.0017,0.0,,,,0.0013,0.0,,,,0.0012,0.0,,,,0.4295,0,,,,0.0008,0.0,,,,0.0007,0.0,,,,0.0005,0.0,,,,0.703,0,,,,0.0005,0.0,,,,0.0003,0.0,,,,0.0004,0.0,,,,0.0005,0,,,,0.0005,0,,,,0.1125,0.0,,,,0.075,0.0,,,
2023-10-17 17:00:00,0.0005,0.0,,,,0.0005,0.0,,,,0.0007,0.0,,,,0.0015,0.0,,,,0.0016,0.0,,,,0.0024,0.0,,,,0.0039,2.0,,,,0.0065,0.0,,,,0.01,250.0,,,,0.0135,0.0,,,,0.0735,0.0,,,,0.0195,0.0,,,,0.0605,0.0,,,,0.0295,0.0,,,,0.037,92.0,,,,0.0425,0.0,,,,0.024,2.0,,,,0.0575,0.0,,,,0.016,18.0,,,,0.1055,0.0,,,,0.0115,0.0,,,,0.0715,0,,,,0.009,11.0,,,,0.134,0.0,,,,0.0055,0.0,,,,0.209,0.0,,,,0.0036,0.0,,,,0.2645,0.0,,,,0.0025,1.0,,,,0.335,0,,,,0.0016,0.0,,,,0.0017,0.0,,,,0.0013,0.0,,,,0.0012,0.0,,,,0.4295,0,,,,0.0008,0.0,,,,0.0007,0.0,,,,0.0005,0.0,,,,0.703,0,,,,0.0005,0.0,,,,0.0003,0.0,,,,0.0004,0.0,,,,0.0005,0,,,,0.0005,0,,,,0.1125,0.0,,,,0.075,0.0,,,
2023-10-17 18:00:00,0.0005,0.0,,,,0.0005,0.0,,,,0.0007,0.0,,,,0.0015,0.0,,,,0.0016,0.0,,,,0.0024,0.0,,,,0.0036,1.0,,,,0.006,60.0,,,,0.01,0.0,,,,0.0135,0.0,,,,0.0735,0.0,,,,0.0195,0.0,,,,0.0605,0.0,,,,0.03,39.0,,,,0.036,21.0,,,,0.0425,0.0,,,,0.0235,51.0,,,,0.064,20.0,,,,0.016,125.0,,,,0.1055,0.0,,,,0.0115,100.0,,,,0.0715,0,,,,0.009,5.0,,,,0.134,0.0,,,,0.0055,12.0,,,,0.209,0.0,,,,0.0036,0.0,,,,0.2645,0.0,,,,0.0025,0.0,,,,0.335,0,,,,0.0016,0.0,,,,0.0017,0.0,,,,0.0013,0.0,,,,0.0012,0.0,,,,0.4295,0,,,,0.0008,0.0,,,,0.0007,0.0,,,,0.0005,0.0,,,,0.703,0,,,,0.0005,0.0,,,,0.0003,0.0,,,,0.0004,0.0,,,,0.0005,0,,,,0.0005,0,,,,0.1125,0.0,,,,0.075,0.0,,,
2023-10-17 19:00:00,0.0005,0.0,,,,0.0005,0.0,,,,0.0007,0.0,,,,0.0015,0.0,,,,0.0016,0.0,,,,0.0024,0.0,,,,0.0036,0.0,,,,0.006,11.0,,,,0.01,0.0,,,,0.0135,0.0,,,,0.0735,0.0,,,,0.0205,3.0,,,,0.0605,0.0,,,,0.03,6.0,,,,0.036,40.0,,,,0.0425,0.0,,,,0.024,8.0,,,,0.064,0.0,,,,0.016,0.0,,,,0.1055,0.0,,,,0.0115,0.0,,,,0.0715,0,,,,0.0085,1.0,,,,0.134,0.0,,,,0.0055,24.0,,,,0.209,0.0,,,,0.0037,20.0,,,,0.2645,0.0,,,,0.0025,0.0,,,,0.335,0,,,,0.0016,0.0,,,,0.0017,0.0,,,,0.0013,0.0,,,,0.0012,0.0,,,,0.4295,0,,,,0.0008,0.0,,,,0.0007,0.0,,,,0.0005,0.0,,,,0.703,0,,,,0.0005,0.0,,,,0.0003,0.0,,,,0.0004,0.0,,,,0.0005,0,,,,0.0005,0,,,,0.1125,0.0,,,,0.075,0.0,,,
2023-10-17 20:00:00,0.0005,0.0,,,,0.0005,0.0,,,,0.0007,0.0,,,,0.0015,0.0,,,,0.0016,0.0,,,,0.0024,0.0,,,,0.0036,0.0,,,,0.006,0.0,,,,0.0115,454.0,,,,0.0135,0.0,,,,0.0735,0.0,,,,0.0215,13.0,,,,0.0605,0.0,,,,0.03,0.0,,,,0.033,18.0,,,,0.0425,0.0,,,,0.024,0.0,,,,0.0675,10.0,,,,0.016,0.0,,,,0.1055,0.0,,,,0.0115,8.0,,,,0.0715,0,,,,0.0085,0.0,,,,0.134,0.0,,,,0.0055,0.0,,,,0.209,0.0,,,,0.0037,0.0,,,,0.2645,0.0,,,,0.0025,0.0,,,,0.335,0,,,,0.0016,0.0,,,,0.0017,0.0,,,,0.0013,0.0,,,,0.0012,0.0,,,,0.4295,0,,,,0.0008,0.0,,,,0.0007,0.0,,,,0.0005,0.0,,,,0.703,0,,,,0.0005,0.0,,,,0.0003,0.0,,,,0.0004,0.0,,,,0.0005,0,,,,0.0005,0,,,,0.1125,0.0,,,,0.075,0.0,,,
2023-10-17 21:00:00,0.0005,0.0,,,,0.0005,0.0,,,,0.0007,0.0,,,,0.0015,0.0,,,,0.0016,0.0,,,,0.0024,0.0,,,,0.0039,2.0,,,,0.0065,10.0,,,,0.012,23.0,,,,0.016,93.0,,,,0.0735,0.0,,,,0.0225,9.0,,,,0.0605,0.0,,,,0.035,133.0,,,,0.031,80.0,,,,0.051,51.0,,,,0.021,293.0,,,,0.0675,0.0,,,,0.0145,253.0,,,,0.1055,0.0,,,,0.0115,0.0,,,,0.0715,0,,,,0.008,26.0,,,,0.134,0.0,,,,0.0055,126.0,,,,0.209,0.0,,,,0.0037,0.0,,,,0.2645,0.0,,,,0.0025,0.0,,,,0.335,0,,,,0.0016,1.0,,,,0.0017,0.0,,,,0.0013,0.0,,,,0.0012,0.0,,,,0.4295,0,,,,0.0008,0.0,,,,0.0007,0.0,,,,0.0005,0.0,,,,0.703,0,,,,0.0005,0.0,,,,0.0003,0.0,,,,0.0004,0.0,,,,0.0005,0,,,,0.0005,0,,,,0.1125,0.0,,,,0.075,0.0,,,
2023-10-17 22:00:00,0.0005,0.0,,,,0.0005,0.0,,,,0.0007,0.0,,,,0.0015,0.0,,,,0.0016,0.0,,,,0.0024,0.0,,,,0.0039,0.0,,,,0.0065,0.0,,,,0.012,2000.0,,,,0.0155,1.0,,,,0.0735,0.0,,,,0.022,8.0,,,,0.0605,0.0,,,,0.035,2000.0,,,,0.033,11.0,,,,0.051,0.0,,,,0.021,0.0,,,,0.0675,0.0,,,,0.0145,5.0,,,,0.1055,0.0,,,,0.0105,100.0,,,,0.0715,0,,,,0.008,0.0,,,,0.134,0.0,,,,0.0055,0.0,,,,0.209,0.0,,,,0.0037,0.0,,,,0.2645,0.0,,,,0.0025,0.0,,,,0.335,0,,,,0.0016,0.0,,,,0.0017,0.0,,,,0.0013,0.0,,,,0.0012,0.0,,,,0.4295,0,,,,0.0008,0.0,,,,0.0007,0.0,,,,0.0005,0.0,,,,0.703,0,,,,0.0005,0.0,,,,0.0003,0.0,,,,0.0004,0.0,,,,0.0005,0,,,,0.0005,0,,,,0.1125,0.0,,,,0.075,0.0,,,
2023-10-17 23:00:00,0.0005,0.0,,,,0.0005,0.0,,,,0.0007,0.0,,,,0.0015,0.0,,,,0.0016,0.0,,,,0.0024,0.0,,,,0.0039,0.0,,,,0.0065,0.0,,,,0.011,15.0,,,,0.0155,0.0,,,,0.0735,0.0,,,,0.0215,253.0,,,,0.0605,0.0,,,,0.035,0.0,,,,0.0325,2.0,,,,0.0475,1.0,,,,0.021,0.0,,,,0.0675,0.0,,,,0.0145,0.0,,,,0.1055,0.0,,,,0.0105,118.0,,,,0.0715,0,,,,0.008,1.0,,,,0.134,0.0,,,,0.0055,0.0,,,,0.209,0.0,,,,0.0037,0.0,,,,0.2645,0.0,,,,0.0025,0.0,,,,0.335,0,,,,0.0016,0.0,,,,0.0017,0.0,,,,0.0013,0.0,,,,0.0012,0.0,,,,0.4295,0,,,,0.0008,0.0,,,,0.0007,0.0,,,,0.0005,0.0,,,,0.703,0,,,,0.0005,0.0,,,,0.0003,0.0,,,,0.0004,0.0,,,,0.0005,0,,,,0.0005,0,,,,0.1125,0.0,,,,0.075,0.0,,,
2023-10-18 00:00:00,0.0005,0.0,,,,0.0005,0.0,,,,0.0007,0.0,,,,0.0015,0.0,,,,0.0016,0.0,,,,0.0024,0.0,,,,0.0039,0.0,,,,0.006,10.0,,,,0.0105,24.0,,,,0.0155,0.0,,,,0.0735,0.0,,,,0.0215,0.0,,,,0.0605,0.0,,,,0.035,0.0,,,,0.033,50.0,,,,0.0475,0.0,,,,0.022,2.0,,,,0.0675,0.0,,,,0.0145,60.0,,,,0.1055,0.0,,,,0.0105,100.0,,,,0.0715,0,,,,0.008,0.0,,,,0.134,0.0,,,,0.0055,0.0,,,,0.209,0.0,,,,0.0037,0.0,,,,0.2645,0.0,,,,0.0025,0.0,,,,0.335,0,,,,0.0016,0.0,,,,0.0012,1.0,,,,0.0013,0.0,,,,0.0012,0.0,,,,0.4295,0,,,,0.0008,0.0,,,,0.0007,0.0,,,,0.0005,0.0,,,,0.703,0,,,,0.0005,0.0,,,,0.0003,0.0,,,,0.0004,0.0,,,,0.0005,0,,,,0.0005,0,,,,0.1125,0.0,,,,0.075,0.0,,,
2023-10-18 01:00:00,0.0005,0.0,,,,0.0005,0.0,,,,0.0007,0.0,,,,0.0015,0.0,,,,0.0016,0.0,,,,0.0024,0.0,,,,0.0039,0.0,,,,0.006,0.0,,,,0.0115,255.0,,,,0.016,35.0,,,,0.0735,0.0,,,,0.0225,3.0,,,,0.0605,0.0,,,,0.0345,158.0,,,,0.031,200.0,,,,0.0475,0.0,,,,0.02,9.0,,,,0.0675,0.0,,,,0.0145,0.0,,,,0.1055,0.0,,,,0.0105,0.0,,,,0.0715,0,,,,0.0075,332.0,,,,0.134,0.0,,,,0.0055,0.0,,,,0.209,0.0,,,,0.0037,0.0,,,,0.2645,0.0,,,,0.0025,0.0,,,,0.335,0,,,,0.0016,0.0,,,,0.0012,0.0,,,,0.0013,0.0,,,,0.0012,0.0,,,,0.4295,0,,,,0.0008,0.0,,,,0.0007,0.0,,,,0.0005,0.0,,,,0.703,0,,,,0.0005,0.0,,,,0.0003,0.0,,,,0.0004,0.0,,,,0.0005,0,,,,0.0005,0,,,,0.1125,0.0,,,,0.075,0.0,,,
2023-10-18 02:00:00,0.0005,0.0,,,,0.0005,0.0,,,,0.0007,0.0,,,,0.0015,0.0,,,,0.0016,0.0,,,,0.0024,0.0,,,,0.0044,1.0,,,,0.0065,10.0,,,,0.012,265.0,,,,0.016,0.0,,,,0.0735,0.0,,,,0.0225,8.0,,,,0.046,1.0,,,,0.0375,20.0,,,,0.031,0.0,,,,0.0475,0.0,,,,0.0175,2.0,,,,0.0675,0.0,,,,0.0145,0.0,,,,0.1055,0.0,,,,0.0105,0.0,,,,0.0715,0,,,,0.007,20.0,,,,0.134,0.0,,,,0.0055,0.0,,,,0.209,0.0,,,,0.0037,0.0,,,,0.2645,0.0,,,,0.0023,1.0,,,,0.335,0,,,,0.0016,0.0,,,,0.0012,0.0,,,,0.0013,0.0,,,,0.0012,0.0,,,,0.4295,0,,,,0.0008,0.0,,,,0.0007,0.0,,,,0.0005,0.0,,,,0.703,0,,,,0.0005,0.0,,,,0.0003,0.0,,,,0.0004,0.0,,,,0.0005,0,,,,0.0005,0,,,,0.1125,0.0,,,,0.075,0.0,,,
2023-10-18 03:00:00,0.0005,0.0,,,,0.0005,0.0,,,,0.0007,0.0,,,,0.0015,0.0,,,,0.0016,0.0,,,,0.0023,105.0,,,,0.0039,1.0,,,,0.0065,23.0,,,,0.012,0.0,,,,0.016,5.0,,,,0.0735,0.0,,,,0.0245,23.0,,,,0.0415,3.0,,,,0.0355,250.0,,,,0.0285,55.0,,,,0.0475,0.0,,,,0.0175,0.0,,,,0.0675,0.0,,,,0.0145,0.0,,,,0.1055,0.0,,,,0.009,20.0,,,,0.0715,0,,,,0.007,20.0,,,,0.134,0.0,,,,0.0046,1.0,,,,0.209,0.0,,,,0.0037,0.0,,,,0.2645,0.0,,,,0.0023,0.0,,,,0.335,0,,,,0.0016,0.0,,,,0.0012,0.0,,,,0.0013,0.0,,,,0.0012,0.0,,,,0.4295,0,,,,0.0008,0.0,,,,0.0007,0.0,,,,0.0005,0.0,,,,0.703,0,,,,0.0005,0.0,,,,0.0003,0.0,,,,0.0004,0.0,,,,0.0005,0,,,,0.0005,0,,,,0.1125,0.0,,,,0.075,0.0,,,
2023-10-18 04:00:00,0.0005,0.0,,,,0.0005,0.0,,,,0.0007,0.0,,,,0.001,13.0,,,,0.0016,19.0,,,,0.0023,0.0,,,,0.0039,0.0,,,,0.0065,13.0,,,,0.0115,2.0,,,,0.016,0.0,,,,0.0735,0.0,,,,0.0245,0.0,,,,0.0415,0.0,,,,0.0355,0.0,,,,0.0285,0.0,,,,0.0475,0.0,,,,0.0175,0.0,,,,0.0675,0.0,,,,0.0145,0.0,,,,0.1055,0.0,,,,0.009,0.0,,,,0.0715,0,,,,0.007,0.0,,,,0.134,0.0,,,,0.0046,1.0,,,,0.209,0.0,,,,0.0029,1.0,,,,0.2645,0.0,,,,0.0023,0.0,,,,0.335,0,,,,0.0016,0.0,,,,0.0012,0.0,,,,0.0013,0.0,,,,0.0012,0.0,,,,0.4295,0,,,,0.0008,0.0,,,,0.0007,0.0,,,,0.0005,0.0,,,,0.703,0,,,,0.0005,0.0,,,,0.0003,0.0,,,,0.0004,0.0,,,,0.0005,0,,,,0.0005,0,,,,0.1125,0.0,,,,0.075,0.0,,,
2023-10-18 05:00:00,0.0005,0.0,,,,0.0005,0.0,,,,0.0007,0.0,,,,0.001,0.0,,,,0.0016,0.0,,,,0.0023,0.0,,,,0.0038,1.0,,,,0.0065,0.0,,,,0.012,20.0,,,,0.0155,102.0,,,,0.0655,100.0,,,,0.024,50.0,,,,0.0425,1.0,,,,0.0335,42.0,,,,0.0285,0.0,,,,0.0475,0.0,,,,0.0175,7537.0,,,,0.0675,0.0,,,,0.012,115.0,,,,0.1055,0.0,,,,0.0085,10.0,,,,0.0715,0,,,,0.0065,7.0,,,,0.134,0.0,,,,0.0046,0.0,,,,0.209,0.0,,,,0.0029,0.0,,,,0.2645,0.0,,,,0.0023,21.0,,,,0.335,0,,,,0.0015,1.0,,,,0.0012,0.0,,,,0.0013,0.0,,,,0.0012,0.0,,,,0.4295,0,,,,0.0008,0.0,,,,0.0007,0.0,,,,0.0005,0.0,,,,0.703,0,,,,0.0005,0.0,,,,0.0003,0.0,,,,0.0004,0.0,,,,0.0005,0,,,,0.0005,0,,,,0.1125,0.0,,,,0.075,0.0,,,
2023-10-18 06:00:00,0.0005,0.0,,,,0.0005,0.0,,,,0.0007,0.0,,,,0.001,0.0,,,,0.0016,0.0,,,,0.0023,0.0,,,,0.0038,0.0,,,,0.0065,0.0,,,,0.012,0.0,,,,0.0155,0.0,,,,0.0655,0.0,,,,0.024,0.0,,,,0.0425,0.0,,,,0.0335,0.0,,,,0.0285,0.0,,,,0.0475,0.0,,,,0.0175,250.0,,,,0.0675,0.0,,,,0.012,0.0,,,,0.1055,0.0,,,,0.0085,0.0,,,,0.0715,0,,,,0.0065,0.0,,,,0.134,0.0,,,,0.0046,0.0,,,,0.209,0.0,,,,0.0029,0.0,,,,0.2645,0.0,,,,0.0023,0.0,,,,0.335,0,,,,0.0015,0.0,,,,0.0012,0.0,,,,0.0013,0.0,,,,0.0012,0.0,,,,0.4295,0,,,,0.0008,0.0,,,,0.0007,0.0,,,,0.0005,0.0,,,,0.703,0,,,,0.0005,0.0,,,,0.0003,0.0,,,,0.0004,0.0,,,,0.0005,0,,,,0.0005,0,,,,0.1125,0.0,,,,0.075,0.0,,,
2023-10-18 07:00:00,0.0005,0.0,,,,0.0005,0.0,,,,0.0007,0.0,,,,0.001,0.0,,,,0.0016,0.0,,,,0.0023,0.0,,,,0.0038,0.0,,,,0.0065,0.0,,,,0.012,0.0,,,,0.0145,1.0,,,,0.0655,0.0,,,,0.024,0.0,,,,0.0435,9.0,,,,0.033,1.0,,,,0.0275,6.0,,,,0.0475,0.0,,,,0.0175,1000.0,,,,0.0675,0.0,,,,0.0115,507.0,,,,0.1055,0.0,,,,0.0085,0.0,,,,0.0715,0,,,,0.0065,3.0,,,,0.134,0.0,,,,0.0046,0.0,,,,0.209,0.0,,,,0.0029,0.0,,,,0.2645,0.0,,,,0.0023,0.0,,,,0.335,0,,,,0.0015,1.0,,,,0.0012,0.0,,,,0.0013,0.0,,,,0.0012,0.0,,,,0.4295,0,,,,0.0008,0.0,,,,0.0007,0.0,,,,0.0005,0.0,,,,0.703,0,,,,0.0005,0.0,,,,0.0003,0.0,,,,0.0004,0.0,,,,0.0005,0,,,,0.0005,0,,,,0.1125,0.0,,,,0.075,0.0,,,
2023-10-18 08:00:00,0.0005,0.0,,,,0.0005,0.0,,,,0.0007,0.0,,,,0.001,0.0,,,,0.0016,0.0,,,,0.0023,0.0,,,,0.0038,0.0,,,,0.006,3.0,,,,0.012,0.0,,,,0.0145,0.0,,,,0.0655,0.0,,,,0.0215,13.0,,,,0.043,6.0,,,,0.034,401.0,,,,0.0275,0.0,,,,0.0495,3.0,,,,0.0175,4200.0,,,,0.0675,0.0,,,,0.0115,0.0,,,,0.1055,0.0,,,,0.0085,76.0,,,,0.0715,0,,,,0.0065,0.0,,,,0.134,0.0,,,,0.0046,0.0,,,,0.209,0.0,,,,0.0029,0.0,,,,0.2645,0.0,,,,0.0023,0.0,,,,0.335,0,,,,0.0015,0.0,,,,0.0012,0.0,,,,0.0013,0.0,,,,0.0012,0.0,,,,0.4295,0,,,,0.0008,0.0,,,,0.0007,0.0,,,,0.0005,0.0,,,,0.703,0,,,,0.0005,0.0,,,,0.0003,0.0,,,,0.0004,0.0,,,,0.0005,0,,,,0.0005,0,,,,0.1125,0.0,,,,0.075,0.0,,,
2023-10-18 09:00:00,0.0005,0.0,,,,0.0005,0.0,,,,0.0007,0.0,,,,0.001,0.0,,,,0.0012,5.0,,,,0.0021,2.0,,,,0.0038,0.0,,,,0.0065,4.0,,,,0.011,21.0,,,,0.015,4.0,,,,0.0655,0.0,,,,0.022,8.0,,,,0.044,2.0,,,,0.033,33.0,,,,0.0275,0.0,,,,0.0495,21.0,,,,0.0185,324.0,,,,0.0675,0.0,,,,0.0115,0.0,,,,0.1055,0.0,,,,0.0085,0.0,,,,0.0715,0,,,,0.007,1650.0,,,,0.134,0.0,,,,0.0046,22.0,,,,0.209,0.0,,,,0.0029,0.0,,,,0.2645,0.0,,,,0.002,2.0,,,,0.335,0,,,,0.0016,3.0,,,,0.0012,0.0,,,,0.0013,0.0,,,,0.0012,0.0,,,,0.4295,0,,,,0.0008,0.0,,,,0.0007,0.0,,,,0.0004,100.0,,,,0.703,0,,,,0.0005,0.0,,,,0.0003,0.0,,,,0.0004,0.0,,,,0.0005,0,,,,0.0005,0,,,,0.1125,0.0,,,,0.075,0.0,,,
2023-10-18 10:00:00,0.0005,0.0,,,,0.0005,0.0,,,,0.0007,0.0,,,,0.001,0.0,,,,0.0012,0.0,,,,0.0021,0.0,,,,0.0035,1.0,,,,0.0065,0.0,,,,0.011,13.0,,,,0.014,8.0,,,,0.0655,0.0,,,,0.0205,10.0,,,,0.044,0.0,,,,0.0325,41.0,,,,0.0275,0.0,,,,0.0495,0.0,,,,0.0185,0.0,,,,0.0675,0.0,,,,0.0125,9.0,,,,0.1055,0.0,,,,0.0085,0.0,,,,0.0715,0,,,,0.007,0.0,,,,0.134,0.0,,,,0.0047,8.0,,,,0.209,0.0,,,,0.0029,0.0,,,,0.2645,0.0,,,,0.002,0.0,,,,0.335,0,,,,0.0016,0.0,,,,0.0012,0.0,,,,0.0013,0.0,,,,0.0012,0.0,,,,0.4295,0,,,,0.0008,0.0,,,,0.0007,0.0,,,,0.0004,0.0,,,,0.703,0,,,,0.0005,0.0,,,,0.0003,0.0,,,,0.0004,0.0,,,,0.0005,0,,,,0.0005,0,,,,0.1125,0.0,,,,0.075,0.0,,,
2023-10-18 11:00:00,0.0005,0.0,,,,0.0005,0.0,,,,0.0007,0.0,,,,0.001,0.0,,,,0.0012,0.0,,,,0.0021,0.0,,,,0.0035,0.0,,,,0.0065,0.0,,,,0.0105,1.0,,,,0.0145,5.0,,,,0.0655,0.0,,,,0.0205,0.0,,,,0.044,0.0,,,,0.0325,0.0,,,,0.0275,500.0,,,,0.0495,500.0,,,,0.017,1405.0,,,,0.0675,0.0,,,,0.0125,0.0,,,,0.1055,0.0,,,,0.0085,0.0,,,,0.0715,0,,,,0.0065,1908.0,,,,0.134,0.0,,,,0.0047,0.0,,,,0.209,0.0,,,,0.0029,0.0,,,,0.2645,0.0,,,,0.002,0.0,,,,0.335,0,,,,0.0016,0.0,,,,0.0012,0.0,,,,0.0013,0.0,,,,0.0012,0.0,,,,0.4295,0,,,,0.0008,0.0,,,,0.0007,0.0,,,,0.0004,0.0,,,,0.703,0,,,,0.0005,0.0,,,,0.0003,0.0,,,,0.0004,0.0,,,,0.0005,0,,,,0.0005,0,,,,0.1125,0.0,,,,0.075,0.0,,,
2023-10-18 12:00:00,0.0005,0.0,,,,0.0005,0.0,,,,0.0007,0.0,,,,0.001,0.0,,,,0.0012,0.0,,,,0.0021,0.0,,,,0.0035,0.0,,,,0.0055,25.0,,,,0.0105,0.0,,,,0.0145,0.0,,,,0.0655,0.0,,,,0.02,1000.0,,,,0.044,0.0,,,,0.029,141.0,,,,0.029,6.0,,,,0.0495,0.0,,,,0.0185,15.0,,,,0.0675,0.0,,,,0.012,1301.0,,,,0.1055,0.0,,,,0.0085,1.0,,,,0.0715,0,,,,0.0065,0.0,,,,0.134,0.0,,,,0.0047,0.0,,,,0.209,0.0,,,,0.0029,0.0,,,,0.2645,0.0,,,,0.002,0.0,,,,0.335,0,,,,0.0016,0.0,,,,0.0012,0.0,,,,0.0013,0.0,,,,0.0012,0.0,,,,0.4295,0,,,,0.0008,0.0,,,,0.0007,0.0,,,,0.0004,0.0,,,,0.703,0,,,,0.0005,0.0,,,,0.0003,0.0,,,,0.0004,0.0,,,,0.0005,0,,,,0.0005,0,,,,0.1125,0.0,,,,0.075,0.0,,,
2023-10-18 13:00:00,0.0005,0.0,,,,0.0005,0.0,,,,0.0005,226.0,,,,0.001,0.0,,,,0.0012,0.0,,,,0.0021,0.0,,,,0.0035,1.0,,,,0.006,41.0,,,,0.01,135.0,,,,0.014,13.0,,,,0.0655,0.0,,,,0.021,80.0,,,,0.044,0.0,,,,0.0305,301.0,,,,0.0295,7.0,,,,0.045,13.0,,,,0.0185,0.0,,,,0.0675,0.0,,,,0.012,0.0,,,,0.1055,0.0,,,,0.0085,0.0,,,,0.0715,0,,,,0.007,129.0,,,,0.134,0.0,,,,0.0047,0.0,,,,0.209,0.0,,,,0.0029,0.0,,,,0.2645,0.0,,,,0.002,0.0,,,,0.335,0,,,,0.0016,0.0,,,,0.0012,0.0,,,,0.0013,0.0,,,,0.0012,0.0,,,,0.4295,0,,,,0.0008,0.0,,,,0.0007,0.0,,,,0.0004,0.0,,,,0.703,0,,,,0.0005,0.0,,,,0.0003,0.0,,,,0.0004,0.0,,,,0.0005,0,,,,0.0005,0,,,,0.1125,0.0,,,,0.075,0.0,,,
2023-10-18 14:00:00,0.0002,3.0,,,,0.0003,8.0,,,,0.0005,0.0,,,,0.001,0.0,,,,0.0012,0.0,,,,0.0021,0.0,,,,0.0035,0.0,,,,0.006,0.0,,,,0.01,41.0,,,,0.014,0.0,,,,0.0655,0.0,,,,0.021,0.0,,,,0.0465,2.0,,,,0.0315,15.0,,,,0.0295,0.0,,,,0.045,0.0,,,,0.0185,356.0,,,,0.0675,0.0,,,,0.0115,1.0,,,,0.1055,0.0,,,,0.0085,0.0,,,,0.0715,0,,,,0.007,0.0,,,,0.134,0.0,,,,0.0047,0.0,,,,0.209,0.0,,,,0.0029,0.0,,,,0.2645,0.0,,,,0.002,0.0,,,,0.335,0,,,,0.0016,0.0,,,,0.0012,0.0,,,,0.0013,0.0,,,,0.0012,0.0,,,,0.4295,0,,,,0.0008,0.0,,,,0.0007,0.0,,,,0.0004,0.0,,,,0.703,0,,,,0.0005,0.0,,,,0.0003,0.0,,,,0.0004,0.0,,,,0.0005,0,,,,0.0005,0,,,,0.1125,0.0,,,,0.075,0.0,,,
2023-10-18 15:00:00,0.0002,0.0,,,,0.0003,0.0,,,,0.0005,0.0,,,,0.001,0.0,,,,0.0012,0.0,,,,0.0021,0.0,,,,0.0035,0.0,,,,0.006,0.0,,,,0.01,4.0,,,,0.0135,137.0,,,,0.0655,0.0,,,,0.0195,10.0,,,,0.0465,0.0,,,,0.0315,0.0,,,,0.0295,0.0,,,,0.0465,2.0,,,,0.0185,34.0,,,,0.065,2.0,,,,0.012,3.0,,,,0.1055,0.0,,,,0.0085,2.0,,,,0.0715,0,,,,0.0065,20.0,,,,0.134,0.0,,,,0.0045,3.0,,,,0.209,0.0,,,,0.0029,0.0,,,,0.2645,0.0,,,,0.0022,2.0,,,,0.335,0,,,,0.0016,0.0,,,,0.0012,1.0,,,,0.0013,0.0,,,,0.0012,0.0,,,,0.4295,0,,,,0.0007,10.0,,,,0.0007,0.0,,,,0.0004,0.0,,,,0.703,0,,,,0.0005,0.0,,,,0.0003,0.0,,,,0.0004,0.0,,,,0.0005,0,,,,0.0005,0,,,,0.1125,0.0,,,,0.075,0.0,,,
2023-10-18 16:00:00,0.0002,0.0,,,,0.0003,0.0,,,,0.0005,0.0,,,,0.001,0.0,,,,0.0012,0.0,,,,0.002,3.0,,,,0.0035,12.0,,,,0.0055,22.0,,,,0.0095,119.0,,,,0.0135,0.0,,,,0.0655,0.0,,,,0.0195,0.0,,,,0.0465,0.0,,,,0.0315,0.0,,,,0.03,91.0,,,,0.044,7.0,,,,0.019,80.0,,,,0.0645,5.0,,,,0.012,0.0,,,,0.1055,0.0,,,,0.009,8.0,,,,0.0715,0,,,,0.0065,2.0,,,,0.134,0.0,,,,0.0045,0.0,,,,0.209,0.0,,,,0.0029,0.0,,,,0.2645,0.0,,,,0.002,4.0,,,,0.335,0,,,,0.0016,0.0,,,,0.0012,0.0,,,,0.0013,0.0,,,,0.0012,0.0,,,,0.4295,0,,,,0.0007,0.0,,,,0.0007,0.0,,,,0.0004,0.0,,,,0.703,0,,,,0.0005,0.0,,,,0.0003,0.0,,,,0.0004,0.0,,,,0.0005,0,,,,0.0005,0,,,,0.1125,0.0,,,,0.075,0.0,,,
2023-10-18 17:00:00,0.0002,0.0,,,,0.0003,0.0,,,,0.0005,0.0,,,,0.001,0.0,,,,0.0012,0.0,,,,0.002,0.0,,,,0.0035,0.0,,,,0.0055,0.0,,,,0.0095,0.0,,,,0.0135,0.0,,,,0.0655,0.0,,,,0.0195,0.0,,,,0.0465,0.0,,,,0.029,5.0,,,,0.03,0.0,,,,0.043,8.0,,,,0.019,0.0,,,,0.0615,8.0,,,,0.013,45.0,,,,0.1055,0.0,,,,0.009,0.0,,,,0.0715,0,,,,0.0065,0.0,,,,0.134,0.0,,,,0.0045,0.0,,,,0.209,0.0,,,,0.0029,0.0,,,,0.2645,0.0,,,,0.0023,5.0,,,,0.335,0,,,,0.0015,1.0,,,,0.0012,0.0,,,,0.0013,0.0,,,,0.0012,0.0,,,,0.4295,0,,,,0.0007,0.0,,,,0.0007,0.0,,,,0.0004,0.0,,,,0.703,0,,,,0.0005,0.0,,,,0.0003,0.0,,,,0.0004,0.0,,,,0.0005,0,,,,0.0005,0,,,,0.1125,0.0,,,,0.075,0.0,,,
2023-10-18 18:00:00,0.0002,0.0,,,,0.0003,0.0,,,,0.0005,0.0,,,,0.001,0.0,,,,0.0012,0.0,,,,0.002,0.0,,,,0.0035,0.0,,,,0.0055,0.0,,,,0.0095,0.0,,,,0.0135,0.0,,,,0.0655,0.0,,,,0.02,5.0,,,,0.045,1.0,,,,0.0295,21.0,,,,0.0315,252.0,,,,0.043,0.0,,,,0.0205,1370.0,,,,0.0615,0.0,,,,0.0125,10.0,,,,0.1055,0.0,,,,0.0095,755.0,,,,0.0715,0,,,,0.0075,2.0,,,,0.134,0.0,,,,0.0047,290.0,,,,0.209,0.0,,,,0.0029,0.0,,,,0.2645,0.0,,,,0.0023,0.0,,,,0.335,0,,,,0.0015,0.0,,,,0.0012,0.0,,,,0.0013,0.0,,,,0.0012,0.0,,,,0.4295,0,,,,0.0007,0.0,,,,0.0007,0.0,,,,0.0004,0.0,,,,0.703,0,,,,0.0005,0.0,,,,0.0003,0.0,,,,0.0004,0.0,,,,0.0005,0,,,,0.0005,0,,,,0.1125,0.0,,,,0.075,0.0,,,
2023-10-18 19:00:00,0.0002,0.0,,,,0.0003,0.0,,,,0.0005,0.0,,,,0.001,0.0,,,,0.0012,0.0,,,,0.002,0.0,,,,0.0034,2.0,,,,0.006,710.0,,,,0.0095,0.0,,,,0.0135,6.0,,,,0.0655,0.0,,,,0.02,0.0,,,,0.045,0.0,,,,0.0295,0.0,,,,0.0315,250.0,,,,0.043,5.0,,,,0.0215,73.0,,,,0.0615,0.0,,,,0.0135,400.0,,,,0.1055,0.0,,,,0.0095,0.0,,,,0.0715,0,,,,0.0075,176.0,,,,0.134,0.0,,,,0.0047,7.0,,,,0.209,0.0,,,,0.003,2.0,,,,0.2645,0.0,,,,0.0023,0.0,,,,0.335,0,,,,0.0015,0.0,,,,0.0012,6.0,,,,0.0013,0.0,,,,0.0012,0.0,,,,0.4295,0,,,,0.0007,0.0,,,,0.0007,0.0,,,,0.0004,0.0,,,,0.703,0,,,,0.0005,0.0,,,,0.0003,0.0,,,,0.0004,0.0,,,,0.0005,0,,,,0.0005,0,,,,0.1125,0.0,,,,0.075,0.0,,,
2023-10-18 20:00:00,0.0002,0.0,,,,0.0003,0.0,,,,0.0005,0.0,,,,0.001,0.0,,,,0.0011,1.0,,,,0.002,0.0,,,,0.0035,6.0,,,,0.006,0.0,,,,0.0095,0.0,,,,0.0135,0.0,,,,0.0655,0.0,,,,0.02,0.0,,,,0.045,0.0,,,,0.03,31.0,,,,0.0315,0.0,,,,0.043,0.0,,,,0.0215,0.0,,,,0.0615,0.0,,,,0.0135,0.0,,,,0.1055,0.0,,,,0.0095,575.0,,,,0.0715,0,,,,0.007,1.0,,,,0.134,0.0,,,,0.0045,75.0,,,,0.209,0.0,,,,0.003,0.0,,,,0.2645,0.0,,,,0.0023,0.0,,,,0.335,0,,,,0.0015,0.0,,,,0.0012,0.0,,,,0.0013,0.0,,,,0.0012,0.0,,,,0.4295,0,,,,0.0007,0.0,,,,0.0007,0.0,,,,0.0004,0.0,,,,0.703,0,,,,0.0005,0.0,,,,0.0003,0.0,,,,0.0004,0.0,,,,0.0005,0,,,,0.0005,0,,,,0.1125,0.0,,,,0.075,0.0,,,
2023-10-18 21:00:00,0.0002,0.0,,,,0.0003,0.0,,,,0.0005,0.0,,,,0.001,0.0,,,,0.0011,0.0,,,,0.002,0.0,,,,0.0034,93.0,,,,0.006,0.0,,,,0.0095,0.0,,,,0.014,120.0,,,,0.0655,0.0,,,,0.0205,100.0,,,,0.045,0.0,,,,0.031,7.0,,,,0.031,9.0,,,,0.043,0.0,,,,0.0195,60.0,,,,0.0615,0.0,,,,0.013,73.0,,,,0.1055,0.0,,,,0.0095,100.0,,,,0.0715,0,,,,0.007,0.0,,,,0.134,0.0,,,,0.0045,0.0,,,,0.209,0.0,,,,0.003,0.0,,,,0.2645,0.0,,,,0.0023,0.0,,,,0.335,0,,,,0.0015,0.0,,,,0.0012,0.0,,,,0.0013,0.0,,,,0.0012,0.0,,,,0.4295,0,,,,0.0007,0.0,,,,0.0007,0.0,,,,0.0004,0.0,,,,0.703,0,,,,0.0005,0.0,,,,0.0003,0.0,,,,0.0004,0.0,,,,0.0005,0,,,,0.0005,0,,,,0.1125,0.0,,,,0.075,0.0,,,
2023-10-18 22:00:00,0.0002,0.0,,,,0.0003,0.0,,,,0.0005,0.0,,,,0.001,0.0,,,,0.0011,0.0,,,,0.002,0.0,,,,0.0033,1.0,,,,0.006,0.0,,,,0.0095,0.0,,,,0.0145,50.0,,,,0.0655,0.0,,,,0.0205,0.0,,,,0.045,0.0,,,,0.031,0.0,,,,0.031,0.0,,,,0.043,0.0,,,,0.0195,0.0,,,,0.0615,0.0,,,,0.013,0.0,,,,0.1055,0.0,,,,0.0095,0.0,,,,0.0715,0,,,,0.007,0.0,,,,0.134,0.0,,,,0.0045,0.0,,,,0.209,0.0,,,,0.003,0.0,,,,0.2645,0.0,,,,0.0023,0.0,,,,0.335,0,,,,0.0015,0.0,,,,0.0012,0.0,,,,0.0013,0.0,,,,0.0012,0.0,,,,0.4295,0,,,,0.0007,0.0,,,,0.0007,0.0,,,,0.0004,0.0,,,,0.703,0,,,,0.0005,0.0,,,,0.0003,0.0,,,,0.0004,0.0,,,,0.0005,0,,,,0.0005,0,,,,0.1125,0.0,,,,0.075,0.0,,,
2023-10-18 23:00:00,0.0002,0.0,,,,0.0003,0.0,,,,0.0005,0.0,,,,0.001,0.0,,,,0.0012,314.0,,,,0.002,0.0,,,,0.0033,250.0,,,,0.006,0.0,,,,0.0095,0.0,,,,0.0145,0.0,,,,0.0655,0.0,,,,0.0205,0.0,,,,0.045,0.0,,,,0.0315,16.0,,,,0.031,0.0,,,,0.043,0.0,,,,0.019,114.0,,,,0.0615,0.0,,,,0.013,0.0,,,,0.1055,0.0,,,,0.0095,0.0,,,,0.0715,0,,,,0.007,0.0,,,,0.134,0.0,,,,0.0043,2.0,,,,0.209,0.0,,,,0.003,0.0,,,,0.2645,0.0,,,,0.0023,0.0,,,,0.335,0,,,,0.0015,0.0,,,,0.0012,0.0,,,,0.0013,0.0,,,,0.0012,0.0,,,,0.4295,0,,,,0.0007,0.0,,,,0.0007,0.0,,,,0.0004,0.0,,,,0.703,0,,,,0.0005,0.0,,,,0.0003,0.0,,,,0.0004,0.0,,,,0.0005,0,,,,0.0005,0,,,,0.1125,0.0,,,,0.075,0.0,,,
2023-10-19 00:00:00,0.0002,0.0,,,,0.0003,0.0,,,,0.0005,0.0,,,,0.001,0.0,,,,0.0012,0.0,,,,0.002,0.0,,,,0.0033,0.0,,,,0.006,0.0,,,,0.0105,510.0,,,,0.0145,588.0,,,,0.0655,0.0,,,,0.0205,2.0,,,,0.0455,88.0,,,,0.0315,0.0,,,,0.0295,497.0,,,,0.043,0.0,,,,0.018,37.0,,,,0.0615,0.0,,,,0.013,150.0,,,,0.1055,0.0,,,,0.0095,125.0,,,,0.0715,0,,,,0.007,1.0,,,,0.134,0.0,,,,0.0043,0.0,,,,0.209,0.0,,,,0.003,0.0,,,,0.2645,0.0,,,,0.0023,0.0,,,,0.335,0,,,,0.0015,5.0,,,,0.0012,0.0,,,,0.0013,0.0,,,,0.0012,0.0,,,,0.4295,0,,,,0.0007,0.0,,,,0.0007,0.0,,,,0.0003,25.0,,,,0.703,0,,,,0.0005,0.0,,,,0.0003,0.0,,,,0.0004,0.0,,,,0.0005,0,,,,0.0005,0,,,,0.1125,0.0,,,,0.075,0.0,,,
2023-10-19 01:00:00,0.0002,0.0,,,,0.0003,0.0,,,,0.0005,0.0,,,,0.001,0.0,,,,0.0012,0.0,,,,0.002,0.0,,,,0.0032,4.0,,,,0.006,0.0,,,,0.01,29.0,,,,0.0145,0.0,,,,0.0655,0.0,,,,0.02,130.0,,,,0.0455,180.0,,,,0.031,634.0,,,,0.0295,0.0,,,,0.043,0.0,,,,0.018,0.0,,,,0.0615,0.0,,,,0.012,621.0,,,,0.1055,0.0,,,,0.0095,0.0,,,,0.0715,0,,,,0.007,2.0,,,,0.134,0.0,,,,0.0043,0.0,,,,0.209,0.0,,,,0.0027,1.0,,,,0.2645,0.0,,,,0.0022,200.0,,,,0.335,0,,,,0.0015,0.0,,,,0.0012,0.0,,,,0.0013,0.0,,,,0.0012,0.0,,,,0.4295,0,,,,0.0007,0.0,,,,0.0007,0.0,,,,0.0003,0.0,,,,0.703,0,,,,0.0005,0.0,,,,0.0003,0.0,,,,0.0004,0.0,,,,0.0005,0,,,,0.0005,0,,,,0.1125,0.0,,,,0.075,0.0,,,
2023-10-19 02:00:00,0.0002,0.0,,,,0.0003,0.0,,,,0.0005,0.0,,,,0.001,0.0,,,,0.0012,0.0,,,,0.002,0.0,,,,0.0032,0.0,,,,0.006,0.0,,,,0.01,27.0,,,,0.0145,0.0,,,,0.0655,0.0,,,,0.02,0.0,,,,0.045,11.0,,,,0.031,0.0,,,,0.0295,0.0,,,,0.043,0.0,,,,0.0185,50.0,,,,0.0615,0.0,,,,0.012,0.0,,,,0.1055,0.0,,,,0.0095,0.0,,,,0.0715,0,,,,0.007,0.0,,,,0.134,0.0,,,,0.0043,0.0,,,,0.209,0.0,,,,0.0027,0.0,,,,0.2645,0.0,,,,0.0022,0.0,,,,0.335,0,,,,0.0015,0.0,,,,0.0012,0.0,,,,0.0013,0.0,,,,0.0012,0.0,,,,0.4295,0,,,,0.0007,0.0,,,,0.0007,0.0,,,,0.0003,0.0,,,,0.703,0,,,,0.0005,0.0,,,,0.0003,0.0,,,,0.0004,0.0,,,,0.0005,0,,,,0.0005,0,,,,0.1125,0.0,,,,0.075,0.0,,,
2023-10-19 03:00:00,0.0002,0.0,,,,0.0003,0.0,,,,0.0005,0.0,,,,0.001,0.0,,,,0.0012,0.0,,,,0.002,0.0,,,,0.0032,0.0,,,,0.006,0.0,,,,0.01,0.0,,,,0.015,285.0,,,,0.0655,0.0,,,,0.02,0.0,,,,0.045,0.0,,,,0.033,100.0,,,,0.0295,250.0,,,,0.043,0.0,,,,0.0175,706.0,,,,0.0615,0.0,,,,0.011,20.0,,,,0.1055,0.0,,,,0.008,3.0,,,,0.0715,0,,,,0.0065,1.0,,,,0.134,0.0,,,,0.0043,0.0,,,,0.209,0.0,,,,0.0027,0.0,,,,0.2645,0.0,,,,0.0022,0.0,,,,0.335,0,,,,0.0016,5.0,,,,0.0012,0.0,,,,0.0013,0.0,,,,0.0012,0.0,,,,0.4295,0,,,,0.0007,0.0,,,,0.0007,0.0,,,,0.0003,0.0,,,,0.703,0,,,,0.0005,0.0,,,,0.0003,0.0,,,,0.0004,0.0,,,,0.0005,0,,,,0.0005,0,,,,0.1125,0.0,,,,0.075,0.0,,,
2023-10-19 04:00:00,0.0002,0.0,,,,0.0003,0.0,,,,0.0005,0.0,,,,0.001,0.0,,,,0.0012,0.0,,,,0.002,0.0,,,,0.0032,0.0,,,,0.006,0.0,,,,0.01,0.0,,,,0.015,0.0,,,,0.0655,0.0,,,,0.02,0.0,,,,0.042,10.0,,,,0.034,15.0,,,,0.0295,0.0,,,,0.043,0.0,,,,0.017,11.0,,,,0.0615,0.0,,,,0.011,0.0,,,,0.1055,0.0,,,,0.008,0.0,,,,0.0715,0,,,,0.0065,0.0,,,,0.134,0.0,,,,0.0045,19.0,,,,0.209,0.0,,,,0.0027,0.0,,,,0.2645,0.0,,,,0.0022,0.0,,,,0.335,0,,,,0.0016,0.0,,,,0.0013,4.0,,,,0.0013,0.0,,,,0.0012,0.0,,,,0.4295,0,,,,0.0007,0.0,,,,0.0007,0.0,,,,0.0003,0.0,,,,0.703,0,,,,0.0005,0.0,,,,0.0003,0.0,,,,0.0004,0.0,,,,0.0005,0,,,,0.0005,0,,,,0.1125,0.0,,,,0.075,0.0,,,
2023-10-19 05:00:00,0.0002,0.0,,,,0.0003,0.0,,,,0.0005,0.0,,,,0.001,0.0,,,,0.0012,0.0,,,,0.002,0.0,,,,0.0032,0.0,,,,0.006,0.0,,,,0.01,0.0,,,,0.015,0.0,,,,0.0655,0.0,,,,0.0225,7.0,,,,0.041,5.0,,,,0.034,5.0,,,,0.026,32.0,,,,0.043,0.0,,,,0.017,6.0,,,,0.0615,0.0,,,,0.0115,173.0,,,,0.1055,0.0,,,,0.008,0.0,,,,0.0715,0,,,,0.0065,20.0,,,,0.134,0.0,,,,0.0045,0.0,,,,0.209,0.0,,,,0.0027,0.0,,,,0.2645,0.0,,,,0.0022,0.0,,,,0.335,0,,,,0.0016,0.0,,,,0.0013,0.0,,,,0.0013,0.0,,,,0.0012,0.0,,,,0.4295,0,,,,0.0007,0.0,,,,0.0007,0.0,,,,0.0003,0.0,,,,0.703,0,,,,0.0005,0.0,,,,0.0003,0.0,,,,0.0004,0.0,,,,0.0005,0,,,,0.0005,0,,,,0.1125,0.0,,,,0.075,0.0,,,
2023-10-19 06:00:00,0.0002,0.0,,,,0.0003,0.0,,,,0.0005,0.0,,,,0.001,0.0,,,,0.0012,0.0,,,,0.002,0.0,,,,0.0032,0.0,,,,0.006,0.0,,,,0.01,0.0,,,,0.015,0.0,,,,0.0655,0.0,,,,0.0225,8.0,,,,0.041,0.0,,,,0.033,96.0,,,,0.026,0.0,,,,0.043,0.0,,,,0.0175,10.0,,,,0.0615,0.0,,,,0.0115,0.0,,,,0.1055,0.0,,,,0.008,21.0,,,,0.0715,0,,,,0.0065,66.0,,,,0.134,0.0,,,,0.0045,0.0,,,,0.209,0.0,,,,0.0027,0.0,,,,0.2645,0.0,,,,0.0022,0.0,,,,0.335,0,,,,0.0016,0.0,,,,0.0013,6.0,,,,0.0013,0.0,,,,0.0012,0.0,,,,0.4295,0,,,,0.0007,0.0,,,,0.0007,0.0,,,,0.0003,0.0,,,,0.703,0,,,,0.0005,0.0,,,,0.0003,0.0,,,,0.0004,0.0,,,,0.0005,0,,,,0.0005,0,,,,0.1125,0.0,,,,0.075,0.0,,,
2023-10-19 07:00:00,0.0002,0.0,,,,0.0003,0.0,,,,0.0005,0.0,,,,0.001,0.0,,,,0.0012,0.0,,,,0.002,0.0,,,,0.0032,0.0,,,,0.006,0.0,,,,0.01,0.0,,,,0.015,1.0,,,,0.0655,0.0,,,,0.0225,7.0,,,,0.041,0.0,,,,0.034,11.0,,,,0.027,51.0,,,,0.043,0.0,,,,0.0175,0.0,,,,0.0615,0.0,,,,0.0115,0.0,,,,0.1055,0.0,,,,0.008,0.0,,,,0.0715,0,,,,0.006,9.0,,,,0.134,0.0,,,,0.0041,7.0,,,,0.209,0.0,,,,0.0027,25.0,,,,0.2645,0.0,,,,0.002,2.0,,,,0.335,0,,,,0.0016,0.0,,,,0.0013,0.0,,,,0.0013,0.0,,,,0.0012,0.0,,,,0.4295,0,,,,0.0007,0.0,,,,0.0007,0.0,,,,0.0003,0.0,,,,0.703,0,,,,0.0005,0.0,,,,0.0003,0.0,,,,0.0004,0.0,,,,0.0005,0,,,,0.0005,0,,,,0.1125,0.0,,,,0.075,0.0,,,
2023-10-19 08:00:00,0.0002,0.0,,,,0.0003,0.0,,,,0.0005,0.0,,,,0.001,0.0,,,,0.0012,0.0,,,,0.002,0.0,,,,0.0035,1.0,,,,0.006,0.0,,,,0.011,4.0,,,,0.015,0.0,,,,0.0655,0.0,,,,0.022,15.0,,,,0.0435,5.0,,,,0.0335,7.0,,,,0.0275,10.0,,,,0.05,3.0,,,,0.017,5.0,,,,0.0615,0.0,,,,0.0115,0.0,,,,0.1055,0.0,,,,0.008,1.0,,,,0.0715,0,,,,0.006,0.0,,,,0.134,0.0,,,,0.0041,1.0,,,,0.209,0.0,,,,0.0027,0.0,,,,0.2645,0.0,,,,0.002,0.0,,,,0.335,0,,,,0.0016,0.0,,,,0.0013,0.0,,,,0.0013,0.0,,,,0.0012,0.0,,,,0.4295,0,,,,0.0007,0.0,,,,0.0007,0.0,,,,0.0003,0.0,,,,0.703,0,,,,0.0002,1.0,,,,0.0003,0.0,,,,0.0001,1.0,,,,0.0005,0,,,,0.0005,0,,,,0.1125,0.0,,,,0.075,0.0,,,
2023-10-19 09:00:00,0.0002,0.0,,,,0.0003,0.0,,,,0.0005,0.0,,,,0.001,0.0,,,,0.0012,0.0,,,,0.0023,3.0,,,,0.0038,2.0,,,,0.007,1.0,,,,0.011,0.0,,,,0.017,10.0,,,,0.0655,0.0,,,,0.022,0.0,,,,0.0375,36.0,,,,0.0335,0.0,,,,0.0225,152.0,,,,0.056,19.0,,,,0.016,23.0,,,,0.0615,0.0,,,,0.01,2.0,,,,0.1055,0.0,,,,0.007,28.0,,,,0.0715,0,,,,0.006,11.0,,,,0.134,0.0,,,,0.0039,11.0,,,,0.209,0.0,,,,0.0027,0.0,,,,0.2645,0.0,,,,0.0021,101.0,,,,0.335,0,,,,0.0016,0.0,,,,0.0013,0.0,,,,0.0013,0.0,,,,0.0012,0.0,,,,0.4295,0,,,,0.0007,0.0,,,,0.0007,0.0,,,,0.0003,0.0,,,,0.703,0,,,,0.0002,0.0,,,,0.0003,0.0,,,,0.0001,0.0,,,,0.0005,0,,,,0.0005,0,,,,0.1125,0.0,,,,0.075,0.0,,,
2023-10-19 10:00:00,0.0002,0.0,,,,0.0003,0.0,,,,0.0005,0.0,,,,0.001,0.0,,,,0.0012,0.0,,,,0.0023,0.0,,,,0.0038,0.0,,,,0.007,0.0,,,,0.011,0.0,,,,0.017,10.0,,,,0.0655,0.0,,,,0.0255,27.0,,,,0.0375,0.0,,,,0.0375,17.0,,,,0.0235,42.0,,,,0.057,2.0,,,,0.015,653.0,,,,0.0615,0.0,,,,0.01,2.0,,,,0.1055,0.0,,,,0.0075,12.0,,,,0.0715,0,,,,0.006,25.0,,,,0.134,0.0,,,,0.0039,0.0,,,,0.209,0.0,,,,0.0027,0.0,,,,0.2645,0.0,,,,0.0021,0.0,,,,0.335,0,,,,0.0016,0.0,,,,0.0013,0.0,,,,0.0013,0.0,,,,0.0012,0.0,,,,0.4295,0,,,,0.0007,0.0,,,,0.0007,0.0,,,,0.0003,0.0,,,,0.703,0,,,,0.0002,0.0,,,,0.0003,0.0,,,,0.0001,0.0,,,,0.0005,0,,,,0.0005,0,,,,0.1125,0.0,,,,0.075,0.0,,,
2023-10-19 11:00:00,0.0002,0.0,,,,0.0003,0.0,,,,0.0005,0.0,,,,0.001,0.0,,,,0.0012,0.0,,,,0.0023,0.0,,,,0.0038,0.0,,,,0.007,10.0,,,,0.011,0.0,,,,0.017,0.0,,,,0.0655,0.0,,,,0.0255,0.0,,,,0.038,50.0,,,,0.0375,2.0,,,,0.0235,0.0,,,,0.057,0.0,,,,0.015,65.0,,,,0.0615,0.0,,,,0.01,0.0,,,,0.1055,0.0,,,,0.0075,17.0,,,,0.0715,0,,,,0.006,0.0,,,,0.134,0.0,,,,0.0039,0.0,,,,0.209,0.0,,,,0.0027,0.0,,,,0.2645,0.0,,,,0.0021,0.0,,,,0.335,0,,,,0.0016,0.0,,,,0.0013,0.0,,,,0.0013,0.0,,,,0.0012,0.0,,,,0.4295,0,,,,0.0007,0.0,,,,0.0007,0.0,,,,0.0003,0.0,,,,0.703,0,,,,0.0002,0.0,,,,0.0003,0.0,,,,0.0001,0.0,,,,0.0005,0,,,,0.0005,0,,,,0.1125,0.0,,,,0.075,0.0,,,
2023-10-19 12:00:00,0.0002,0.0,,,,0.0003,0.0,,,,0.0005,0.0,,,,0.001,0.0,,,,0.0012,0.0,,,,0.0023,0.0,,,,0.0038,0.0,,,,0.0065,13.0,,,,0.0115,105.0,,,,0.017,0.0,,,,0.0655,0.0,,,,0.024,116.0,,,,0.0365,41.0,,,,0.036,349.0,,,,0.0225,5798.0,,,,0.057,0.0,,,,0.0145,498.0,,,,0.0615,0.0,,,,0.01,0.0,,,,0.1055,0.0,,,,0.0075,0.0,,,,0.0715,0,,,,0.006,4.0,,,,0.134,0.0,,,,0.004,8.0,,,,0.209,0.0,,,,0.0028,1.0,,,,0.2645,0.0,,,,0.0021,20.0,,,,0.335,0,,,,0.0016,0.0,,,,0.0013,0.0,,,,0.0013,0.0,,,,0.0012,0.0,,,,0.4295,0,,,,0.0007,0.0,,,,0.0007,0.0,,,,0.0003,0.0,,,,0.703,0,,,,0.0002,0.0,,,,0.0003,0.0,,,,0.0001,0.0,,,,0.0005,0,,,,0.0005,0,,,,0.1125,0.0,,,,0.075,0.0,,,
2023-10-19 13:00:00,0.0002,0.0,,,,0.0003,0.0,,,,0.0005,0.0,,,,0.001,0.0,,,,0.0012,0.0,,,,0.0023,0.0,,,,0.0039,4.0,,,,0.0065,0.0,,,,0.0115,0.0,,,,0.0155,4.0,,,,0.0655,0.0,,,,0.023,149.0,,,,0.037,91.0,,,,0.036,0.0,,,,0.0225,6384.0,,,,0.054,11.0,,,,0.0145,0.0,,,,0.076,5.0,,,,0.0095,2.0,,,,0.1055,0.0,,,,0.0075,0.0,,,,0.0715,0,,,,0.006,11.0,,,,0.134,0.0,,,,0.0039,66.0,,,,0.209,0.0,,,,0.003,200.0,,,,0.2645,0.0,,,,0.0022,20.0,,,,0.335,0,,,,0.0016,0.0,,,,0.0013,0.0,,,,0.0013,0.0,,,,0.0012,0.0,,,,0.4295,0,,,,0.0007,0.0,,,,0.0007,0.0,,,,0.0003,0.0,,,,0.703,0,,,,0.0002,0.0,,,,0.0003,0.0,,,,0.0001,0.0,,,,0.0005,0,,,,0.0005,0,,,,0.1125,0.0,,,,0.075,0.0,,,
2023-10-19 14:00:00,0.0002,0.0,,,,0.0003,0.0,,,,0.0005,0.0,,,,0.001,0.0,,,,0.0012,0.0,,,,0.0023,0.0,,,,0.0039,0.0,,,,0.0065,0.0,,,,0.0115,0.0,,,,0.0155,13.0,,,,0.0655,0.0,,,,0.023,14.0,,,,0.0365,5.0,,,,0.035,16.0,,,,0.0225,6897.0,,,,0.054,0.0,,,,0.0145,0.0,,,,0.076,0.0,,,,0.0095,23.0,,,,0.1055,0.0,,,,0.007,40.0,,,,0.0715,0,,,,0.006,0.0,,,,0.134,0.0,,,,0.004,28.0,,,,0.209,0.0,,,,0.003,0.0,,,,0.2645,0.0,,,,0.0022,0.0,,,,0.335,0,,,,0.0016,0.0,,,,0.0012,44.0,,,,0.0013,0.0,,,,0.0012,0.0,,,,0.4295,0,,,,0.0007,0.0,,,,0.0007,0.0,,,,0.0003,0.0,,,,0.703,0,,,,0.0002,0.0,,,,0.0003,0.0,,,,0.0001,0.0,,,,0.0005,0,,,,0.0005,0,,,,0.1125,0.0,,,,0.075,0.0,,,
2023-10-19 15:00:00,0.0002,0.0,,,,0.0003,0.0,,,,0.0005,0.0,,,,0.001,0.0,,,,0.0012,0.0,,,,0.0023,0.0,,,,0.0039,0.0,,,,0.0065,0.0,,,,0.0115,0.0,,,,0.0155,34.0,,,,0.0655,0.0,,,,0.023,3.0,,,,0.037,41.0,,,,0.035,19.0,,,,0.0225,7777.0,,,,0.054,0.0,,,,0.0145,86.0,,,,0.076,0.0,,,,0.0095,161.0,,,,0.1055,0.0,,,,0.0075,1.0,,,,0.0715,0,,,,0.006,0.0,,,,0.134,0.0,,,,0.0039,50.0,,,,0.209,0.0,,,,0.003,0.0,,,,0.2645,0.0,,,,0.0022,0.0,,,,0.335,0,,,,0.0016,0.0,,,,0.0012,0.0,,,,0.0013,0.0,,,,0.0012,0.0,,,,0.4295,0,,,,0.0007,0.0,,,,0.0007,0.0,,,,0.0003,0.0,,,,0.703,0,,,,0.0002,0.0,,,,0.0003,0.0,,,,0.0001,0.0,,,,0.0005,0,,,,0.0005,0,,,,0.1125,0.0,,,,0.075,0.0,,,
2023-10-19 16:00:00,0.0002,0.0,,,,0.0003,0.0,,,,0.0005,0.0,,,,0.001,0.0,,,,0.0012,0.0,,,,0.0023,0.0,,,,0.0039,0.0,,,,0.0065,0.0,,,,0.0105,503.0,,,,0.0155,0.0,,,,0.0655,0.0,,,,0.023,14.0,,,,0.037,0.0,,,,0.035,1.0,,,,0.023,50.0,,,,0.054,0.0,,,,0.014,13.0,,,,0.076,0.0,,,,0.0095,10.0,,,,0.1055,0.0,,,,0.0075,0.0,,,,0.0715,0,,,,0.006,0.0,,,,0.134,0.0,,,,0.0039,6.0,,,,0.209,0.0,,,,0.003,0.0,,,,0.2645,0.0,,,,0.0022,0.0,,,,0.335,0,,,,0.0016,0.0,,,,0.0012,0.0,,,,0.0013,0.0,,,,0.0012,0.0,,,,0.4295,0,,,,0.0007,0.0,,,,0.0005,11.0,,,,0.0003,0.0,,,,0.703,0,,,,0.0002,0.0,,,,0.0003,0.0,,,,0.0001,0.0,,,,0.0005,0,,,,0.0005,0,,,,0.1125,0.0,,,,0.075,0.0,,,
2023-10-19 17:00:00,0.0002,0.0,,,,0.0003,0.0,,,,0.0005,0.0,,,,0.001,0.0,,,,0.0012,0.0,,,,0.0023,0.0,,,,0.0039,0.0,,,,0.006,2.0,,,,0.011,8.0,,,,0.0165,10.0,,,,0.0655,0.0,,,,0.024,100.0,,,,0.037,0.0,,,,0.035,0.0,,,,0.022,7.0,,,,0.054,0.0,,,,0.014,0.0,,,,0.076,0.0,,,,0.0095,12.0,,,,0.1055,0.0,,,,0.007,4.0,,,,0.0715,0,,,,0.0055,7.0,,,,0.134,0.0,,,,0.0039,0.0,,,,0.209,0.0,,,,0.003,0.0,,,,0.2645,0.0,,,,0.0022,0.0,,,,0.335,0,,,,0.0016,0.0,,,,0.0012,0.0,,,,0.0013,0.0,,,,0.0012,0.0,,,,0.4295,0,,,,0.0007,0.0,,,,0.0005,0.0,,,,0.0003,0.0,,,,0.703,0,,,,0.0002,0.0,,,,0.0003,0.0,,,,0.0001,0.0,,,,0.0005,0,,,,0.0005,0,,,,0.1125,0.0,,,,0.075,0.0,,,
2023-10-19 18:00:00,0.0002,0.0,,,,0.0003,0.0,,,,0.0005,0.0,,,,0.001,0.0,,,,0.0012,0.0,,,,0.0023,0.0,,,,0.0039,0.0,,,,0.0065,1454.0,,,,0.011,3.0,,,,0.016,796.0,,,,0.0655,0.0,,,,0.023,25.0,,,,0.037,0.0,,,,0.035,0.0,,,,0.0235,5.0,,,,0.0555,6.0,,,,0.014,0.0,,,,0.076,0.0,,,,0.0095,18.0,,,,0.1055,0.0,,,,0.007,0.0,,,,0.0715,0,,,,0.0055,200.0,,,,0.134,0.0,,,,0.0039,0.0,,,,0.209,0.0,,,,0.003,0.0,,,,0.2645,0.0,,,,0.0022,0.0,,,,0.335,0,,,,0.0016,0.0,,,,0.0012,0.0,,,,0.0013,0.0,,,,0.0012,0.0,,,,0.4295,0,,,,0.0007,0.0,,,,0.0005,0.0,,,,0.0003,0.0,,,,0.703,0,,,,0.0002,0.0,,,,0.0003,0.0,,,,0.0001,0.0,,,,0.0005,0,,,,0.0005,0,,,,0.1125,0.0,,,,0.075,0.0,,,
2023-10-19 19:00:00,0.0002,0.0,,,,0.0003,0.0,,,,0.0005,0.0,,,,0.001,0.0,,,,0.0012,0.0,,,,0.0023,0.0,,,,0.0039,0.0,,,,0.0065,0.0,,,,0.011,0.0,,,,0.0155,21.0,,,,0.0655,0.0,,,,0.023,0.0,,,,0.037,0.0,,,,0.035,1.0,,,,0.0235,0.0,,,,0.0555,0.0,,,,0.014,0.0,,,,0.076,0.0,,,,0.01,1.0,,,,0.1055,0.0,,,,0.007,0.0,,,,0.0715,0,,,,0.0055,0.0,,,,0.134,0.0,,,,0.0039,0.0,,,,0.209,0.0,,,,0.003,0.0,,,,0.2645,0.0,,,,0.0022,0.0,,,,0.335,0,,,,0.0016,0.0,,,,0.0012,0.0,,,,0.0013,0.0,,,,0.0012,0.0,,,,0.4295,0,,,,0.0007,0.0,,,,0.0005,0.0,,,,0.0003,0.0,,,,0.703,0,,,,0.0002,0.0,,,,0.0003,0.0,,,,0.0001,0.0,,,,0.0005,0,,,,0.0005,0,,,,0.1125,0.0,,,,0.075,0.0,,,
2023-10-19 20:00:00,0.0002,0.0,,,,0.0003,0.0,,,,0.0005,10.0,,,,0.001,0.0,,,,0.0012,0.0,,,,0.0023,0.0,,,,0.0037,2.0,,,,0.0065,0.0,,,,0.011,4.0,,,,0.0155,17.0,,,,0.0575,1.0,,,,0.0235,1.0,,,,0.0385,18.0,,,,0.035,0.0,,,,0.024,566.0,,,,0.0555,0.0,,,,0.0155,472.0,,,,0.076,0.0,,,,0.0105,1004.0,,,,0.0985,1.0,,,,0.0075,6.0,,,,0.0715,0,,,,0.006,16.0,,,,0.134,0.0,,,,0.0039,0.0,,,,0.209,0.0,,,,0.0031,106.0,,,,0.2645,0.0,,,,0.002,2.0,,,,0.335,0,,,,0.0018,1.0,,,,0.0013,118.0,,,,0.0013,0.0,,,,0.0012,0.0,,,,0.4295,0,,,,0.0007,0.0,,,,0.0005,0.0,,,,0.0003,0.0,,,,0.703,0,,,,0.0002,0.0,,,,0.0003,0.0,,,,0.0001,0.0,,,,0.0005,0,,,,0.0005,0,,,,0.1125,0.0,,,,0.075,0.0,,,
2023-10-19 21:00:00,0.0002,0.0,,,,0.0003,0.0,,,,0.0005,0.0,,,,0.001,0.0,,,,0.0012,0.0,,,,0.0023,0.0,,,,0.0037,0.0,,,,0.0065,0.0,,,,0.011,0.0,,,,0.0155,20.0,,,,0.0575,0.0,,,,0.0235,0.0,,,,0.0385,0.0,,,,0.035,0.0,,,,0.025,2.0,,,,0.0555,0.0,,,,0.0165,1.0,,,,0.076,0.0,,,,0.011,350.0,,,,0.0985,0.0,,,,0.0075,0.0,,,,0.0715,0,,,,0.006,0.0,,,,0.134,0.0,,,,0.0041,431.0,,,,0.209,0.0,,,,0.0029,1.0,,,,0.2645,0.0,,,,0.002,0.0,,,,0.335,0,,,,0.0018,0.0,,,,0.0013,0.0,,,,0.0013,0.0,,,,0.0012,0.0,,,,0.4295,0,,,,0.0007,0.0,,,,0.0005,0.0,,,,0.0003,0.0,,,,0.703,0,,,,0.0002,0.0,,,,0.0003,0.0,,,,0.0001,0.0,,,,0.0005,0,,,,0.0005,0,,,,0.1125,0.0,,,,0.075,0.0,,,
2023-10-19 22:00:00,0.0002,0.0,,,,0.0003,0.0,,,,0.0005,0.0,,,,0.001,0.0,,,,0.0012,0.0,,,,0.0023,0.0,,,,0.0034,1.0,,,,0.006,3.0,,,,0.011,5000.0,,,,0.016,4.0,,,,0.0575,0.0,,,,0.0235,0.0,,,,0.0385,0.0,,,,0.035,0.0,,,,0.025,0.0,,,,0.0555,0.0,,,,0.0165,0.0,,,,0.076,0.0,,,,0.011,330.0,,,,0.0985,0.0,,,,0.0075,5000.0,,,,0.0715,0,,,,0.006,0.0,,,,0.134,0.0,,,,0.0046,4.0,,,,0.209,0.0,,,,0.0029,0.0,,,,0.2645,0.0,,,,0.002,0.0,,,,0.335,0,,,,0.0018,0.0,,,,0.0013,0.0,,,,0.0013,0.0,,,,0.0012,0.0,,,,0.4295,0,,,,0.0007,0.0,,,,0.0005,0.0,,,,0.0003,0.0,,,,0.703,0,,,,0.0002,0.0,,,,0.0003,0.0,,,,0.0001,0.0,,,,0.0005,0,,,,0.0005,0,,,,0.1125,0.0,,,,0.075,0.0,,,
2023-10-19 23:00:00,0.0002,0.0,3336.0,,,0.0003,0.0,1674.0,,,0.0005,0.0,1643.0,,,0.001,0.0,1506.0,,,0.0012,0.0,1555.0,,,0.0023,0.0,2092.0,,,0.0035,1.0,17030.0,,,0.006,0.0,17994.0,,,0.0105,5.0,27356.0,,,0.016,0.0,11555.0,,,0.0575,0.0,1715.0,,,0.0235,0.0,27373.0,,,0.0385,0.0,3042.0,,,0.035,0.0,14388.0,,,0.026,3.0,57849.0,,,0.0555,0.0,20162.0,,,0.017,50.0,227257.0,,,0.076,0.0,6533.0,,,0.011,0.0,171668.0,,,0.0985,0.0,3801.0,,,0.0085,5.0,70557.0,,,0.0715,0,1221.0,,,0.0065,78.0,62910.0,,,0.134,0.0,1050.0,,,0.0046,0.0,40534.0,,,0.209,0.0,120.0,,,0.0029,0.0,29914.0,,,0.2645,0.0,713.0,,,0.002,0.0,14767.0,,,0.335,0,2.0,,,0.0018,0.0,2788.0,,,0.0013,0.0,2793.0,,,0.0013,0.0,6283.0,,,0.0012,0.0,3849.0,,,0.4295,0,36.0,,,0.0007,0.0,858.0,,,0.0005,0.0,537.0,,,0.0003,0.0,1762.0,,,0.703,0,87.0,,,0.0002,0.0,832.0,,,0.0003,0.0,193.0,,,0.0001,0.0,646.0,,,0.0005,0,287.0,,,0.0005,0,398.0,,,0.1125,0.0,110.0,,,0.075,0.0,10.0,,
2023-10-20 00:00:00,0.0002,0.0,,,,0.0003,0.0,,,,0.0005,0.0,,,,0.001,0.0,,,,0.0012,0.0,,,,0.0021,3.0,,,,0.0035,0.0,,,,0.006,0.0,,,,0.0105,0.0,,,,0.016,0.0,,,,0.0575,0.0,,,,0.0235,0.0,,,,0.0385,0.0,,,,0.0335,7.0,,,,0.026,0.0,,,,0.0555,0.0,,,,0.017,0.0,,,,0.076,0.0,,,,0.011,0.0,,,,0.0985,0.0,,,,0.0085,0.0,,,,0.0715,0,,,,0.007,105.0,,,,0.134,0.0,,,,0.0046,0.0,,,,0.209,0.0,,,,0.0029,0.0,,,,0.2645,0.0,,,,0.002,0.0,,,,0.335,0,,,,0.0018,0.0,,,,0.0013,0.0,,,,0.0013,0.0,,,,0.0012,0.0,,,,0.4295,0,,,,0.0007,0.0,,,,0.0005,0.0,,,,0.0003,0.0,,,,0.703,0,,,,0.0002,0.0,,,,0.0003,0.0,,,,0.0001,0.0,,,,0.0005,0,,,,0.0005,0,,,,0.1125,0.0,,,,0.075,0.0,,,
