time,铜-库存,铜-注册仓单,铜-注销仓单,锡-库存,锡-注册仓单,锡-注销仓单,铅-库存,铅-注册仓单,铅-注销仓单,锌-库存,锌-注册仓单,锌-注销仓单,铝-库存,铝-注册仓单,铝-注销仓单,镍-库存,镍-注册仓单,镍-注销仓单
2014-07-02,156775,128475,28300,11560,9090,2470,193700,182275,11425,666775,610175,56600,5066400,2075450,2990950,305394,192672,112722
2014-07-03,157050,129250,27800,11715,9215,2500,213600,202175,11425,665600,610175,55425,5058325,2074950,2983375,304938,192972,111966
2014-07-04,156500,129250,27250,11715,9215,2500,213600,202175,11425,664650,604050,60600,5049225,2074450,2974775,304536,192900,111636
2014-07-07,159350,126350,33000,11825,9325,2500,213600,202000,11600,663650,603950,59700,5038525,2072925,2965600,305394,194334,111060
2014-07-08,158050,126975,31075,11850,9380,2470,213600,202000,11600,663150,603950,59200,5034200,2070925,2963275,305280,196404,108876
2014-07-09,159075,128500,30575,11710,9530,2180,213600,202000,11600,662525,603950,58575,5024225,2071125,2953100,306828,198042,108786
2014-07-10,158100,128400,29700,11545,9650,1895,213600,202000,11600,661850,603950,57900,5015350,2067525,2947825,307410,200412,106998
2014-07-11,158475,123200,35275,11575,9470,2105,213375,202000,11375,660800,597950,62850,5005900,2056650,2949250,307350,202998,104352
2014-07-14,159400,124000,35400,11535,9435,2100,213375,202000,11375,659975,597900,62075,4995275,2052650,2942625,307710,204786,102924
2014-07-15,159375,120325,39050,11535,9450,2085,213375,202000,11375,658475,597900,60575,4986175,2054375,2931800,308322,205806,102516
2014-07-16,159175,120125,39050,11810,9695,2115,213375,202000,11375,657725,597900,59825,4976200,2054375,2921825,308418,206112,102306
2014-07-17,158575,120275,38300,11775,9695,2080,213550,202175,11375,657375,597000,60375,4967425,2052325,2915100,310782,207804,102978
2014-07-18,157700,117100,40600,11885,9805,2080,213725,202350,11375,657075,584500,72575,4957950,2036325,2921625,311088,207924,103164
2014-07-21,158000,118275,39725,11895,9820,2075,213725,202350,11375,656675,584300,72375,4947200,2036325,2910875,311064,206850,104214
2014-07-22,157125,118225,38900,11920,9895,2025,213725,202350,11375,656275,583150,73125,4938125,2034325,2903800,311214,207234,103980
2014-07-23,156300,115775,40525,11910,9895,2015,213350,202350,11000,655825,583150,72675,4930475,2034325,2896150,310716,206772,103944
2014-07-24,154350,115675,38675,11845,10045,1800,213425,202900,10525,654950,583125,71825,4922050,2034325,2887725,311964,209190,102774
2014-07-25,152600,115675,36925,11775,10045,1730,214525,204500,10025,653900,583125,70775,4913225,2034675,2878550,312156,209400,102756
2014-07-28,150900,115625,35275,11775,10045,1730,214425,204500,9925,651850,583125,68725,4977225,2104400,2872825,311802,211560,100242
2014-08-01,146200,113825,32375,11780,9490,2290,215550,205325,10225,655275,591375,63900,4961950,2087700,2874250,317628,218850,98778
2014-08-04,146175,114275,31900,11780,9490,2290,215650,205425,10225,655075,591375,63700,4954550,2066900,2887650,317544,220716,96828
2014-08-05,145575,114825,30750,11760,9500,2260,215650,205425,10225,658825,595175,63650,4945575,2064900,2880675,317772,220806,96966
2014-08-06,144350,115250,29100,12490,10185,2305,215650,205425,10225,668625,605275,63350,4936900,2063900,2873000,317874,224286,93588
2014-08-07,143700,115300,28400,12710,10405,2305,215900,205675,10225,678250,614750,63500,4927500,2063900,2863600,318114,224532,93582
2014-08-08,142275,115300,26975,12785,10480,2305,215900,205675,10225,691625,629750,61875,4919625,2063900,2855725,318798,224142,94656
2014-08-11,141375,115250,26125,12780,10480,2300,215900,205675,10225,706175,644425,61750,4911900,2063900,2848000,318750,223290,95460
2014-08-12,140675,115400,25275,12775,10480,2295,215900,205675,10225,715650,654500,61150,4912400,2073475,2838925,319590,225882,93708
2014-08-13,141350,119375,21975,12755,10480,2275,215900,209550,6350,725075,664500,60575,4904400,2073475,2830925,320448,229410,91038
2014-08-14,141350,119375,21975,12775,10340,2435,215900,209550,6350,727950,667550,60400,4899825,2073175,2826650,320754,232842,87912
2014-08-15,141300,119375,21925,12790,9980,2810,215775,209550,6225,737850,677475,60375,4892775,2115575,2777200,322728,234744,87984
2014-08-18,141275,119350,21925,12790,9725,3065,215675,209550,6125,737400,677475,59925,4880125,2169725,2710400,324984,240000,84984
2014-08-19,145350,123150,22200,12910,9845,3065,215600,209500,6100,736525,673650,62875,4872050,2189025,2683025,324678,237402,87276
2014-08-20,145200,123075,22125,13485,10470,3015,215600,209500,6100,735875,673650,62225,4863350,2302550,2560800,324840,236460,88380
2014-08-21,146425,124475,21950,13485,10470,3015,217200,211100,6100,735200,673650,61550,4851850,2300175,2551675,324714,237288,87426
2014-08-22,146325,124475,21850,13235,9490,3745,217200,211100,6100,734600,673650,60950,4843275,2290525,2552750,325788,236430,89358
2014-08-26,146225,125100,21125,13235,9490,3745,217200,211100,6100,734125,673050,61075,4833925,2284525,2549400,326220,236376,89844
2014-08-27,147375,125275,22100,12985,9490,3495,217150,211100,6050,732800,673000,59800,4817000,2282350,2534650,326466,238596,87870
2014-08-28,148425,126525,21900,12680,9495,3185,220625,216075,4550,735875,676800,59075,4810550,2280750,2529800,326922,240378,86544
2014-08-29,148150,126525,21625,12295,9505,2790,220550,216075,4475,734350,676800,57550,4803425,2280750,2522675,329136,243132,86004
2014-09-01,148025,126525,21500,12445,9655,2790,220550,216075,4475,740575,683275,57300,4796075,2280750,2515325,328860,243024,85836
2014-09-02,147825,126525,21300,12445,9645,2800,224050,219575,4475,739400,682700,56700,4788600,2280700,2507900,330630,244890,85740
2014-09-03,154825,133025,21800,12435,9625,2810,224550,220075,4475,739000,682450,56550,4786125,2280200,2505925,331068,245874,85194
2014-09-04,154700,133500,21200,12435,9595,2840,224550,220075,4475,738075,682575,55500,4777225,2280200,2497025,330720,246084,84636
2014-09-05,154700,130850,23850,12435,9565,2870,224550,220075,4475,737125,682575,54550,4768050,2278200,2489850,331992,248148,83844
2014-09-08,154600,125775,28825,12435,9560,2875,224925,220450,4475,736650,682575,54075,4757900,2278200,2479700,332034,250344,81690
2014-09-10,155625,126925,28700,11295,9540,1755,224925,220325,4600,756050,703150,52900,4742175,2275700,2466475,331980,249822,82158
2014-09-11,155775,120900,34875,10210,9540,670,225425,220525,4900,755975,703150,52825,4729925,2275700,2454225,332460,251034,81426
2014-09-12,156475,119475,37000,9830,9505,325,225900,220925,4975,755025,702850,52175,4720675,2271700,2448975,333834,252744,81090
2014-09-15,156375,116125,40250,9915,9365,550,225875,220925,4950,754725,690450,64275,4711675,2270950,2440725,334842,256842,78000
2014-09-16,156325,116350,39975,9890,9365,525,225675,220775,4900,754225,690450,63775,4700900,2270950,2429950,337044,256476,80568
2014-09-17,155400,116375,39025,9890,8865,1025,225650,220775,4875,754050,681550,72500,4692950,2270875,2422075,337992,256608,81384
2014-09-18,154775,116400,38375,9885,8740,1145,225475,220775,4700,753650,607525,146125,4683450,2251050,2432400,339288,259770,79518
2014-09-19,154375,116600,37775,9845,8635,1210,225275,220700,4575,753175,607525,145650,4671500,2191050,2480450,339042,260286,78756
2014-09-22,153700,116600,37100,9845,8250,1595,225275,220700,4575,752700,607525,145175,4661950,2191050,2470900,339036,255948,83088
2014-09-23,152100,123600,28500,9605,8250,1355,225250,220975,4275,752675,583650,169025,4651075,2191050,2460025,341364,259320,82044
2014-09-24,156100,27250,128850,9590,1360,8230,225375,5000,220375,752425,168775,583650,4644225,2456175,2188050,343284,83880,259404
2014-09-25,155600,128850,26750,9580,8130,1450,225475,220475,5000,752175,583650,168525,4637375,2071250,2566125,344796,261426,83370
2014-09-26,154500,128850,25650,9370,8130,1240,225425,220475,4950,752050,580375,171675,4634225,2049425,2584800,347970,265224,82746
2014-09-29,154100,128800,25300,9370,8010,1360,225300,220475,4825,752025,580200,171825,4626050,2047575,2578475,353340,269466,83874
2014-09-30,152550,128800,23750,8595,8010,585,225275,220475,4800,751400,579350,172050,4620175,2029350,2590825,356040,273072,82968
2014-10-27,159550,123125,36425,9105,8490,615,224400,210200,14200,711075,574850,136225,4447200,1813675,2633525,378222,289740,88482
2014-10-28,161050,124625,36425,9140,8600,540,224550,210500,14050,708225,574850,133375,4436450,1812475,2623975,378864,289710,89154
2014-10-29,162675,126200,36475,9115,8485,630,224475,210475,14000,705525,570850,134675,4427975,1811475,2616500,380946,294804,86142
2014-10-30,162625,126200,36425,9260,8630,630,226525,212225,14300,703100,570650,132450,4441425,1881675,2559750,381762,293724,88038
2014-10-31,162600,126700,35900,9235,8685,550,226525,211800,14725,700975,570650,130325,4435525,1878675,2556850,383442,296226,87216
2014-11-03,162100,126700,35400,10385,9860,525,226550,208025,18525,698225,570650,127575,4428800,1878675,2550125,385314,299892,85422
2014-11-04,162100,128350,33750,10315,9860,455,226550,208025,18525,694600,570650,123950,4421150,1878675,2542475,385860,297354,88506
2014-11-05,160350,128400,31950,10270,9610,660,224675,208025,16650,702525,581500,121025,4436575,1906225,2530350,385860,294708,91152
2014-11-06,160400,129675,30725,10270,9600,670,222500,207050,15450,699150,581175,117975,4437125,1916125,2521000,386118,292914,93204
2014-11-07,159775,129675,30100,10245,8165,2080,220550,207050,13500,695850,580175,115675,4427975,1907725,2520250,387222,298650,88572
2014-11-10,161900,131900,30000,10145,8150,1995,218575,207050,11525,693775,580175,113600,4421275,1907225,2514050,389334,302754,86580
2014-11-11,162025,132650,29375,9995,8150,1845,217600,207050,10550,691725,580175,111550,4414500,1907225,2507275,388896,303186,85710
2014-11-12,160800,132650,28150,9905,8135,1770,216375,206975,9400,689700,580175,109525,4406575,1904725,2501850,388776,303894,84882
2014-11-13,159950,132650,27300,389136,387406,1730,216350,206250,10100,689500,580175,109325,4402775,1901725,2501050,389136,303144,85992
2014-11-14,159400,132850,26550,10275,8305,1970,216750,206675,10075,687450,580175,107275,4393075,1894700,2498375,389370,300222,89148
2014-11-17,159125,133275,25850,10595,8205,2390,216725,206675,10050,685175,580175,105000,4383300,1891750,2491550,389766,301638,88128
2014-11-18,160425,134775,25650,11175,9320,1855,216700,206675,10025,682800,580175,102625,4383050,1926675,2456375,390198,304680,85518
2014-11-19,160825,134350,26475,11180,8440,2740,217125,207375,9750,680575,580175,100400,4371525,1979175,2392350,390432,299592,90840
2014-11-20,161500,136775,24725,11645,8755,2890,217125,207375,9750,678225,576550,101675,4377575,1994100,2383475,393324,302862,90462
2014-11-21,160825,139375,21450,11580,8880,2700,217025,207350,9675,676225,575425,100800,4368825,1985000,2383825,394770,305886,88884
2014-11-24,161850,135750,26100,11715,8925,2790,216975,207325,9650,673450,575425,98025,4362950,1988750,2374200,397236,297594,99642
2014-11-25,163200,138050,25150,11865,9075,2790,217925,199600,18325,669875,575425,94450,4354025,1988750,2365275,398064,300696,97368
2014-11-26,162125,138050,24075,12010,7050,4960,217925,199600,18325,666350,575425,90925,4342425,1988750,2353675,399996,304974,95022
2014-11-27,161950,138950,23000,11760,8805,2955,217900,199600,18300,669075,580100,88975,4332400,2019975,2312425,401850,304320,97530
2014-11-28,164300,141400,22900,11850,7795,4055,217775,199600,18175,673000,562550,110450,4324175,2020125,2304050,404496,309654,94842
2014-12-01,164800,142050,22750,11700,9050,2650,217550,199600,17950,673000,562550,110450,4330750,2002175,2328575,404766,302916,101850
2014-12-02,166025,143075,22950,11525,8135,3390,228825,211025,17800,670625,562550,108075,4325075,2002175,2322900,405570,301476,104094
2014-12-03,165475,143475,22000,11550,8390,3160,229075,211225,17850,672550,568550,104000,4323875,2006725,2317150,407646,302712,104934
2014-12-04,164025,143475,20550,11495,8320,3175,229075,211125,17950,674850,574550,100300,4326850,2017050,2309800,406992,301572,105420
2014-12-05,163475,143925,19550,11515,9200,2315,226775,211075,15700,678925,581175,97750,4318200,2017050,2301150,407370,301590,105780
2014-12-08,164900,145775,19125,11070,9945,1125,224475,210775,13700,675100,580750,94350,4322300,2029975,2292325,406410,305610,100800
2014-12-09,165850,147250,18600,11045,9820,1225,222275,210775,11500,678300,587000,91300,4312200,2029975,2282225,406248,312696,93552
2014-12-10,166075,149125,16950,11145,9920,1225,220350,210775,9575,681850,591125,90725,4302525,2029975,2272550,407568,311700,95868
2014-12-11,166450,151200,15250,11245,10020,1225,220200,210775,9425,687550,598700,88850,4301700,2015975,2285725,406524,314640,91884
2014-12-12,166500,151800,14700,11270,9825,1445,220200,210775,9425,690825,604200,86625,4292450,2015875,2276575,405294,306732,98562
2014-12-15,167425,144175,23250,11245,9815,1430,220175,210725,9450,688775,604200,84575,4282050,2015875,2266175,405186,307548,97638
2014-12-16,172675,145100,27575,12190,10885,1305,219825,210725,9100,687450,598200,89250,4272100,2015875,2256225,405174,308964,96210
2014-12-17,172200,140750,31450,12190,10810,1380,219825,210625,9200,685275,575250,110025,4261750,1994775,2266975,406854,309930,96924
2014-12-18,170900,140725,30175,12190,9780,2410,220800,211625,9175,681700,575250,106450,4271625,2007375,2264250,406722,303714,103008
2014-12-19,170000,140725,29275,12180,9770,2410,220500,211325,9175,678750,486300,192450,4261575,1957775,2303800,406812,304632,102180
2014-12-22,168700,140675,28025,12130,9510,2620,220750,211925,8825,679150,487400,191750,4251075,1957775,2293300,408408,307362,101046
2014-12-23,172225,144625,27600,12145,9280,2865,220725,211925,8800,677925,486000,191925,4241150,1950775,2290375,408990,312198,96792
2014-12-24,171850,146225,25625,12145,10245,1900,221025,212200,8825,694000,504750,189250,4231275,1901150,2330125,410880,315234,95646
2014-12-29,171850,146225,25625,12120,10145,1975,222025,213175,8850,693400,499000,194400,4223225,1896200,2327025,410808,318954,91854
2014-12-30,172250,147125,25125,12045,10145,1900,222000,212175,9825,694900,501025,193875,4216850,1895200,2321650,412704,322194,90510
2014-12-31,177025,151900,25125,12045,10185,1860,221975,212175,9800,691600,499175,192425,4210275,1852200,2358075,413148,326298,86850
2015-01-02,177025,151900,25125,12135,10270,1865,221975,211700,10275,690825,499175,191650,4205225,1852200,2353025,414900,328548,86352
2015-01-05,178425,153300,25125,12110,10250,1860,221975,211650,10325,686925,499175,187750,4204650,1852200,2352450,414756,327648,87108
2015-01-07,178675,154125,24550,12120,9640,2480,221975,210550,11425,680850,500200,180650,4184400,1852200,2332200,415812,328356,87456
2015-01-08,179225,155150,24075,12165,9705,2460,221975,210550,11425,676375,500200,176175,4175750,1852200,2323550,415842,324372,91470
2015-01-09,187475,163375,24100,12135,9800,2335,220775,210450,10325,673175,500200,172975,4166825,1852200,2314625,415164,326754,88410
2015-01-12,187400,162950,24450,12110,9775,2335,220150,210450,9700,670875,500200,170675,4157050,1839775,2317275,414732,324696,90036
2015-01-13,191325,166975,24350,12085,10775,1310,215825,210450,5375,667700,499800,167900,4149300,1839775,2309525,416436,326190,90246
2015-01-14,194000,170975,23025,12110,10755,1355,215825,210350,5475,664725,499800,164925,4140575,1839775,2300800,418320,317868,100452
2015-01-15,198725,175775,22950,12110,10705,1405,215825,210325,5500,661375,499800,161575,4131350,1839775,2291575,418332,317346,100986
2015-01-16,200400,177675,22725,12110,10655,1455,215825,210300,5525,658100,499800,158300,4122600,1774050,2348550,418518,316068,102450
2015-01-19,210600,186750,23850,12110,10615,1495,215725,210250,5475,655150,499800,155350,4114775,1769025,2345750,417900,318882,99018
2015-01-20,216225,192525,23700,12070,10615,1455,215675,210250,5425,652775,499800,152975,4106675,1761975,2344700,418062,318702,99360
2015-01-21,219450,195750,23700,11985,10630,1355,215600,210200,5400,652675,499800,152875,4102475,1759275,2343200,419964,321402,98562
2015-01-22,225375,201775,23600,11975,11185,790,215525,210200,5325,649400,499800,149600,4094975,1758275,2336700,421842,320304,101538
2015-01-23,235150,211700,23450,11990,11225,765,215100,210000,5100,645775,499700,146075,4086175,1745800,2340375,423036,318672,104364
2015-01-26,236850,213550,23300,11950,11225,725,215050,209725,5325,643300,499700,143600,4080925,1746050,2334875,424344,311898,112446
2015-01-27,238225,214975,23250,11955,11205,750,215075,210025,5050,640250,499700,140550,4075325,1739800,2335525,424110,312684,111426
2015-01-28,244675,221600,23075,11865,11180,685,215075,207250,7825,636725,499700,137025,4068450,1692050,2376400,423726,311178,112548
2015-01-29,247450,224600,22850,11860,11175,685,215050,207250,7800,633175,494700,138475,4058300,1731575,2326725,425562,312330,113232
2015-01-30,248125,225000,23125,11810,11175,635,215000,206175,8825,630750,494700,136050,4048900,1731575,2317325,426240,312456,113784
2015-02-02,250025,226925,23100,11840,11180,660,214850,206000,8850,628075,494700,133375,4041075,1731575,2309500,424974,313662,111312
2015-02-03,250250,227225,23025,11840,10825,1015,214350,204425,9925,625225,494700,130525,4033675,1731575,2302100,424572,312426,112146
2015-02-04,252100,229325,22775,11840,10710,1130,214300,204322,9978,622450,494700,127750,4028050,1731575,2296475,424788,310560,114228
2015-02-05,284600,260400,24200,11830,10695,1135,214575,204300,10275,619500,494700,124800,4020575,1731575,2289000,423480,309492,113988
2015-02-06,284450,258800,25650,11850,10655,1195,214250,203575,10675,616075,494700,121375,4012500,1731575,2280925,424206,308988,115218
2015-02-09,286475,261175,25300,11850,10355,1495,213600,203775,9825,612150,494700,117450,4007175,1731225,2275950,426324,310644,115680
2015-02-10,289200,261900,27300,11840,10165,1675,212700,202725,9975,608000,494700,113300,4001125,1731175,2269950,425090,312560,112530
2015-02-11,288450,262175,26275,11865,9250,2615,214250,204975,9275,602675,403300,199375,3993400,1731175,2262225,426018,316704,109314
2015-02-12,292750,260775,31975,11910,9315,2595,214025,203875,10150,598575,397375,201200,3988700,1731175,2257525,425310,317676,107634
2015-02-13,295300,260400,34900,11500,9355,2145,213675,201625,12050,595075,397300,197775,3982775,1728000,2254775,426228,321828,104400
2015-02-16,295100,260800,34300,11460,9355,2105,213425,201400,12025,591500,397300,194200,3976725,1721175,2255550,425838,322326,103512
2015-02-17,295475,261300,34175,11405,9360,2045,213475,201700,11775,590675,397300,193375,3972475,1720925,2251550,426114,324876,101238
2015-02-25,295050,263800,31250,11040,9200,1840,213750,200525,13225,569000,392525,176475,3951425,1650000,2301425,425334,326496,98838
2015-02-26,295025,264900,30125,10905,9180,1725,213650,200175,13475,569025,395675,173350,3954375,1747025,2207350,427596,326628,100968
2015-02-27,296375,266525,29850,10880,10145,735,214750,201075,13675,567350,397375,169975,3946650,1747025,2199625,428676,328392,100284
2015-03-02,297200,267550,29650,10875,9905,970,214700,201075,13625,564175,397675,166500,3939425,1746775,2192650,430944,324312,106632
2015-03-03,297400,267600,29800,10770,9865,905,214600,200875,13725,560125,397800,162325,3932750,1746775,2185975,430932,322428,108504
2015-03-04,308125,266725,41400,10820,9890,930,214250,200575,13675,556175,397625,158550,3925700,1746775,2178925,431274,313692,117582
2015-03-09,326050,275450,50600,10610,9825,785,214125,195625,18500,543750,397825,145925,3916125,1757150,2158975,431856,310380,121476
2015-03-10,328450,278950,49500,10675,9565,1110,213325,193375,19950,540800,397825,142975,3917975,1765700,2152275,432900,310572,122328
2015-03-11,330425,281475,48950,10605,9520,1085,212500,193250,19250,542850,402600,140250,3917625,1773825,2143800,432480,313134,119346
2015-03-12,330750,283275,47475,10615,9530,1085,212600,193750,18850,540200,390050,150150,3919650,1783775,2135875,430854,311148,119706
2015-03-13,333575,276775,56800,10560,9625,935,228700,210075,18625,537775,390050,147725,3913725,1787150,2126575,430146,310908,119238
2015-03-16,337575,282300,55275,10310,9155,1155,227625,209725,17900,536575,390050,146525,3907375,1823900,2083475,428910,309924,118986
2015-03-18,340650,241700,98950,10180,9260,920,233750,222300,11450,530600,390050,140550,3955600,1896600,2059000,431034,314370,116664
2015-03-19,342600,245975,96625,10180,9230,950,235025,224200,10825,527325,390050,137275,3952700,1897025,2055675,431820,313908,117912
2015-03-23,340925,247725,93200,10175,9195,980,238050,128950,109100,521400,390050,131350,3983725,1940125,2043600,430008,313272,116736
2015-03-24,342275,251025,91250,10165,9160,1005,237775,128000,109775,520200,390050,130150,3975900,1940125,2035775,431490,316308,115182
2015-03-25,342625,251375,91250,10095,9480,615,237275,128375,108900,520175,390050,130125,3969175,1932125,2037050,433980,320652,113328
2015-03-27,337175,252200,84975,9965,9505,460,235750,118900,116850,518275,343400,174875,3958625,1888500,2070125,433380,326466,106914
2015-03-30,334600,251725,82875,9955,9470,485,236375,120075,116300,515750,343400,172350,3951725,1888175,2063550,435048,330684,104364
2015-04-01,332125,250675,81450,9930,9415,515,232900,120500,112400,510625,343400,167225,3935275,1888175,2047100,432996,329832,103164
2015-04-02,333550,254175,79375,9915,9370,545,232425,120625,111800,510950,344400,166550,3938025,1896300,2041725,431790,330054,101736
2015-04-08,331000,256325,74675,9830,9335,495,223850,120675,103175,509975,344900,165075,3912350,1898525,2013825,431376,329508,101868
2015-04-09,330125,256325,73800,9830,9310,520,223125,122825,100300,509925,345400,164525,3903650,1898525,2005125,431172,326502,104670
2015-04-10,330050,256325,73725,9780,9310,470,221575,124350,97225,509450,345400,164050,3896450,1898425,1998025,431292,326448,104844
2015-04-13,333800,253650,80150,9735,9310,425,218850,123375,95475,506350,345400,160950,3888875,1898425,1990450,431214,326940,104274
2015-04-14,337500,257475,80025,9715,9155,560,214650,123375,91275,503750,345400,158350,3887250,1903875,1983375,431346,326580,104766
2015-04-15,337250,256725,80525,9695,9105,590,211025,121425,89600,500725,345400,155325,3880150,1903575,1976575,432000,330618,101382
2015-04-16,337225,256775,80450,9680,9075,605,208500,106525,101975,498550,346100,152450,3881350,1910750,1970600,433146,330894,102252
2015-04-17,336600,257275,79325,9655,9070,585,204775,106475,98300,495550,346100,149450,3876550,1910050,1966500,433752,327966,105786
2015-04-20,341275,262525,78750,9655,9070,585,200200,93875,106325,492575,344325,148250,3878375,1918050,1960325,433734,326346,107388
2015-04-21,338300,262825,75475,9425,8945,480,196550,94175,102375,489900,339825,150075,3872650,1930700,1941950,433962,327702,106260
2015-04-22,337275,260950,76325,9375,8870,505,192375,94175,98200,486850,339825,147025,3865775,1975525,1890250,434376,327324,107052
2015-04-23,336725,260925,75800,9375,8840,535,187875,94175,93700,483975,339825,144150,3856900,1975525,1881375,434712,326910,107802
2015-04-27,338425,263750,74675,9370,8620,750,184825,99100,85725,478725,338550,140175,3842725,2035275,1807450,436542,325248,111294
2015-04-28,338250,264550,73700,9195,8435,760,183100,99425,83675,476250,338550,137700,3838475,2035275,1803200,442950,330432,112518
2015-04-29,338125,252175,85950,9175,8290,885,179100,97100,82000,474100,333500,140600,3828325,2011450,1816875,443670,327882,115788
2015-04-30,337925,252800,85125,9165,8290,875,174775,97925,76850,470975,333500,137475,3822300,2020475,1801825,444756,327216,117540
2015-05-05,341325,253850,87475,9070,8130,940,170250,98600,71650,465950,333500,132450,3880125,2090575,1789550,444060,324954,119106
2015-05-06,341000,254700,86300,8715,8080,635,166350,98475,67875,459750,333500,126250,3863250,2111100,1752150,443916,326460,117456
2015-05-08,339075,254700,84375,8790,8055,735,163150,107050,56100,454725,333500,121225,3844975,2095525,1749450,441174,324954,116220
2015-05-11,339475,243200,96275,8715,8055,660,162750,112025,50725,452200,333500,118700,3836875,2035100,1801775,442812,316362,126450
2015-05-12,338525,230825,107700,8590,7880,710,162600,112025,50575,449700,333500,116200,3827700,2035100,1792600,440034,316164,123870
2015-05-14,338800,218625,120175,8545,7260,1285,163150,114225,48925,442150,333500,108650,3809550,2036450,1773100,443352,319764,123588
2015-05-15,338000,211375,126625,8565,7250,1315,162775,113775,49000,438475,333500,104975,3800000,2036450,1763550,444324,321030,123294
2015-05-18,337775,211800,125975,8540,7050,1490,162775,113025,49750,435925,346200,89725,3790775,2036450,1754325,443622,322482,121140
2015-05-20,334875,211450,123425,8355,7095,1260,162525,128975,33550,467125,389600,77525,3773275,2036350,1736925,446640,323460,123180
2015-05-21,332225,211450,120775,8225,7095,1130,161500,128975,32525,464950,389600,75350,3775300,2046225,1729075,446868,323406,123462
2015-05-22,330825,212950,117875,8150,7090,1060,161475,129200,32275,462975,389600,73375,3769250,2047000,1722250,455790,332466,123324
2015-05-26,327800,213900,113900,8265,7210,1055,160400,89125,71275,460875,429875,31000,3760625,2047425,1713200,463800,334632,129168
2015-05-27,327500,214850,112650,7630,7160,470,158025,130150,27875,458825,389600,69225,3752325,2024125,1728200,465624,333672,131952
2015-05-28,325075,214950,110125,7620,7155,465,157025,130150,26875,456650,389600,67050,3742175,2024850,1717325,464610,333384,131226
2015-05-29,322150,214800,107350,7570,6960,610,158700,127000,31700,454575,389600,64975,3733550,2026050,1707500,464364,331302,133062
2015-06-01,320950,215775,105175,7315,6945,370,160150,126275,33875,452575,379925,72650,3723950,2026675,1697275,465564,330702,134862
2015-06-02,317500,212275,105225,7315,6920,395,160150,125950,34200,450525,379925,70600,3717175,2027325,1689850,465516,329760,135756
2015-06-03,318625,215450,103175,7265,6915,350,157150,123150,34000,448450,379925,68525,3706200,2028650,1677550,470118,324288,145830
2015-06-04,318100,215450,102650,7255,6920,335,156325,123150,33175,446475,379925,66550,3695100,2028975,1666125,470376,322560,147816
2015-06-05,315125,204275,110850,7330,7015,315,155925,122525,33400,444500,379925,64575,3683950,2029625,1654325,469488,322620,146868
2015-06-09,310825,214500,96325,7365,6580,785,156200,122175,34025,441450,379925,61525,3675700,2043675,1632025,467904,324684,143220
2015-06-12,314025,239500,74525,7375,6585,790,187800,153675,34125,458875,391725,67150,3652125,1993375,1658750,465264,321216,144048
2015-06-15,314400,241000,73400,7345,6560,785,185225,154425,30800,469550,404450,65100,3644350,1990475,1653875,464556,318594,145962
2015-06-16,318600,245200,73400,7205,6420,785,179775,148975,30800,467475,402375,65100,3635275,1981400,1653875,461568,315606,145962
2015-06-18,318925,250075,68850,6715,5535,1180,174150,154625,19525,470700,411275,59425,3617225,1989125,1628100,459198,319986,139212
2015-06-23,314250,244625,69625,6670,5550,1120,171400,154450,16950,464425,384125,80300,3616100,1994475,1621625,458688,314184,144504
2015-06-24,311475,245400,66075,6795,5660,1135,171575,155600,15975,462950,384125,78825,3606875,1994750,1612125,459438,316326,143112
2015-06-25,309275,246050,63225,6805,5670,1135,172525,157025,15500,465050,386950,78100,3594550,1970225,1624325,458370,316212,142158
2015-06-26,310300,250050,60250,6810,5675,1135,176450,159425,17025,464950,386950,78000,3597700,1981725,1615975,458148,308568,149580
2015-06-29,307650,246425,61225,7110,5800,1310,176300,157700,18600,464925,386750,78175,3589825,1981200,1608625,459018,310080,148938
2015-06-30,324100,263975,60125,7635,6100,1535,175025,158700,16325,464400,386750,77650,3582525,1981200,1601325,456438,310632,145806
2015-07-02,322075,265950,56125,7635,6045,1590,172725,159200,13525,464725,388825,75900,3564425,1981225,1583200,457308,310380,146928
2015-07-03,321975,267150,54825,7595,5970,1625,172325,158800,13525,463400,388825,74575,3557125,1982150,1574975,457086,309018,148068
2015-07-06,321500,267675,53825,7590,6230,1360,171900,158800,13100,463375,388825,74550,3567575,1999600,1567975,456450,308178,148272
2015-07-07,329175,276325,52850,7575,6005,1570,171100,156950,14150,462700,389125,73575,3559525,1999600,1559925,455514,307470,148044
2015-07-09,330050,284350,45700,7320,6010,1310,168675,142950,25725,460175,388825,71350,3543925,1995600,1548325,457248,306006,151242
2015-07-10,329725,284975,44750,7080,0,7080,171850,0,171850,459300,0,459300,3539500,0,3539500,456390,0,456390
2015-07-13,331450,288250,43200,7185,6190,995,170975,144675,26300,458350,388825,69525,3533475,2003350,1530125,454896,309870,145026
2015-07-14,338200,297325,40875,7240,6330,910,220600,194250,26350,457275,388825,68450,3536950,2014350,1522600,453006,309900,143106
2015-07-15,337525,308950,28575,7245,6335,910,220625,195200,25425,456350,388700,67650,3526875,2013775,1513100,453480,304662,148818
2015-07-16,337200,310400,26800,7325,6390,935,219375,195100,24275,455350,388700,66650,3519200,2014400,1504800,452850,302394,150456
2015-07-17,340325,315400,24925,7325,5890,1435,217900,187600,30300,454425,388700,65725,3528225,2029550,1498675,453486,302160,151326
2015-07-20,339775,316150,23625,7325,5870,1455,216800,160225,56575,453325,388700,64625,3520725,2029550,1491175,453306,301878,151428
2015-07-21,339475,315425,24050,7325,5870,1455,215150,160925,54225,451925,388700,63225,3510425,2028750,1481675,453582,301398,152184
2015-07-22,338975,315225,23750,7315,5870,1445,214450,160825,53625,449750,388700,61050,3499900,2029150,1470750,453804,302694,151110
2015-07-23,340675,319175,21500,7175,5795,1380,213575,159750,53825,447675,388700,58975,3490625,2029150,1461475,453738,302490,151248
2015-07-24,343250,322825,20425,7135,5780,1355,445500,380025,65475,211725,158250,53475,3485000,2033625,1451375,453330,302646,150684
2015-07-27,342925,323675,19250,7175,5820,1355,443350,380025,63325,221850,166950,54900,3471225,2029125,1442100,453414,298194,155220
2015-07-28,344125,325950,18175,6990,5795,1195,220975,166200,54775,441275,380025,61250,3462675,2005125,1457550,452580,299286,153294
2015-07-29,345050,323575,21475,6990,5450,1540,220575,166000,54575,439125,380025,59100,3453600,2003775,1449825,457890,303198,154692
2015-07-30,346125,322450,23675,6995,5405,1590,220100,166375,53725,436800,379800,57000,3443850,2004700,1439150,460998,306858,154140
2015-08-03,346525,322350,24175,6640,5460,1180,218775,161775,57000,432800,379800,53000,3429425,2005650,1423775,458838,306804,152034
2015-08-04,347500,323350,24150,6540,5460,1080,216475,161575,54900,430800,349300,81500,3423250,2005650,1417600,457926,307122,150804
2015-08-05,350825,327050,23775,6660,5555,1105,215100,160125,54975,430875,351025,79850,3414000,2005650,1408350,457926,307764,150162
2015-08-06,351600,327425,24175,6565,5585,980,212800,134675,78125,429650,373150,56500,3404475,2005650,1398825,458490,303048,155442
2015-08-07,352325,329425,22900,6630,5630,1000,210075,155700,54375,428325,352275,76050,3396150,2005600,1390550,456678,304326,152352
2015-08-10,354125,331325,22800,6630,5630,1000,207900,155175,52725,426875,353025,73850,3387725,2005600,1382125,456708,303150,153558
2015-08-11,354950,332650,22300,6630,5595,1035,205375,155050,50325,455775,383900,71875,3379450,2005600,1373850,456708,302520,154188
2015-08-13,350075,335375,14700,6345,5650,695,203975,155550,48425,460525,390700,69825,3362425,2003975,1358450,454350,305544,148806
2015-08-14,350325,332200,18125,6345,5400,945,202100,155500,46600,461725,391700,70025,3354350,2003975,1350375,454326,306006,148320
2015-08-17,350650,324675,25975,6345,4405,1940,203700,159450,44250,462925,392900,70025,3345600,2003975,1341625,454818,303228,151590
2015-08-18,353600,327175,26425,6285,3940,2345,201425,158700,42725,502900,434150,68750,3335575,2003875,1331700,454974,304326,150648
2015-08-19,354200,326900,27300,6985,4640,2345,198775,157800,40975,503475,425850,77625,3338225,2017400,1320825,456168,303798,152370
2015-08-20,353625,316450,37175,7165,4200,2965,196700,157800,38900,504850,426525,78325,3330100,2015450,1314650,455892,304116,151776
2015-08-21,353825,311200,42625,7355,4435,2920,194725,145600,49125,505450,428275,77175,3320725,2015450,1305275,454992,297372,157620
2015-08-24,356200,303400,52800,7590,4475,3115,192650,145400,47250,522750,446675,76075,3312150,2015450,1296700,455052,298398,156654
2015-08-25,355550,301850,53700,7490,4360,3130,190775,145150,45625,525550,449525,76025,3303950,2012525,1291425,453852,290142,163710
2015-08-26,369025,315925,53100,7420,4400,3020,190675,145450,45225,526750,452700,74050,3294125,2012525,1281600,454380,290568,163812
2015-08-27,370425,318100,52325,7310,4790,2520,189125,145350,43775,524875,373200,151675,3283625,2012225,1271400,454692,291192,163500
2015-08-28,371250,315025,56225,6980,4810,2170,187400,145150,42250,522875,373200,149675,3276075,2012025,1264050,455166,291216,163950
2015-09-01,367650,315025,52625,6730,3535,3195,186800,145050,41750,524925,373550,151375,3265750,2011925,1253825,453894,289488,164406
2015-09-02,362675,306250,56425,5820,3525,2295,183250,144950,38300,529125,381700,147425,3246325,2011825,1234500,454044,292668,161376
2015-09-07,352325,292800,59525,5795,3670,2125,174450,145675,28775,552650,411000,141650,3219950,2011325,1208625,451962,288516,163446
2015-09-08,346200,288500,57700,5735,3675,2060,172250,145675,26575,553425,411875,141550,3213025,2011325,1201700,451356,288618,162738
2015-09-09,346850,289175,57675,5900,3840,2060,170325,145525,24800,551375,411875,139500,3206400,2011325,1195075,451044,291510,159534
2015-09-10,344300,280525,63775,5625,3850,1775,168750,145375,23375,575125,512975,62150,3196625,2011325,1185300,449682,282042,167640
2015-09-11,342000,278950,63050,5540,4080,1460,168600,145900,22700,571975,512975,59000,3186275,2011250,1175025,447972,281952,166020
2015-09-14,340875,261425,79450,5540,4070,1470,167950,145875,22075,593975,526475,67500,3175875,2011225,1164650,448320,278760,169560
2015-09-15,337525,267925,69600,5105,4145,960,166775,145875,20900,617325,553075,64250,3263375,2106925,1156450,447786,284040,163746
2015-09-16,334850,265375,69475,5070,4320,750,166150,145650,20500,613700,553075,60625,3253325,2107025,1146300,449172,284502,164670
2015-09-17,333050,265175,67875,5070,4295,775,165525,145600,19925,610400,553075,57325,3242600,2107050,1135550,450330,286740,163590
2015-09-18,335200,267425,67775,5140,4365,775,164975,145275,19700,608875,555275,53600,3232950,2096925,1136025,453000,293484,159516
2015-09-21,335850,269650,66200,5105,4205,900,165450,120925,44525,605675,524950,80725,3224425,2096925,1127500,454122,293886,160236
2015-09-22,330100,266325,63775,5155,3875,1280,165125,120425,44700,602475,524950,77525,3216000,2096925,1119075,452694,270612,182082
2015-09-24,322900,265400,57500,5125,3785,1340,164450,120025,44425,597000,524925,72075,3198450,2096500,1101950,454812,247860,206952
2015-09-25,325275,268325,56950,5100,3780,1320,164900,120575,44325,595600,524925,70675,3189425,2096500,1092925,454812,243510,211302
2015-09-29,323975,271325,52650,4890,3970,920,164125,120425,43700,590875,524925,65950,3193875,2120650,1073225,451500,245448,206052
2015-09-30,323800,242950,80850,4825,3970,855,163350,120350,43000,588800,524925,63875,3187000,2122900,1064100,452070,243552,208518
2015-10-08,305475,239050,66425,4665,3860,805,157275,118975,38300,587925,531150,56775,3138675,2122900,1015775,443592,243294,200298
2015-10-09,305225,240975,64250,4605,3860,745,156575,118675,37900,587350,531150,56200,3130775,2122900,1007875,441492,243516,197976
2015-10-13,300600,241025,59575,4470,3825,645,154325,118500,35825,589000,536500,52500,3115075,2121025,994050,439740,246210,193530
2015-10-14,297175,240800,56375,4470,3790,680,588250,535875,52375,153700,118250,35450,3108850,2131150,977700,439038,243336,195702
2015-10-15,293650,236875,56775,4470,3790,680,152925,118250,34675,587200,535875,51325,3099925,2130700,969225,438618,243352,195266
2015-10-16,292950,227725,65225,4460,3830,630,151700,118250,33450,588525,538200,50325,3090250,2130700,959550,438258,244416,193842
2015-10-19,293575,232775,60800,4460,3835,625,150600,118250,32350,586200,536675,49525,3082950,2148200,934750,437640,245340,192300
2015-10-20,289075,232500,56575,4585,3935,650,149575,118250,31325,583275,536675,46600,3106525,2181125,925400,434994,247362,187632
2015-10-22,280275,223375,56900,4490,4215,275,149000,116200,32800,580125,536675,43450,3090525,2181100,909425,434232,244428,189804
2015-10-23,277600,225125,52475,4540,4260,280,148600,116200,32400,578250,536675,41575,3081750,2179600,902150,429720,245148,184572
2015-10-26,277950,188100,89850,4540,4260,280,148225,108875,39350,578125,540925,37200,3073850,2179600,894250,428370,241428,186942
2015-10-27,274075,187400,86675,4510,4260,250,147950,110250,37700,576800,538775,38025,3064650,2150150,914500,428232,241470,186762
2015-10-28,273350,190425,82925,5010,4470,540,147675,110175,37500,574850,538775,36075,3062750,2155175,907575,428220,239454,188766
2015-10-29,270200,191445,78755,5000,4470,530,147575,106525,41050,573375,538775,34600,3055375,2130175,925200,427512,235914,191598
2015-10-30,267775,192050,75725,4990,4235,755,147550,106425,41125,571450,538275,33175,3048100,2028850,1019250,426030,234030,192000
2015-11-02,267850,191150,76700,5015,4275,740,147225,104600,42625,569950,538275,31675,3039575,1937975,1101600,423876,235560,188316
2015-11-03,266225,184500,81725,4895,4195,700,146850,104550,42300,568850,538275,30575,3032025,1937975,1094050,422844,235284,187560
2015-11-04,263125,184250,78875,5290,4590,700,145150,104550,40600,567725,538275,29450,3023775,1740075,1283700,428088,239592,188496
2015-11-05,269525,191700,77825,5200,4515,685,144750,104550,40200,569100,535225,33875,3016975,1740075,1276900,427518,238284,189234
2015-11-06,266100,190675,75425,5140,4265,875,143975,104550,39425,567600,532850,34750,3010250,1640525,1369725,424188,239574,184614
2015-11-09,261125,192300,68825,5645,4745,900,141725,104550,37175,566525,527850,38675,3004000,1640525,1363475,423522,237492,186030
2015-11-10,258625,192300,66325,5390,4755,635,139300,104550,34750,565375,497850,67525,2997500,1640525,1356975,418716,238566,180150
2015-11-11,256275,192050,64225,5390,4680,710,137050,104550,32500,564200,497850,66350,2990825,1640575,1350250,418770,238308,180462
2015-11-13,258700,198275,60425,5415,4750,665,135125,104450,30675,558225,497600,60625,2979350,1630575,1348775,418056,240294,177762
2015-11-16,262250,204375,57875,5470,4755,715,134575,104225,30350,556750,481350,75400,2972775,1630575,1342200,416028,237966,178062
2015-11-17,258500,203825,54675,5465,4755,710,134225,104225,30000,555300,476350,78950,2968900,1633525,1335375,412956,232944,180012
2015-11-19,255050,201800,53250,5295,4810,485,133900,104600,29300,552425,455575,96850,2953800,1633525,1320275,415452,239004,176448
2015-11-20,252325,201800,50525,5260,4805,455,133000,104600,28400,550900,455575,95325,2945850,1633525,1312325,414684,235908,178776
2015-11-23,251125,204175,46950,5265,4845,420,131425,104450,26975,549525,454150,95375,2938075,1633525,1304550,412572,235434,177138
2015-11-24,250675,204675,46000,5250,4840,410,130375,104525,25850,548750,448650,100100,2929500,1633525,1295975,411984,236346,175638
2015-11-25,247925,205675,42250,5215,4720,495,129750,104475,25275,547975,441425,106550,2921375,1633050,1288325,411846,234828,177018
2015-11-26,244800,207125,37675,5230,4735,495,129175,104075,25100,545375,436075,109300,2913325,1632050,1281275,411228,230958,180270
2015-11-27,243350,208425,34925,5235,4745,490,128775,101525,27250,545375,436075,109300,2905850,1632050,1273800,411246,232416,178830
2015-11-30,244375,210450,33925,5205,4710,495,128325,99100,29225,545375,426050,119325,2901475,1631150,1270325,408360,231510,176850
2015-12-01,243025,210150,32875,5180,4660,520,128250,99100,29150,542600,426000,116600,2897100,1631150,1265950,405234,229434,175800
2015-12-02,239200,210125,29075,5225,4710,515,128225,99000,29225,540000,421000,119000,2890050,1631150,1258900,403230,229380,173850
2015-12-03,239250,211400,27850,5260,4700,560,128125,99000,29125,536525,421000,115525,2884625,1626350,1258275,400992,229206,171786
2015-12-04,237625,211400,26225,5270,4725,545,127950,98900,29050,532375,419125,113250,2878725,1625350,1253375,396672,229434,167238
2015-12-07,235750,210700,25050,5785,5285,500,127575,98900,28675,528075,418600,109475,2872800,1625350,1247450,394656,224838,169818
2015-12-08,235725,210450,25275,5695,5130,565,127500,98650,28850,524150,418600,105550,2901875,1660250,1241625,393978,223158,170820
2015-12-09,232700,210850,21850,5705,5130,575,131850,103000,28850,520650,418350,102300,2930725,1694850,1235875,393228,222126,171102
2015-12-10,231925,210175,21750,5750,5115,635,131750,102925,28825,517050,418350,98700,2924850,1694850,1230000,399888,229764,170124
2015-12-11,232675,211550,21125,5765,5055,710,131500,102925,28575,512850,418375,94475,2919175,1693475,1225700,406308,234792,171516
2015-12-14,232200,212350,19850,5805,4705,1100,131175,102775,28400,508075,416375,91700,2930175,1710575,1219600,409014,242436,166578
2015-12-15,232650,213200,19450,5750,4575,1175,130950,102775,28175,504225,411400,92825,2926725,1712575,1214150,423516,256572,166944
2015-12-16,231775,210875,20900,6095,4989,1106,170975,144425,26550,500350,411400,88950,2925800,1741900,1183900,438474,270792,167682
2015-12-17,231475,210875,20600,6115,5000,1115,169475,144425,25050,494700,411400,83300,2929200,1750725,1178475,435756,270750,165006
2015-12-18,231825,208650,23175,6015,4950,1065,179300,100125,79175,490125,408125,82000,2937450,1764725,1172725,438546,276120,162426
2015-12-21,232175,205550,26625,6085,4970,1115,191825,95700,96125,485025,406450,78575,2931725,1768775,1162950,436584,273672,162912
2015-12-23,232350,205850,26500,5990,4950,1040,191950,95900,96050,479650,406450,73200,2925825,1788775,1137050,441510,280488,161022
2015-12-24,235200,203700,31500,6675,5715,960,191675,80625,111050,470975,406450,64525,2914025,1816275,1097750,445332,275622,169710
2015-12-29,237075,200925,36150,6495,5715,780,468475,406450,62025,191675,80600,111075,2906925,1816275,1090650,445368,275784,169584
2015-12-30,236975,198725,38250,6140,5700,440,191675,80600,111075,465975,401450,64525,2901200,1816275,1084925,444702,278688,166014
2015-12-31,236225,195925,40300,6140,5700,440,464400,403325,61075,191650,80600,111050,2895525,1816275,1079250,441294,279942,161352
2016-01-04,235800,197600,38200,6140,5625,515,191650,80600,111050,462700,403325,59375,2889550,1816275,1073275,441342,280062,161280
2016-01-05,235225,196350,38875,6145,5635,510,190900,80600,110300,460475,403325,57150,2889550,1816275,1073275,441510,278544,162966
2016-01-06,235850,196950,38900,6125,5610,515,190900,80600,110300,457325,403325,54000,2882800,1815775,1067025,440358,262242,178116
2016-01-07,238000,198475,39525,6245,5665,580,191275,80975,110300,456175,403325,52850,2877000,1815775,1061225,438828,260418,178410
2016-01-08,236650,199325,37325,6295,5720,575,191175,80925,110250,455200,403325,51875,2871100,1815275,1055825,438576,261450,177126
2016-01-11,238625,197125,41500,6295,5710,585,191075,80875,110200,452475,403275,49200,2864850,1815275,1049575,437040,255792,181248
2016-01-12,236725,196050,40675,6115,5535,580,190450,80875,109575,449975,403275,46700,2859325,1815275,1044050,437334,255378,181956
2016-01-13,235525,195450,40075,6090,5535,555,190200,80875,109325,448075,402025,46050,2852500,1815275,1037225,436704,255954,180750
2016-01-14,233400,194175,39225,6145,5565,580,189900,80750,109150,447100,391425,55675,2846650,1815275,1031375,433968,258084,175884
2016-01-15,234175,196175,38000,6145,5565,580,189825,80650,109175,446025,391425,54600,2841250,1815175,1026075,434244,257130,177114
2016-01-18,233550,192125,41425,6160,5350,810,189700,92875,96825,444700,388775,55925,2836025,1815175,1020850,433674,256146,177528
2016-01-19,236125,193550,42575,6165,5390,775,188225,92875,95350,472650,419050,53600,2832500,2023300,809200,452742,271788,180954
2016-01-20,235300,191100,44200,6160,5225,935,187400,92875,94525,482650,429050,53600,2842550,2033325,809225,450978,273738,177240
2016-01-21,238125,197375,40750,5980,4940,1040,187325,92825,94500,482325,429050,53275,2836450,1893475,942975,450768,273096,177672
2016-01-22,237350,180925,56425,5980,4840,1140,188725,94650,94075,480850,388775,92075,2830750,1892100,938650,450174,272754,177420
2016-01-25,238825,180975,57850,5945,4835,1110,187900,94650,93250,479925,388775,91150,2825425,1892100,933325,449550,275838,173712
2016-01-26,237375,176850,60525,5815,4485,1330,187650,94650,93000,478650,388775,89875,2819525,1891600,927925,450828,279030,171798
2016-01-27,240325,172025,68300,5680,4170,1510,190425,97675,92750,477925,388775,89150,2812775,1888050,924725,450186,281016,169170
2016-01-28,241250,170400,70850,5650,4155,1495,189700,97675,92025,476725,383825,92900,2806775,1906050,900725,451500,284346,167154
2016-01-29,242375,169650,72725,5625,4045,1580,188900,97675,91225,474750,383825,90925,2801450,1906050,895400,448314,274806,173508
2016-02-01,239400,167775,71625,5470,4060,1410,188125,97475,90650,472050,373300,98750,2795825,1906050,889775,446676,276936,169740
2016-02-02,239025,168150,70875,5425,4030,1395,187075,97400,89675,469675,373300,96375,2790675,1906050,884625,444126,279012,165114
2016-02-03,235400,163400,72000,5380,3910,1470,186075,97400,88675,468100,372800,95300,2784975,1906050,878925,443586,280140,163446
2016-02-04,232700,163925,68775,5200,3675,1525,185100,97400,87700,465950,372525,93425,2778825,1887800,891025,442182,283866,158316
2016-02-05,228650,165400,63250,4620,3675,945,4620,-82255,86875,463975,372525,91450,2773975,1888025,885950,440082,282060,158022
2016-02-15,218300,168800,49500,4265,3395,870,181400,85250,96150,458725,367875,90850,2747650,1981550,766100,439116,276636,162480
2016-02-16,214300,171225,43075,4085,3395,690,182225,86175,96050,499625,409625,90000,2803450,2044325,759125,438402,276396,162006
2016-02-17,209875,170800,39075,4095,3430,665,200550,104600,95950,499450,409625,89825,2799550,2042350,757200,437442,276720,160722
2016-02-18,209950,171825,38125,4085,3415,670,206075,110175,95900,497825,409025,88800,2793650,2036050,757600,438306,279792,158514
2016-02-19,208525,169725,38800,4065,3350,715,219225,123450,95775,504375,417000,87375,2787675,2034450,753225,435378,275808,159570
2016-02-22,205500,169850,35650,4120,3430,690,219175,123450,95725,502275,416550,85725,2781850,2034450,747400,435762,274440,161322
2016-02-23,203700,163300,40400,3850,3290,560,219100,123450,95650,498175,415950,82225,2789150,2049000,740150,435396,265542,169854
2016-02-24,202450,198200,4250,3850,3290,560,217675,123400,94275,493050,414700,78350,2783775,2046225,737550,445260,279288,165972
2016-02-25,199250,157725,41525,3850,3235,615,215875,123400,92475,488450,416450,72000,2777450,2056200,721250,443010,277542,165468
2016-02-26,197225,153675,43550,3850,3235,615,482875,415200,67675,215300,112700,102600,2768800,2056200,712600,441966,279024,162942
2016-02-29,195625,150275,45350,3855,3265,590,213175,112700,100475,478550,415200,63350,2760825,2137600,623225,441912,277524,164388
2016-03-01,193475,145775,47700,3655,3300,355,211475,112550,98925,475100,398950,76150,2755600,2138000,617600,439932,277488,162444
2016-03-02,190750,144750,46000,3675,3310,365,211475,112550,98925,471525,398950,72575,2751100,2131475,619625,440502,341577,98925
2016-03-03,187725,141375,46350,3705,3280,425,209925,112550,97375,467850,398700,69150,2791925,2169425,622500,438138,285792,152346
2016-03-04,186700,138675,48025,3705,3280,425,208425,112550,95875,465500,393625,71875,2798250,2184400,613850,431874,284778,147096
2016-03-07,185225,137625,47600,3745,3325,420,205475,100975,104500,470700,400800,69900,2804700,2197200,607500,430602,281718,148884
2016-03-08,184850,138975,45875,3720,3325,395,203800,100975,102825,468275,400800,67475,2859150,2260875,598275,427248,283416,143832
2016-03-09,181975,133700,48275,3720,3300,420,171375,101750,69625,466350,400800,65550,2862500,2271375,591125,428664,286962,141702
2016-03-10,178575,132900,45675,3770,3350,420,169450,101750,67700,464250,400550,63700,2872425,2290250,582175,426798,288114,138684
2016-03-11,175975,121875,54100,3905,3500,405,169450,101625,67825,462250,401650,60600,2884300,2309200,575100,424854,288222,136632
2016-03-14,174175,121425,52750,3950,3545,405,166425,101625,64800,459275,392625,66650,2877525,2308875,568650,422730,288084,134646
2016-03-15,170075,121150,48925,3935,3555,380,164800,101625,63175,455675,391625,64050,2870325,2308875,561450,434028,301716,132312
2016-03-16,167025,121150,45875,4100,3725,375,168175,106625,61550,452525,391575,60950,2867925,2306325,561600,435702,304920,130782
2016-03-17,160925,117575,43350,4305,3965,340,166250,106625,59625,449000,391575,57425,2862125,2156675,705450,434838,303180,131658
2016-03-18,158275,114250,44025,4340,3950,390,164700,106625,58075,446675,390525,56150,2855225,2052100,803125,434508,305694,128814
2016-03-21,155275,111075,44200,4330,3990,340,163200,106625,56575,443400,390500,52900,2846500,1950425,896075,432324,306936,125388
2016-03-22,151975,107800,44175,4370,3830,540,161500,106925,54575,441350,386325,55025,2837275,1943400,893875,431148,304872,126276
2016-03-23,150675,105175,45500,4400,3845,555,159900,106750,53150,439750,386325,53425,2829300,1943650,885650,433110,305232,127878
2016-03-24,151375,104900,46475,4415,3865,550,158400,106750,51650,438175,371300,66875,2821375,1943400,877975,432672,305838,126834
2016-03-29,149125,102900,46225,4585,4035,550,157150,107050,50100,436650,371300,65350,2814800,1888300,926500,434850,307428,127422
2016-03-30,145450,99775,45675,4840,4290,550,156075,107050,49025,435800,370600,65200,2798875,1819300,979575,432672,307428,125244
2016-03-31,144750,100675,44075,4800,4275,525,156025,106825,49200,435550,369975,65575,2792000,1819300,972700,431652,307836,123816
2016-04-01,143400,100675,42725,4810,4265,545,155975,106825,49150,435025,369775,65250,2783050,1794300,988750,431802,308388,123414
2016-04-05,141425,99450,41975,4825,4285,540,155800,106825,48975,433775,369400,64375,2769925,1768825,1001100,430506,305514,124992
2016-04-06,141075,95775,45300,4875,4285,590,155725,106825,48900,433625,369400,64225,2763750,1763250,1000500,432024,306522,125502
2016-04-07,145000,101875,43125,4875,4145,730,156700,108225,48475,432150,369400,62750,2756525,1747750,1008775,431136,305862,125274
2016-04-08,145675,106425,39250,4795,4165,630,156075,108125,47950,431875,369400,62475,2749650,1708125,1041525,428676,307710,120966
2016-04-11,147350,110750,36600,4855,4175,680,155750,108025,47725,429750,369150,60600,2742650,1688450,1054200,428442,308412,120030
2016-04-12,146450,111050,35400,4915,4210,705,155650,108025,47625,423725,369150,54575,2735200,1613350,1121850,428640,308448,120192
2016-04-13,146475,113475,33000,4840,4220,620,162500,114975,47525,420775,369150,51625,2730475,1497300,1233175,428712,303906,124806
2016-04-14,146500,112450,34050,4730,4230,500,162325,114875,47450,418550,362350,56200,2721500,1463850,1257650,427182,303810,123372
2016-04-15,147975,115125,32850,4660,4240,420,162625,115250,47375,415100,361850,53250,2712850,1455425,1257425,424212,302940,121272
2016-04-18,147275,120400,26875,4640,4245,395,162575,115150,47425,413250,361850,51400,2705550,1450900,1254650,423690,304866,118824
2016-04-19,144700,122525,22175,4700,4235,465,162200,115150,47050,411100,361850,49250,2695775,1450900,1244875,424080,303774,120306
2016-04-20,146200,125825,20375,4770,4270,500,173925,126975,46950,410050,361850,48200,2688975,1445200,1243775,425220,303558,121662
2016-04-21,146275,123850,22425,4830,4330,500,173775,126975,46800,409400,361850,47550,2682550,1443325,1239225,423552,301782,121770
2016-04-22,147800,122875,24925,4765,4155,610,175275,115000,60275,407700,361850,45850,2675900,1443325,1232575,420924,299100,121824
2016-04-25,152400,124750,27650,4715,4125,590,175325,107275,68050,409575,365825,43750,2669700,1443375,1226325,418998,299490,119508
2016-04-26,152475,124000,28475,4735,4145,590,175325,95625,79700,408200,366625,41575,2663800,1443375,1220425,418056,291300,126756
2016-04-27,152200,121775,30425,4850,4195,655,175325,95625,79700,407975,366625,41350,2656725,1435200,1221525,416352,289158,127194
2016-04-28,150725,118725,32000,4855,4205,650,174950,95625,79325,406800,366625,40175,2652475,1433125,1219350,415752,290622,125130
2016-04-29,149500,115225,34275,5575,4975,600,175025,96075,78950,404275,366625,37650,2645725,1428725,1217000,417438,292332,125106
2016-05-03,154675,118325,36350,5690,5095,595,174325,96075,78250,401800,366625,35175,2639075,1466425,1172650,417504,288138,129366
2016-05-04,156500,120925,35575,5735,5140,595,174125,96075,78050,397525,364750,32775,2626725,1555000,1071725,416442,288714,127728
2016-05-05,156725,114125,42600,5860,5265,595,174675,96625,78050,396400,364750,31650,2620450,1545800,1074650,415134,285690,129444
2016-05-06,159025,116500,42525,5950,5315,635,174025,96625,77400,395175,364650,30525,2617550,1545800,1071750,415284,281244,134040
2016-05-09,159600,117325,42275,5875,5175,700,173775,96700,77075,394300,365400,28900,2612625,1545800,1066825,414690,280716,133974
2016-05-10,160900,118000,42900,6050,5250,800,175350,98675,76675,393475,365000,28475,2605500,1524175,1081325,414714,281340,133374
2016-05-11,161625,119150,42475,6160,5360,800,175300,98850,76450,392600,365000,27600,2598125,1524175,1073950,414024,280482,133542
2016-05-12,160000,119775,40225,6325,5555,770,176050,99775,76275,391500,365000,26500,2589225,1524175,1065050,414018,280182,133836
2016-05-13,156675,120150,36525,6425,5655,770,176075,100250,75825,390375,365000,25375,2584400,1523500,1060900,412344,282624,129720
2016-05-16,159025,124700,34325,6520,5795,725,175825,100250,75575,390050,365000,25050,2577775,1523500,1054275,406464,281514,124950
2016-05-17,156750,124750,32000,6510,5830,680,175650,100250,75400,389475,365000,24475,2575725,1514525,1061200,405858,281982,123876
2016-05-18,156850,124675,32175,6615,5935,680,180450,105900,74550,388475,365000,23475,2571125,1514475,1056650,404178,281790,122388
2016-05-19,158600,127025,31575,6635,5935,700,180250,105900,74350,387350,364875,22475,2566125,1503475,1062650,405660,281772,123888
2016-05-20,155725,123300,32425,6735,5870,865,180110,105910,74200,386750,358625,28125,2560550,1429050,1131500,404556,280950,123606
2016-05-23,155000,124100,30900,6810,5870,940,179975,105900,74075,385775,356400,29375,2555250,1416000,1139250,402888,266556,136332
2016-05-24,157250,114900,42350,6885,5725,1160,185550,111525,74025,385675,354400,31275,2549700,1416000,1133700,402504,275184,127320
2016-05-25,155250,110000,45250,6980,5675,1305,185550,111525,74025,385075,354350,30725,2544325,1416000,1128325,401874,276144,125730
2016-05-27,153750,103650,50100,7115,5605,1510,185250,111525,73725,383000,353175,29825,2534000,1397100,1136900,402744,267288,135456
2016-05-31,151725,103600,48125,7195,5715,1480,185475,111775,73700,380700,353175,27525,2529100,1397100,1132000,401766,271812,129954
2016-06-01,154350,105375,48975,7235,5795,1440,185375,111775,73600,380450,351975,28475,2520175,1397100,1123075,401508,277626,123882
2016-06-02,153525,103050,50475,7370,5675,1695,185375,111775,73600,378725,351975,26750,2515675,1397100,1118575,400008,277818,122190
2016-06-03,153675,103200,50475,7155,5670,1485,185375,111775,73600,380825,355775,25050,2508225,1387125,1121100,397116,276858,120258
2016-06-06,174400,124450,49950,7130,5570,1560,185425,111850,73575,379875,347700,32175,2501625,1387125,1114500,395760,276432,119328
2016-06-07,196225,146300,49925,6720,5550,1170,185425,111850,73575,379075,347625,31450,2494975,1387125,1107850,396498,273120,123378
2016-06-08,207300,159200,48100,6730,5040,1690,185400,111850,73550,382150,351975,30175,2488325,1387150,1101175,395514,273198,122316
2016-06-10,210675,168425,42250,6575,5070,1505,185925,112300,73625,380400,346175,34225,2474225,1383150,1091075,394662,274530,120132
2016-06-13,207625,168650,38975,6555,4905,1650,185925,112300,73625,380075,345675,34400,2468850,1384250,1084600,393732,274194,119538
2016-06-14,203275,168650,34625,6435,4955,1480,185900,112300,73600,384075,349725,34350,2461325,1374250,1087075,390660,273792,116868
2016-06-15,202150,165450,36700,6305,4830,1475,185750,112300,73450,383200,349725,33475,2458850,1380575,1078275,389136,273600,115536
2016-06-16,199025,161200,37825,6300,4835,1465,185600,112500,73100,382275,349725,32550,2452400,1380575,1071825,388620,272628,115992
2016-06-17,195925,155975,39950,6360,4945,1415,185550,112500,73050,399825,369475,30350,2446200,1381075,1065125,386238,261954,124284
2016-06-20,194025,151475,42550,6360,4920,1440,185550,112500,73050,397275,369475,27800,2441175,1384575,1056600,385908,262518,123390
2016-06-21,192175,149350,42825,6275,4920,1355,185500,112500,73000,396100,369475,26625,2434550,1378225,1056325,386064,261828,124236
2016-06-22,190700,144450,46250,6285,4855,1430,185675,112450,73225,395075,368875,26200,2427950,1376125,1051825,385566,261186,124380
2016-06-23,194375,139750,54625,6245,4865,1380,185650,112450,73200,413675,388625,25050,2421500,1376125,1045375,383502,265080,118422
2016-06-24,192375,139500,52875,6180,4850,1330,185650,112275,73375,412150,388625,23525,2415875,1368275,1047600,382104,265104,117000
2016-06-27,191700,139875,51825,6105,4850,1255,185625,112275,73350,429775,408400,21375,2408975,1368275,1040700,381792,263922,117870
2016-06-29,194200,139325,54875,6060,4640,1420,186250,113300,72950,426225,408400,17825,2393600,1368600,1025000,380286,263946,116340
2016-06-30,191525,136700,54825,5985,4640,1345,185225,113300,71925,443175,426550,16625,2387850,1369100,1018750,379338,263802,115536
2016-07-04,188400,137225,51175,6050,4700,1350,185150,113300,71850,442100,426450,15650,2375075,1368100,1006975,378114,263910,114204
2016-07-05,198925,147750,51175,6050,4700,1350,184800,113300,71500,441750,426150,15600,2368250,1368100,1000150,376848,263814,113034
2016-07-06,222550,172100,50450,6050,4655,1395,184750,113300,71450,441750,426150,15600,2362950,1368425,994525,377628,265140,112488
2016-07-07,220725,172100,48625,6050,4630,1420,184650,113300,71350,440800,426150,14650,2357025,1347200,1009825,378264,265344,112920
2016-07-08,223225,170725,52500,6050,4630,1420,184525,113300,71225,440225,426150,14075,2351250,1345125,1006125,377328,264528,112800
2016-07-11,222600,162800,59800,6045,4650,1395,184525,113175,71350,439575,424725,14850,2344175,1345125,999050,377736,258972,118764
2016-07-12,234750,171225,63525,6045,4650,1395,184525,113175,71350,439450,424125,15325,2338125,1345125,993000,378120,259038,119082
2016-07-13,233050,164150,68900,6045,4650,1395,184525,113175,71350,439200,418300,20900,2332075,1345125,986950,378402,257346,121056
2016-07-14,234925,158925,76000,6015,4495,1520,185925,114500,71425,439075,418300,20775,2325600,1345125,980475,378816,258888,119928
2016-07-15,231275,154150,77125,5995,4245,1750,186425,115000,71425,438425,417425,21000,2319125,1345600,973525,377586,259302,118284
2016-07-18,229425,148450,80975,5970,4225,1745,186350,115000,71350,438275,417425,20850,2312050,1345600,966450,376980,259326,117654
2016-07-19,226300,147450,78850,5870,4200,1670,186350,114650,71700,438050,417425,20625,2304875,1345600,959275,377748,260976,116772
2016-07-20,228000,151050,76950,5985,4170,1815,185850,114650,71200,437950,417475,20475,2297450,1346050,951400,377202,261012,116190
2016-07-21,228400,152300,76100,6020,3980,2040,185700,114650,71050,437325,417475,19850,2310050,1360425,949625,375546,260430,115116
2016-07-22,222725,138250,84475,6020,3595,2425,187275,116125,71150,436925,417475,19450,2325000,1382550,942450,375360,260838,114522
2016-07-25,221350,135500,85850,5970,3705,2265,187350,116425,70925,436800,417250,19550,2319150,1384625,934525,373608,260940,112668
2016-07-26,213725,135675,78050,5710,3465,2245,187225,116425,70800,436600,416750,19850,2324125,1398625,925500,373614,261000,112614
2016-07-27,214425,141650,72775,5710,3485,2225,187150,116425,70725,435600,416750,18850,2318125,1367750,950375,374652,262020,112632
2016-07-28,208725,140475,68250,5710,3485,2225,187125,116425,70700,434025,416750,17275,2312275,1362375,949900,374598,261264,113334
2016-07-29,209450,142975,66475,5690,3430,2260,187075,116425,70650,432625,416225,16400,2303450,1333650,969800,373074,262188,110886
2016-08-03,207350,153450,53900,5480,3685,1795,188725,118500,70225,430625,409150,21475,2278250,1314025,964225,372378,258426,113952
2016-08-04,209300,159550,49750,5475,3610,1865,188225,118500,69725,430075,408925,21150,2271475,1314025,957450,371748,259696,112052
2016-08-05,206650,160700,45950,5450,3675,1775,188225,118500,69725,429700,407925,21775,2265050,1313025,952025,369492,258108,111384
2016-08-08,205025,152200,52825,5270,3670,1600,118175,48500,69675,429425,407925,21500,2259325,1313025,946300,369228,255768,113460
2016-08-09,205350,154825,50525,5060,3650,1410,188100,118500,69600,429275,407825,21450,2256400,1313025,943375,371154,256920,114234
2016-08-10,204825,150525,54300,5060,3530,1530,118100,48500,69600,459075,437725,21350,2248500,1280100,968400,370392,256926,113466
2016-08-11,203925,148975,54950,5070,3565,1505,187675,118500,69175,458450,437125,21325,2240425,1280100,960325,369492,258270,111222
2016-08-12,202375,148400,53975,5065,3555,1510,187525,118500,69025,458275,433150,25125,2232425,1280100,952325,369222,258222,111000
2016-08-15,207150,151800,55350,5035,3555,1480,187375,118500,68875,458175,431950,26225,2224550,1280100,944450,369048,259128,109920
2016-08-16,205375,147575,57800,4945,3500,1445,187325,118500,68825,457900,431825,26075,2222300,1276650,945650,373992,264520,109472
2016-08-17,213300,153075,60225,4920,3500,1420,187150,118500,68650,457525,431625,25900,2240600,1297950,942650,373578,264276,109302
2016-08-18,213425,149425,64000,4895,3410,1485,187125,118500,68625,457050,431625,25425,2252150,1315875,936275,373572,263112,110460
2016-08-19,210625,151250,59375,4725,3100,1625,187025,118500,68525,455875,431625,24250,2245050,1305025,940025,373512,261168,112344
2016-08-22,229375,172050,57325,4630,2975,1655,187900,119450,68450,455200,431625,23575,2241550,1306525,935025,373692,261744,111948
2016-08-23,240075,186350,53725,4630,2975,1655,187650,119450,68200,455100,431625,23475,2234525,1306525,928000,373548,261642,111906
2016-08-24,254700,202050,52650,4570,2975,1595,187650,119450,68200,455275,431475,23800,2259100,1337000,922100,373206,259770,113436
2016-08-25,263875,213450,50425,4530,2950,1580,187300,119450,67850,445075,418925,26150,2253775,1337000,916775,372414,259530,112884
2016-08-26,271575,223275,48300,4530,2950,1580,187225,119450,67775,454175,428925,25250,2246350,1319650,926700,370566,259980,110586
2016-08-30,238225,194250,43975,4485,2900,1585,187725,119925,67800,453300,428925,24375,2239500,1321900,917600,370860,260448,110412
2016-08-31,293525,253975,39550,4460,2900,1560,187300,119925,67375,451950,428925,23025,2234050,1335125,898925,370116,261768,108348
2016-09-01,304775,265800,38975,4460,2750,1710,187275,119925,67350,451100,428925,22175,2227400,1335125,892275,369096,258870,110226
2016-09-02,318500,278350,40150,4460,2750,1710,450525,428925,21600,187275,119925,67350,2220425,1304900,915525,368430,255972,112458
2016-09-05,328525,283350,45175,4460,2775,1685,187225,119925,67300,450500,428675,21825,2216175,1294150,922025,367758,255324,112434
2016-09-06,334975,290600,44375,4410,2725,1685,187000,119925,67075,449925,427325,22600,2212275,1294150,918125,367896,256668,111228
2016-09-07,339600,295825,43775,4390,2705,1685,186500,119925,66575,449925,426775,23150,2210100,1296800,913300,367752,252582,115170
2016-09-08,338225,291025,47200,4390,2670,1720,186700,120425,66275,449750,426775,22975,2203400,1296800,906600,367854,251724,116130
2016-09-09,350600,302625,47975,4290,-7910,12200,187850,121600,66250,448750,426775,21975,2196350,1296800,899550,367932,245184,122748
2016-09-12,354200,299325,54875,4215,3070,1145,187850,121600,66250,447950,423250,24700,2190050,1296800,893250,367752,245730,122022
2016-09-13,353375,297000,56375,4215,3070,1145,187850,121550,66300,447800,421350,26450,2188250,1295800,892450,367725,248829,118896
2016-09-14,351500,298625,52875,3965,3070,895,187850,121550,66300,446675,421350,25325,2179000,1295800,883200,367812,249918,117894
2016-09-19,349625,291650,57975,3825,2985,840,188150,121750,66400,444400,420850,23550,2161475,1295800,865675,366858,250206,116652
2016-09-20,347950,293450,54500,3750,2985,765,189025,122650,66375,444400,420800,23600,2168175,1306475,861700,365784,251136,114648
2016-09-21,347800,296575,51225,3745,2930,815,191225,124850,66375,444150,420800,23350,2161575,1299425,862150,364782,249840,114942
2016-09-22,346050,292825,53225,3745,2985,760,191025,124850,66175,443850,420800,23050,2153425,1267750,885675,364902,249978,114924
2016-09-23,356875,297075,59800,3715,1855,1860,191000,124800,66200,442650,419675,22975,2146725,1268925,877800,363216,250050,113166
2016-09-26,364125,307075,57050,3715,1760,1955,191250,125100,66150,442000,419425,22575,2136025,1254675,881350,362364,249852,112512
2016-09-27,371475,314425,57050,3650,1695,1955,191250,125100,66150,441475,418900,22575,2125850,1244500,881350,361860,249348,112512
2016-09-28,369075,312025,57050,3460,1505,1955,191000,124850,66150,440650,418075,22575,2133625,1252275,881350,361884,249372,112512
2016-09-29,379175,301275,77900,3460,1625,1835,190700,124800,65900,439975,412775,27200,2128750,1265950,862800,362448,249960,112488
2016-09-30,372225,292100,80125,3460,1625,1835,190450,124800,65650,439350,412775,26575,2124400,1265950,858450,361794,249756,112038
2016-10-03,371775,79175,292600,3510,1835,1675,190250,124900,65350,438675,405425,33250,2154825,1283250,871575,362004,249810,112194
2016-10-04,368525,292600,75925,3570,1735,1835,190400,144250,46150,447550,415275,32275,2148275,1283250,865025,361464,249839,111625
2016-10-05,365050,282925,82125,3475,1735,1740,190775,144750,46025,452875,418575,34300,2141875,1283250,858625,360558,249840,110718
2016-10-06,359725,283425,76300,3475,1710,1765,190825,144975,45850,457625,422925,34700,2134300,1283250,851050,360282,247158,113124
2016-10-07,355300,285925,69375,3445,1435,2010,190850,145100,45750,457425,422825,34600,2126825,1271025,855800,360282,245310,114972
2016-10-11,349350,268725,80625,3400,1435,1965,190625,160075,30550,457150,422175,34975,2116725,1272400,844325,360792,244404,116388
2016-10-12,347850,262250,85600,3370,1430,1940,189950,159975,29975,456800,422175,34625,2109425,1259900,849525,360540,242334,118206
2016-10-13,346150,257500,88650,3370,1380,1990,189800,159975,29825,456275,420875,35400,2099475,1260900,838575,360096,243528,116568
2016-10-14,349075,251825,97250,3320,1380,1940,189800,159975,29825,455900,420875,35025,2089475,1258400,831075,360708,244484,116224
2016-10-17,345800,247475,98325,3250,1380,1870,189800,159975,29825,455650,420895,34755,2083250,1260900,822350,362478,247122,115356
2016-10-18,348000,247600,100400,3030,1400,1630,190400,159400,31000,455750,421100,34650,2085800,1272700,813100,361284,246900,114384
2016-10-19,350625,248625,102000,2955,1465,1490,190400,159400,31000,455475,421100,34375,2110550,1300025,810525,361278,245328,115950
2016-10-20,348575,243850,104725,2960,1490,1470,189725,155650,34075,455100,421100,34000,2147350,1341775,805575,362826,246894,115932
2016-10-24,339950,237525,102425,2960,1610,1350,188925,155650,33275,454100,407525,46575,2182275,1369775,812500,363288,237972,125316
2016-10-25,338800,234825,103975,2935,1130,1805,188625,155225,33400,452975,389500,63475,2159950,793000,1366950,362424,237828,124596
2016-10-26,336225,223525,112700,2930,1130,1800,188450,155225,33225,451950,389500,62450,2153400,1368825,784575,362484,236352,126132
2016-10-27,331450,211025,120425,2905,1130,1775,188300,155225,33075,451600,388375,63225,2148350,778075,1370275,362250,236586,125664
2016-10-28,326400,133425,192975,2895,1130,1765,189150,156325,32825,451425,388375,63050,2143500,771300,1372200,361710,237930,123780
2016-10-31,320825,186825,134000,2895,1130,1765,188700,156325,32375,450800,388375,62425,2141300,1374675,766625,363558,240444,123114
2016-11-01,319475,184900,134575,2895,1130,1765,188700,156325,32375,450725,388375,62350,2140550,1375775,764775,363024,240444,122580
2016-11-02,319000,173025,145975,2895,1130,1765,188700,156325,32375,450575,388375,62200,2137350,1366550,770800,362922,240336,122586
2016-11-03,310600,166625,143975,2945,1135,1810,188575,156325,32250,450375,387800,62575,2132950,1356950,776000,363096,241734,121362
2016-11-04,305000,162500,142500,2955,1140,1815,188350,156325,32025,449350,387050,62300,2131075,1360775,770300,363708,242724,120984
2016-11-07,298400,165075,133325,2930,1125,1805,188125,156325,31800,449050,387050,62000,2125800,1352400,773400,363162,242700,120462
2016-11-09,282600,169825,112775,3035,1305,1730,187725,156325,31400,447800,385475,62325,2116600,1342375,774225,363162,240336,122826
2016-11-10,274950,169825,105125,3100,1370,1730,187650,155325,32325,447450,385475,61975,2111650,1342375,769275,364410,241950,122460
2016-11-11,270850,0,270850,3100,0,3100,187500,0,187500,446650,0,446650,2105350,0,2105350,364410,0,364410
2016-11-14,266150,174050,92100,3140,1410,1730,187500,156325,31175,446350,370475,75875,2098950,1345225,753725,365502,242160,123342
2016-11-15,262050,174425,87625,3155,1420,1735,118100,86875,31225,446250,370475,75775,2160475,1411225,749250,365358,240060,125298
2016-11-16,255600,173825,81775,3150,1440,1710,188100,156875,31225,445975,370475,75500,2160100,1406475,753625,365826,240528,125298
2016-11-17,257875,186350,71525,3190,1495,1695,188075,156875,31200,445600,370475,75125,2163500,1395100,768400,365874,240276,125598
2016-11-18,253700,180425,73275,3115,1470,1645,188850,157650,31200,445275,370475,74800,2157600,1374100,783500,365874,240300,125574
2016-11-21,247075,174975,72100,3085,1420,1665,188850,157650,31200,445075,370475,74600,2152150,1373850,778300,366456,239886,126570
2016-11-22,242275,170450,71825,3010,1435,1575,187825,157650,30175,445000,370475,74525,2144100,1374175,769925,367482,239976,127506
2016-11-23,239400,165750,73650,3070,1495,1575,187825,157650,30175,444550,368825,75725,2136300,1350150,786150,367950,240456,127494
2016-11-24,235875,160525,75350,3015,1690,1325,187825,157650,30175,443275,368325,74950,2137200,1355175,782025,367728,240558,127170
2016-11-25,237200,159550,77650,3095,1795,1300,187825,150150,37675,443050,368325,74725,2131750,1356175,775575,367722,240558,127164
2016-11-28,234250,154375,79875,3070,1790,1280,187825,142650,45175,442825,368325,74500,2158275,1387400,770875,367008,240342,126666
2016-11-29,235475,152650,82825,3130,1815,1315,187825,142650,45175,442650,368325,74325,2155050,1388225,766825,367050,241146,125904
2016-11-30,234825,144225,90600,3105,1800,1305,187725,142650,45075,442400,367850,74550,2149150,1388225,760925,366834,241164,125670
2016-12-01,236675,142525,94150,3185,1880,1305,187725,142650,45075,442000,363425,78575,2144850,1386225,758625,367008,240402,126606
2016-12-02,234025,137675,96350,3210,1905,1305,187225,142650,44575,441500,363425,78075,2139275,1386225,753050,366828,240288,126540
2016-12-05,233025,136675,96350,3185,2090,1095,187175,142600,44575,441375,350925,90450,2129200,1384875,744325,368724,242292,126432
2016-12-06,229500,128475,101025,3185,2065,1120,187675,143100,44575,439800,350725,89075,2118325,1384875,733450,368910,242796,126114
2016-12-07,225925,117225,108700,3185,2045,1140,187275,143100,44175,439350,337275,102075,2113375,1384875,728500,368850,244896,123954
2016-12-08,221125,109675,111450,3350,2215,1135,187275,143050,44225,438975,336750,102225,2107525,1384875,722650,368850,245544,123306
2016-12-09,213325,108850,104475,3235,2235,1000,187275,139900,47375,438300,336650,101650,2101775,1383425,718350,368772,243318,125454
2016-12-12,241550,140175,101375,3340,2345,995,187275,139900,47375,437125,336650,100475,2092125,1383425,708700,368670,243264,125406
2016-12-13,258175,160375,97800,3375,2410,965,187275,139500,47775,435875,336175,99700,2069975,1382925,687050,368598,243042,125556
2016-12-14,278125,182850,95275,3375,2410,965,187225,139450,47775,434975,336175,98800,2092175,1411775,680400,369738,239202,130536
2016-12-15,295300,202800,92500,3415,2450,965,187125,139400,47725,432775,336275,96500,2089425,1414175,675250,371406,243006,128400
2016-12-16,307075,204200,102875,3415,2420,995,187075,139400,47675,430950,334650,96300,2117500,1448125,669375,371286,238650,132636
2016-12-19,345475,236000,109475,3330,2400,930,186525,139400,47125,429650,334350,95300,2112275,1448125,664150,371400,244566,126834
2016-12-20,344025,224925,119100,3490,2560,930,184225,139700,44525,429075,334300,94775,2109450,1450025,659425,371616,245682,125934
2016-12-21,339625,217500,122125,3600,2680,920,184250,139800,44450,429050,334200,94850,2134550,1486025,648525,371712,246216,125496
2016-12-22,335800,217350,118450,3715,2800,915,195950,151500,44450,428875,333875,95000,2139575,1486675,652900,371712,246072,125640
2016-12-23,334525,216800,117725,3660,2800,860,196000,151800,44200,428675,324250,104425,2150025,1501450,648575,371568,245904,125664
2016-12-28,331100,211675,119425,3660,2800,860,195800,151650,44150,428325,324150,104175,2176800,1533000,643800,371406,244974,126432
2016-12-29,328350,212300,116050,3745,2910,835,195750,151550,44200,427850,321700,106150,2183675,1540625,643050,371280,244974,126306
2016-12-30,322225,197000,125225,3745,2910,835,194950,151600,43350,427850,321700,106150,2205925,1524475,681450,371280,245088,126192
2017-01-03,311825,197000,114825,3750,2960,790,194900,151550,43350,427850,317000,110850,2202175,1524375,677800,372066,245946,126120
2017-01-04,305875,196900,108975,3805,3040,765,193900,151675,42225,427850,317000,110850,2196475,1523725,672750,371724,243414,128310
2017-01-05,301775,199650,102125,3805,3035,770,193875,151625,42250,427675,312350,115325,2222450,1554100,668350,370920,244038,126882
2017-01-06,295125,199650,95475,3880,3210,670,193700,151625,42075,427600,312350,115250,2217025,1554025,663000,370920,245598,125322
2017-01-09,294900,202850,92050,3885,3235,650,193300,150775,42525,427225,312350,114875,2215925,1556000,659925,372012,243960,128052
2017-01-10,293400,205125,88275,3815,3360,455,193300,150350,42950,426425,312350,114075,2232725,1577175,655550,371964,241878,130086
2017-01-12,285700,205500,80200,3825,3300,525,192675,149200,43475,424175,312275,111900,2248875,1601025,647850,371820,237756,134064
2017-01-13,281700,204375,77325,3850,3350,500,192650,150200,42450,423275,312275,111000,2244175,1601675,642500,370866,238002,132864
2017-01-16,279000,200925,78075,3935,3425,510,192925,150500,42425,422025,312275,109750,2250950,638900,1612050,369732,238062,131670
2017-01-17,277375,201675,75700,3985,3430,555,193500,158600,34900,419800,312275,107525,2296775,631900,1664875,372114,241146,130968
2017-01-18,276050,74175,201875,4160,3625,535,193450,166075,27375,419625,312275,107350,2300550,1673200,627350,371256,241794,129462
2017-01-19,274100,72575,201525,4200,3680,520,193025,165900,27125,416850,291275,125575,2300375,628350,1672025,371028,249498,121530
2017-01-20,275400,72150,203250,4180,3680,500,195425,161300,34125,414350,276075,138275,2298625,1654875,643750,372006,249912,122094
2017-01-23,274650,199850,74800,4655,4150,505,195225,129025,66200,412500,276075,136425,2289275,1628600,660675,371970,259200,112770
2017-02-03,257150,152550,104600,5805,5495,310,189225,152150,37075,392625,273075,119550,2256000,1643175,612825,382074,267480,114594
2017-02-08,254725,143825,110900,5860,5550,310,188900,122300,66600,385225,273075,112150,2245400,1655750,589650,383244,268134,115110
2017-02-09,251525,140325,111200,5860,5550,310,1888254,1821679,66575,384175,272800,111375,2237500,1653850,583650,382584,270378,112206
2017-02-10,248200,137850,110350,5910,5550,360,188625,118100,70525,383425,272600,110825,2231300,1649375,581925,381864,270750,111114
2017-02-13,247825,139475,108350,5880,5390,490,188575,118100,70475,383650,274800,108850,2225850,1648675,577175,383040,273786,109254
2017-02-14,243350,138325,105025,5880,5275,605,189175,118700,70475,381300,274800,106500,2220775,1630950,589825,381546,275130,106416
2017-02-15,235825,128775,107050,5930,5075,855,189150,118700,70450,395725,290600,105125,2212000,1612725,599275,380610,275730,104880
2017-02-17,229075,126075,103000,5995,5055,940,189750,119350,70400,390850,290425,100425,2202350,1572950,629400,379494,276498,102996
2017-02-20,224025,126075,97950,5770,4950,820,189750,119350,70400,388800,258050,130750,2195100,1559275,635825,383784,281904,101880
2017-02-21,221425,126075,95350,5820,4910,910,189800,119550,70250,387050,258050,129000,2195375,1532575,662800,384900,280938,103962
2017-02-22,219425,126200,93225,5820,4710,1110,189800,119500,70300,385925,216375,169550,2191450,1408050,783400,384000,279000,105000
2017-02-23,214025,125900,88125,5820,4700,1120,189800,119500,70300,383150,216375,166775,2186475,1376650,809825,381720,278976,102744
2017-02-24,210800,125950,84850,5735,4200,1535,190325,120025,70300,381425,198600,182825,2181675,1324300,857375,379680,278880,100800
2017-02-27,206875,96225,110650,5575,4265,1310,1903250,1832925,70325,385900,204775,181125,2209550,1345825,863725,378612,278880,99732
2017-02-28,203100,95725,107375,5550,4295,1255,189750,120000,69750,387150,207675,179475,2200900,1325775,875125,377466,273936,103530
2017-03-01,200725,95975,104750,5560,4250,1310,189600,120000,69600,384100,203550,180550,2188400,1303275,885125,377778,274548,103230
2017-03-02,200000,95775,104225,5650,4265,1385,189900,120350,69550,384075,203350,180725,2180775,1302975,877800,378444,275682,102762
2017-03-03,196425,88750,107675,5425,3610,1815,189750,120350,69400,383050,203350,179700,2160925,1300975,859950,377730,270612,107118
2017-03-06,235250,125000,110250,5415,4065,1350,189725,120300,69425,386450,208250,178200,2141525,1298825,842700,377280,270564,106716
2017-03-07,261975,107900,154075,5320,3910,1410,189725,120300,69425,386025,208250,177775,2117875,819050,1298825,381096,272442,108654
2017-03-08,288525,165025,123500,5030,3845,1185,189725,120250,69475,383850,208050,175800,2101550,1298525,803025,386118,279588,106530
2017-03-09,327300,194825,132475,4845,3820,1025,190400,120925,69475,382525,207725,174800,2084800,1298250,786550,385830,279276,106554
2017-03-10,325500,139425,186075,4765,3835,930,190400,120850,69550,380050,207625,172425,2068525,774175,1294350,384978,279498,105480
2017-03-13,331200,182900,148300,4640,3675,965,190400,120850,69550,383250,211475,171775,2054425,1293100,761325,383910,281016,102894
2017-03-14,332050,184850,147200,4585,3385,1200,191000,121450,69550,381650,211475,170175,2033000,1293100,739900,384522,282054,102468
2017-03-15,340525,179825,160700,4530,3335,1195,190550,121450,69100,379275,201175,178100,2019325,1292800,726525,386400,285036,101364
2017-03-16,339025,179825,159200,4535,3215,1320,19425,-49550,68975,377725,201175,176550,2007850,1281525,726325,384924,284304,100620
2017-03-17,337600,179825,157775,4535,2215,2320,190425,121450,68975,376475,201175,175300,1996000,1269475,726525,384258,281760,102498
2017-03-20,332975,179225,153750,4225,2215,2010,190425,121450,68975,375675,201175,174500,1985875,1211875,774000,382824,282606,100218
2017-03-21,329850,180325,149525,3965,1965,2000,190025,121450,68575,379425,205800,173625,1975050,1146700,828350,381948,280722,101226
2017-03-22,323975,175075,148900,3915,1965,1950,190200,78025,112175,378150,205625,172525,1964600,1069375,895225,381714,281418,100296
2017-03-23,317100,175000,142100,3740,2895,845,190200,78025,112175,377175,205100,172075,1954650,1075150,879500,382176,281010,101166
2017-03-24,312525,176825,135700,3715,3095,620,190200,77975,112225,375825,205100,170725,1945800,1063025,882775,382266,282240,100026
2017-03-27,311375,182625,128750,3715,3095,620,190200,77925,112275,374725,183800,190925,1936275,1056125,880150,382158,283620,98538
2017-03-28,309225,180650,128575,3715,3145,570,190200,77925,112275,374150,183800,190350,1923300,1045400,877900,381180,284076,97104
2017-03-29,304275,172100,132175,3565,3140,425,190150,77925,112225,373800,186600,187200,1912075,1011275,900800,379866,280422,99444
2017-03-30,297550,172100,125450,3540,3125,415,189100,77850,111250,372825,186350,186475,1898450,1007125,891325,378402,280398,98004
2017-03-31,291175,166575,124600,3465,3125,340,187175,77800,109375,371875,186200,185675,1886400,1003275,883125,377514,277902,99612
2017-04-03,283900,165825,118075,3510,3175,335,184275,77800,106475,370950,186000,184950,1877300,1003975,873325,376476,277872,98604
2017-04-05,273750,163625,110125,3475,2925,550,178700,77800,100900,369525,185775,183750,1850425,1007000,843425,376872,276084,100788
2017-04-06,270550,165075,105475,3475,2850,625,175800,77800,98000,368450,184000,184450,1837050,988100,848950,376566,275568,100998
2017-04-07,265325,163750,101575,3475,2665,810,173025,77800,95225,367400,184000,183400,1818300,987050,831250,375702,275544,100158
2017-04-10,266575,169700,96875,3330,2725,605,171750,77800,93950,366600,183850,182750,1802800,1007875,794925,374532,275544,98988
2017-04-11,259675,166050,93625,3330,2725,605,170850,77975,92875,365900,183850,182050,1788525,1070250,718275,370872,276462,94410
2017-04-12,258825,168850,89975,3330,2725,605,169825,77975,91850,364050,183225,180825,1774950,1099250,675700,369678,276396,93282
2017-04-13,257200,172750,84450,3340,2750,590,168800,77975,90825,361850,183100,178750,1759850,1099250,660600,369438,276864,92574
2017-04-18,255425,163125,92300,3275,2755,520,168825,78575,90250,359150,183100,176050,1745750,1099250,646500,369354,277140,92214
2017-04-19,267475,97750,169725,3195,340,2855,168175,89250,78925,357525,174425,183100,1713250,610700,1102550,374952,93024,281928
2017-04-20,268450,159975,108475,3195,2580,615,167675,78925,88750,356450,182350,174100,1702125,1101750,600375,375738,282378,93360
2017-04-21,268400,150950,117450,3195,2575,620,167175,78925,88250,355150,182350,172800,1687875,1092925,594950,380946,279054,101892
2017-04-24,264850,143175,121675,3170,2375,795,166925,79175,87750,353200,182000,171200,1678250,1092425,585825,380496,278514,101982
2017-04-25,262250,135675,126575,3095,2325,770,166325,79100,87225,351675,181925,169750,1668925,987000,681925,380172,278124,102048
2017-04-26,261475,126475,135000,3040,2325,715,165750,79100,86650,350750,181825,168925,1655825,981500,674325,379338,278142,101196
2017-04-27,260575,120625,139950,3020,1005,2015,165400,86025,79375,349925,169800,180125,1652200,661300,990900,379002,100896,278106
2017-04-28,259725,122550,137175,3015,1945,1070,165375,79475,85900,349050,180125,168925,1645375,991400,653975,379644,278778,100866
2017-05-02,259725,138475,121250,2865,1040,1825,169425,83025,86400,348225,168250,179975,1633325,641925,991400,379182,102150,277032
2017-05-04,317850,200275,117575,2630,1825,805,174250,87850,86400,342475,179950,162525,1609925,618525,991400,380502,278586,101916
2017-05-05,354650,243300,111350,2490,775,1715,173725,86150,87575,340450,179125,161325,1599725,969850,629875,380712,101766,278946
2017-05-08,351550,243300,108250,2375,1715,660,177225,86775,90450,338700,179125,159575,1592300,967950,624350,380712,277782,102930
2017-05-09,342825,241500,101325,2290,1810,480,176725,88150,88575,342025,184300,157725,1577800,953450,624350,380718,276894,103824
2017-05-10,342825,241500,101325,2290,1810,480,176725,88150,88575,342025,184300,157725,1577800,953450,624350,380718,276894,103824
2017-05-11,336725,235400,101325,2290,1810,480,178325,84850,93475,347200,232075,115125,1564800,968475,596325,381834,275280,106554
2017-05-12,329375,219625,109750,2320,1860,460,183150,90025,93125,345150,192075,153075,1556150,968475,587675,380610,275280,105330
2017-05-15,325150,218700,106450,2300,1835,465,183150,90025,93125,346225,151025,195200,1545025,968375,576650,379638,275352,104286
2017-05-16,322500,218700,103800,2300,1735,565,183250,90575,92675,349300,199775,149525,1536275,967850,568425,380250,277194,103056
2017-05-17,339600,233375,106225,2215,1690,525,183800,91450,92350,347700,199775,147925,1526800,964850,561950,380340,275964,104376
2017-05-18,340350,237475,102875,2045,1690,355,184450,91850,92600,344875,199125,145750,1515400,964850,550550,379824,272634,107190
2017-05-19,336650,225975,110675,2020,1690,330,184425,91850,92575,342675,170200,172475,1506700,964850,541850,378894,269706,109188
2017-05-22,332300,207275,125025,1970,1590,380,183225,174025,9200,340350,169000,171350,1495350,964850,530500,378858,266808,112050
2017-05-23,329875,194850,135025,2030,1690,340,183525,114900,68625,339150,169000,170150,1489325,964300,525025,378414,265680,112734
2017-05-24,325675,176225,149450,2060,1670,390,183500,114900,68600,337400,168425,168975,1480025,964300,515725,384798,269808,114990
2017-05-25,321575,172000,149575,2060,1670,390,183400,114900,68500,335875,163525,172350,1470550,962175,508375,383844,269886,113958
2017-05-26,318650,160750,157900,2015,1665,350,182900,114900,68000,334225,163525,170700,1496450,992175,504275,382104,268296,113808
2017-05-31,311150,157275,153875,1980,1660,320,181250,114000,67250,331225,163525,167700,1473925,993075,480850,378984,267726,111258
2017-06-01,308000,142825,165175,1910,1640,270,180275,114000,66275,329925,161825,168100,1467375,474300,993075,384966,273816,111150
2017-06-02,305550,142925,162625,1910,1640,270,179675,112225,67450,329675,179325,150350,1479725,469875,1009850,383292,273426,109866
2017-06-05,302625,142925,159700,1910,1640,270,179200,112225,66975,328500,179325,149175,1475100,1009850,465250,381480,273222,108258
2017-06-06,299575,144850,154725,1910,1580,330,179200,111150,68050,327300,179325,147975,1473050,1034950,438100,379932,273054,106878
2017-06-07,294225,144850,149375,1910,1580,330,178175,110450,67725,325975,178825,147150,1465650,1034650,431000,379572,273588,105984
2017-06-08,286350,145150,141200,2025,1670,355,177150,110450,66700,324325,176275,148050,1461700,1034650,427050,378174,271326,106848
2017-06-09,276875,145175,131700,1910,1670,240,177300,113875,63425,323025,176400,146625,1456350,1034650,421700,376914,270270,106644
2017-06-12,279575,152800,126775,1910,1670,240,176875,113700,63175,321575,176125,145450,1450675,1031650,419025,375870,270216,105654
2017-06-13,275850,153800,122050,1910,1670,240,176575,112800,63775,320450,174625,145825,1444550,1031600,412950,375822,267720,108102
2017-06-14,272625,159400,113225,1920,1610,310,176375,111525,64850,317975,171975,146000,1438025,1031600,406425,376452,265782,110670
2017-06-15,268500,159300,109200,1915,1485,430,176300,110725,65575,316175,171975,144200,1436125,1031600,404525,376986,265830,111156
2017-06-16,268450,162350,106100,1890,1485,405,175575,110875,64700,314050,169450,144600,1432825,1031600,401225,376950,261330,115620
2017-06-19,265175,162350,102825,1765,1485,280,174650,110875,63775,311925,144975,166950,1425725,1031600,394125,377472,262758,114714
2017-06-20,262075,162025,100050,1720,1470,250,174050,111150,62900,306575,144975,161600,1419325,1032475,386850,377472,260670,116802
2017-06-21,259300,144825,114475,1730,1480,250,173525,107525,66000,304975,144525,160450,1440875,1058625,382250,377094,259854,117240
2017-06-22,256700,144825,111875,1780,1530,250,172825,107525,65300,304000,103725,200275,1432750,1067050,365700,376644,257478,119166
2017-06-23,258700,146150,112550,1790,1555,235,171350,102275,69075,301900,81150,220750,1429525,1067050,362475,375852,256170,119682
2017-06-26,254675,144375,110300,1750,1555,195,170425,99675,70750,301175,80150,221025,1424475,1063350,361125,374952,256086,118866
2017-06-27,250550,143400,107150,1750,1550,200,170575,101050,69525,299875,79900,219975,1420150,1062075,358075,374634,252732,121902
2017-06-28,248675,145800,102875,1750,1520,230,169750,101050,68700,297875,79900,217975,1416825,1062075,354750,373914,252552,121362
2017-06-29,243300,145800,97500,1750,1470,280,167850,101050,66800,294425,70350,224075,1414125,1068225,345900,372870,251454,121416
2017-06-30,249700,155650,94050,1690,1465,225,165650,101050,64600,291300,70350,220950,1411675,1068225,343450,372228,251454,120774
2017-07-03,278275,180200,98075,1690,1465,225,164150,101050,63100,289275,70350,218925,1409775,1068725,341050,371460,251310,120150
2017-07-04,275600,176125,99475,1665,1490,175,162975,101050,61925,287375,70350,217025,1402000,1069050,332950,370620,251286,119334
2017-07-05,315925,213900,102025,1635,1440,195,161925,99250,62675,284850,70350,214500,1397375,1069050,328325,370284,250920,119364
2017-07-06,314775,213900,100875,1655,1425,230,161075,99600,61475,284025,70350,213675,1391525,1068050,323475,372642,253458,119184
2017-07-07,315075,213925,101150,1800,1595,205,160000,98950,61050,281250,70350,210900,1382125,1063000,319125,372876,253164,119712
2017-07-10,319975,218425,101550,1900,1700,200,159775,98550,61225,279225,70350,208875,1383025,1064950,318075,372876,254016,118860
2017-07-11,319750,219375,100375,1850,1680,170,159125,98350,60775,276200,70350,205850,1377750,1063550,314200,372588,252372,120216
2017-07-12,318550,219375,99175,1870,1695,175,158625,95350,63275,273675,70350,203325,1392625,1063425,329200,376476,255924,120552
2017-07-13,318225,221850,96375,1900,1735,165,158425,94800,63625,270225,69850,200375,1386100,1063425,322675,375648,254664,120984
2017-07-14,313300,222025,91275,1935,1795,140,158275,94925,63350,266800,98325,168475,1382225,1063425,318800,374544,254724,119820
2017-07-17,309125,222025,87100,1935,1790,145,158100,95525,62575,264200,124400,139800,1378250,1064650,313600,373206,253806,119400
2017-07-18,307275,226725,80550,1930,1790,140,157675,94350,63325,272650,134900,137750,1373350,1059650,313700,373968,253530,120438
2017-07-19,309250,230150,79100,1960,1720,240,156725,94350,62375,271200,134625,136575,1369125,1059725,309400,375384,255360,120024
2017-07-20,308050,230100,77950,2120,1825,295,156150,94350,61800,270100,134925,135175,1362675,1059725,302950,376566,256524,120042
2017-07-21,306625,229600,77025,2160,1300,860,155275,93350,61925,269225,134825,134400,1354550,1059725,294825,376182,252522,123660
2017-07-24,305875,229075,76800,2155,1300,855,155275,91350,63925,268050,134775,133275,1351400,1059725,291675,375240,251244,123996
2017-07-25,304850,227550,77300,2155,1300,855,155075,90400,64675,267475,134775,132700,1375675,1082075,293600,375138,249846,125292
2017-07-26,303250,221125,82125,2125,1300,825,154175,89250,64925,266525,131400,135125,1372250,1079050,293200,376038,247428,128610
2017-07-27,302125,216125,86000,2095,1345,750,154475,89900,64575,266300,124950,141350,1367875,1063750,304125,376080,247536,128544
2017-07-28,300575,212525,88050,1985,1350,635,154100,89325,64775,265975,146125,119850,1361900,1055900,306000,374478,245778,128700
2017-07-31,296975,209000,87975,1985,1350,635,153825,88725,65100,265875,155650,110225,1354125,1046900,307225,373032,246150,126882
2017-08-01,295525,205450,90075,1985,1350,635,152800,86625,66175,264600,155650,108950,1349125,1046800,302325,372936,246150,126786
2017-08-02,301100,198325,102775,1910,1350,560,151925,86625,65300,264375,155650,108725,1344000,1045800,298200,373374,246702,126672
2017-08-03,299425,189900,109525,1910,1350,560,151425,86625,64800,264150,155650,108500,1336700,1045800,290900,373086,246936,126150
2017-08-04,298225,181925,116300,2030,1470,560,151000,86625,64375,264000,155650,108350,1331175,1042725,288450,373086,246840,126246
2017-08-07,296700,173150,123550,2100,1540,560,150650,86625,64025,263475,155650,107825,1321750,1041300,280450,375282,250158,125124
2017-08-08,293950,164875,129075,1650,1540,110,150600,85975,64625,262525,155400,107125,1313200,1038500,274700,373992,250026,123966
2017-08-09,288925,158125,130800,1700,1565,135,152650,88000,64650,261100,155400,105700,1302825,1033075,269750,374544,251142,123402
2017-08-10,288050,154000,134050,1700,1565,135,152575,88000,64575,259700,155400,104300,1294075,1031175,262900,374382,251112,123270
2017-08-11,283675,144100,139575,1730,1595,135,152050,88000,64050,258300,155300,103000,1283825,1031175,252650,375696,256002,119694
2017-08-15,280975,133300,147675,1750,1640,110,149225,87925,61300,252900,155250,97650,1288925,1030450,258475,384258,264186,120072
2017-08-18,271350,126300,145050,1945,1565,380,148050,87200,60850,248025,126650,121375,1287075,1055625,231450,384864,266994,117870
2017-08-21,261700,122025,139675,1945,1565,380,147950,87200,60750,247850,125525,122325,1298225,1086475,211750,384594,249786,134808
2017-08-25,240825,112950,127875,1875,1620,255,148200,88325,59875,246325,120250,126075,1321600,1132175,189425,387450,240210,147240
2017-09-04,220875,113350,107525,1910,1760,150,148300,81425,66875,243725,112700,131025,1324625,1149200,175425,387246,243846,143400
2017-09-07,210725,111550,99175,1940,1705,235,164450,102950,61500,242675,112475,130200,1321375,1152900,168475,384150,238464,145686
2017-09-08,213175,116375,96800,1915,1665,250,164375,102900,61475,241800,112475,129325,1321500,1154225,167275,384978,241722,143256
2017-09-12,218725,129450,89275,1945,1690,255,163775,113800,49975,253975,126475,127500,1318950,1152250,166700,382890,243012,139878
2017-09-15,304350,217500,86850,1955,1760,195,163125,112600,50525,263750,141200,122550,1313400,1135600,177800,384078,250554,133524
2017-09-27,301950,222875,79075,2070,1810,260,157500,99950,57550,259350,128600,130750,1280100,1006475,273625,385158,252078,133080
2017-09-29,297250,226350,70900,2070,1810,260,157550,100750,56800,255400,130175,125225,1268700,1001000,267700,381942,254184,127758
2017-10-03,302050,228750,73300,2045,1770,275,156900,100075,56825,252225,113200,139025,1255475,1001000,254475,382734,245712,137022
2017-10-06,293450,225800,67650,1970,1775,195,155125,100500,54625,250700,113675,137025,1246875,1002825,244050,386502,249912,136590
2017-10-12,285900,214225,71675,2045,1860,185,152625,100500,52125,266725,133500,133225,1230750,969700,261050,385830,252696,133134
2017-10-18,292225,219375,72850,2110,1985,125,151925,100600,51325,271250,205350,65900,1210325,969475,240850,385218,246336,138882
2017-10-19,291250,221875,69375,2110,1985,125,151850,100600,51250,269725,205350,64375,1207800,969475,238325,386418,245184,141234
2017-10-26,275575,169225,106350,2095,1960,135,148450,99450,49000,262400,176800,85600,1191550,928800,262750,385956,239748,146208
2017-11-03,270400,161575,108825,2070,1900,170,148475,101675,46800,249250,161600,87650,1181300,943750,237550,384054,243942,140112
2017-11-07,267650,165275,102375,2070,1900,170,147300,101600,45700,244025,161600,82425,1177050,933725,243325,382356,243366,138990
2017-11-09,259725,164000,95725,2070,1895,175,146350,101600,44750,238300,161600,76700,1171975,933400,238575,382980,248610,134370
2017-11-10,260150,169000,91150,2100,1925,175,146700,102100,44600,235225,161600,73625,1168375,913000,255375,382524,248466,134058
2017-11-22,226275,138050,88225,2210,1990,220,145325,99150,46175,222525,164350,58175,1133800,896725,237075,384204,249696,134508
2017-11-24,213600,138750,74850,2205,1995,210,145325,99650,45675,219700,164350,55350,1124975,893300,231675,382362,249444,132918
2017-11-30,188525,140075,48450,2240,1930,310,145075,99500,45575,213000,164350,48650,1112025,892425,219600,380136,250002,130134
2017-12-01,183525,139800,43725,2395,2070,325,145000,99500,45500,211525,164350,47175,1108900,874775,234125,380100,249942,130158
2017-12-11,194600,159675,34925,2320,2010,310,145750,94650,51100,199425,164350,35075,1097425,871425,226000,376152,247368,128784
2017-12-13,191600,159325,32275,2310,2010,300,144600,95175,49425,196850,164350,32500,1109725,887550,222175,377166,248994,128172
2017-12-15,195200,163150,32050,2310,1985,325,144550,97650,46900,193750,164350,29400,1105950,888900,217050,374850,248946,125904
2017-12-21,201650,170275,31375,2450,2075,375,141875,98950,42925,188225,164350,23875,1106025,892750,213275,373410,251652,121758
2017-12-22,201600,165400,36200,2395,1850,545,141950,99125,42825,186675,164325,22350,1104950,891525,213425,374136,253380,120756
2017-12-27,202100,160475,41625,2395,1850,545,141750,92000,49750,185275,164325,20950,1104425,849200,255225,372258,253278,118980
2018-01-03,200225,155250,44975,2285,1845,440,142075,95350,46725,180825,164325,16500,1101800,850975,250825,366072,253128,112944
2018-01-05,203850,158950,44900,2335,1845,490,141925,94850,47075,180325,139250,41075,1099475,849725,249750,365070,252546,112524
2018-01-12,204125,157350,46775,2115,1450,665,142075,97275,44800,180150,126675,53475,1086875,836375,250500,365994,259272,106722
2018-01-22,211775,159425,52350,1960,1310,650,138800,85000,53800,179950,98400,81550,1088425,839225,249200,363168,259044,104124
2018-01-23,248075,204250,43825,1900,1325,575,138600,80000,58600,179550,98400,81150,1086200,836500,249700,362868,259650,103218
2018-01-24,276675,228575,48100,1780,1180,600,138175,80000,58175,179475,98400,81075,1087850,839525,248325,362196,252960,109236
2018-01-25,299600,253400,46200,1820,1220,600,138050,78800,59250,179450,98400,81050,1086575,840000,246575,362058,252156,109902
2018-01-26,309125,258675,50450,1825,1225,600,137875,78800,59075,178025,98400,79625,1081425,840000,241425,361782,253104,108678
2018-01-29,308650,252650,56000,1750,1215,535,136700,78750,57950,176275,98400,77875,1085475,844925,240550,360714,253104,107610
2018-01-30,306950,245875,61075,1750,1190,560,135750,78750,57000,174400,98350,76050,1084875,843375,241500,359292,250920,108372
2018-01-31,305575,240325,65250,1925,1365,560,134525,78750,55775,172575,98350,74225,1081475,843375,238100,357012,251652,105360
2018-02-01,304675,240000,64675,1955,1370,585,133250,78500,54750,170700,98350,72350,1080550,843375,237175,355266,250740,104526
2018-02-02,304325,239475,64850,1930,1155,775,132325,77525,54800,168800,98350,70450,1077650,843775,233875,353592,250740,102852
2018-02-05,304000,240000,64000,1800,1155,645,131125,77525,53600,167450,98350,69100,1075050,843775,231275,350652,250884,99768
2018-02-06,297825,239600,58225,1770,1155,615,130175,77525,52650,166050,83700,82350,1066225,841550,224675,349476,249948,99528
2018-02-07,294975,239925,55050,1790,1170,620,128800,78200,50600,164350,83700,80650,1059875,841550,218325,347148,249174,97974
2018-02-08,316100,265625,50475,1845,1220,625,126950,78200,48750,162725,83700,79025,1058175,836950,221225,343896,249852,94044
2018-02-09,336225,293025,43200,1855,1230,625,125275,78200,47075,159650,83700,75950,1097100,877600,219500,342204,249870,92334
2018-02-12,333850,290000,43850,1935,1260,675,123825,78200,45625,156950,83700,73250,1116575,899750,216825,341160,249666,91494
2018-02-13,333025,282350,50675,1925,1260,665,122700,77850,44850,156125,83700,72425,1275500,1065975,209525,339006,249690,89316
2018-02-14,333625,283100,50525,1910,1265,645,121075,77725,43350,154350,83700,70650,1272550,1071725,200825,338652,249600,89052
2018-02-15,333525,283050,50475,1845,1325,520,119025,77725,41300,154350,83700,70650,1303825,1101050,202775,339708,250536,89172
2018-02-16,332775,284450,48325,1860,1340,520,117375,77725,39650,151650,83700,67950,1296450,1077775,218675,338958,250140,88818
2018-02-19,338275,290750,47525,1860,1340,520,116375,77625,38750,149100,83700,65400,1295425,1071800,223625,338928,249882,89046
2018-02-20,337850,291050,46800,1860,1340,520,115725,77950,37775,146675,83700,62975,1308525,1147000,161525,337230,250746,86484
2018-02-21,337175,289975,47200,1860,1310,550,115125,79000,36125,146625,83700,62925,1314500,1159325,155175,336984,250650,86334
2018-02-22,334675,279875,54800,1860,1345,515,115300,80500,34800,143750,83700,60050,1314225,1144000,170225,337008,250506,86502
2018-02-23,332450,280875,51575,1860,1320,540,113650,80425,33225,140975,83700,57275,1330875,1164150,166725,336264,248670,87594
2018-02-26,331575,277725,53850,1885,1350,535,113050,77275,35775,138225,83700,54525,1326825,1106325,220500,335994,248670,87324
2018-02-27,330425,278425,52000,1785,1350,435,112875,77575,35300,135800,83900,51900,1318375,1085175,233200,335586,248292,87294
2018-02-28,330800,277400,53400,1795,1390,405,125800,90500,35300,134475,83900,50575,1324475,1093400,231075,335280,243168,92112
2018-03-01,328000,277400,50600,1720,1390,330,125225,90500,34725,133475,83900,49575,1322150,1093900,228250,335508,236586,98922
2018-03-02,324900,276400,48500,1770,1440,330,134625,100250,34375,131775,83900,47875,1323050,1094850,228200,334116,230508,103608
2018-03-05,322175,277875,44300,1610,1440,170,134600,100250,34350,209050,162825,46225,1322575,1095600,226975,333648,231348,102300
2018-03-06,319650,277525,42125,1570,1375,195,134200,100250,33950,207975,177000,30975,1320700,1095600,225100,332094,229860,102234
2018-03-07,316375,275775,40600,1555,1375,180,134150,100150,34000,207775,183050,24725,1319300,1080825,238475,330438,229872,100566
2018-03-08,314875,278375,36500,1555,1375,180,133650,100150,33500,205225,180350,24875,1315500,1080625,234875,330888,230484,100404
2018-03-09,311125,269600,41525,1555,1375,180,131525,100025,31500,202575,178550,24025,1311725,1078900,232825,328998,201240,127758
2018-03-12,321125,277075,44050,1665,1435,230,131400,100025,31375,200000,178550,21450,1306400,1058350,248050,326790,202254,124536
2018-03-13,321475,278225,43250,1670,1440,230,131300,92025,39275,197500,178600,18900,1301700,1058350,243350,326364,201780,124584
2018-03-14,319825,276125,43700,1710,1405,305,131125,78175,52950,207775,191475,16300,1295625,1057275,238350,325434,197142,128292
2018-03-15,319325,274075,45250,1660,1425,235,130925,77125,53800,206350,191475,14875,1311900,1075725,236175,325386,195660,129726
2018-03-16,321450,279125,42325,1660,1415,245,130650,77200,53450,206125,176050,30075,1306150,1058650,247500,324894,195144,129750
2018-03-19,319275,277900,41375,1675,1470,205,130425,77200,53225,206050,170300,35750,1293900,1056000,237900,324096,196392,127704
2018-03-20,322475,282050,40425,1765,1535,230,130250,76950,53300,211400,175650,35750,1288675,1049625,239050,322884,197328,125556
2018-03-21,321900,286800,35100,1950,1725,225,130875,77675,53200,211350,163075,48275,1283025,1049625,233400,325812,209196,116616
2018-03-22,319500,281125,38375,1940,1650,290,130650,77675,52975,211250,163075,48175,1279025,1043625,235400,325836,200652,125184
2018-03-23,317750,272475,45275,1975,1710,265,130825,78250,52575,211225,163075,48150,1276375,1043875,232500,324870,190302,134568
2018-03-26,352750,303825,48925,2055,1785,270,130575,78250,52325,210725,139450,71275,1273150,1038400,234750,323880,189798,134082
2018-03-27,383975,338800,45175,1980,1785,195,130300,78250,52050,210075,139375,70700,1268175,1031525,236650,323400,188802,134598
2018-03-28,388175,342775,45400,1995,1800,195,129800,78250,51550,209550,139375,70175,1261625,996500,265125,322236,188592,133644
2018-03-29,383075,330400,52675,2060,1890,170,129275,78250,51025,212825,143525,69300,1286300,1026275,260025,320586,188580,132006
2018-04-03,383025,319525,63500,2035,1890,145,129100,78250,50850,211650,143225,68425,1281475,1021825,259650,320268,188574,131694
2018-04-04,378075,312775,65300,2075,1965,110,129025,78250,50775,209500,143225,66275,1270350,1008725,261625,318720,189702,129018
2018-04-05,372850,305725,67125,2050,1965,85,129150,78425,50725,207325,166650,40675,1265350,1006875,258475,318432,189660,128772
2018-04-06,370750,305950,64800,2000,1965,35,129225,78675,50550,205350,166050,39300,1260900,999125,261775,317328,188952,128376
2018-04-09,372175,303875,68300,1995,1965,30,129175,78675,50500,203225,166050,37175,1254125,996875,257250,315870,195978,119892
2018-04-10,369525,301425,68100,2005,1975,30,129175,78675,50500,201175,166050,35125,1249575,972000,277575,315186,196470,118716
2018-04-11,366725,301925,64800,2005,1975,30,129100,78675,50425,199025,166050,32975,1250775,978675,272100,315834,197412,118422
2018-04-12,362700,301625,61075,1980,1975,5,129325,78925,50400,196475,166025,30450,1345225,1070650,274575,314946,197100,117846
2018-04-13,357025,301350,55675,1980,1980,0,129200,78675,50525,194675,166000,28675,1345175,974825,370350,312954,198720,114234
2018-04-16,352000,302500,49500,2010,2010,0,129150,79475,49675,192725,166000,26725,1360275,999550,360725,311988,200124,111864
2018-04-17,358025,313450,44575,2015,2015,0,129400,81925,47475,190800,166000,24800,1412400,1053900,358500,314454,203256,111198
2018-04-18,359275,322275,37000,2015,2005,10,129375,81925,47450,189075,166150,22925,1412500,1006200,406300,315678,206238,109440
2018-04-19,355150,322975,32175,2100,2090,10,129500,82300,47200,186825,165800,21025,1404350,973325,431025,314328,205860,108468
2018-04-20,353375,306900,46475,2130,2095,35,131000,76875,54125,185000,165900,19100,1395550,939750,455800,312894,204948,107946
2018-04-23,351825,286675,65150,2190,2155,35,130950,76875,54075,183175,165900,17275,1385025,935650,449375,312912,204252,108660
2018-04-24,348725,266625,82100,2180,2155,25,131150,78025,53125,181325,165850,15475,1378350,914300,464050,312324,204150,108174
2018-04-25,346300,253700,92600,2180,2130,50,130850,78000,52850,209475,195925,13550,1372500,917650,454850,310920,205140,105780
2018-04-26,342250,254550,87700,2180,2130,50,129800,78000,51800,228150,215775,12375,1362750,917650,445100,309594,203484,106110
2018-04-27,337700,248275,89425,2250,2200,50,130175,77950,52225,237800,224225,13575,1349950,930125,419825,307668,204576,103092
2018-04-30,334650,248025,86625,2250,2195,55,131125,78900,52225,237550,223825,13725,1341375,924000,417375,307284,205758,101526
2018-05-01,325525,242150,83375,2225,2195,30,130775,79050,51725,237275,223825,13450,1325925,925250,400675,306762,205662,101100
2018-05-02,324225,242150,82075,2225,2150,75,130725,79050,51675,237000,223575,13425,1323425,880350,443075,306762,205362,101400
2018-05-03,316400,241700,74700,2225,2150,75,131650,80025,51625,236775,223575,13200,1319300,871825,447475,315696,216756,98940
2018-05-04,311375,241750,69625,2200,2100,100,131600,80025,51575,236475,223575,12900,1310650,866775,443875,314862,217332,97530
2018-05-08,302625,239975,62650,2265,2170,95,132500,80925,51575,236300,223575,12725,1297550,863950,433600,313644,216090,97554
2018-05-09,293025,240150,52875,2260,2170,90,132050,80925,51125,235350,217500,17850,1276450,863950,412500,313446,216894,96552
2018-05-10,285075,230575,54500,2380,2190,190,131800,80900,50900,234700,217500,17200,1265175,863950,401225,312642,216894,95748
2018-05-11,281075,229950,51125,2380,2165,215,132025,81125,50900,234150,216125,18025,1264250,860700,403550,311604,215418,96186
2018-05-14,289975,238600,51375,2380,2165,215,131225,81050,50175,233700,216125,17575,1259300,862225,397075,311448,215418,96030
2018-05-15,291350,241300,50050,2290,2160,130,131225,81050,50175,232800,216125,16675,1247100,853050,394050,308478,215124,93354
2018-05-16,290825,242975,47850,2290,2160,130,131825,81250,50575,232450,216125,16325,1243175,843800,399375,307668,214836,92832
2018-05-17,300200,248250,51950,2425,2180,245,132025,81475,50550,231625,216125,15500,1249450,996875,252575,306054,214254,91800
2018-05-18,301475,247150,54325,2430,2135,295,133725,93325,40400,231450,216125,15325,1243850,968150,275700,305748,213780,91968
2018-05-21,302900,240250,62650,2440,2145,295,133275,93325,39950,231100,216025,15075,1234575,966375,268200,303576,213714,89862
2018-05-22,300175,234275,65900,2510,2235,275,133275,93325,39950,230775,216025,14750,1232775,962250,270525,300126,213714,86412
2018-05-23,298000,226300,71700,2565,2290,275,133300,93250,40050,230000,216025,13975,1231000,958275,272725,297672,209934,87738
2018-05-24,300125,206400,93725,2635,2365,270,133300,72000,61300,229275,216025,13250,1227900,945850,282050,296898,209490,87408
2018-05-25,293450,206300,87150,2635,2390,245,133950,73000,60950,229150,215325,13825,1222850,946100,276750,296316,209490,86826
2018-05-29,294750,198725,96025,2450,2390,60,134050,73450,60600,228975,195325,33650,1219250,938575,280675,294804,211728,83076
2018-05-30,283375,191200,92175,2425,2390,35,134200,73750,60450,228975,195225,33750,1210300,935275,275025,292098,211728,80370
2018-05-31,311525,226675,84850,2425,2350,75,133550,73875,59675,245750,212225,33525,1205875,932825,273050,290604,208800,81804
2018-06-01,317950,231300,86650,2420,2350,70,133475,73875,59600,245650,211675,33975,1206375,934600,271775,287646,209472,78174
2018-06-04,315350,230700,84650,2520,2435,85,134200,74850,59350,244950,211675,33275,1199150,927750,271400,286752,209370,77382
2018-06-05,309300,230225,79075,2575,2490,85,133975,74850,59125,244675,210875,33800,1192100,924325,267775,281214,209274,71940
2018-06-06,306750,230650,76100,2550,2490,60,133225,74850,58375,251275,217550,33725,1186350,920375,265975,280116,209046,71070
2018-06-07,310200,237275,72925,2550,2490,60,132850,74675,58175,250975,217425,33550,1180175,939075,241100,278790,211620,67170
2018-06-08,307075,236225,70850,2560,2495,65,132900,88775,44125,249900,217425,32475,1175225,939325,235900,278994,212454,66540
2018-06-11,299500,237575,61925,2560,2495,65,132750,89150,43600,248450,227275,21175,1168975,938650,230325,279120,212520,66600
2018-06-12,295725,239650,56075,2500,2495,5,132750,89150,43600,246900,227275,19625,1162650,937800,224850,277986,212040,65946
2018-06-13,293450,240225,53225,2500,2495,5,132625,89150,43475,245150,227275,17875,1153875,937150,216725,277014,211656,65358
2018-06-14,293550,241725,51825,2595,2590,5,132275,87000,45275,243550,227250,16300,1148000,929650,218350,276312,210900,65412
2018-06-15,294700,244750,49950,2595,2590,5,131875,91475,40400,241450,224200,17250,1142600,920850,221750,276384,211026,65358
2018-06-18,294275,246375,47900,2595,2590,5,131600,86050,45550,245375,236450,8925,1139575,907750,231825,275712,211026,64686
2018-06-19,294550,248775,45775,2595,2465,130,131575,86350,45225,246525,237700,8825,1136925,897600,239325,275658,211482,64176
2018-06-20,308975,264575,44400,2595,2465,130,132600,88075,44525,246175,237700,8475,1132475,886700,245775,275616,211140,64476
2018-06-21,307675,252375,55300,2595,2465,130,132500,88075,44425,247450,239225,8225,1131100,888025,243075,275544,209604,65940
2018-06-22,305975,241900,64075,2595,2465,130,132425,88075,44350,247250,239225,8025,1128325,890075,238250,274476,204552,69924
2018-06-25,305525,234600,70925,2750,2625,125,132250,88075,44175,249450,241525,7925,1123700,889000,234700,274242,204492,69750
2018-06-26,303100,234600,68500,2745,2645,100,132050,88375,43675,249400,241575,7825,1122425,890525,231900,274176,204126,70050
2018-06-27,298775,230750,68025,2735,2735,0,131800,87125,44675,249350,237825,11525,1117475,891850,225625,272982,204102,68880
2018-06-28,298250,233200,65050,2755,2755,0,131700,87125,44575,249325,222650,26675,1112025,893200,218825,272754,202668,70086
2018-06-29,294525,224850,69675,3065,3065,0,131625,87125,44500,249300,222650,26650,1114125,899950,214175,272616,202158,70458
2018-07-02,289875,219675,70200,3130,3130,0,131775,87325,44450,249250,220150,29100,1107400,901175,206225,271806,202200,69606
2018-07-03,286525,220300,66225,3130,3130,0,131675,87325,44350,249250,220150,29100,1108900,906225,202675,269898,200700,69198
2018-07-04,282225,220550,61675,3130,3130,0,131175,87325,43850,249025,216275,32750,1104600,905700,198900,269166,200700,68466
2018-07-05,279000,221275,57725,3230,3195,35,131175,73575,57600,249025,216275,32750,1106600,920075,186525,268392,199086,69306
2018-07-06,275475,220975,54500,3230,3175,55,131125,73575,57550,249025,216275,32750,1105975,920425,185550,266868,198420,68448
2018-07-09,270550,218825,51725,3285,3230,55,130600,64700,65900,251950,217800,34150,1115250,930925,184325,265542,198420,67122
2018-07-10,270625,221300,49325,3285,3055,230,129775,64675,65100,250000,217800,32200,1116550,934175,182375,263994,198348,65646
2018-07-11,265475,221625,43850,3320,3075,245,127900,64675,63225,249200,212525,36675,1120525,938250,182275,263220,197520,65700
2018-07-12,262750,222025,40725,3310,3045,265,127300,64575,62725,245650,212250,33400,1134600,952100,182500,263730,197862,65868
2018-07-13,258725,221950,36775,3295,3045,250,127600,64875,62725,243825,212250,31575,1144700,970725,173975,263646,197862,65784
2018-07-16,257200,221800,35400,3270,2900,370,127600,64775,62825,242050,212250,29800,1155700,976575,179125,263520,196014,67506
2018-07-17,259725,225975,33750,3280,2810,470,127600,64275,63325,239625,212225,27400,1175075,1004925,170150,263298,195456,67842
2018-07-18,257350,226025,31325,3270,2810,460,128675,65350,63325,237200,208625,28575,1198875,1031900,166975,262416,195456,66960
2018-07-19,256475,226025,30450,3155,2740,415,128575,65350,63225,235000,208125,26875,1203975,1048450,155525,261108,195432,65676
2018-07-20,255325,225225,30100,3150,2740,410,128275,64800,63475,233200,202050,31150,1208400,1042000,166400,259266,193170,66096
2018-07-23,254700,222100,32600,3210,2805,405,127375,64850,62525,250400,221025,29375,1209275,1011725,197550,260718,194850,65868
2018-07-24,254425,221725,32700,3075,2800,275,127675,63900,63775,249650,221025,28625,1212125,963050,249075,260718,193746,66972
2018-07-25,252400,221425,30975,3045,2795,250,127600,63900,63700,247450,221025,26425,1209225,939975,269250,260400,193146,67254
2018-07-26,251950,220625,31325,3030,2745,285,127375,64200,63175,245725,221025,24700,1207600,890275,317325,259332,192498,66834
2018-07-27,253525,221075,32450,2975,2775,200,127850,64700,63150,243100,219400,23700,1200025,852900,347125,257502,190434,67068
2018-07-30,256275,224075,32200,2970,2765,205,127325,64500,62825,242050,219400,22650,1198250,851700,346550,256158,190128,66030
2018-07-31,254425,224075,30350,2970,2740,230,127125,64500,62625,240125,215250,24875,1196300,847825,348475,256044,189954,66090
2018-08-01,251950,225050,26900,2970,2715,255,127025,64100,62925,238125,215250,22875,1195150,851500,343650,254262,188964,65298
2018-08-02,251450,225050,26400,2945,2715,230,126950,62125,64825,236150,215250,20900,1192075,850500,341575,254070,188742,65328
2018-08-03,250625,225250,25375,2895,2715,180,125325,62125,63200,234275,215250,19025,1185275,849675,335600,253278,188694,64584
2018-08-06,249900,225250,24650,2870,2715,155,125775,61675,64100,233525,215250,18275,1177550,840475,337075,251838,188634,63204
2018-08-07,248050,222300,25750,2860,2715,145,125775,61675,64100,232625,215250,17375,1170300,835875,334425,251466,188634,62832
2018-08-08,249150,223575,25575,2835,2715,120,125125,61675,63450,231900,215250,16650,1162750,833075,329675,250548,188040,62508
2018-08-09,252625,227925,24700,2835,2715,120,123575,61050,62525,231125,212350,18775,1154050,832775,321275,249720,186522,63198
2018-08-10,253525,228800,24725,2835,2715,120,123050,61050,62000,230900,212350,18550,1149825,831675,318150,249546,186522,63024
2018-08-13,254400,229300,25100,2835,2715,120,121900,61050,60850,245675,225975,19700,1140900,817975,322925,248772,186498,62274
2018-08-14,254875,229525,25350,2815,2685,130,122175,61450,60725,256175,236100,20075,1135925,819225,316700,248712,186318,62394
2018-08-15,257625,232675,24950,2815,2685,130,125425,64750,60675,253250,236100,17150,1131275,844125,287150,248328,186378,61950
2018-08-16,257400,232675,24725,2845,2735,110,125400,64150,61250,252250,236100,16150,1124150,838875,285275,247548,184866,62682
2018-08-17,258850,234325,24525,2895,2755,140,125400,64150,61250,251425,220925,30500,1120250,837325,282925,246534,184116,62418
2018-08-20,259250,223200,36050,2885,2755,130,125375,63850,61525,250700,220925,29775,1115725,832525,283200,245724,184602,61122
2018-08-21,261250,207200,54050,2935,2720,215,125500,63675,61825,249875,212775,37100,1108525,832525,276000,245094,182946,62148
2018-08-22,262850,195675,67175,2890,2720,170,126625,62775,63850,249375,212175,37200,1102450,831325,271125,243666,183264,60402
2018-08-23,266950,182800,84150,2890,2710,180,126550,62775,63775,248575,210875,37700,1099975,829875,270100,243552,181320,62232
2018-08-24,267075,163925,103150,2940,2760,180,126725,62200,64525,247400,182325,65075,1095125,809775,285350,242604,181206,61398
2018-08-28,268175,135975,132200,2940,2760,180,126450,61475,64975,247050,178300,68750,1089275,809550,279725,241488,181728,59760
2018-08-29,267850,135275,132575,2960,2825,135,126225,61175,65050,245750,178300,67450,1075750,806325,269425,240666,181830,58836
2018-08-30,266450,129100,137350,2910,2795,115,126225,61675,64550,243825,173750,70075,1073050,781475,291575,240678,182184,58494
2018-08-31,264925,124500,140425,2940,2805,135,126150,60100,66050,241575,172250,69325,1070750,780750,290000,238782,182016,56766
2018-09-03,262475,127125,135350,2940,2805,135,122925,59050,63875,239175,172250,66925,1068675,780625,288050,238494,181692,56802
2018-09-04,262900,130300,132600,2940,2765,175,121925,58550,63375,237425,170625,66800,1067075,774200,292875,237984,181692,56292
2018-09-05,262100,136475,125625,2915,2765,150,121500,58550,62950,236900,169225,67675,1064450,767075,297375,237030,181692,55338
2018-09-06,254350,146600,107750,2860,2760,100,121625,58850,62775,235650,169225,66425,1062700,766275,296425,236706,181440,55266
2018-09-07,246175,147450,98725,2860,2555,305,121400,51375,70025,232800,167725,65075,1061575,765025,296550,236250,181494,54756
2018-09-10,238750,148200,90550,2900,2610,290,120500,51425,69075,229550,167725,61825,1059825,765025,294800,237066,183186,53880
2018-09-11,234300,143325,90975,2900,2610,290,120300,51425,68875,229675,171950,57725,1054525,764200,290325,236340,183174,53166
2018-09-12,233025,142450,90575,2895,2610,285,120300,51225,69075,227300,169875,57425,1052975,764200,288775,235836,181680,54156
2018-09-13,225125,142525,82600,2895,2610,285,119425,49175,70250,221325,169875,51450,1051200,755750,295450,233988,180624,53364
2018-09-14,225900,145400,80500,2845,2610,235,118925,49050,69875,218800,169875,48925,1046700,726150,320550,233592,179394,54198
2018-09-17,221925,145400,76525,2840,2600,240,118075,48675,69400,215975,169875,46100,1041025,723350,317675,232212,179250,52962
2018-09-18,214150,145400,68750,2870,2630,240,118075,48275,69800,215550,172575,42975,1035275,723350,311925,232068,179058,53010
2018-09-19,217600,152750,64850,2685,2635,50,117625,67125,50500,213650,171075,42575,1034625,724600,310025,232068,179598,52470
2018-09-20,215000,146950,68050,2685,2635,50,117175,67125,50050,211800,166175,45625,1030200,719600,310600,232098,179634,52464
2018-09-21,216600,150175,66425,2745,2700,45,117025,67125,49900,210100,166175,43925,1022450,711125,311325,231024,179322,51702
2018-09-24,214350,144650,69700,2865,2825,40,116600,66975,49625,206375,152975,53400,1013050,707225,305825,229722,179286,50436
2018-09-25,212925,125900,87025,2865,2825,40,116350,66075,50275,204975,152975,52000,1006775,706425,300350,229464,178272,51192
2018-09-26,210900,119725,91175,2865,2825,40,116225,66075,50150,199200,150075,49125,999925,674100,325825,229152,178458,50694
2018-09-27,209900,107500,102400,2865,2825,40,116300,65425,50875,203650,136475,67175,994625,658250,336375,228870,178338,50532
2018-09-28,202400,103550,98850,2865,2825,40,116075,65425,50650,203475,138525,64950,990550,657775,332775,228564,178338,50226
2018-10-01,199125,91900,107225,2865,2645,220,115700,65300,50400,201925,137950,63975,987800,616575,371225,228210,178338,49872
2018-10-02,196600,81825,114775,2965,2745,220,114900,65250,49650,199325,137650,61675,983250,608050,375200,228456,178386,50070
2018-10-03,194175,84100,110075,3065,2845,220,114525,65250,49275,198575,134775,63800,979800,608050,371750,228438,176502,51936
2018-10-04,188950,84000,104950,3155,2925,230,114600,65700,48900,203675,141025,62650,974075,605650,368425,228090,176328,51762
2018-10-05,186800,87375,99425,3145,2925,220,114275,65675,48600,201600,141025,60575,966900,605650,361250,227802,175362,52440
2018-10-08,181975,82700,99275,3195,2950,245,114150,65675,48475,200350,141025,59325,963350,609625,353725,226476,175230,51246
2018-10-09,177850,82700,95150,3195,2950,245,116350,68075,48275,198175,137775,60400,955950,609625,346325,226044,174042,52002
2018-10-10,173500,80900,92600,3190,2950,240,116225,67850,48375,194575,137775,56800,948425,609625,338800,225528,174006,51522
2018-10-11,170100,81300,88800,3190,2930,260,116375,67900,48475,191500,137575,53925,941500,609625,331875,224928,172986,51942
2018-10-12,166600,83350,83250,3170,2930,240,116400,68050,48350,190775,139850,50925,933500,613625,319875,224226,172740,51486
2018-10-15,161700,85825,75875,3160,2925,235,116300,65500,50800,188850,138500,50350,926100,613575,312525,222102,172740,49362
2018-10-16,164175,88475,75700,3160,2920,240,115775,65050,50725,184625,138500,46125,996875,683750,313125,221898,172560,49338
2018-10-17,160900,88425,72475,3160,2920,240,115875,65350,50525,181200,137300,43900,1082600,775825,306775,220422,171942,48480
2018-10-18,158300,84950,73350,3030,2920,110,115725,65250,50475,173050,105400,67650,1072950,774775,298175,219924,171816,48108
2018-10-19,153950,84950,69000,2955,2895,60,115225,65125,50100,171250,106825,64425,1066725,774500,292225,219978,171762,48216
2018-10-22,154225,86725,67500,2980,2825,155,114575,65125,49450,167450,104950,62500,1062350,750225,312125,219636,170652,48984
2018-10-23,151100,86725,64375,2975,2825,150,114100,65125,48975,163425,99900,63525,1056700,747325,309375,219660,170280,49380
2018-10-24,152225,81775,70450,2975,2825,150,113125,64650,48475,161200,99900,61300,1052025,748100,303925,219366,170256,49110
2018-10-25,149575,72625,76950,2975,2675,300,112475,64650,47825,157725,100625,57100,1049525,737400,312125,219654,170880,48774
2018-10-26,146350,66350,80000,2975,2675,300,111875,64550,47325,155225,100625,54600,1049175,729825,319350,219456,170700,48756
2018-10-29,143125,66350,76775,3155,2880,275,111500,64550,46950,153125,100625,52500,1048625,723950,324675,219114,170838,48276
2018-10-30,139250,62525,76725,3155,2830,325,110375,83625,26750,152225,101700,50525,1048825,725725,323100,218970,170814,48156
2018-10-31,137625,56650,80975,3055,2665,390,113250,101450,11800,151025,101700,49325,1047950,725725,322225,218862,170880,47982
2018-11-01,136675,57650,79025,3085,2695,390,113550,104275,9275,144175,101900,42275,1047325,723900,323425,218868,170934,47934
2018-11-02,180375,102600,77775,3155,2765,390,112675,103850,8825,142725,101900,40825,1051425,728350,323075,218772,169884,48888
2018-11-05,177950,100525,77425,3195,2800,395,112575,103700,8875,135825,101900,33925,1050475,728550,321925,218430,169620,48810
2018-11-06,175400,101300,74100,3235,2890,345,112100,103300,8800,134750,101950,32800,1049700,733625,316075,217686,169020,48666
2018-11-07,174200,94175,80025,3235,2890,345,111975,103300,8675,134300,100700,33600,1053675,733200,320475,217410,168936,48474
2018-11-08,172325,86400,85925,3070,2820,250,111875,103300,8575,133600,100700,32900,1055025,735775,319250,217314,168936,48378
2018-11-09,171050,84675,86375,2920,2820,100,111575,103200,8375,133025,100700,32325,1055550,740200,315350,216834,169086,47748
2018-11-12,169325,76600,92725,2960,2855,105,111325,102450,8875,132325,97725,34600,1056450,745750,310700,216612,169050,47562
2018-11-13,168325,81675,86650,3010,2905,105,110975,102450,8525,131325,97725,33600,1056150,747500,308650,216600,169050,47550
2018-11-14,167075,83825,83250,3010,2630,380,110975,102000,8975,130900,97725,33175,1057450,752225,305225,216306,169776,46530
2018-11-15,166450,94950,71500,3010,2580,430,110900,102000,8900,125400,86375,39025,1058125,756375,301750,216174,169872,46302
2018-11-16,161025,93700,67325,3085,2680,405,110575,101150,9425,124450,86375,38075,1066350,764600,301750,215442,169686,45756
2018-11-19,151625,94150,57475,3055,2680,375,110175,101050,9125,123625,86325,37300,1070925,771075,299850,215328,170010,45318
2018-11-20,145250,94750,50500,3055,2680,375,109950,100825,9125,122625,91425,31200,1073050,785875,287175,215562,170496,45066
2018-11-21,143275,97250,46025,3055,2680,375,109425,100725,8700,123275,92975,30300,1072525,799175,273350,215322,169962,45360
2018-11-22,143325,99750,43575,2930,2635,295,108775,100725,8050,123500,94425,29075,1070400,797525,272875,214962,169464,45498
2018-11-23,139550,97750,41800,2905,2660,245,108175,100725,7450,121550,90725,30825,1067000,796900,270100,214188,169458,44730
2018-11-26,137100,89800,47300,2860,2585,275,107675,100725,6950,121600,90775,30825,1064975,796900,268075,213984,166518,47466
2018-11-27,137850,84600,53250,2880,2645,235,106425,100725,5700,121275,90775,30500,1061700,796675,265025,213774,164034,49740
2018-11-28,137325,79750,57575,2905,2660,245,106050,100025,6025,120250,91000,29250,1057875,795675,262200,213774,164142,49632
2018-11-29,136250,79800,56450,2905,2625,280,105600,100025,5575,119200,87100,32100,1055275,795675,259600,213720,163446,50274
2018-11-30,136175,83475,52700,3000,2650,350,105200,90100,15100,117550,88600,28950,1052450,795275,257175,213570,162786,50784
2018-12-03,134200,91850,42350,3045,2770,275,105125,89900,15225,112575,84350,28225,1048025,795400,252625,212844,162828,50016
2018-12-04,130175,96075,34100,3035,2725,310,104975,89950,15025,111750,84350,27400,1046275,795400,250875,212796,164700,48096
2018-12-05,128200,98175,30025,3010,2705,305,104850,89025,15825,110700,84350,26350,1045250,794200,251050,211284,164412,46872
2018-12-06,124950,98125,26825,2865,2655,210,104550,88900,15650,111225,85550,25675,1043775,793200,250575,210876,163908,46968
2018-12-07,124450,100425,24025,2865,2655,210,104450,88825,15625,113125,88650,24475,1042900,797625,245275,210870,162870,48000
2018-12-10,122500,101350,21150,3025,2865,160,104250,88825,15425,113875,90175,23700,1040975,796350,244625,210846,162846,48000
2018-12-11,121300,101725,19575,2910,2865,45,104150,88825,15325,113175,90175,23000,1072450,829500,242950,210258,162726,47532
2018-12-12,119900,101225,18675,2910,2840,70,107075,91625,15450,115100,92650,22450,1071425,828425,243000,211110,164046,47064
2018-12-13,119975,103100,16875,2910,2615,295,106950,91600,15350,113800,92650,21150,1094925,853375,241550,210348,163860,46488
2018-12-14,121225,104625,16600,2990,2530,460,106800,91600,15200,119000,98325,20675,1150100,909900,240200,209688,162882,46806
2018-12-17,121800,105200,16600,2990,2200,790,107200,92225,14975,122400,102225,20175,1169625,958550,211075,209592,162882,46710
2018-12-18,122000,105400,16600,2990,2260,730,108775,92600,16175,127850,108500,19350,1227325,1017775,209550,209784,163368,46416
2018-12-19,128350,112075,16275,2990,2160,830,108600,92600,16000,130775,112150,18625,1255925,1052900,203025,209634,164106,45528
2018-12-20,128225,111975,16250,2800,2160,640,107625,92575,15050,132325,114425,17900,1254125,1052350,201775,209148,163812,45336
2018-12-21,129725,113500,16225,2800,2085,715,107625,93700,13925,130375,114425,15950,1265250,1048550,216700,209052,161874,47178
2018-12-24,129725,113300,16425,2790,1490,1300,107575,62550,45025,132825,117075,15750,1266575,1050825,215750,209202,158076,51126
2018-12-27,130325,113750,16575,2680,1490,1190,107475,43875,63600,130425,117075,13350,1266550,1023875,242675,209070,158076,50994
2018-12-28,130025,113650,16375,2180,1465,715,107475,43875,63600,130200,117075,13125,1267125,1026950,240175,207924,157074,50850
2019-01-03,132400,116275,16125,2165,1430,735,107375,43400,63975,129000,117075,11925,1272925,1034175,238750,206100,151068,55032
2019-01-04,132400,115925,16475,1605,1405,200,107300,43400,63900,128450,117075,11375,1278500,1036350,242150,205752,151470,54282
2019-01-07,132350,115925,16425,1570,1205,365,107050,43275,63775,127925,109275,18650,1276050,1035350,240700,204852,151470,53382
2019-01-08,132350,115925,16425,1545,1180,365,107025,43150,63875,127600,109225,18375,1283500,1043850,239650,204852,145776,59076
2019-01-09,132675,116400,16275,1545,1110,435,106475,41125,65350,127275,109225,18050,1281400,1043325,238075,204618,145776,58842
2019-01-10,133600,117350,16250,1505,1110,395,106600,41575,65025,127050,109025,18025,1286050,1049275,236775,203274,144906,58368
2019-01-11,133700,118300,15400,1440,935,505,104525,41425,63100,126800,109025,17775,1284725,1049275,235450,201096,144882,56214
2019-01-14,133700,118425,15275,1365,955,410,104525,41425,63100,126225,109025,17200,1294050,1058575,235475,199542,142788,56754
2019-01-15,133600,118425,15175,1260,930,330,100700,41425,59275,125575,108000,17575,1295750,1060275,235475,197952,141948,56004
2019-01-16,135025,119925,15100,1095,865,230,98825,41275,57550,124200,108000,16200,1303150,1055100,248050,201378,146982,54396
2019-01-17,134975,120275,14700,1160,905,255,98400,41700,56700,122875,103200,19675,1304000,1057150,246850,201384,146958,54426
2019-01-18,135100,120525,14575,1150,890,260,93025,41700,51325,121650,102150,19500,1303475,1034850,268625,201228,146958,54270
2019-01-21,145025,130200,14825,1090,865,225,91750,41200,50550,119925,101900,18025,1301650,1034125,267525,200466,144072,56394
2019-01-22,145025,129500,15525,1090,865,225,88550,41200,47350,118825,79725,39100,1301625,997200,304425,202668,146406,56262
2019-01-23,145575,130075,15500,985,865,120,86625,41200,45425,118100,79725,38375,1301825,903700,398125,202302,146364,55938
2019-01-24,145675,126600,19075,975,740,235,85200,41100,44100,117475,67725,49750,1301350,848650,452700,203088,145926,57162
2019-01-25,146275,127300,18975,2020,1820,200,82975,41300,41675,116400,57575,58825,1301100,756850,544250,202776,145830,56946
2019-01-28,146475,127525,18950,1895,1820,75,81225,41075,40150,115250,57600,57650,1300000,757575,542425,202782,145290,57492
2019-01-29,147600,115950,31650,1870,1800,70,78125,40875,37250,114650,57600,57050,1296125,756550,539575,203058,142650,60408
2019-01-30,149100,104950,44150,1845,1600,245,76750,40775,35975,113975,57600,56375,1289775,756150,533625,202032,142350,59682
2019-01-31,149200,105075,44125,1845,1550,295,75450,40775,34675,113425,57600,55825,1287425,756050,531375,202032,142152,59880
2019-02-01,149950,106000,43950,1845,1550,295,72450,40775,31675,113200,57600,55600,1284125,754650,529475,201702,140352,61350
2019-02-04,149900,106000,43900,1800,1540,260,71750,64875,6875,112500,57600,54900,1297150,770900,526250,201090,140352,60738
2019-02-05,149800,105950,43850,1770,1470,300,69800,64875,4925,112725,58575,54150,1298150,724675,573475,200754,140352,60402
2019-02-06,149550,92825,56725,1770,1385,385,69725,64875,4850,111775,58575,53200,1292175,724675,567500,200754,139488,61266
2019-02-07,149400,87725,61675,1770,1385,385,69700,64875,4825,111275,56950,54325,1291800,673875,617925,200754,139464,61290
2019-02-08,149200,87725,61475,1735,1385,350,67125,64875,2250,109925,56950,52975,1296800,679475,617325,200490,139464,61026
2019-02-11,148550,73825,74725,1660,1335,325,66950,64750,2200,108425,56950,51475,1292175,678950,613225,200448,139464,60984
2019-02-12,148250,74000,74250,1440,1310,130,66925,64700,2225,105875,56950,48925,1286025,678375,607650,199602,138876,60726
2019-02-13,147900,74750,73150,1440,1310,130,67450,65275,2175,101525,54800,46725,1280875,677325,603550,199476,139104,60372
2019-02-14,145525,74975,70550,1520,1365,155,67400,65075,2325,98000,54800,43200,1273500,677325,596175,200082,135972,64110
2019-02-15,143175,74600,68575,1525,1395,130,67300,65025,2275,93450,54800,38650,1266600,670450,596150,200562,136722,63840
2019-02-18,140175,73850,66325,1450,1395,55,69350,67025,2325,90275,54800,35475,1260325,668725,591600,200322,135564,64758
2019-02-19,139400,75875,63525,1430,1395,35,72300,69750,2550,87875,52800,35075,1255725,683625,572100,200568,136158,64410
2019-02-20,139500,76275,63225,1405,1390,15,74525,72575,1950,85925,52800,33125,1250000,677950,572050,200322,134478,65844
2019-02-21,137700,76025,61675,1440,1425,15,77050,75225,1825,83250,52800,30450,1244050,659400,584650,200184,133458,66726
2019-02-22,133825,39800,94025,1440,1310,130,76825,75225,1600,81100,52800,28300,1239800,652950,586850,199974,128580,71394
2019-02-25,132450,33450,99000,1440,1310,130,76775,75225,1550,78400,52800,25600,1235100,653000,582100,198912,128268,70644
2019-02-26,133075,29775,103300,1400,890,510,77225,75625,1600,69475,52800,16675,1228475,643575,584900,198030,127758,70272
2019-02-27,130925,23650,107275,1400,890,510,77150,61125,16025,67825,52650,15175,1224075,642350,581725,197682,121800,75882
2019-02-28,128475,21600,106875,1350,880,470,77050,44150,32900,65100,52650,12450,1219700,641950,577750,196932,123210,73722
2019-03-01,126100,22200,103900,1325,805,520,76875,44150,32725,64550,46000,18550,1232950,661725,571225,196782,122988,73794
2019-03-04,123425,26825,96600,1370,855,515,76750,44150,32600,63750,44825,18925,1230225,662650,567575,196542,122964,73578
2019-03-05,118600,26825,91775,1230,855,375,76725,44100,32625,61125,44825,16300,1233150,656675,576475,196410,124068,72342
2019-03-06,116875,27450,89425,1430,1045,385,76675,44675,32000,60900,44625,16275,1234900,656550,578350,195918,124068,71850
2019-03-07,120075,32700,87375,1295,1070,225,76675,44675,32000,61000,44775,16225,1229000,657400,571600,194622,122934,71688
2019-03-08,116725,33825,82900,1295,1070,225,76525,44575,31950,59875,44775,15100,1221375,657675,563700,194286,122424,71862
2019-03-11,113525,34175,79350,1200,1090,110,76450,52400,24050,59450,45275,14175,1213125,653825,559300,194046,121602,72444
2019-03-12,112725,36025,76700,1160,1035,125,76700,69550,7150,59200,45275,13925,1205725,653575,552150,193254,119730,73524
2019-03-13,111775,31425,80350,1135,1035,100,77850,76150,1700,58950,45275,13675,1198375,652650,545725,193116,119106,74010
2019-03-14,144625,66325,78300,1200,1045,155,77850,76150,1700,58700,45275,13425,1189025,651475,537550,192702,119106,73596
2019-03-15,186425,111125,75300,1215,1070,145,77775,75750,2025,58650,45575,13075,1182850,651475,531375,191340,118998,72342
2019-03-18,183825,138250,45575,1160,1085,75,77600,75750,1850,58425,45575,12850,1175650,650675,524975,190848,118134,72714
2019-03-19,181200,138700,42500,1135,1010,125,77675,75900,1775,58325,44200,14125,1178375,761425,416950,190434,118086,72348
2019-03-20,179275,139300,39975,1175,1050,125,78000,76325,1675,58150,44200,13950,1172100,761450,410650,188358,118074,70284
2019-03-21,176450,139350,37100,1150,975,175,77925,76325,1600,57825,44200,13625,1166100,753125,412975,187116,117354,69762
2019-03-22,175325,140650,34675,1060,875,185,78275,76150,2125,57650,43325,14325,1160275,728950,431325,185358,118062,67296
2019-03-25,173800,142475,31325,1120,935,185,79375,77275,2100,57075,43325,13750,1155450,727700,427750,184260,117852,66408
2019-03-26,172275,142650,29625,1045,910,135,79425,77575,1850,56425,41900,14525,1149725,727700,422025,183582,116292,67290
2019-03-27,170725,142900,27825,1010,830,180,79250,77575,1675,55225,41900,13325,1142725,727675,415050,183126,116118,67008
2019-03-28,169950,141900,28050,1000,845,155,78975,77425,1550,53575,41900,11675,1134950,725200,409750,183102,115086,68016
2019-03-29,168525,141950,26575,1000,845,155,78750,77400,1350,52325,40650,11675,1129175,723400,405775,182574,114738,67836
2019-04-01,168525,143275,25250,950,845,105,78750,77350,1400,51275,41500,9775,1122825,723400,399425,182466,114738,67728
2019-04-02,167425,143375,24050,920,845,75,78750,77225,1525,50850,41900,8950,1115000,723350,391650,182094,114738,67356
2019-04-03,167950,144725,23225,920,820,100,78750,77225,1525,50900,43150,7750,1108825,723400,385425,181644,114714,66930
2019-04-04,198325,175800,22525,920,820,100,78750,77025,1725,50875,44225,6650,1110275,730550,379725,181056,114738,66318
2019-04-05,198300,176650,21650,920,820,100,78725,74875,3850,50425,44225,6200,1104525,730200,374325,180552,114486,66066
2019-04-08,197550,176300,21250,955,860,95,78675,74875,3800,51875,46725,5150,1098925,730000,368925,179328,114336,64992
2019-04-09,198275,177875,20400,930,850,80,78650,73875,4775,52750,47925,4825,1094600,728825,365775,179442,113760,65682
2019-04-10,197525,178375,19150,910,785,125,78125,73625,4500,52550,47925,4625,1090625,717500,373125,179442,113562,65880
2019-04-11,194425,178275,16150,910,775,135,77400,73525,3875,52350,47925,4425,1086075,692700,393375,179322,113562,65760
2019-04-12,192425,177875,14550,860,765,95,76350,73600,2750,52200,47925,4275,1081975,692650,389325,178866,112848,66018
2019-04-15,191750,178325,13425,905,800,105,75650,73600,2050,56125,52075,4050,1074450,682575,391875,177708,112752,64956
2019-04-16,190500,182150,8350,840,800,40,75450,73600,1850,66475,62700,3775,1068325,681975,386350,177198,112074,65124
2019-04-17,190650,182850,7800,970,915,55,75200,72850,2350,66350,62700,3650,1060800,681725,379075,176946,112074,64872
2019-04-18,189225,182925,6300,955,890,65,74925,72650,2275,73575,70575,3000,1053925,664950,388975,176292,111630,64662
2019-04-23,188300,174125,14175,955,805,150,74650,72650,2000,76825,74175,2650,1047100,648675,398425,175656,111606,64050
2019-04-24,186125,166725,19400,920,750,170,75050,73250,1800,76575,74075,2500,1032925,647250,385675,174852,111606,63246
2019-04-25,194800,167200,27600,930,785,145,74950,73250,1700,76425,74275,2150,1027800,644600,383200,174528,111606,62922
2019-04-26,195900,161225,34675,930,685,245,74750,73250,1500,80025,78100,1925,1020875,642100,378775,174360,108618,65742
2019-04-29,232225,190375,41850,905,685,220,74700,73225,1475,81325,79425,1900,1069075,696975,372100,173634,106266,67368
2019-04-30,229175,182400,46775,890,685,205,74450,73225,1225,81325,78400,2925,1074650,708350,366300,173268,105792,67476
2019-05-01,225925,173575,52350,890,685,205,74425,72925,1500,85050,82275,2775,1135300,776675,358625,173058,104370,68688
2019-05-02,231950,170000,61950,890,675,215,74425,72925,1500,88750,84775,3975,1227650,873000,354650,173058,104370,68688
2019-05-03,228275,164375,63900,760,670,90,74400,71700,2700,87775,84750,3025,1250250,874050,376200,172902,104328,68574
2019-05-07,230075,168700,61375,760,670,90,74250,71700,2550,87750,84750,3000,1263400,864650,398750,172788,104034,68754
2019-05-08,227200,173575,53625,740,670,70,74200,71500,2700,94300,91350,2950,1275200,886725,388475,171108,102060,69048
2019-05-09,217975,172975,45000,860,765,95,74075,71500,2575,97025,94050,2975,1274450,867400,407050,170436,101670,68766
2019-05-10,211475,173725,37750,885,790,95,73925,71200,2725,97650,85675,11975,1266575,849225,417350,169578,100104,69474
2019-05-13,203750,173650,30100,920,785,135,73800,70450,3350,105400,90200,15200,1261450,843850,417600,169218,100032,69186
2019-05-14,198650,173625,25025,890,555,335,73600,70375,3225,105325,89950,15375,1255450,843850,411600,168744,103116,65628
2019-05-15,194250,174050,20200,1095,685,410,73700,70700,3000,105000,89950,15050,1250250,835725,414525,167268,103200,64068
2019-05-16,191725,174750,16975,1535,1130,405,73500,70400,3100,104875,89950,14925,1244850,802675,442175,165474,102810,62664
2019-05-17,190550,174750,15800,1515,1130,385,73400,69000,4400,105300,90000,15300,1239975,757725,482250,164400,102750,61650
2019-05-20,188725,174900,13825,1600,1240,360,73300,68600,4700,104850,90000,14850,1231200,752800,478400,164100,103344,60756
2019-05-21,189250,175750,13500,1600,1240,360,73275,65950,7325,103900,90250,13650,1225400,752100,473300,164532,104106,60426
2019-05-22,187700,174450,13250,1375,1265,110,73025,65500,7525,103725,90250,13475,1222625,752100,470525,165132,101118,64014
2019-05-23,186475,173875,12600,1565,1455,110,72775,65300,7475,103225,90250,12975,1214025,752100,461925,165036,101034,64002
2019-05-24,185825,173775,12050,1585,1480,105,72475,65300,7175,102600,90250,12350,1208900,741575,467325,164058,100986,63072
2019-05-28,185575,173575,12000,1660,1565,95,71675,65000,6675,101925,90050,11875,1200800,729100,471700,165564,102678,62886
2019-05-29,185000,173950,11050,2565,2520,45,70850,64925,5925,101300,90275,11025,1177250,722225,455025,163104,104898,58206
2019-05-30,212450,198625,13825,2650,2610,40,70350,64500,5850,100850,90225,10625,1164975,718600,446375,160290,104940,55350
2019-05-31,212000,193375,18625,3140,3110,30,69700,62075,7625,100800,90225,10575,1155025,717625,437400,158604,104892,53712
2019-06-03,211800,193025,18775,3185,3085,100,69400,61875,7525,100375,90225,10150,1141100,713900,427200,158946,106092,52854
2019-06-04,211775,193025,18750,3510,3380,130,69350,61825,7525,99625,75175,24450,1131900,713575,418325,158916,106416,52500
2019-06-05,212050,193400,18650,3515,3345,170,67875,61050,6825,99775,58975,40800,1119350,710325,409025,164052,110766,53286
2019-06-06,211650,193400,18250,3515,3345,170,66550,60950,5600,99525,58975,40550,1114125,708825,405300,163986,110718,53268
2019-06-07,211575,193400,18175,3515,3345,170,66525,62800,3725,100425,59975,40450,1111475,708825,402650,163968,110262,53706
2019-06-10,211350,191875,19475,3505,3345,160,67300,64925,2375,101300,60900,40400,1105750,708825,396925,163896,110238,53658
2019-06-11,211225,191875,19350,3505,3330,175,67475,65150,2325,101300,60900,40400,1096300,708875,387425,163878,109632,54246
2019-06-12,210900,189425,21475,3465,3275,190,68200,66400,1800,101925,61625,40300,1085475,708775,376700,163992,108126,55866
2019-06-13,248550,227625,20925,3445,3245,200,68075,66400,1675,102100,62150,39950,1075750,706050,369700,163704,108438,55266
2019-06-14,252425,232550,19875,3615,3425,190,67950,66150,1800,100625,62150,38475,1064625,681550,383075,163122,103956,59166
2019-06-17,251350,232500,18850,4700,4490,210,68125,64200,3925,100150,63025,37125,1055075,682800,372275,167148,115476,51672
2019-06-18,250750,232650,18100,6035,5870,165,67875,64200,3675,98650,63025,35625,1046850,680825,366025,167130,112350,54780
2019-06-19,248375,233325,15050,6165,5975,190,67725,49175,18550,99475,65375,34100,1038700,677675,361025,170088,111534,58554
2019-06-20,247050,230875,16175,6215,6020,195,67575,46675,20900,97950,65375,32575,1031625,669675,361950,169086,110616,58470
2019-06-21,246050,229375,16675,6240,6095,145,67375,46675,20700,97200,66125,31075,1023450,659925,363525,168684,107664,61020
2019-06-24,244725,229075,15650,6235,6050,185,67350,46375,20975,95525,65025,30500,1016025,645725,370300,168876,107640,61236
2019-06-25,242875,223175,19700,6305,6095,210,67350,46000,21350,97625,68725,28900,1007300,637100,370200,168252,105990,62262
2019-06-26,241700,218825,22875,6280,6055,225,67150,45850,21300,100825,73775,27050,998600,636900,361700,164838,105630,59208
2019-06-27,241175,205550,35625,6365,6140,225,66650,45650,21000,98975,73800,25175,1003750,647500,356250,165480,104298,61182
2019-06-28,241400,201925,39475,6390,5865,525,66175,45650,20525,97000,73800,23200,996725,642500,354225,164718,103884,60834
2019-07-01,240900,195300,45600,6410,5935,475,65750,44650,21100,95125,73800,21325,989125,642500,346625,161658,103938,57720
2019-07-02,239925,187550,52375,6410,5930,480,64500,44600,19900,93500,73800,19700,984450,636500,347950,161448,102072,59376
2019-07-03,272500,220475,52025,6460,5910,550,64250,42850,21400,91625,73700,17925,977750,636500,341250,158292,103938,54354
2019-07-04,271525,215800,55725,6435,5830,605,64325,43050,21275,90350,73700,16650,971500,636500,335000,157386,103722,53664
2019-07-05,302975,255125,47850,6425,5780,645,64050,43050,21000,88600,69900,18700,964400,635500,328900,157464,104010,53454
2019-07-08,298300,255125,43175,6495,5860,635,63725,39650,24075,87125,68000,19125,956575,635500,321075,154740,103668,51072
2019-07-09,296025,260725,35300,6490,5855,635,63650,36650,27000,85550,67900,17650,948650,635500,313150,154104,102888,51216
2019-07-10,293525,261325,32200,6490,5790,700,63550,36650,26900,82800,67875,14925,941750,634850,306900,153612,102864,50748
2019-07-11,290000,261025,28975,6450,5790,660,65350,51025,14325,80975,65700,15275,934500,634650,299850,153420,103266,50154
2019-07-12,288200,258425,29775,6405,5765,640,64775,50900,13875,79375,64700,14675,926875,618075,308800,150840,103266,47574
2019-07-15,285825,258625,27200,6365,5830,535,64550,50700,13850,78550,55100,23450,945375,644200,301175,150324,104568,45756
2019-07-16,292925,267525,25400,6515,5855,660,63675,50275,13400,80750,48075,32675,994125,700600,293525,149322,104568,44754
2019-07-17,299600,276025,23575,6465,5340,1125,63075,50100,12975,80650,48075,32575,987275,700250,287025,148374,104322,44052
2019-07-18,298025,274375,23650,6400,5290,1110,62300,49325,12975,80500,48825,31675,980200,698250,281950,148230,103452,44778
2019-07-19,296450,274375,22075,6460,4305,2155,61375,48425,12950,79650,48125,31525,974000,692450,281550,147942,100722,47220
2019-07-22,295725,266750,28975,6410,4190,2220,60875,48425,12450,78600,48125,30475,966600,692450,274150,147624,100800,46824
2019-07-23,293375,258950,34425,6290,4190,2100,58600,48325,10275,77800,48125,29675,960175,692275,267900,146670,100422,46248
2019-07-24,295000,256250,38750,6250,3915,2335,57425,46225,11200,76775,44775,32000,953500,691075,262425,145056,100398,44658
2019-07-25,295475,253725,41750,6185,3745,2440,56100,46225,9875,76225,44775,31450,987975,727800,260175,145500,101394,44106
2019-07-26,294125,253725,40400,5990,3625,2365,55475,46225,9250,75700,43850,31850,1021325,764625,256700,145062,100884,44178
2019-07-29,292950,253725,39225,5850,4080,1770,55475,46675,8800,73675,43850,29825,1016800,764150,252650,143988,100470,43518
2019-07-30,292500,254925,37575,5780,4020,1760,67325,58925,8400,73175,43850,29325,1023875,774650,249225,143988,100638,43350
2019-07-31,290500,254825,35675,5735,3970,1765,79050,67825,11225,78000,48975,29025,1028875,780125,248750,143628,100476,43152
2019-08-01,287800,255975,31825,4825,3805,1020,78500,67825,10675,79350,50800,28550,1027950,779875,248075,143670,100614,43056
2019-08-02,286600,256125,30475,4890,3955,935,85375,75350,10025,78500,50800,27700,1024200,774675,249525,143658,100614,43044
2019-08-05,283275,256325,26950,4790,3930,860,85325,75300,10025,78225,49175,29050,1020000,756875,263125,142998,100614,42384
2019-08-06,277975,249300,28675,4840,3900,940,85200,75300,9900,77600,48975,28625,1017700,756875,260825,142200,100548,41652
2019-08-07,275950,248625,27325,4860,3940,920,84775,74675,10100,77500,48775,28725,1009925,735575,274350,141906,100620,41286
2019-08-08,274525,248625,25900,4785,3940,845,84000,76625,7375,77150,48200,28950,1004225,708850,295375,142032,102582,39450
2019-08-09,271725,245325,26400,4920,4140,780,83275,76450,6825,76775,46300,30475,998250,708100,290150,144156,104694,39462
2019-08-12,273350,243625,29725,4920,4110,810,82475,76450,6025,75975,44650,31325,991525,706600,284925,144138,104622,39516
2019-08-13,272550,243000,29550,4915,4085,830,81575,76250,5325,75225,44650,30575,984300,705675,278625,144138,104220,39918
2019-08-14,271800,241725,30075,4780,3925,855,81575,75950,5625,74475,44650,29825,984250,693175,291075,144414,105450,38964
2019-08-15,301750,274450,27300,4755,3915,840,81575,74950,6625,73625,44650,28975,976700,689100,287600,144792,106392,38400
2019-08-16,331975,304700,27275,6335,5535,800,81325,74950,6375,73300,44650,28650,969250,688650,280600,145134,106830,38304
2019-08-19,330125,299000,31125,6315,5585,730,80300,74950,5350,72425,44550,27875,962350,688650,273700,149640,111300,38340
2019-08-20,329600,298125,31475,6175,5560,615,80250,74950,5300,71775,44550,27225,955025,678525,276500,149640,111300,38340
2019-08-21,329575,298900,30675,6190,5560,630,79775,74850,4925,71000,44550,26450,947925,678300,269625,150012,112032,37980
2019-08-22,328250,294200,34050,6115,5500,615,79400,74275,5125,70300,44350,25950,941350,656500,284850,149850,112032,37818
2019-08-23,331925,288975,42950,6790,6260,530,78800,74275,4525,70400,44825,25575,935200,656500,278700,150006,112266,37740
2019-08-27,333975,274950,59025,6755,6285,470,78550,73875,4675,69750,44825,24925,929125,652300,276825,150426,112710,37716
2019-08-28,334700,261025,73675,6970,6515,455,78325,72875,5450,68625,44825,23800,936225,672675,263550,150510,112788,37722
2019-08-29,336575,241150,95425,7060,6725,335,78225,71775,6450,67825,44825,23000,928275,672475,255800,150708,107400,43308
2019-08-30,337675,245975,91700,6995,6725,270,77825,71775,6050,67350,44625,22725,927000,677725,249275,152484,109500,42984
2019-09-02,335850,234575,101275,6995,6755,240,77525,71675,5850,66975,44625,22350,919050,677725,241325,152604,89088,63516
2019-09-03,330050,212150,117900,6975,6750,225,77100,71675,5425,66625,39300,27325,913925,696325,217600,153012,83352,69660
2019-09-04,323550,209650,113900,6970,6770,200,77100,71675,5425,66175,39200,26975,922375,706675,215700,153522,83952,69570
2019-09-05,318675,209650,109025,6970,6765,205,76625,71675,4950,66600,40325,26275,918925,706675,212250,153822,84372,69450
2019-09-06,313275,207350,105925,6950,6365,585,76575,71175,5400,65625,40325,25300,923225,707675,215550,154956,85602,69354
2019-09-09,310350,218700,91650,6980,6405,575,76525,71000,5525,64825,40350,24475,920000,707400,212600,155346,86064,69282
2019-09-10,310450,228400,82050,6955,6405,550,76400,69950,6450,63975,40225,23750,916825,707400,209425,155910,86772,69138
2019-09-11,305225,228400,76825,6955,6405,550,76200,69950,6250,63425,40025,23400,916000,707400,208600,156672,83346,73326
2019-09-12,299750,228350,71400,6930,6385,545,76075,69925,6150,62950,39775,23175,913625,706800,206825,156420,77628,78792
2019-09-13,296625,228350,68275,6760,6265,495,75650,69825,5825,62550,39525,23025,910950,706800,204150,166680,83178,83502
2019-09-16,301925,233975,67950,6580,6265,315,75550,71375,4175,61950,39375,22575,908425,706800,201625,164274,82062,82212
2019-09-17,299325,234975,64350,6570,6305,265,75550,67375,8175,62125,35450,26675,905725,706800,198925,163308,84738,78570
2019-09-18,295800,234975,60825,6575,6180,395,75125,67375,7750,64875,39250,25625,904175,701275,202900,161538,87384,74154
2019-09-19,290800,228900,61900,6575,6180,395,74675,67375,7300,64025,39250,24775,900725,700775,199950,157770,89196,68574
2019-09-20,287150,227650,59500,6565,6145,420,73950,67125,6825,62925,39175,23750,897900,700025,197875,154566,83112,71454
2019-09-23,283550,211450,72100,6515,6135,380,73750,67100,6650,62150,39025,23125,895625,699025,196600,156954,69492,87462
2019-09-24,280150,189800,90350,6495,6090,405,73325,67200,6125,61100,38925,22175,899925,707425,192500,156108,62892,93216
2019-09-25,276825,183925,92900,6510,6130,380,73200,67200,6000,60550,38875,21675,907400,719350,188050,153546,58602,94944
2019-09-26,271875,163200,108675,6490,6160,330,70300,67500,2800,59825,38875,20950,910575,727775,182800,157248,59550,97698
2019-09-27,266225,162200,104025,6885,6500,385,70000,67375,2625,67750,47525,20225,914725,735525,179200,158112,56070,102042
2019-09-30,264425,164875,99550,6855,6465,390,69650,67375,2275,67300,47525,19775,927475,738425,189050,157986,54696,103290
2019-10-01,258775,157775,101000,6785,6440,345,69500,67375,2125,66750,47525,19225,936025,749700,186325,152136,54696,97440
2019-10-02,254075,155675,98400,6770,6415,355,69350,67375,1975,66350,47275,19075,962350,775750,186600,147684,59010,88674
2019-10-03,290250,195425,94825,6745,6415,330,69225,67375,1850,65700,47075,18625,964275,780450,183825,140904,59544,81360
2019-10-04,288425,194875,93550,6800,6450,350,69175,67175,2000,65075,46875,18200,966525,782925,183600,133128,57828,75300
2019-10-07,285600,194200,91400,6775,6450,325,69100,67175,1925,64325,46875,17450,964225,783400,180825,125688,50274,75414
2019-10-08,283350,196475,86875,6720,6425,295,69075,67175,1900,63425,46700,16725,965575,787125,178450,117522,49542,67980
2019-10-09,283125,196475,86650,6660,6415,245,69050,66625,2425,63000,46700,16300,966125,783800,182325,108624,49494,59130
2019-10-10,285600,202175,83425,6645,6435,210,68950,66600,2350,62800,46700,16100,968450,788875,179575,102696,49500,53196
2019-10-11,282325,203250,79075,6605,6435,170,68925,66600,2325,62475,45500,16975,974200,797650,176550,98562,50958,47604
2019-10-14,277350,199175,78175,6590,6445,145,68850,66600,2250,62025,45200,16825,983600,810650,172950,94134,52068,42066
2019-10-15,274975,203925,71050,6555,6445,110,69150,66800,2350,61625,42800,18825,985900,817350,168550,94662,52068,42594
2019-10-16,275575,211875,63700,6685,6575,110,69150,65750,3400,61475,43000,18475,983525,817725,165800,91062,50208,40854
2019-10-17,275100,214525,60575,6705,6600,105,69150,65700,3450,61275,43000,18275,979575,815225,164350,88302,50202,38100
2019-10-18,268400,193425,74975,6705,6535,170,69125,65650,3475,60825,43000,17825,977125,814750,162375,86580,51282,35298
2019-10-21,268200,180575,87625,6700,6460,240,68800,65650,3150,60325,40500,19825,974625,802300,172325,88104,40554,47550
2019-10-22,270350,189525,80825,6685,6000,685,69025,65950,3075,59950,35600,24350,972475,794200,178275,87132,29130,58002
2019-10-23,269525,158600,110925,6685,6000,685,69300,66250,3050,59725,35125,24600,970425,792550,177875,83694,29910,53784
2019-10-24,265250,148600,116650,6665,5770,895,69250,66250,3000,59125,35125,24000,968525,791775,176750,79800,30186,49614
2019-10-25,261025,148500,112525,6590,5725,865,69250,65850,3400,58525,35125,23400,966200,791775,174425,76758,30558,46200
2019-10-28,255650,148500,107150,6590,5625,965,69550,66150,3400,57775,33000,24775,963825,788775,175050,70650,30312,40338
2019-10-29,250750,147950,102800,6585,5575,1010,69800,66075,3725,57050,33000,24050,961650,788775,172875,69162,30330,38832
2019-10-30,270325,173000,97325,6335,5525,810,70100,66375,3725,56025,32950,23075,961375,788775,172600,67908,30576,37332
2019-10-31,263400,170725,92675,6175,5520,655,70100,66125,3975,55225,31575,23650,959050,788775,170275,66990,30876,36114
2019-11-01,255025,170725,84300,6185,5505,680,70075,66125,3950,54500,27800,26700,956200,788775,167425,66306,30738,35568
2019-11-04,251475,171500,79975,6140,5510,630,70075,64025,6050,53875,27800,26075,953900,788475,165425,69180,34608,34572
2019-11-05,248000,171700,76300,6115,5510,605,70075,64025,6050,53525,27800,25725,951275,782800,168475,69474,35298,34176
2019-11-06,241925,172700,69225,6540,5960,580,70000,63775,6225,53250,26400,26850,948600,782800,165800,66588,35322,31266
2019-11-07,238550,172800,65750,6540,5900,640,69950,63775,6175,51875,26350,25525,945475,782800,162675,66474,35964,30510
2019-11-08,235950,175125,60825,6550,5755,795,69600,63725,5875,50825,26550,24275,943175,778850,164325,66072,36318,29754
2019-11-11,234200,177375,56825,6495,5720,775,68950,63525,5425,50100,26550,23550,940500,778850,161650,65064,36432,28632
2019-11-12,229350,177450,51900,6470,5760,710,68025,63575,4450,53250,29900,23350,942125,782925,159200,65412,38328,27084
2019-11-13,224425,177450,46975,6570,5880,690,67275,63575,3700,53250,31075,22175,945900,792925,152975,64194,38340,25854
2019-11-14,221725,179650,42075,6640,5680,960,67050,63550,3500,52600,34475,18125,1020975,870250,150725,64176,37920,26256
2019-11-15,224775,186525,38250,6640,5715,925,66850,63550,3300,52550,34475,18075,1065175,916825,148350,64566,38022,26544
2019-11-18,221450,186525,34925,6565,5715,850,66750,64075,2675,52225,39600,12625,1156250,1009700,146550,64830,41988,22842
2019-11-19,219475,187325,32150,6645,5805,840,67025,64375,2650,56275,43925,12350,1158975,977950,181025,66174,43110,23064
2019-11-20,220950,190200,30750,6545,5805,740,67275,64675,2600,57975,45625,12350,1169525,989800,179725,66924,43956,22968
2019-11-21,222075,193450,28625,6535,5790,745,67125,64675,2450,59350,46900,12450,1170675,990775,179900,66822,43956,22866
2019-11-22,218925,164825,54100,6640,5895,745,67125,64475,2650,59875,47900,11975,1180400,1000875,179525,66750,44010,22740
2019-11-25,216100,127850,88250,6435,5705,730,67100,64475,2625,59500,47875,11625,1230025,1051725,178300,66822,44106,22716
2019-11-26,214200,127375,86825,6495,5765,730,67375,64775,2600,59000,47875,11125,1229475,1049800,179675,67824,44988,22836
2019-11-27,213200,127300,85900,6495,5765,730,67375,64775,2600,58875,47175,11700,1228325,1063425,164900,67692,44916,22776
2019-11-28,210200,125800,84400,6465,5745,720,67625,65000,2625,59800,48075,11725,1230300,1067000,163300,67542,44772,22770
2019-11-29,208625,125800,82825,6500,5720,780,67150,65000,2150,59350,47925,11425,1271650,1108950,162700,68280,42570,25710
2019-12-02,208525,120000,88525,6400,5720,680,67125,65000,2125,59200,47925,11275,1273300,1114650,158650,69036,43692,25344
2019-12-03,206250,115000,91250,6400,5720,680,67125,64850,2275,59200,46550,12650,1277300,1120775,156525,68982,42366,26616
2019-12-04,202950,114000,88950,6420,5765,655,67125,64800,2325,59075,44225,14850,1274850,1121500,153350,68976,40512,28464
2019-12-05,198425,113600,84825,6520,5140,1380,67125,64800,2325,58800,43925,14875,1285275,1134550,150725,68922,39588,29334
2019-12-06,193800,113400,80400,6520,5130,1390,67125,64800,2325,58675,43675,15000,1284300,1135650,148650,68886,35946,32940
2019-12-09,190825,113900,76925,6480,5065,1415,67125,64700,2425,58150,42850,15300,1288150,1142525,145625,69276,36642,32634
2019-12-10,185200,114950,70250,6460,5040,1420,67400,65000,2400,57800,42850,14950,1303975,1162450,141525,83520,51264,32256
2019-12-11,181700,114950,66750,6485,5010,1475,67400,65000,2400,57300,42850,14450,1330825,1195050,135775,96774,67248,29526
2019-12-12,175825,116150,59675,6460,5010,1450,67375,64575,2800,56700,42800,13900,1343800,1218125,125675,122058,102036,20022
2019-12-13,171800,117000,54800,6435,4980,1455,67325,64575,2750,56075,42800,13275,1375675,1263925,111750,123228,102720,20508
2019-12-16,167475,117200,50275,6430,5005,1425,67275,64350,2925,55275,42350,12925,1403075,1309000,94075,124158,103650,20508
2019-12-17,162225,117500,44725,5940,5005,935,67475,64050,3425,54650,42250,12400,1444300,1321200,123100,130224,109812,20412
2019-12-18,160825,121225,39600,7075,6160,915,67350,64050,3300,54175,42250,11925,1487775,1341975,145800,133710,113214,20496
2019-12-19,157500,118675,38825,7085,6150,935,67250,63950,3300,53525,41725,11800,1487300,1341975,145325,136770,116208,20562
2019-12-20,154450,110350,44100,7390,6405,985,67175,63950,3225,52800,41725,11075,1486550,1305150,181400,140412,119850,20562
2019-12-23,151100,110350,40750,7380,6435,945,66975,63875,3100,52400,42725,9675,1485625,1198025,287600,140370,117810,22560
2019-12-24,149075,105400,43675,7360,6490,870,66725,63875,2850,51900,42575,9325,1484525,928050,556475,143190,121368,21822
2019-12-27,147350,99500,47850,7335,6490,845,66575,61200,5375,51600,42575,9025,1483625,927300,556325,143190,117300,25890
2019-12-30,147125,100000,47125,7210,6390,820,66575,61475,5100,51425,42575,8850,1477725,927300,550425,146694,120588,26106
2020-01-03,144525,99600,44925,7125,6375,750,66100,61425,4675,51125,42300,8825,1470925,909300,561625,156378,129222,27156
2020-01-06,142900,99250,43650,7110,6375,735,66525,61850,4675,50775,42225,8550,1463200,938650,524550,159450,132318,27132
2020-01-07,140925,99250,41675,7105,6375,730,66525,61850,4675,50500,42225,8275,1451575,934600,516975,161436,133572,27864
2020-01-08,138400,99000,39400,7140,6430,710,66525,58625,7900,50175,41750,8425,1439300,934500,504800,166098,138054,28044
2020-01-09,135800,98975,36825,7055,6440,615,66525,58625,7900,51375,43250,8125,1425575,814825,610750,167910,137778,30132
2020-01-10,132725,98650,34075,7055,6315,740,66475,58600,7875,51200,43250,7950,1410675,797175,613500,171066,140808,30258
2020-01-13,130000,98625,31375,6935,6315,620,66475,58600,7875,50975,43250,7725,1396550,797175,599375,173502,139212,34290
2020-01-14,128100,93950,34150,6915,6105,810,66475,53600,12875,51800,43800,8000,1381175,762100,619075,177600,138138,39462
2020-01-15,128050,94875,33175,7050,6190,860,66450,53600,12850,51650,43800,7850,1367875,709475,658400,178584,131784,46800
2020-01-16,126775,87525,39250,7080,6150,930,66375,53550,12825,51575,43800,7775,1353875,670625,683250,183012,128694,54318
2020-01-17,125250,87375,37875,7055,6150,905,66250,58550,7700,51450,43700,7750,1340725,669325,671400,182934,122634,60300
2020-01-20,124225,87375,36850,7050,6150,900,66250,58550,7700,51125,43700,7425,1327675,666775,660900,187782,127530,60252
2020-01-21,162925,128000,34925,7050,6150,900,66250,58550,7700,50900,43700,7200,1309050,666775,642275,186324,127530,58794
2020-01-22,195375,162250,33125,6925,6170,755,66200,58550,7650,50700,43700,7000,1292500,669275,623225,187914,129414,58500
2020-01-23,190350,162875,27475,6925,6060,865,66200,56100,10100,50550,43700,6850,1276850,738150,538700,192912,134262,58650
2020-01-24,190075,166175,23900,6945,6050,895,66200,56100,10100,50425,43525,6900,1260150,732075,528075,192762,134436,58326
2020-01-27,187250,156800,30450,6870,6025,845,66200,50925,15275,50350,43175,7175,1248025,732075,515950,192468,134442,58026
2020-01-28,185300,156800,28500,6870,5995,875,66800,51525,15275,50275,43175,7100,1242425,732075,510350,192324,134418,57906
2020-01-29,183825,155400,28425,6830,6005,825,66800,50850,15950,50175,43075,7100,1256350,776425,479925,194526,136590,57936
2020-01-30,182550,148200,34350,6830,5920,910,66800,50850,15950,49900,43075,6825,1274325,786625,487700,194568,124902,69666
2020-01-31,180725,147925,32800,6760,5920,840,66800,50850,15950,49775,42975,6800,1288350,816750,471600,195942,120564,75378
2020-02-03,179800,147350,32450,6650,5630,1020,66800,50850,15950,49775,42975,6800,1272525,816675,455850,196854,121596,75258
2020-02-04,178325,146475,31850,6705,5645,1060,66800,50850,15950,49625,42975,6650,1257950,816675,441275,200940,125772,75168
2020-02-05,176575,143775,32800,6705,5575,1130,66750,50750,16000,49625,42075,7550,1274550,846400,428150,200454,125070,75384
2020-02-06,174800,134025,40775,6540,5605,935,66725,58500,8225,52950,45550,7400,1257750,845900,411850,200424,124440,75984
2020-02-07,171525,134025,37500,6520,5445,1075,66800,58725,8075,62675,55500,7175,1242950,838600,404350,203946,124392,79554
2020-02-10,171750,135475,36275,6420,5295,1125,66800,58725,8075,71150,64550,6600,1229700,822600,407100,204078,124008,80070
2020-02-11,170000,135725,34275,6390,5270,1120,66800,58725,8075,72025,70625,1400,1239800,844400,395400,208722,128550,80172
2020-02-12,167075,135375,31700,6390,5270,1120,66800,58725,8075,72600,71200,1400,1232200,834150,398050,209742,127236,82506
2020-02-13,164550,135475,29075,6825,5810,1015,66750,58725,8025,72500,71200,1300,1221000,834150,386850,210066,128808,81258
2020-02-14,162375,135075,27300,6815,5810,1005,66750,58725,8025,74825,73375,1450,1206450,824150,382300,212094,129690,82404
2020-02-17,161400,125575,35825,6555,5785,770,66725,58675,8050,74725,72700,2025,1192375,813875,378500,215802,133110,82692
2020-02-18,166475,133150,33325,7485,6845,640,66725,58500,8225,74700,72400,2300,1177425,813875,363550,218214,135570,82644
2020-02-19,166425,134775,31650,7485,6845,640,66725,64225,2500,74600,71925,2675,1162300,813875,348425,220926,139038,81888
2020-02-20,164850,131000,33850,7435,6835,600,66725,64225,2500,75475,72475,3000,1150775,813875,336900,224766,143046,81720
2020-02-21,163425,116800,46625,7435,6760,675,66850,64475,2375,75425,72475,2950,1138975,805725,333250,224700,143016,81684
2020-02-24,161575,116600,44975,7345,6275,1070,66775,64475,2300,75375,71175,4200,1127400,799050,328350,228924,146070,82854
2020-02-25,160250,115850,44400,7345,6225,1120,67575,65325,2250,75200,71175,4025,1115400,799050,316350,230256,146844,83412
2020-02-26,221425,177750,43675,7595,6475,1120,67650,65475,2175,75975,72075,3900,1103575,791850,311725,230196,146832,83364
2020-02-27,219875,176475,43400,7590,6430,1160,67550,65475,2075,75425,71900,3525,1092275,791850,300425,229860,146430,83430
2020-02-28,218175,175225,42950,7545,6430,1115,67800,65725,2075,75275,71900,3375,1082150,791850,290300,235428,151740,83688
2020-03-02,216950,172775,44175,7460,6430,1030,68100,59700,8400,75200,71850,3350,1071875,791850,280025,235368,150930,84438
2020-03-03,211225,156225,55000,7460,6295,1165,68575,56600,11975,75025,71500,3525,1061375,791850,269525,235254,150780,84474
2020-03-04,206575,143200,63375,7460,6180,1280,69225,56975,12250,74725,70525,4200,1050750,791550,259200,235404,150426,84978
2020-03-05,203275,143150,60125,7420,6080,1340,69575,57325,12250,74600,69800,4800,1040775,791550,249225,235950,151038,84912
2020-03-06,200275,141625,58650,7345,5885,1460,69775,57125,12650,74400,69300,5100,1030750,798000,232750,236106,148434,87672
2020-03-09,194125,141600,52525,7330,5790,1540,70025,56675,13350,74300,65875,8425,1019950,797800,222150,235068,146634,88434
2020-03-10,190425,140950,49475,7280,5790,1490,70175,56825,13350,74550,66725,7825,1010025,797800,212225,234486,143652,90834
2020-03-11,189725,142800,46925,7200,5675,1525,70300,55650,14650,75225,64375,10850,1002300,797800,204500,234666,144030,90636
2020-03-12,187450,142725,44725,7100,5565,1535,70575,55950,14625,74900,64375,10525,994675,797800,196875,234378,160842,73536
2020-03-13,183700,141575,42125,7040,5555,1485,70575,56125,14450,74600,62750,11850,987175,797800,189375,234384,161940,72444
2020-03-16,179725,130675,49050,6895,5555,1340,70475,55775,14700,74125,62000,12125,978450,798200,180250,233682,169032,64650
2020-03-17,220325,173575,46750,6585,5460,1125,70850,56225,14625,74000,62100,11900,973050,798200,174850,232074,169236,62838
2020-03-18,233150,188575,44575,6530,5285,1245,71125,56250,14875,73275,60550,12725,967325,795600,171725,231480,168936,62544
2020-03-19,231025,188450,42575,6550,5270,1280,70950,55775,15175,73700,56350,17350,1009100,839575,169525,230760,168906,61854
2020-03-20,227875,183175,44700,6390,5410,980,71000,55925,15075,73200,56150,17050,1069925,904650,165275,230724,168882,61842
2020-03-23,227325,176425,50900,6325,5390,935,70850,55800,15050,74900,58725,16175,1076050,901350,174700,230544,173448,57096
2020-03-24,226200,176425,49775,6250,5390,860,71325,56400,14925,74500,58725,15775,1100675,929675,171000,230220,173448,56772
2020-03-25,225175,176425,48750,6175,5350,825,71150,55925,15225,74725,58800,15925,1098425,929675,168750,229638,173244,56394
2020-03-26,224375,176525,47850,6175,4855,1320,71125,55700,15425,74075,58550,15525,1112575,947300,165275,229518,173244,56274
2020-03-27,223725,177025,46700,6475,4455,2020,71125,55450,15675,73350,58675,14675,1131675,969075,162600,229488,173424,56064
2020-03-30,222900,177075,45825,6415,4420,1995,71125,53450,17675,72950,56100,16850,1150775,994000,156775,230172,174108,56064
2020-03-31,222225,177250,44975,6245,4420,1825,71125,53250,17875,73125,47875,25250,1148750,996925,151825,229812,174108,55704
2020-04-01,221200,177250,43950,6205,4380,1825,70900,52675,18225,73800,48775,25025,1164200,1014425,149775,228768,174108,54660
2020-04-02,219925,177250,42675,6100,4360,1740,71425,53450,17975,73100,48775,24325,1210475,1062750,147725,228768,174108,54660
2020-04-03,218525,177050,41475,7590,6110,1480,71425,53675,17750,76250,51725,24525,1207925,1062750,145175,228768,174018,54750
2020-04-06,217475,176600,40875,7475,6110,1365,71675,54175,17500,75850,51475,24375,1213400,1071825,141575,228606,174018,54588
2020-04-07,216500,175100,41400,7400,5880,1520,71550,54175,17375,75400,51475,23925,1213750,1075375,138375,228606,174372,54234
2020-04-08,259850,219075,40775,7360,5855,1505,71550,54175,17375,89475,69675,19800,1227450,1091750,135700,229062,174852,54210
2020-04-09,260275,219775,40500,7245,5855,1390,71675,54300,17375,97975,87150,10825,1239700,1106850,132850,229062,174852,54210
2020-04-14,259775,217225,42550,7095,5315,1780,71975,54625,17350,97300,86150,11150,1248000,1117575,130425,229038,174714,54324
2020-04-15,261225,216825,44400,6770,5245,1525,72500,55475,17025,99750,89625,10125,1261550,1136075,125475,228966,174714,54252
2020-04-16,260825,222325,38500,6675,5195,1480,72500,55250,17250,99150,89625,9525,1261475,1137900,123575,230064,175836,54228
2020-04-17,265425,228600,36825,6590,5140,1450,72575,55500,17075,98300,89625,8675,1259150,1137900,121250,230304,176046,54258
2020-04-20,263750,224350,39400,6590,4985,1605,72150,55500,16650,98050,89075,8975,1300950,1184175,116775,230190,176046,54144
2020-04-21,264725,225000,39725,6405,4970,1435,73225,56675,16550,97850,89225,8625,1298225,1183550,114675,230016,176046,53970
2020-04-22,264525,223325,41200,6325,4655,1670,73450,63000,10450,97600,88975,8625,1298125,1184850,113275,230358,176436,53922
2020-04-23,263425,217825,45600,6185,4655,1530,73550,70025,3525,100075,87600,12475,1307725,1164525,143200,230352,176076,54276
2020-04-24,262600,209250,53350,6045,4445,1600,73200,70175,3025,99475,87600,11875,1317925,1175175,142750,230664,176556,54108
2020-04-27,258475,203125,55350,5965,4160,1805,73400,70400,3000,97775,87400,10375,1336775,1186950,149825,231132,176766,54366
2020-04-28,256150,195825,60325,5830,4120,1710,73525,70600,2925,96850,87400,9450,1347000,1196625,150375,231132,176664,54468
2020-04-29,256100,196900,59200,5715,4020,1695,73525,70600,2925,97525,88225,9300,1346775,1196625,150150,231156,176688,54468
2020-04-30,253700,197750,55950,5690,3955,1735,73400,70325,3075,97425,88225,9200,1346200,1186625,159575,231156,176664,54492
2020-05-01,251475,191150,60325,5375,3725,1650,73650,70575,3075,100850,92450,8400,1356150,1187150,169000,230712,176664,54048
2020-05-05,245350,192350,53000,5100,2990,2110,73875,70850,3025,100675,92000,8675,1355025,1180650,174375,233304,179358,53946
2020-05-06,245100,190450,54650,5080,2840,2240,73975,71025,2950,100425,91000,9425,1352525,1176650,175875,233304,179334,53970
2020-05-11,245100,190450,54650,5080,2840,2240,73975,71025,2950,100425,91000,9425,1352525,1176650,175875,233304,179334,53970
2020-05-15,278750,249925,28825,3540,2505,1035,74300,57850,16450,98975,89700,9275,1419675,1185500,234175,233844,179796,54048
2020-05-18,276375,250575,25800,3540,2380,1160,74250,58125,16125,98625,72200,26425,1414475,1185500,228975,233640,179316,54324
2020-05-19,274225,251725,22500,3500,2320,1180,75150,58825,16325,98375,72500,25875,1436575,1205925,230650,233970,179130,54840
2020-05-20,273175,250375,22800,3465,2200,1265,75075,58625,16450,107275,81725,25550,1466625,1241225,225400,233874,179130,54744
2020-05-21,272325,228600,43725,3410,2200,1210,75025,58625,16400,106825,81075,25750,1462600,1240725,221875,233874,179130,54744
2020-05-22,271775,219625,52150,3330,1735,1595,75275,58925,16350,106575,81075,25500,1458100,1226375,231725,233850,178518,55332
2020-05-26,270925,219700,51225,3190,1725,1465,75150,58925,16225,106275,81075,25200,1479000,1251350,227650,234198,178590,55608
2020-05-27,265375,220575,44800,2950,1570,1380,76150,59175,16975,106150,81650,24500,1493775,1269625,224150,234198,178272,55926
2020-05-28,264425,202925,61500,2930,1570,1360,76150,59175,16975,103250,81600,21650,1493075,1269625,223450,233502,178416,55086
2020-05-29,261800,186075,75725,2660,1635,1025,76150,59150,17000,101350,80850,20500,1500900,1282050,218850,233178,178080,55098
2020-06-01,255725,186125,69600,2455,1615,840,75825,59150,16675,99575,80150,19425,1496050,1283000,213050,233496,178398,55098
2020-06-02,254275,185275,69000,2425,1515,910,75800,59150,16650,97850,79650,18200,1505550,1295200,210350,232812,178422,54390
2020-06-03,252375,185300,67075,2545,1540,1005,75600,59150,16450,97800,79650,18150,1500900,1295200,205700,232806,178422,54384
2020-06-04,248275,165175,83100,2520,1490,1030,75550,59150,16400,96275,79475,16800,1526250,1324400,201850,232806,178422,54384
2020-06-05,243750,159300,84450,2500,1595,905,75525,59150,16375,94675,79450,15225,1521325,1305725,215600,232410,178086,54324
2020-06-08,237900,158225,79675,2500,1375,1125,75500,59150,16350,93125,79400,13725,1525650,1314575,211075,232110,177774,54336
2020-06-09,236575,143750,92825,2495,1435,1060,75500,59100,16400,101575,89400,12175,1541150,1335375,205775,232110,177714,54396
2020-06-10,233475,130225,103250,2705,1825,880,75500,59100,16400,113025,102350,10675,1541125,1335375,205750,232410,178014,54396
2020-06-11,231600,130600,101000,3330,2370,960,75475,59100,16375,119900,111450,8450,1535250,1334925,200325,232410,177318,55092
2020-06-12,234550,125325,109225,3350,2500,850,75425,47650,27775,125425,118275,7150,1548550,1333350,215200,232878,177786,55092
2020-06-15,247000,141500,105500,3365,2575,790,75425,47650,27775,124900,118275,6625,1577000,1364300,212700,232878,177780,55098
2020-06-16,248475,150350,98125,3285,2550,735,75425,47650,27775,124775,118125,6650,1616550,1408325,208225,233118,177720,55398
2020-06-17,244700,150150,94550,3125,2510,615,75425,47650,27775,124500,118325,6175,1614975,1404225,210750,233298,177900,55398
2020-06-18,243250,137900,105350,3000,2510,490,75125,47650,27475,124300,118250,6050,1610300,1403775,206525,233274,177900,55374
2020-06-19,236600,127875,108725,2935,2595,340,75100,47650,27450,124050,118250,5800,1605625,1403775,201850,233238,177900,55338
2020-06-22,233400,124850,108550,3005,2405,600,74600,47600,27000,123600,118150,5450,1617825,1420600,197225,233238,177588,55650
2020-06-23,228450,121125,107325,2980,2405,575,74575,45450,29125,123450,118100,5350,1617550,1426850,190700,233562,177912,55650
2020-06-24,226050,116800,109250,3570,3005,565,72925,45225,27700,123400,117975,5425,1614100,1427950,186150,233562,177348,56214
2020-06-25,225650,113850,111800,3585,3020,565,72150,45625,26525,123275,117875,5400,1637750,1456050,181700,233586,177372,56214
2020-06-26,221675,115300,106375,3585,3020,565,69175,46175,23000,123025,117625,5400,1652025,1474350,177675,233970,177840,56130
2020-06-29,219600,112850,106750,3565,3020,545,68200,45975,22225,122850,117625,5225,1648000,1472775,175225,233658,177840,55818
2020-06-30,216600,111650,104950,3605,3070,535,67425,45975,21450,122575,117525,5050,1642600,1472775,169825,233898,177780,56118
2020-07-01,213325,110725,102600,3530,3120,410,66500,45975,20525,122550,115475,7075,1638300,1472775,165525,233526,177780,55746
2020-07-02,210700,110725,99975,3480,3060,420,65800,45975,19825,122525,115450,7075,1633775,1472775,161000,234312,178590,55722
2020-07-03,206375,110725,95650,3530,3090,440,64175,45650,18525,122525,114800,7725,1629275,1457700,171575,234264,178590,55674
2020-07-06,197850,106100,91750,3830,3390,440,62300,45650,16650,122275,114775,7500,1624775,1416300,208475,234216,178590,55626
2020-07-07,195825,103800,92025,3880,3345,535,61800,45650,16150,122150,114550,7600,1618025,1416300,201725,234216,178506,55710
2020-07-08,192025,98800,93225,3895,3290,605,61700,45650,16050,121950,114550,7400,1613050,1372775,240275,234654,178926,55728
2020-07-09,185200,94800,90400,3920,3335,585,61725,45575,16150,121775,99500,22275,1632675,1342725,289950,234672,177894,56778
2020-07-10,181075,88600,92475,3975,3445,530,61675,45550,16125,123375,101500,21875,1626550,1340225,286325,234672,177894,56778
2020-07-13,176350,88525,87825,3965,3415,550,61375,45550,15825,123475,101550,21925,1674900,1435350,239550,234624,177894,56730
2020-07-14,168225,88975,79250,3965,3395,570,61300,45550,15750,123200,101500,21700,1669550,1408650,260900,234192,177870,56322
2020-07-15,166450,101350,65100,3910,3395,515,63075,47375,15700,122975,101300,21675,1663800,1405725,258075,234780,178842,55938
2020-07-16,159800,98850,60950,3855,3395,460,63050,47375,15675,122525,100850,21675,1668525,1402350,266175,234960,178644,56316
2020-07-17,157350,93900,63450,3835,3395,440,63025,47375,15650,122400,100750,21650,1664400,1390350,274050,234738,177696,57042
2020-07-20,151075,88300,62775,4000,3755,245,62900,47375,15525,121700,100850,20850,1658975,1388350,270625,234690,177696,56994
2020-07-21,146300,79600,66700,3980,3755,225,74075,58575,15500,121050,100450,20600,1652200,1383850,268350,235158,178140,57018
2020-07-22,145050,64650,80400,3985,3720,265,86925,71500,15425,133450,112525,20925,1648225,1376250,271975,235182,178140,57042
2020-07-23,143800,55950,87850,3970,3645,325,97575,82075,15500,150050,129725,20325,1640425,1375250,265175,235146,177840,57306
2020-07-24,141725,52000,89725,3950,3625,325,107600,92050,15550,154500,134725,19775,1649275,1376075,273200,234636,178182,56454
2020-07-27,138025,48600,89425,3875,3635,240,117700,102175,15525,158825,139625,19200,1668500,1388025,280475,234948,178494,56454
2020-07-28,134025,44850,89175,3825,3645,180,117600,102175,15425,173000,154750,18250,1658175,1384025,274150,234852,178470,56382
2020-07-29,131900,45275,86625,3995,3810,185,117600,101725,15875,187475,169550,17925,1648775,1383225,265550,235164,178302,56862
2020-07-30,129225,45500,83725,4015,3830,185,117600,101725,15875,188175,170900,17275,1643125,1382325,260800,234786,178302,56484
2020-07-31,128125,47900,80225,3895,3830,65,117575,101675,15900,188050,170900,17150,1637425,1382325,255100,235242,178860,56382
2020-08-03,126675,48400,78275,3875,3830,45,118150,102400,15750,187975,170700,17275,1632175,1375600,256575,235266,178884,56382
2020-08-04,125150,50650,74500,3950,3895,55,118150,102400,15750,187650,170800,16850,1642050,1383175,258875,235272,178890,56382
2020-08-05,122450,49475,72975,3990,3850,140,118050,102400,15650,187575,170700,16875,1637675,1376550,261125,235470,179202,56268
2020-08-06,120950,48925,72025,4000,3860,140,118025,102400,15625,187425,170700,16725,1632325,1374550,257775,235860,179622,56238
2020-08-07,117950,49050,68900,4020,3805,215,118025,101225,16800,197175,180375,16800,1626850,1374550,252300,236280,180192,56088
2020-08-10,114375,46125,68250,4095,3640,455,117950,101225,16725,197750,180950,16800,1621400,1372025,249375,235896,180192,55704
2020-08-11,114625,49375,65250,4095,3610,485,117925,101225,16700,197675,180900,16775,1617175,1361200,255975,235890,180192,55698
2020-08-12,114575,50775,63800,4160,3700,460,117800,101225,16575,212750,196125,16625,1606400,1361000,245400,235866,180168,55698
2020-08-13,113875,52625,61250,4170,3720,450,118800,101750,17050,213825,197450,16375,1600525,1361000,239525,237228,181590,55638
2020-08-14,113200,54125,59075,4275,4020,255,119000,102625,16375,213950,197700,16250,1594325,1351000,243325,238638,182814,55824
2020-08-17,110000,50250,59750,5375,5045,330,120050,104275,15775,220125,204900,15225,1588325,1348400,239925,238638,182004,56634
2020-08-18,107525,50725,56800,5310,5050,260,120575,104825,15750,224750,210725,14025,1590550,1355900,234650,238530,182004,56526
2020-08-19,106225,50625,55600,5285,5030,255,122475,106725,15750,226400,213650,12750,1585000,1355900,229100,238584,182616,55968
2020-08-20,104425,51850,52575,5240,5060,180,125575,108200,17375,225725,214500,11225,1578200,1355900,222300,239304,181248,58056
2020-08-21,103475,52925,50550,5240,5020,220,125575,114375,11200,226300,215075,11225,1574100,1355900,218200,238950,179232,59718
2020-08-24,97900,53250,44650,5235,4970,265,125525,114375,11150,225075,215075,10000,1572950,1342775,230175,238950,179622,59328
2020-08-25,95525,54525,41000,5205,4920,285,125300,114375,10925,224300,215475,8825,1567375,1342775,224600,238494,178950,59544
2020-08-26,92025,50325,41700,5215,4900,315,125300,114375,10925,224100,215325,8775,1563300,1333775,229525,238818,178884,59934
2020-08-27,90775,46325,44450,5215,4900,315,125200,114275,10925,222450,215225,7225,1559300,1331775,227525,238830,178446,60384
2020-08-28,89350,41325,48025,5265,4930,335,125425,113350,12075,219950,210325,9625,1554375,1323025,231350,238974,178920,60054
2020-09-01,88250,40725,47525,5240,4945,295,124900,113350,11550,220125,211300,8825,1550225,1321575,228650,238722,178848,59874
2020-09-02,84975,40725,44250,5240,5135,105,123800,112625,11175,220150,216300,3850,1545575,1321575,224000,237336,179028,58308
2020-09-03,84650,44300,40350,5295,5185,110,123700,112625,11075,220100,216300,3800,1541800,1319000,222800,236736,178332,58404
2020-09-04,82450,44825,37625,5310,5105,205,123600,110800,12800,220050,216300,3750,1537675,1318600,219075,236634,178620,58014
2020-09-07,77550,46825,30725,5340,5135,205,123525,109525,14000,219875,216025,3850,1533625,1318150,215475,236508,178206,58302
2020-09-08,76550,48225,28325,5530,5285,245,123300,105675,17625,219775,216025,3750,1529425,1308000,221425,236460,178242,58218
2020-09-09,73425,48450,24975,5485,5285,200,123225,106600,16625,219775,216025,3750,1526575,1308000,218575,236478,178320,58158
2020-09-10,75975,49900,26075,5540,5340,200,131750,114850,16900,219725,216025,3700,1524075,1303000,221075,237162,179082,58080
2020-09-11,75550,38925,36625,5540,5240,300,131225,113850,17375,219700,215925,3775,1520650,1297000,223650,237138,178866,58272
2020-09-14,74875,36550,38325,5630,5330,300,130650,113850,16800,219700,214200,5500,1516500,1255675,260825,237000,178770,58230
2020-09-15,78550,45950,32600,5560,5330,230,130350,114100,16250,219700,207925,11775,1513925,1255675,258250,237180,178998,58182
2020-09-16,78900,47000,31900,5590,5135,455,136675,120975,15700,219625,207875,11750,1510400,1251175,259225,237276,179238,58038
2020-09-17,78750,46700,32050,5550,5065,485,136650,120975,15675,219525,207700,11825,1506425,1251175,255250,236988,179286,57702
2020-09-18,78900,45450,33450,5545,5080,465,136050,120750,15300,219525,206150,13375,1504175,1245950,258225,236526,178830,57696
2020-09-21,78425,34475,43950,5610,5095,515,135575,120050,15525,219325,204625,14700,1499100,1235750,263350,236502,178830,57672
2020-09-22,78300,28775,49525,5630,5135,495,135550,120050,15500,219300,204350,14950,1493175,1232750,260425,236382,178830,57552
2020-09-23,77275,28825,48450,5630,5135,495,135500,120050,15450,219300,204275,15025,1486175,1230750,255425,236310,178770,57540
2020-09-24,76325,28825,47500,5505,5180,325,135400,120050,15350,221300,206275,15025,1482225,1225325,256900,236646,179058,57588
2020-09-25,73625,28825,44800,5505,5130,375,135300,120050,15250,220350,206275,14075,1477175,1218125,259050,236952,179184,57768
2020-09-28,103125,60400,42725,5580,5260,320,136600,121750,14850,218175,206250,11925,1473025,1202500,270525,235950,179004,56946
2020-09-29,136325,94525,41800,5555,5310,245,135700,121750,13950,216250,206250,10000,1466925,1202500,264425,236400,179556,56844
2020-09-30,165600,125225,40375,5555,5310,245,137500,123975,13525,214125,206200,7925,1458900,1196850,262050,236376,179310,57066
2020-10-01,163125,125625,37500,5550,5245,305,137000,108900,28100,212575,206125,6450,1450950,1196825,254125,236148,179310,56838
2020-10-02,161975,125625,36350,5550,4970,580,136400,108375,28025,214550,208425,6125,1444275,1195825,248450,236202,179124,57078
2020-10-05,160875,125625,35250,5500,4970,530,135600,108375,27225,216725,210925,5800,1438925,1195825,243100,236172,179124,57048
2020-10-06,156125,125125,31000,5475,4865,610,135100,108375,26725,218775,211400,7375,1432650,1126600,306050,236124,179004,57120
2020-10-07,155400,124875,30525,5425,4670,755,134500,106250,28250,218400,211400,7000,1428475,1119125,309350,236058,178266,57792
2020-10-08,154750,124625,30125,5375,4410,965,133700,112725,20975,217975,211400,6575,1423075,1114850,308225,236088,178332,57756
2020-10-09,153925,124725,29200,5390,4445,945,132850,112625,20225,217625,211400,6225,1416325,1114850,301475,236070,177738,58332
2020-10-12,152975,113075,39900,5275,4480,795,132225,112625,19600,217400,210900,6500,1422475,1126175,296300,235902,177714,58188
2020-10-13,153200,101675,51525,5305,4380,925,131800,112625,19175,217225,211000,6225,1412600,1122025,290575,236934,178572,58362
2020-10-14,169925,121925,48000,5305,4305,1000,131150,112625,18525,218000,211400,6600,1412125,1126300,285825,237156,178818,58338
2020-10-15,168875,110800,58075,5355,4205,1150,130475,112125,18350,218825,210700,8125,1407025,1126300,280725,237306,179478,57828
2020-10-16,184850,117800,67050,5505,4400,1105,129975,112125,17850,219775,211675,8100,1406575,1133725,272850,237390,179892,57498
2020-10-19,183900,117700,66200,5530,4300,1230,129625,112125,17500,220275,211925,8350,1406550,1174175,232375,237342,179868,57474
2020-10-20,183175,118100,65075,5465,4235,1230,129325,111775,17550,220325,211975,8350,1421500,1199300,222200,236832,179886,56946
2020-10-21,181650,117775,63875,5230,4235,995,128850,111775,17075,219775,211975,7800,1485125,1266050,219075,237366,180132,57234
2020-10-22,180625,117275,63350,4985,4250,735,128850,111750,17100,219575,210125,9450,1481950,1264400,217550,237360,178284,59076
2020-10-23,180300,118475,61825,4955,4100,855,128525,111750,16775,219375,209375,10000,1479075,1258250,220825,237630,178494,59136
2020-10-26,178725,118525,60200,4845,4120,725,128175,111700,16475,220975,211050,9925,1473900,1216650,257250,238152,178710,59442
2020-10-27,177075,119425,57650,4740,4210,530,128625,112200,16425,220800,211050,9750,1469000,1216650,252350,238152,178710,59442
2020-10-28,174900,118900,56000,4750,4075,675,128525,111875,16650,220475,211050,9425,1466325,1216650,249675,238524,179082,59442
2020-10-29,172625,118850,53775,4575,3945,630,127350,93350,34000,219925,210975,8950,1462750,1216650,246100,239310,179976,59334
2020-10-30,171300,118950,52350,4555,3840,715,125800,93000,32800,219925,211000,8925,1462925,1219725,243200,239016,179976,59040
2020-11-02,169600,118850,50750,4530,3820,710,124400,93000,31400,219200,210100,9100,1461025,1219725,241300,239016,179952,59064
2020-11-03,169400,119850,49550,4500,3825,675,124600,93175,31425,218650,210100,8550,1456075,1219725,236350,238674,179856,58818
2020-11-04,176650,128150,48500,4490,3865,625,123525,93025,30500,218225,210100,8125,1450025,1218725,231300,238956,180426,58530
2020-11-05,174050,128500,45550,4465,3865,600,121550,92875,28675,217800,210100,7700,1443950,1220375,223575,238386,180192,58194
2020-11-06,172450,128500,43950,4485,3815,670,120425,92775,27650,217800,209875,7925,1437675,1220375,217300,238830,180606,58224
2020-11-09,171125,128800,42325,4420,3655,765,116725,92775,23950,219300,211775,7525,1431575,1246475,185100,238830,180270,58560
2020-11-10,169575,128800,40775,4415,3565,850,116225,92775,23450,221825,214675,7150,1425450,1246475,178975,239292,180612,58680
2020-11-11,167825,128800,39025,4320,3565,755,113350,91525,21825,221625,212725,8900,1419225,1246475,172750,239400,180804,58596
2020-11-12,166200,128900,37300,4265,3490,775,113050,91525,21525,221075,211725,9350,1420100,1252525,167575,239154,180804,58350
2020-11-13,165200,128900,36300,4240,3425,815,112025,92175,19850,221050,211700,9350,1414675,1252525,162150,239172,180480,58692
2020-11-16,163025,129300,33725,4040,3400,640,111825,90075,21750,220850,211625,9225,1413775,1256925,156850,239076,180480,58596
2020-11-17,161700,129050,32650,4065,3380,685,113100,91825,21275,220475,211600,8875,1416700,1261550,155150,238980,180504,58476
2020-11-18,160200,123950,36250,4115,3455,660,113000,91825,21175,220300,211500,8800,1409575,1240775,168800,238980,180096,58884
2020-11-19,159475,118475,41000,4145,3505,640,112775,91775,21000,220275,211150,9125,1404425,1238775,165650,239310,180408,58902
2020-11-20,157350,112525,44825,4095,3395,700,112725,91725,21000,222675,203750,18925,1399525,1232800,166725,239664,180864,58800
2020-11-23,156075,112375,43700,3930,3385,545,112650,91500,21150,222975,204250,18725,1395525,1232800,162725,240678,181878,58800
2020-11-24,154825,105000,49825,3905,3380,525,112575,91450,21125,222575,204050,18525,1392250,1232200,160050,240174,181830,58344
2020-11-25,153175,103025,50150,3880,2930,950,112500,91450,21050,222300,199650,22650,1388250,1231200,157050,240390,177954,62436
2020-11-26,152025,102425,49600,3880,2930,950,112725,90500,22225,221875,198650,23225,1383250,1227950,155300,240636,178254,62382
2020-11-27,150775,102525,48250,3880,2930,950,112675,90350,22325,221325,197850,23475,1378025,1216725,161300,241752,178908,62844
2020-11-30,149800,102375,47425,3880,2830,1050,112425,90300,22125,220625,197300,23325,1374025,1215725,158300,241662,178980,62682
2020-12-01,149925,101575,48350,3805,2830,975,112700,90525,22175,220500,197250,23250,1368125,1213550,154575,241482,179016,62466
2020-12-02,149675,101300,48375,3670,2830,840,112400,90525,21875,220275,196750,23525,1364175,1173150,191025,241842,179028,62814
2020-12-03,149325,91250,58075,3670,2830,840,111950,90175,21775,219950,196600,23350,1358425,1168775,189650,241812,179208,62604
2020-12-04,149675,91900,57775,3575,2830,745,111225,88300,22925,219325,196600,22725,1353350,1164525,188825,242562,179838,62724
2020-12-07,150125,87950,62175,3525,2790,735,110750,84100,26650,218825,196675,22150,1350575,1155550,195025,243408,181350,62058
2020-12-08,149625,83050,66575,3520,2790,730,110650,84100,26550,218350,196050,22300,1343950,1153600,190350,243564,181350,62214
2020-12-09,149575,79650,69925,3495,2690,805,110375,84050,26325,217150,196050,21100,1338575,1144850,193725,243498,180852,62646
2020-12-10,147825,79300,68525,3420,1955,1465,109975,84050,25925,215975,192925,23050,1333375,1150875,182500,243426,180954,62472
2020-12-11,146325,79300,67025,3420,1915,1505,109825,84350,25475,214875,191275,23600,1329600,1150875,178725,243180,181242,61938
2020-12-14,144775,79800,64975,3325,1490,1835,120000,94475,25525,213575,191275,22300,1357650,1177525,180125,243300,181224,62076
2020-12-15,141900,79900,62000,3325,1490,1835,120000,94475,25525,213425,191250,22175,1357375,1175000,182375,244236,182160,62076
2020-12-16,133125,76375,56750,3070,1490,1580,119600,91525,28075,211475,190825,20650,1377225,1191275,185950,244314,182508,61806
2020-12-17,127725,71575,56150,3010,1460,1550,131075,104325,26750,211150,189625,21525,1371300,1189275,182025,244212,182508,61704
2020-12-18,123400,72075,51325,3060,1240,1820,131950,105325,26625,209950,189625,20325,1367025,1180375,186650,244212,182310,61902
2020-12-21,122975,74300,48675,2940,1130,1810,133775,107325,26450,208325,187825,20500,1390350,1201500,188850,245166,182850,62316
2020-12-23,119375,76275,43100,2730,960,1770,133775,102100,31675,206225,183700,22525,1378100,1190925,187175,246318,184488,61830
2020-12-24,116100,76175,39925,2105,910,1195,133850,102150,31700,205900,183650,22250,1372350,1190225,182125,246654,185094,61560
2020-12-29,113975,76175,37800,2085,910,1175,133850,101150,32700,205750,183650,22100,1366275,1190025,176250,246798,185664,61134
2020-12-30,110875,76175,34700,1890,910,980,133650,101150,32500,202425,183325,19100,1351250,1188175,163075,246114,185892,60222
2021-01-05,105425,75875,29550,1870,960,910,132750,75875,56875,202025,182375,19650,1324500,1187350,137150,247944,187818,60126
2021-01-06,105425,77275,28150,1780,960,820,132550,75875,56675,201900,181475,20425,1319075,1187450,131625,248382,188256,60126
2021-01-07,104325,70275,34050,1755,945,810,132125,75800,56325,201875,180575,21300,1313100,1186250,126850,248694,186900,61794
2021-01-08,102425,65900,36525,1745,920,825,131975,75800,56175,201375,177900,23475,1309100,1185150,123950,249018,187110,61908
2021-01-11,104950,66950,38000,1740,900,840,131900,75100,56800,201125,176875,24250,1305825,1185150,120675,248826,186888,61938
2021-01-12,103750,66900,36850,1725,920,805,131100,75100,56000,200100,176625,23475,1298075,1185150,112925,249198,186918,62280
2021-01-13,102550,65550,37000,1685,770,915,130950,74375,56575,199675,171175,28500,1293300,1189525,103775,249432,187176,62256
2021-01-14,101250,61575,39675,1660,730,930,130325,74375,55950,199175,170125,29050,1285125,1179500,105625,249396,186222,63174
2021-01-15,99950,57125,42825,1635,730,905,129800,74350,55450,198700,169525,29175,1288675,1188000,100675,249306,186234,63072
2021-01-18,97675,54400,43275,1635,730,905,129025,72850,56175,198125,169525,28600,1397075,1299700,97375,249300,185916,63384
2021-01-19,96325,54600,41725,1425,730,695,126725,72850,53875,196625,169525,27100,1414675,1325225,89450,249090,185922,63168
2021-01-20,93950,54600,39350,1255,680,575,119325,67925,51400,194200,169075,25125,1417050,1286575,130475,249726,186252,63474
2021-01-21,91150,54600,36550,1030,680,350,117150,67925,49225,191875,168750,23125,1419250,1289300,129950,249396,185742,63654
2021-01-22,87725,54600,33125,1020,630,390,115175,67925,47250,191450,168750,22700,1416775,1250650,166125,249366,185316,64050
2021-01-25,82125,54600,27525,1045,650,395,113175,67925,45250,189775,169050,20725,1412925,1165700,247225,248844,185316,63528
2021-01-26,79275,53600,25675,1030,645,385,110500,67275,43225,235025,214750,20275,1419775,1164825,254950,248688,185388,63300
2021-01-27,77175,53550,23625,905,635,270,107175,66750,40425,294500,273800,20700,1428225,1174125,254100,248886,184782,64104
2021-01-28,76250,51075,25175,880,590,290,104150,66625,37525,293800,269425,24375,1424175,1171000,253175,248886,184590,64296
2021-01-29,74575,51175,23400,880,580,300,98750,65950,32800,292850,268275,24575,1431050,1179500,251550,248886,184194,64692
2021-02-01,74275,49650,24625,820,565,255,96775,65950,30825,291750,268275,23475,1428175,1161400,266775,248856,184446,64410
2021-02-02,74225,49400,24825,790,565,225,94625,65950,28675,291350,267950,23400,1421725,1164200,257525,249102,184764,64338
2021-02-03,75000,49925,25075,810,575,235,94025,64950,29075,290900,256425,34475,1425225,1173450,251775,249078,184764,64314
2021-02-04,74500,49825,24675,810,575,235,93775,64550,29225,290800,246100,44700,1415125,1174675,240450,249030,184236,64794
2021-02-05,76550,52275,24275,810,500,310,93650,60525,33125,290350,246100,44250,1406525,1173400,233125,249444,184506,64938
2021-02-08,74575,51700,22875,785,500,285,93250,60525,32725,289725,244500,45225,1402625,1169125,233500,249444,182838,66606
2021-02-09,76050,54425,21625,775,480,295,92850,60775,32075,289325,244500,44825,1395275,1170850,224425,249948,183438,66510
2021-02-10,74675,53025,21650,790,495,295,92425,60775,31650,288850,243650,45200,1389975,1170100,219875,248664,184260,64404
2021-02-11,73500,49575,23925,800,485,315,92075,60775,31300,287050,243050,44000,1384625,1167500,217125,249846,184998,64848
2021-02-12,74700,50525,24175,790,560,230,91300,60625,30675,284250,243050,41200,1379975,1145200,234775,250056,184890,65166
2021-02-15,74250,50525,23725,1340,1110,230,90825,58600,32225,283125,243050,40075,1379325,1137900,241425,250056,184818,65238
2021-02-16,73725,50525,23200,1360,1140,220,96000,62850,33150,282100,240325,41775,1372475,1131850,240625,249990,184818,65172
2021-02-17,76175,53525,22650,1375,1235,140,95950,62850,33100,281350,240325,41025,1365375,1131850,233525,249510,184818,64692
2021-02-18,76025,52725,23300,1385,1285,100,96100,62650,33450,279850,237925,41925,1360850,1131850,229000,249510,184818,64692
2021-02-19,75700,46450,29250,1350,985,365,96050,62650,33400,276525,237925,38600,1354150,1127875,226275,249480,183624,65856
2021-02-22,74900,46650,28250,1405,995,410,95250,62650,32600,273175,237925,35250,1349150,1128100,221050,249150,183288,65862
2021-02-23,73450,46650,26800,1510,1030,480,94525,62450,32075,271950,237925,34025,1343075,1125075,218000,251094,185934,65160
2021-02-24,79700,54550,25150,1665,1185,480,94475,62000,32475,270525,237700,32825,1337700,1122500,215200,251226,186546,64680
2021-02-25,78575,55050,23525,1740,1270,470,94700,62300,32400,270475,237700,32775,1332525,1117475,215050,251058,186522,64536
2021-02-26,76225,55050,21175,1730,1275,455,94575,62200,32375,269775,237700,32075,1325875,1099850,226025,251130,186828,64302
2021-03-01,74200,55050,19150,1745,1290,455,94625,62275,32350,269725,237700,32025,1316800,1094275,222525,250584,186906,63678
2021-03-02,73700,52100,21600,1720,1255,465,94625,62275,32350,269475,235850,33625,1307125,1082050,225075,258792,195798,62994
2021-03-03,74100,53400,20700,1720,1250,470,94525,61775,32750,269200,235650,33550,1304075,1084825,219250,261534,199950,61584
2021-03-04,79825,59875,19950,1755,1280,475,94325,61775,32550,269100,235650,33450,1299775,1083800,215975,260994,199926,61068
2021-03-05,79025,59925,19100,1690,1245,445,94150,61725,32425,268775,235650,33125,1299150,1080075,219075,260376,198852,61524
2021-03-08,84250,65925,18325,1780,1260,520,94050,57550,36500,268475,234725,33750,1293225,1077050,216175,260376,198756,61620
2021-03-09,85050,67100,17950,1770,1260,510,93725,57450,36275,268275,234725,33550,1286825,1070550,216275,260352,198138,62214
2021-03-10,88025,71100,16925,1750,1260,490,94900,73175,21725,267900,234725,33175,1280575,1068225,212350,259656,196596,63060
2021-03-11,90825,72125,18700,1685,1260,425,115700,94125,21575,267675,234725,32950,1608675,1409000,199675,259662,195132,64530
2021-03-12,93450,76175,17275,1800,1385,415,122900,101050,21850,267175,234200,32975,1923025,1713600,209425,260730,196776,63954
2021-03-15,92650,76175,16475,1775,1415,360,124225,102600,21625,266775,234200,32575,1916725,1668875,247850,260724,196728,63996
2021-03-16,103900,88300,15600,1810,1430,380,124950,103600,21350,266400,233250,33150,1910650,1586875,323775,260148,196038,64110
2021-03-17,107275,92325,14950,1835,1430,405,124525,102600,21925,266000,233250,32750,1903625,1549675,353950,259782,195900,63882
2021-03-18,106425,92975,13450,1780,1475,305,123775,102100,21675,265825,233200,32625,1897300,1514975,382325,260208,196266,63942
2021-03-19,104950,67975,36975,1825,1465,360,123425,101950,21475,265125,232250,32875,1967275,1390625,576650,259974,192738,67236
2021-03-22,113900,77100,36800,1815,1495,320,122750,101850,20900,264375,232250,32125,1964025,1299175,664850,259308,190980,68328
2021-03-23,122425,86025,36400,1750,1495,255,121675,101850,19825,263375,232250,31125,1956325,1293150,663175,260928,193590,67338
2021-03-24,121950,86075,35875,1685,1450,235,121075,100800,20275,271350,240125,31225,1946550,1280650,665900,261660,194388,67272
2021-03-25,121675,86075,35600,1685,1470,215,119500,100600,18900,271225,239625,31600,1934425,1278250,656175,261204,195180,66024
2021-03-26,123800,85950,37850,1705,1490,215,118700,100500,18200,271100,237775,33325,1926000,1268250,657750,260904,195204,65700
2021-03-29,132050,94500,37550,1690,1485,205,119550,101525,18025,271050,237425,33625,1917075,1267750,649325,261018,195330,65688
2021-03-30,142550,104325,38225,1770,1585,185,119850,101900,17950,271025,237425,33600,1905375,1267750,637625,260568,197286,63282
2021-03-31,144500,106825,37675,1770,1515,255,119675,101900,17775,270850,237425,33425,1897075,1330350,566725,260244,197718,62526
2021-04-01,143775,108375,35400,1740,1505,235,119550,101900,17650,270500,236425,34075,1889400,1333350,556050,259182,197490,61692
2021-04-06,143425,93375,50050,1710,1235,475,119000,101350,17650,268650,233975,34675,1882275,1343850,538425,259398,197574,61824
2021-04-07,150325,96375,53950,1715,1165,550,118900,100900,18000,267650,233975,33675,1860125,1337675,522450,258612,196536,62076
2021-04-08,157075,99250,57825,1710,1160,550,118775,100600,18175,267650,233975,33675,1860850,1344575,516275,257418,196038,61380
2021-04-09,163100,100775,62325,1685,1010,675,118650,100600,18050,267650,233975,33675,1854250,1337125,517125,257910,194820,63090
2021-04-12,165625,99050,66575,1625,1010,615,118375,99550,18825,281925,248575,33350,1847600,1337125,510475,257628,194688,62940
2021-04-13,168500,99400,69100,1570,1010,560,117675,99550,18125,298025,264425,33600,1841575,1336850,504725,257472,194676,62796
2021-04-14,172025,103625,68400,1585,1025,560,116650,98950,17700,296975,264425,32550,1833550,1301425,532125,263226,202146,61080
2021-04-15,169475,98625,70850,1600,1075,525,116425,98325,18100,296525,264175,32350,1829325,1301425,527900,263202,202872,60330
2021-04-16,165375,101875,63500,1565,1100,465,116225,97075,19150,294800,264175,30625,1824250,1300675,523575,262950,202536,60414
2021-04-19,163050,96875,66175,1565,1065,500,115550,95825,19725,294025,264175,29850,1819625,1301175,518450,262764,200286,62478
2021-04-20,160350,91875,68475,1625,1115,510,114900,94700,20200,293625,262775,30850,1812625,1246450,566175,264474,202020,62454
2021-04-21,159450,82600,76850,1600,985,615,114475,93825,20650,293575,261275,32300,1809250,1242675,566575,264606,203778,60828
2021-04-22,158975,77600,81375,1580,880,700,113350,93800,19550,293550,259725,33825,1802450,1238750,563700,264246,203586,60660
2021-04-23,155750,72600,83150,1545,855,690,112975,93600,19375,293550,259725,33825,1796925,1238750,558175,264198,202740,61458
2021-04-26,155100,72625,82475,1545,850,695,112675,93600,19075,293275,256650,36625,1793100,1219200,573900,263556,201648,61908
2021-04-27,154600,72600,82000,1290,855,435,111200,91850,19350,291950,249925,42025,1787525,1218700,568825,263208,201432,61776
2021-04-28,148975,72600,76375,1300,855,445,111325,91350,19975,291950,249925,42025,1782600,1211200,571400,262458,201024,61434
2021-04-29,147325,72600,74725,1305,805,500,111150,90750,20400,291950,248925,43025,1838950,1245350,593600,262212,199224,62988
2021-04-30,143725,74200,69525,1300,800,500,110850,90425,20425,291925,248925,43000,1835150,1231700,603450,262044,198702,63342
2021-05-04,137400,74200,63200,1245,800,445,110575,90325,20250,291750,248925,42825,1827800,1231600,596200,261996,198984,63012
2021-05-05,132775,74700,58075,1320,895,425,108250,89825,18425,291425,248925,42500,1810550,1231600,578950,261228,188904,72324
2021-05-06,130750,74700,56050,1290,505,785,107375,81625,25750,291025,246975,44050,1802175,1231600,570575,260508,185358,75150
2021-05-07,126725,74700,52025,1280,480,800,106075,78525,27550,290800,246975,43825,1797100,1231600,565500,259986,185010,74976
2021-05-10,123200,74600,48600,1330,490,840,105975,78175,27800,290500,246675,43825,1789725,1223600,566125,259044,184188,74856
2021-05-11,118875,74600,44275,1290,490,800,104875,78125,26750,288700,246900,41800,1780900,1223600,557300,258270,184926,73344
2021-05-12,115950,74250,41700,1240,440,800,105100,75475,29625,288125,245900,42225,1772700,1223600,549100,256452,184116,72336
2021-05-13,112150,74250,37900,1260,390,870,104725,73175,31550,287550,245900,41650,1766025,1219700,546325,256134,184188,71946
2021-05-14,121250,84250,37000,1260,390,870,104700,72500,32200,287150,245900,41250,1762525,1219000,543525,256134,184188,71946
2021-05-17,119875,84375,35500,1260,380,880,104450,72350,32100,286950,245825,41125,1768375,1226275,542100,254982,183648,71334
2021-05-18,119025,84225,34800,1175,375,800,104125,72350,31775,286375,245825,40550,1765525,1221325,544200,253368,183840,69528
2021-05-19,117075,86825,30250,1235,360,875,104325,72025,32300,285650,234500,51150,1759675,1220825,538850,252072,184356,67716
2021-05-20,117300,88325,28975,1235,335,900,103975,72025,31950,284550,232475,52075,1757350,1218950,538400,250482,185070,65412
2021-05-21,126675,98325,28350,1235,360,875,103450,71625,31825,285175,232850,52325,1750350,1178250,572100,250296,184038,66258
2021-05-24,125825,97950,27875,1185,460,725,102850,71625,31225,288425,235800,52625,1741825,1149875,591950,249678,183894,65784
2021-05-25,125925,98050,27875,855,385,470,102000,74400,27600,287725,230925,56800,1733775,1144900,588875,249372,184086,65286
2021-05-26,124700,98025,26675,855,370,485,99750,74550,25200,286825,230925,55900,1728375,1144175,584200,248358,183864,64494
2021-05-27,123750,98025,25725,855,370,485,99250,74150,25100,286425,233775,52650,1724075,1136900,587175,247782,182868,64914
2021-05-28,122425,98025,24400,825,370,455,97800,74025,23775,284250,229025,55225,1718300,1127600,590700,247494,182844,64650
2021-06-01,120700,97975,22725,755,370,385,97325,77975,19350,281550,229025,52525,1707000,1117375,589625,246444,182838,63606
2021-06-02,123350,100975,22375,875,505,370,95250,77875,17375,276025,229025,47000,1683675,1103875,579800,243630,182814,60816
2021-06-03,125450,103475,21975,1375,980,395,94950,77775,17175,277125,234025,43100,1674475,1100600,573875,243162,182814,60348
2021-06-04,124675,106000,18675,1580,1160,420,94700,77775,16925,274550,234025,40525,1676100,1108100,568000,242568,182274,60294
2021-06-07,124700,108375,16325,1920,1530,390,92350,65050,27300,272100,232750,39350,1666375,1108100,558275,242004,182232,59772
2021-06-08,127200,111225,15975,1920,1530,390,91050,64425,26625,270350,232650,37700,1653175,1063850,589325,241392,181536,59856
2021-06-09,129675,114275,15400,1915,1510,405,90225,64225,26000,269650,232650,37000,1649750,1063850,585900,241260,180624,60636
2021-06-10,131775,117175,14600,1910,1485,425,90075,64225,25850,268650,232750,35900,1640500,1063850,576650,240570,182862,57708
2021-06-11,132450,119450,13000,1920,1450,470,89775,64225,25550,267750,232750,35000,1663150,1096175,566975,240732,182808,57924
2021-06-14,138300,126000,12300,1915,1405,510,88825,63600,25225,267650,232750,34900,1652850,1099250,553600,240222,182610,57612
2021-06-15,140625,128975,11650,1915,1335,580,88200,63600,24600,267425,232100,35325,1640200,1097250,542950,240492,185016,55476
2021-06-16,142625,130925,11700,1965,1385,580,88025,63600,24425,265375,232100,33275,1627225,1072200,555025,239838,183996,55842
2021-06-17,143750,132125,11625,1990,1385,605,87850,63600,24250,263450,232000,31450,1628800,1082200,546600,238602,182232,56370
2021-06-18,168675,157250,11425,2045,1145,900,87650,55050,32600,261325,232000,29325,1621325,1039150,582175,238410,180150,58260
2021-06-21,161050,156050,5000,1995,1140,855,87575,56925,30650,260550,231950,28600,1612900,1027775,585125,237678,178884,58794
2021-06-22,160950,153700,7250,1965,1030,935,87500,56875,30625,259975,231950,28025,1623850,957625,666225,237414,178896,58518
2021-06-23,159800,152125,7675,2240,1310,930,86750,54175,32575,258600,229850,28750,1616325,946475,669850,235818,176880,58938
2021-06-24,192975,185200,7775,2190,1300,890,86000,53575,32425,258000,228075,29925,1609100,942075,667025,234900,175158,59742
2021-06-25,210975,203875,7100,2190,1295,895,85175,54725,30450,257450,228075,29375,1596450,941875,654575,234576,174060,60516
2021-06-28,210925,198375,12550,2110,1270,840,83800,54725,29075,255675,227825,27850,1586150,941875,644275,234186,171222,62964
2021-06-29,210350,197025,13325,2045,1270,775,82075,54675,27400,254675,227825,26850,1577175,941875,635300,233814,172284,61530
2021-06-30,211525,198275,13250,2040,1270,770,81025,54675,26350,254025,227825,26200,1578075,951875,626200,232476,172194,60282
2021-07-01,211975,191175,20800,2015,1245,770,80250,54675,25575,253600,227825,25775,1568900,941875,627025,231498,170778,60720
2021-07-02,211950,191075,20875,2025,1255,770,76775,54675,22100,253075,227825,25250,1562950,934350,628600,231378,169164,62214
2021-07-05,212475,191725,20750,1895,1255,640,75375,54675,20700,252300,225425,26875,1552250,933850,618400,232566,170892,61674
2021-07-06,212325,191725,20600,1870,1255,615,72250,50225,22025,252125,225375,26750,1538725,933850,604875,232554,171036,61518
2021-07-07,214575,193675,20900,1880,1255,625,71025,49650,21375,251575,225375,26200,1526275,908225,618050,231312,170676,60636
2021-07-08,214575,194175,20400,1935,1330,605,70300,49200,21100,251300,224375,26925,1517200,907325,609875,229980,170268,59712
2021-07-09,216800,196900,19900,1920,1310,610,69575,49050,20525,251200,224500,26700,1506675,902225,604450,228612,170268,58344
2021-07-12,219175,200875,18300,2215,1420,795,68775,49000,19775,251075,224500,26575,1496075,897275,598800,226962,170070,56892
2021-07-13,220575,203575,17000,2175,1515,660,68200,49000,19200,249575,224500,25075,1480150,897275,582875,226230,169818,56412
2021-07-14,221800,205775,16025,2160,1515,645,67900,48650,19250,249125,224500,24625,1472800,897275,575525,225312,169290,56022
2021-07-15,222625,207575,15050,2440,1815,625,67725,48650,19075,248925,224500,24425,1465775,897275,568500,223872,169968,53904
2021-07-16,224175,210125,14050,2305,1545,760,67500,48650,18850,248725,224000,24725,1457800,898025,559775,223248,169152,54096
2021-07-19,226300,212225,14075,2275,1405,870,67350,48650,18700,248550,223975,24575,1449325,897125,552200,221892,168606,53286
2021-07-20,225650,212725,12925,2305,1460,845,66975,48325,18650,247875,223875,24000,1440350,897125,543225,220128,168534,51594
2021-07-21,224400,212700,11700,2305,1460,845,64425,48575,15850,247625,223825,23800,1434125,897125,537000,220074,168180,51894
2021-07-22,224250,210775,13475,2235,1325,910,64225,48575,15650,247475,221825,25650,1430200,891750,538450,219516,164448,55068
2021-07-23,224750,206550,18200,2350,1195,1155,62450,48450,14000,247300,216525,30775,1423525,852875,570650,219444,161166,58278
2021-07-26,225225,205800,19425,2350,1175,1175,62000,47000,15000,247200,215275,31925,1416775,845500,571275,219180,160266,58914
2021-07-27,225225,204450,20775,2315,1165,1150,61775,43100,18675,247000,215275,31725,1408000,831825,576175,217878,158766,59112
2021-07-28,230225,209450,20775,2365,1215,1150,61400,43100,18300,246950,210025,36925,1401500,831825,569675,215820,158142,57678
2021-07-29,235175,215725,19450,2385,1285,1100,60900,42075,18825,246775,210025,36750,1395225,831825,563400,215412,156996,58416
2021-07-30,239650,219850,19800,2415,1420,995,60400,42150,18250,245125,199875,45250,1387800,831825,555975,214632,155922,58710
2021-08-02,238650,219850,18800,2290,1420,870,59750,42150,17600,245025,199675,45350,1378575,831825,546750,213120,155754,57366
2021-08-03,238000,220350,17650,2290,1230,1060,59375,42075,17300,244950,199675,45275,1371150,831825,539325,211068,155178,55890
2021-08-04,237025,220150,16875,2295,1275,1020,59250,42075,17175,244500,199675,44825,1363475,830825,532650,210192,155136,55056
2021-08-05,236100,220150,15950,2270,1225,1045,58850,39575,19275,244325,194450,49875,1355600,830825,524775,209898,154920,54978
2021-08-06,235250,219950,15300,2245,1245,1000,58750,39575,19175,249025,199525,49500,1353050,835825,517225,208590,154662,53928
2021-08-09,234925,220225,14700,2245,950,1295,58500,39575,18925,248500,199525,48975,1345850,826875,518975,207636,154248,53388
2021-08-10,236100,222225,13875,2245,950,1295,58325,39250,19075,248250,199525,48725,1339100,826875,512225,205632,153498,52134
2021-08-11,235925,222825,13100,2245,950,1295,57850,39250,18600,246525,176300,70225,1340225,836850,503375,205452,149832,55620
2021-08-12,235775,222700,13075,2180,950,1230,57750,39350,18400,242725,176300,66425,1333575,836850,496725,204012,149388,54624
2021-08-13,235650,222600,13050,2115,950,1165,57725,39350,18375,239700,172875,66825,1323825,834950,488875,202896,147900,54996
2021-08-16,235550,222450,13100,1710,960,750,57700,39350,18350,235800,172275,63525,1312950,830450,482500,202212,145440,56772
2021-08-17,236325,223150,13175,1750,1000,750,57375,39350,18025,232100,172275,59825,1322150,847650,474500,200382,145350,55032
2021-08-18,245125,232500,12625,1730,1000,730,57450,40150,17300,231225,174650,56575,1315125,864700,450425,199110,141966,57144
2021-08-19,245125,232500,12625,1860,1100,760,57050,40150,16900,228350,174650,53700,1309700,846400,463300,198486,139620,58866
2021-08-20,251450,238725,12725,1715,1065,650,57050,40150,16900,232600,191200,41400,1304950,845125,459825,198114,138180,59934
2021-08-23,254800,197750,57050,1670,1065,605,57025,40300,16725,239100,195675,43425,1300250,843225,457025,197298,137058,60240
2021-08-24,254775,188750,66025,1665,815,850,57025,40550,16475,239300,193425,45875,1295125,844475,450650,195558,136686,58872
2021-08-25,254300,178125,76175,1660,805,855,57025,40350,16675,239525,194325,45200,1292500,847175,445325,197076,136878,60198
2021-08-26,254300,169800,84500,1635,905,730,56725,40450,16275,239650,192775,46875,1306950,865150,441800,196290,136362,59928
2021-08-27,254250,154075,100175,1585,905,680,55450,40650,14800,238275,188775,49500,1338125,897775,440350,195252,130902,64350
2021-08-31,253000,154050,98950,1555,880,675,53000,41250,11750,237075,188775,48300,1334675,849900,484775,194466,128616,65850
2021-09-01,252725,152475,100250,1395,850,545,52250,41250,11000,236425,185725,50700,1336850,862625,474225,192456,128700,63756
2021-09-02,252400,152975,99425,1370,850,520,52150,41250,10900,236425,183325,53100,1335300,862600,472700,190488,126372,64116
2021-09-03,252225,152475,99750,1245,870,375,52550,41725,10825,236225,183225,53000,1343425,875725,467700,188676,121998,66678
2021-09-06,250700,152475,98225,1220,770,450,52575,42125,10450,235775,182525,53250,1341000,866025,474975,187602,121158,66444
2021-09-07,242550,152475,90075,1150,765,385,52475,42125,10350,233100,182525,50575,1333625,866375,467250,185160,120606,64554
2022-03-10,71900,52525,19375,2255,2175,80,39250,33925,5325,140950,126725,14225,762775,490100,272675,74238,42942,31296
2022-03-11,74200,55350,18850,2255,2175,80,38275,33925,4350,140725,126700,14025,755950,490300,265650,75702,47382,28320
2022-03-14,78000,59250,18750,2210,2130,80,38275,33925,4350,140525,126700,13825,752850,475175,277675,75318,49350,25968
2022-03-15,77525,59125,18400,2200,2105,95,38675,34325,4350,144425,130150,14275,742200,474650,267550,74988,53340,21648
2022-03-16,77475,58725,18750,2250,2155,95,38675,34325,4350,144200,130000,14200,733900,476450,257450,74688,54750,19938
2022-03-17,77600,58850,18750,2270,2170,100,38675,34325,4350,144025,130000,14025,724700,474475,250225,74274,55230,19044
2022-03-18,79500,56000,23500,2270,2170,100,38675,34325,4350,143325,129825,13500,715225,465175,250050,74358,56022,18336
2022-03-21,80150,63975,16175,2295,2200,95,38625,34325,4300,142975,122325,20650,704850,461950,242900,73632,56022,17610
2022-03-22,80100,64975,15125,2245,2195,50,38625,34325,4300,143325,105600,37725,695825,444400,251425,73578,55788,17790
2022-03-23,79975,64975,15000,2245,2005,240,38725,34425,4300,143175,105600,37575,689575,440900,248675,73242,55788,17454
2022-03-24,80675,66825,13850,2325,2005,320,38725,34425,4300,142950,105350,37600,684250,437300,246950,73074,55842,17232
2022-03-25,80600,63150,17450,2345,1950,395,38725,34425,4300,142625,105350,37275,678100,438900,239200,72924,55488,17436
2022-03-28,80550,60200,20350,2345,1770,575,38725,34425,4300,142475,105100,37375,671025,443050,227975,72816,55818,16998
2022-03-29,81500,61225,20275,2260,1620,640,38725,34425,4300,142250,105100,37150,663225,443050,220175,72630,55662,16968
2022-03-30,87925,67825,20100,2110,1560,550,38725,34425,4300,142100,105100,37000,654475,443050,211425,72540,55392,17148
2022-03-31,91400,66200,25200,2110,1490,620,38725,34425,4300,141925,105100,36825,646850,435425,211425,72570,55584,16986
2022-04-01,93975,69875,24100,2000,1465,535,38725,34425,4300,139950,95125,44825,635975,433575,202400,72390,55680,16710
2022-04-04,94800,69850,24950,1975,1335,640,38825,34525,4300,137675,78125,59550,629775,414725,215050,73362,56736,16626
2022-04-05,95975,64925,31050,1915,1260,655,39325,35025,4300,134125,64025,70100,623325,414725,208600,72924,56712,16212
2022-04-06,94925,54925,40000,2650,2035,615,39325,35025,4300,130425,45850,84575,619875,409750,210125,73902,57006,16896
2022-04-07,101275,51275,50000,2795,2280,515,39325,35025,4300,127675,45850,81825,619775,399000,220775,74190,58722,15468
2022-04-08,103775,56750,47025,2820,2480,340,39325,35025,4300,125675,45925,79750,615750,395450,220300,73692,61392,12300
2022-04-11,105600,60425,45175,2760,2480,280,39325,35025,4300,123675,45925,77750,609850,395450,214400,73452,61392,12060
2022-04-12,104350,58025,46325,2765,2500,265,39325,32925,6400,120825,45925,74900,610775,400450,210325,73230,61392,11838
2022-04-13,107000,62050,44950,2665,2480,185,39825,33425,6400,117850,45925,71925,612275,396675,215600,72858,61596,11262
2022-04-14,110675,67300,43375,2665,2490,175,39825,33425,6400,115600,45925,69675,608000,391550,216450,72600,61686,10914
2022-04-19,118825,72500,46325,2715,2540,175,39825,33425,6400,113750,45925,67825,603650,390925,212725,72534,61890,10644
2022-04-20,128775,86275,42500,2685,2520,165,39825,33425,6400,108850,45375,63475,592175,380875,211300,72894,62598,10296
2022-04-21,130500,88125,42375,2700,2520,180,39725,33425,6300,106125,45225,60900,589725,369550,220175,73068,62484,10584
2022-04-22,137775,96075,41700,2875,2695,180,39725,33425,6300,103250,33975,69275,586000,369550,216450,72678,62040,10638
2022-04-25,137275,96175,41100,2880,2665,215,39725,33425,6300,101725,33975,67750,584050,372750,211300,72990,62646,10344
2022-04-26,135175,96075,39100,2880,2640,240,39725,33425,6300,101250,34000,67250,579600,372750,206850,72738,62598,10140
2022-04-27,148500,104550,43950,3030,2790,240,39400,33925,5475,98900,34000,64900,574550,372750,201800,72564,62328,10236
2022-04-28,150850,102100,48750,3030,2770,260,38525,33925,4600,96275,33700,62575,571625,373575,198050,72642,62568,10074
2022-04-29,156050,102025,54025,3070,2920,150,38125,33825,4300,95350,33700,61650,570100,375575,194525,72852,63294,9558
2022-05-03,156225,102325,53900,3045,2905,140,38125,33825,4300,95350,34475,60875,577650,387725,189925,72768,63270,9498
2022-05-04,154475,102325,52150,3020,2810,210,38100,33775,4325,94075,34475,59600,573975,387775,186200,72384,62484,9900
2022-05-05,168800,117800,51000,3020,2730,290,38100,33775,4325,93175,34475,58700,573600,387775,185825,73608,63924,9684
2022-05-06,170025,119775,50250,3120,2830,290,38050,33775,4275,94375,36050,58325,571800,375075,196725,73464,64056,9408
2022-05-09,169175,115800,53375,3120,2830,290,38000,33650,4350,92575,36050,56525,568250,354700,213550,73308,62676,10632
2022-05-10,167825,113650,54175,3085,2775,310,38175,33875,4300,89300,36125,53175,560275,294250,266025,73122,62574,10548
2022-05-11,175875,115275,60600,3110,2800,310,38175,33875,4300,88475,36625,51850,553925,294075,259850,72828,62526,10302
2022-05-12,176875,109575,67300,3110,2775,335,38175,33875,4300,86375,36000,50375,546350,288175,258175,72942,62880,10062
2022-05-13,177000,104975,72025,3115,2785,330,38175,33875,4300,86550,37900,48650,539800,260275,279525,72708,62832,9876
2022-05-16,176550,102075,74475,3145,2795,350,38050,33875,4175,86225,38325,47900,532500,260075,272425,73128,62946,10182
2022-05-17,176575,98700,77875,3120,2650,470,38475,34350,4125,86125,38850,47275,527375,230075,297300,72948,62946,10002
2022-05-18,180925,101825,79100,3120,2465,655,38925,34850,4075,87100,40175,46925,518900,205900,313000,73002,63144,9858
2022-05-19,178550,97350,81200,3135,2585,550,38850,34850,4000,86800,41125,45675,511675,194175,317500,72228,62532,9696
2022-05-20,174600,93175,81425,3285,2595,690,38850,34850,4000,86625,41325,45300,504275,194175,310100,71898,62346,9552
2022-05-23,171075,90950,80125,3240,2595,645,38850,34850,4000,86000,41325,44675,497250,194175,303075,71922,62484,9438
2022-05-24,170650,92675,77975,3190,2505,685,38850,34850,4000,85650,41125,44525,487475,194175,293300,72120,62484,9636
2022-05-25,168150,94250,73900,3035,2480,555,38850,34325,4525,85050,41125,43925,481650,194175,287475,72600,62310,10290
2022-05-26,162425,94250,68175,2925,2420,505,38850,34325,4525,86600,43500,43100,475650,192500,283150,72300,62334,9966
2022-05-27,156175,93250,62925,3150,2660,490,38850,34325,4525,85850,43975,41875,471075,191500,279575,72240,62334,9906
2022-05-30,154650,93300,61350,3125,2635,490,38850,34325,4525,84700,43975,40725,465700,191500,274200,72000,62334,9666
2022-05-31,149200,95000,54200,3015,2635,380,38850,33725,5125,84675,45275,39400,458875,191500,267375,71718,62334,9384
2022-06-01,145950,96300,49650,2935,2600,335,38800,33725,5075,83575,45725,37850,453875,189325,264550,71472,62334,9138
2022-06-07,120775,91925,28850,3035,2715,320,38725,33725,5000,86875,52475,34400,441725,189325,252400,71052,61242,9810
2022-06-08,116900,91525,25375,3005,2725,280,38700,33725,4975,86150,52725,33425,434000,189325,244675,70992,61350,9642
2022-06-09,118175,94825,23350,3005,2710,295,39200,34200,5000,84800,53475,31325,430050,187925,242125,70782,61350,9432
2022-06-10,117750,94375,23375,3005,2695,310,38850,34200,4650,83800,54675,29125,427350,186475,240875,70584,61248,9336
2022-06-13,117975,95900,22075,3010,2670,340,38850,34200,4650,82500,55400,27100,423975,186475,237500,70176,61224,8952
2022-06-14,119875,98575,21300,3010,2670,340,38850,34200,4650,81950,56825,25125,420675,181225,239450,70056,61224,8832
2022-06-15,121525,100800,20725,2970,2670,300,38825,34200,4625,80125,57150,22975,416125,172000,244125,69552,61104,8448
2022-06-16,121000,100800,20200,3025,2750,275,38825,34200,4625,79575,58800,20775,411575,172000,239575,68922,60972,7950
2022-06-17,118025,100800,17225,3260,3000,260,38825,34200,4625,80275,58200,22075,407875,171225,236650,68868,60312,8556
2022-06-20,117025,100800,16225,3330,3055,275,39250,34900,4350,79425,59625,19800,404450,166575,237875,68856,59304,9552
2022-06-21,115150,101650,13500,3345,3090,255,39225,34400,4825,78550,41600,36950,398925,166575,232350,68736,59424,9312
2022-06-22,114175,96650,17525,3335,3085,250,39700,34900,4800,78600,26325,52275,395575,166575,229000,68460,59304,9156
2022-06-23,113475,96275,17200,3255,3040,215,39600,34900,4700,79900,19825,60075,392275,166575,225700,67794,58560,9234
2022-06-24,113025,96275,16750,3435,3235,200,39600,34900,4700,79175,14975,64200,388750,166575,222175,67296,58476,8820
2022-06-27,124850,109350,15500,3435,3210,225,39600,34900,4700,81725,17625,64100,384800,166575,218225,66936,58476,8460
2022-06-28,124625,109150,15475,3510,3280,230,39600,34900,4700,81525,18375,63150,380675,161300,219375,67320,58350,8970
2022-06-29,123825,110050,13775,3530,3230,300,39525,34900,4625,81075,18375,62700,376925,161300,215625,67116,58302,8814
2022-06-30,124275,111100,13175,3500,3255,245,39525,34850,4675,81075,18475,62600,373275,158200,215075,66780,58302,8478
2022-07-01,126850,115325,11525,3560,3325,235,39500,34850,4650,82800,20350,62450,369675,158200,211475,66498,58230,8268
2022-07-04,136950,121200,15750,3585,3340,245,39475,34850,4625,83325,22050,61275,366150,158200,207950,66624,57846,8778
2022-07-05,136400,121200,15200,3560,3290,270,39450,34850,4600,83150,22050,61100,362525,158200,204325,66324,57972,8352
2022-07-06,135775,119200,16575,3535,3265,270,39400,34850,4550,83150,21975,61175,358125,158200,199925,66078,57576,8502
2022-07-07,135350,117725,17625,3605,3270,335,39350,34850,4500,83025,21975,61050,353175,157150,196025,65718,57060,8658
2022-07-08,133025,115550,17475,3595,3125,470,39350,34850,4500,82875,21975,60900,347175,156450,190725,65430,56424,9006
2022-07-11,133100,115025,18075,3555,3125,430,39275,34850,4425,82775,21975,60800,343825,156300,187525,64170,55998,8172
2022-07-12,131775,113375,18400,3530,3120,410,39275,34850,4425,82675,22475,60200,340375,156300,184075,64074,55716,8358
2022-07-13,130975,113150,17825,3605,3195,410,39250,34850,4400,82200,22475,59725,340300,156300,184000,63630,54792,8838
2022-07-14,129250,111275,17975,3525,3195,330,39225,34850,4375,79475,22400,57075,336850,156300,180550,63492,54726,8766
2022-07-15,130425,111900,18525,3550,3245,305,39225,34850,4375,77850,25625,52225,333000,156300,176700,63084,54534,8550
2022-07-18,130275,109900,20375,3525,3245,280,39225,34850,4375,74675,25675,49000,328500,156300,172200,62532,52410,10122
2022-07-19,136200,113575,22625,3440,3205,235,39725,35350,4375,73250,25675,47575,325075,156300,168775,62364,52176,10188
2022-07-20,135575,106825,28750,3440,3200,240,39325,35300,4025,73425,26300,47125,320675,156300,164375,61410,52014,9396
2022-07-21,133550,106150,27400,3440,3190,250,39175,35300,3875,72825,26300,46525,317275,152800,164475,60984,51588,9396
2022-07-22,133925,107100,26825,3490,3240,250,39175,35050,4125,72475,26300,46175,313175,149675,163500,60762,51516,9246
2022-07-25,133175,107125,26050,3490,3210,280,39050,34550,4500,72525,26400,46125,308050,148800,159250,60168,51240,8928
2022-07-26,132025,107300,24725,3670,3410,260,39150,34650,4500,72250,26400,45850,304125,148800,155325,59382,51042,8340
2022-07-27,132500,108225,24275,3720,3510,210,39150,34650,4500,71825,26400,45425,299700,148350,151350,58320,50760,7560
2022-07-28,131700,106725,24975,3825,3605,220,39550,35050,4500,70800,26400,44400,295325,146350,148975,57990,50760,7230
2022-07-29,130575,105975,24600,3795,3605,190,39500,35050,4450,70500,26475,44025,291025,145350,145675,57804,50238,7566
2022-08-01,131275,107675,23600,3855,3665,190,38875,35050,3825,69725,26475,43250,288125,145350,142775,57978,50628,7350
2022-08-02,130975,107975,23000,3985,3815,170,38875,35000,3875,68050,26650,41400,296650,154800,141850,57942,50754,7188
2022-08-03,130250,102525,27725,3965,3795,170,38875,35000,3875,66925,26650,40275,294550,154800,139750,57900,50190,7710
2022-08-04,129575,98750,30825,4015,3820,195,38875,35000,3875,70000,29825,40175,290675,154800,135875,57900,49548,8352
2022-08-05,128600,93900,34700,4015,3810,205,38875,35000,3875,73925,33825,40100,289125,154800,134325,57624,49476,8148
2022-08-08,127850,93450,34400,4005,3800,205,38875,35000,3875,73550,40950,32600,287425,154800,132625,57252,48828,8424
2022-08-09,126975,91000,35975,3990,3800,190,38800,35000,3800,73275,40950,32325,284275,154800,129475,56382,49158,7224
2022-08-10,126525,91050,35475,3990,3800,190,38800,34700,4100,74100,41950,32150,282700,154800,127900,56244,49152,7092
2022-08-12,131850,88875,42975,4065,3910,155,39000,35200,3800,74500,47150,27350,277225,171900,105325,56118,48648,7470
2022-08-15,130550,89100,41450,4160,4025,135,38975,33250,5725,74200,47150,27050,275725,171900,103825,56184,48780,7404
2022-08-16,129475,89100,40375,4160,3915,245,39050,35800,3250,75175,48400,26775,275625,171900,103725,56346,49596,6750
2022-08-17,128875,89225,39650,4145,3905,240,39050,35800,3250,75000,48550,26450,276875,173400,103475,56034,49422,6612
2022-08-18,126475,89625,36850,4170,3915,255,38900,34825,4075,74950,48550,26400,274525,169900,104625,56010,48360,7650
2022-08-19,123825,81925,41900,4190,3940,250,38450,34825,3625,74725,48550,26175,273775,171175,102600,55914,48198,7716
2022-08-22,122575,73450,49125,4135,3990,145,38200,34825,3375,74725,48925,25800,273325,172375,100950,55728,48174,7554
2022-08-23,122375,72250,50125,4090,3990,100,38150,34825,3325,76425,50975,25450,271450,172375,99075,55392,48174,7218
2022-08-24,123275,72750,50525,4240,4135,105,38125,34825,3300,77175,51600,25575,282075,183475,98600,55230,48126,7104
2022-08-25,122125,69750,52375,4335,4230,105,38100,34825,3275,77125,51850,25275,280125,183600,96525,55074,48096,6978
2022-08-26,120525,62600,57925,4440,4310,130,37975,31525,6450,77050,51850,25200,278025,183600,94425,54846,47934,6912
2022-08-30,121000,60800,60200,4410,4310,100,37525,31450,6075,76975,51625,25350,280475,189250,91225,54576,47850,6726
2022-08-31,118500,61800,56700,4520,4435,85,37525,31450,6075,77050,51775,25275,277050,190125,86925,54612,47496,7116
2022-09-01,114325,61800,52525,4495,4435,60,37500,31050,6450,77150,51925,25225,276375,191100,85275,54540,47484,7056
2022-09-02,110550,63400,47150,4610,4580,30,37475,31050,6425,77500,52525,24975,276050,191100,84950,54498,46734,7764
2022-09-05,108450,66025,42425,4610,4545,65,37450,31050,6400,77475,52325,25150,277050,193600,83450,54432,46710,7722
2022-09-06,106000,66025,39975,4610,4520,90,37425,31050,6375,77400,52475,24925,308375,226450,81925,54342,46908,7434
2022-09-07,103300,66025,37275,4605,4520,85,37425,31050,6375,77350,51975,25375,309500,229075,80425,54240,46596,7644
2022-09-08,102725,67775,34950,4660,4555,105,37350,31400,5950,77275,51725,25550,309025,230125,78900,53850,46596,7254
2022-09-09,105450,74600,30850,4715,4610,105,36750,31400,5350,77025,51825,25200,335275,256900,78375,53556,45468,8088
2022-09-12,105425,0,29275,4710,0,120,36750,0,5350,76850,0,25025,334375,0,76775,53532,0,8262
2022-09-13,103650,77350,26300,4785,4660,125,36275,31400,4875,76425,51625,24800,332900,258775,74125,53400,45270,8130
2022-09-14,103025,78450,24575,4785,4320,465,35725,31400,4325,76375,51600,24775,345600,273100,72500,52464,44790,7674
2022-09-15,103225,0,14400,4810,0,465,34975,0,3575,76100,0,24500,349650,0,70825,51882,0,7092
2022-09-16,102000,89125,12875,4855,4430,425,34400,31400,3000,75700,51300,24400,347650,278825,68825,51690,43680,8010
2022-09-19,105075,92575,12500,4855,4375,480,34150,31375,2775,75675,51275,24400,346325,278600,67725,51702,43440,8262
2022-09-20,107150,94925,12225,4835,4375,460,33600,31375,2225,69850,51275,18575,346025,278600,67425,51408,43458,7950
2022-09-21,118000,106125,11875,4885,4315,570,33500,31375,2125,67500,51125,16375,343325,278600,64725,52434,44436,7998
2022-09-22,122775,113700,9075,4965,4345,620,33100,30875,2225,63850,50525,13325,341650,278325,63325,52248,44748,7500
2022-09-23,124725,115875,8850,5160,4555,605,33025,30875,2150,61475,50525,10950,340350,276300,64050,52566,45750,6816
2022-09-26,129000,120200,8800,5155,4500,655,32975,30875,2100,59500,50250,9250,338850,272950,65900,51804,45756,6048
2022-09-27,130850,122050,8800,5080,4430,650,32925,30075,2850,54450,50450,4000,337425,273250,64175,51864,45546,6318
2022-09-28,133550,124875,8675,5070,4430,640,32750,29600,3150,53775,49525,4250,335625,272175,63450,51792,45234,6558
2022-09-29,134900,126525,8375,5095,4475,620,32750,29600,3150,53900,45825,8075,334100,261300,72800,51816,45162,6654
2022-09-30,135250,127150,8100,5075,4310,765,32750,28025,4725,53625,45825,7800,332175,261300,70875,52758,46104,6654
2022-10-03,135750,127850,7900,4875,4360,515,32275,28025,4250,53625,45825,7800,330050,261300,68750,52374,46152,6222
2022-10-04,136750,129050,7700,4830,4250,580,32175,28025,4150,53425,45025,8400,328600,261125,67475,51792,45456,6336
2022-10-05,138650,131500,7150,4810,4265,545,31875,28025,3850,53350,45025,8325,328525,263125,65400,51558,44922,6636
2022-10-06,140200,133300,6900,4675,4255,420,31875,15600,16275,53325,45025,8300,328850,265625,63225,51420,44838,6582
2022-10-07,143775,136900,6875,4690,4255,435,31875,10925,20950,53475,44850,8625,327625,267625,60000,52362,45612,6750
2022-10-10,143775,131700,12075,4605,4250,355,31275,10900,20375,53300,44850,8450,327675,269925,57750,52026,45612,6414
2022-10-11,145750,128450,17300,4600,4250,350,31275,10875,20400,53275,44800,8475,325800,271600,54200,52026,45612,6414
2022-10-12,145525,119050,26475,4580,4195,385,31375,10975,20400,53100,44800,8300,336275,283600,52675,52728,46512,6216
2022-10-13,145400,110125,35275,4570,4205,365,31375,10975,20400,51925,44750,7175,351900,303575,48325,52698,46512,6186
2022-10-14,145650,98850,46800,4575,4120,455,30400,10975,19425,51500,44075,7425,367200,324700,42500,52698,46464,6234
2022-10-17,142950,88575,54375,4580,4160,420,29900,10975,18925,51350,41575,9775,433025,392950,40075,53688,47502,6186
2022-10-18,143825,75375,68450,4550,4125,425,29825,10975,18850,51225,40575,10650,481375,444850,36525,54270,48036,6234
2022-10-19,139000,72950,66050,4525,4115,410,29825,10975,18850,51200,40675,10525,562550,527675,34875,53760,47430,6330
2022-10-20,136700,74075,62625,4495,4065,430,29225,10975,18250,50925,39925,11000,568275,433450,134825,53910,47670,6240
2022-10-21,137325,68975,68350,4625,4225,400,29075,10975,18100,50600,24800,25800,570000,328075,241925,52932,46776,6156
2022-10-24,134700,62325,72375,4595,4180,415,28400,10975,17425,50575,23450,27125,569525,329125,240400,52908,46710,6198
2022-10-25,134400,58000,76400,4565,4120,445,28400,10075,18325,49825,23450,26375,569500,331725,237775,52908,45810,7098
2022-10-26,130800,57075,73725,4515,4040,475,28400,10075,18325,48925,23125,25800,574075,335850,238225,52908,45570,7338
2022-10-27,125825,42525,83300,4490,3970,520,28400,25300,3100,48175,23125,25050,587100,349175,237925,52884,45534,7350
2022-10-28,119375,42300,77075,4450,3935,515,28250,25300,2950,47400,23125,24275,587425,351150,236275,52884,45534,7350
2022-10-31,113125,42750,70375,4360,3760,600,27625,24950,2675,45525,23125,22400,586225,351200,235025,52134,45534,6600
2022-11-01,106425,43650,62775,4465,3760,705,27625,24450,3175,44825,23125,21700,583975,332400,251575,52026,45534,6492
2022-11-02,102225,42850,59375,4430,3250,1180,27625,24050,3575,44225,23025,21200,581050,329175,251875,51588,45558,6030
2022-11-03,93975,42850,51125,4425,3225,1200,27625,24025,3600,44175,36625,7550,577875,329175,248700,51432,45522,5910
2022-11-04,88600,42550,46050,4450,3120,1330,27625,24025,3600,44050,36525,7525,574425,328675,245750,51408,45522,5886
2022-11-07,84550,45500,39050,4270,3115,1155,27625,22525,5100,43850,36525,7325,570775,322850,247925,50790,45174,5616
2022-11-08,83075,45500,37575,4140,3040,1100,27625,22525,5100,43675,36525,7150,564375,319725,244650,50814,45192,5622
2022-11-09,80975,39125,41850,4200,2885,1315,27125,20025,7100,43625,36525,7100,558825,319400,239425,50412,44970,5442
2022-11-10,80025,38825,41200,3805,2870,935,27100,20025,7075,43050,36500,6550,552600,318325,234275,50382,44448,5934
2022-11-11,77875,39025,38850,3660,2870,790,26800,20025,6775,42975,36450,6525,549275,319925,229350,50304,44448,5856
2022-11-14,86800,62200,24600,3725,3025,700,26750,20025,6725,42900,36450,6450,544025,319925,224100,50172,44448,5724
2022-11-15,89975,67800,22175,3475,2990,485,26750,20025,6725,43125,36250,6875,538825,317375,221450,50022,44400,5622
2022-11-16,89675,69050,20625,3475,2990,485,30025,23325,6700,42800,33450,9350,532975,316800,216175,49926,44382,5544
2022-11-17,89925,70275,19650,3455,2970,485,29625,23325,6300,42750,33450,9300,528250,316800,211450,49500,44946,4554
2022-11-18,89750,69900,19850,3415,2855,560,29625,23325,6300,42700,33450,9250,524375,315850,208525,49512,44328,5184
2022-11-21,91250,72200,19050,3415,2830,585,29000,23325,5675,42425,33400,9025,522000,296150,225850,49470,43440,6030
2022-11-22,91875,73200,18675,3330,2825,505,28375,23325,5050,42075,33350,8725,517075,284525,232550,49800,43848,5952
2022-11-23,91525,76125,15400,3305,2775,530,27575,23325,4250,41975,31375,10600,513275,284525,228750,50778,44892,5886
2022-11-24,90150,76025,14125,3260,2770,490,26650,23325,3325,41450,31725,9725,509450,282400,227050,51402,45306,6096
2022-11-25,90750,77225,13525,3255,2795,460,25350,23325,2025,41450,31725,9725,506275,282400,223875,51732,45696,6036
2022-11-28,91200,76650,14550,3190,2805,385,24350,23325,1025,41450,31725,9725,503700,281900,221800,52170,46140,6030
2022-11-29,90900,71775,19125,3200,2790,410,23950,23325,625,41425,31375,10050,503150,279425,223725,52170,45780,6390
2022-11-30,89700,70575,19125,3200,2770,430,23750,23325,425,41300,31375,9925,501225,274575,226650,52122,45666,6456
2022-12-01,88275,67875,20400,3080,2700,380,23750,23325,425,41225,31025,10200,499150,249575,249575,53124,46674,6450
2022-12-02,87450,67625,19825,3110,2725,385,23750,23325,425,40350,31025,9325,497925,228625,269300,53274,46806,6468
2022-12-05,86725,67625,19100,3085,2640,445,23750,23325,425,39750,31000,8750,495550,226350,269200,53202,46752,6450
2022-12-06,86375,67025,19350,3075,2540,535,23750,23325,425,38975,22300,16675,491750,225475,266275,54240,47706,6534
2022-12-07,88475,64850,23625,3105,2565,540,23750,23325,425,38575,15950,22625,483575,224000,259575,53652,47502,6150
2022-12-08,87375,58625,28750,3110,2580,530,23750,23325,425,38400,15975,22425,477425,224000,253425,52542,47502,5040
2022-12-09,85425,58625,26800,3140,2640,500,24350,23925,425,37200,15975,21225,471575,224000,247575,53226,48426,4800
2022-12-12,84300,57625,26675,3015,2610,405,24350,23925,425,36700,15850,20850,501675,261350,240325,53028,48426,4602
2022-12-13,81875,57725,24150,3030,2615,415,24350,23925,425,36650,15450,21200,496425,261350,235075,52878,48426,4452
2022-12-14,85525,62800,22725,3020,2670,350,24350,23925,425,36625,15450,21175,489300,261350,227950,53334,49032,4302
2022-12-15,83725,62975,20750,3045,2720,325,24350,23925,425,36575,15450,21125,483850,262200,221650,53958,49086,4872
2022-12-16,84100,64475,19625,3005,2720,285,24350,23925,425,36575,15425,21150,477650,261450,216200,53862,49086,4776
2022-12-19,83575,64925,18650,2995,2720,275,24350,23925,425,36575,15175,21400,479525,263650,215875,54360,49530,4830
2022-12-20,82600,64100,18500,2940,2720,220,24350,23925,425,36525,15175,21350,478500,237650,240850,54336,49530,4806
2022-12-21,81350,64550,16800,2915,2720,195,24350,22475,1875,36450,14975,21475,481175,237550,243625,54216,49530,4686
2022-12-22,81100,66175,14925,2880,2690,190,24350,16075,8275,36400,14975,21425,473000,233300,239700,54444,49980,4464
2022-12-23,81475,68250,13225,2855,2690,165,24350,14575,9775,36350,14975,21375,466600,227225,239375,54300,49320,4980
2022-12-28,81400,68725,12675,2930,2765,165,25000,15225,9775,36325,14950,21375,461725,227225,234500,54228,48852,5376
2022-12-29,86025,73550,12475,2920,2780,140,25150,14050,11100,33825,14950,18875,453375,201350,252025,55092,49830,5262
2022-12-30,88925,77075,11850,2990,2830,160,25150,12650,12500,32025,14750,17275,450300,201350,248950,55476,50214,5262
2023-01-03,88550,77075,11475,2995,2840,155,25150,11250,13900,30475,14750,15725,447250,201350,245900,55380,49542,5838
2023-01-04,88575,77900,10675,3025,2890,135,25150,9850,15300,27750,14400,13350,442425,201350,241075,55164,48642,6522
2023-01-05,87775,75900,11875,3005,2840,165,25900,9250,16650,25800,12350,13450,436500,201350,235150,55032,48642,6390
2023-01-06,86400,73900,12500,3030,2670,360,25800,9225,16575,24300,12350,11950,428525,200300,228225,54822,48132,6690
2023-01-09,85150,71850,13300,3055,2705,350,25775,9225,16550,22850,12300,10550,422075,200300,221775,54528,48342,6186
2023-01-10,84775,69850,14925,3070,2705,365,23375,9825,13550,22150,11850,10300,418875,199150,219725,54312,46680,7632
2023-01-11,84800,68850,15950,3085,2695,390,21850,9825,12025,21675,11650,10025,413700,195575,218125,53994,45894,8100
2023-01-12,84550,67000,17550,3090,2695,395,21550,10125,11425,21125,11150,9975,408875,192175,216700,53418,45798,7620
2023-01-13,83850,64650,19200,3050,2710,340,21550,10125,11425,20975,10650,10325,403250,191575,211675,53262,45348,7914
2023-01-16,83600,60975,22625,2975,2710,265,21525,10125,11400,20500,10650,9850,399650,190175,209475,53268,44850,8418
2023-01-17,83325,57325,26000,2895,2710,185,21525,10125,11400,20000,10650,9350,395150,190125,205025,52638,44844,7794
2023-01-18,81925,53575,28350,2855,2750,105,20975,16950,4025,19525,10075,9450,390400,187075,203325,52386,44652,7734
2023-01-19,81600,51375,30225,2825,2725,100,20975,16950,4025,19150,10075,9075,385850,187075,198775,51960,44568,7392
2023-01-20,80025,49200,30825,2930,2830,100,20250,16950,3300,18650,10075,8575,381175,187075,194100,51756,44556,7200
2023-01-23,78300,49200,29100,2945,2755,190,20250,16950,3300,18625,10075,8550,375950,187075,188875,50838,44556,6282
2023-01-24,78150,49450,28700,2945,2555,390,20250,16950,3300,18625,10075,8550,381550,194650,186900,50670,44166,6504
2023-01-25,77100,49550,27550,2945,2555,390,20250,16850,3400,18625,10075,8550,381550,194650,186900,50508,44166,6342
2023-01-26,75900,49550,26350,3020,2630,390,20250,16850,3400,18625,10075,8550,419425,234650,184775,50364,44166,6198
2023-01-27,73975,50575,23400,3055,2665,390,20250,16850,3400,17675,9025,8650,415525,234650,180875,49542,43968,5574
2023-01-30,76100,54375,21725,3000,2625,375,20250,16850,3400,17425,9025,8400,411650,231125,180525,49668,43638,6030
2023-01-31,75225,54150,21075,3015,2565,450,20250,16850,3400,17250,9025,8225,407325,231125,176200,49374,43542,5832
2023-02-01,74375,54950,19425,3015,2555,460,20225,16850,3375,16475,8600,7875,404150,231125,173025,49086,42774,6312
2023-02-02,72450,55150,17300,3015,2555,460,20225,16850,3375,16475,8350,8125,399600,231125,168475,48672,41742,6930
2023-02-03,70000,55150,14850,3185,2725,460,20200,16850,3350,16375,8275,8100,395250,225900,169350,49062,42474,6588
2023-02-06,67450,55375,12075,3195,2530,665,20200,16850,3350,16225,8075,8150,392200,225275,166925,49728,43302,6426
2023-02-07,66475,55850,10625,3195,2505,690,22175,18850,3325,15600,8075,7525,390200,221575,168625,49716,43320,6396
2023-02-08,65100,55850,9250,3180,2520,660,22175,18850,3325,19425,11900,7525,495750,329300,166450,49188,43200,5988
2023-02-09,64475,56850,7625,3205,2550,655,22150,18850,3300,21375,13900,7475,490550,329300,161250,48252,43128,5124
2023-02-10,63100,56850,6250,3220,2565,655,22125,18850,3275,26250,18400,7850,486925,329300,157625,48072,43098,4974
2023-02-13,62575,54800,7775,3135,2455,680,22125,18850,3275,25925,18500,7425,576775,424250,152525,47958,42786,5172
2023-02-14,63800,52700,11100,3130,2400,730,22125,16750,5375,25325,18250,7075,601600,454300,147300,46710,42600,4110
2023-02-15,65975,55700,10275,3145,2315,830,24500,19125,5375,25075,18250,6825,602150,453700,148450,46566,42558,4008
2023-02-16,64975,55700,9275,3070,2325,745,24700,19325,5375,29850,23275,6575,597825,452075,145750,45432,42558,2874
2023-02-17,64825,56000,8825,3105,2360,745,25000,19625,5375,29850,23275,6575,591950,451875,140075,45174,42546,2628
2023-02-20,65500,51800,13700,3075,2360,715,24975,19625,5350,29475,23175,6300,585750,451725,134025,45054,42318,2736
2023-02-21,65225,47000,18225,3110,2440,670,25150,19800,5350,31450,26075,5375,581300,451725,129575,44862,42060,2802
2023-02-22,65425,47850,17575,3110,2410,700,24950,19800,5150,31025,26075,4950,574025,451725,122300,44514,41280,3234
2023-02-23,65000,48350,16650,3150,2450,700,25100,19950,5150,30650,25325,5325,568800,447575,121225,44346,41280,3066
2023-02-24,63775,48525,15250,3190,2530,660,25100,19950,5150,33400,28225,5175,563600,447075,116525,44580,41460,3120
2023-02-27,64275,44825,19450,3165,2325,840,25100,19950,5150,33350,28225,5125,559375,443675,115700,44442,41148,3294
2023-02-28,64100,39825,24275,2950,2365,585,25100,19950,5150,33350,28100,5250,554900,443675,111225,44148,40956,3192
2023-03-01,63200,37300,25900,2940,2180,760,25100,19950,5150,33225,28100,5125,550100,439750,110350,44094,40806,3288
2023-03-02,64225,40800,23425,2930,2145,785,25075,19950,5125,35750,31975,3775,546825,438750,108075,43884,40452,3432
2023-03-03,70550,48300,22250,2930,2105,825,24975,19950,5025,35150,31975,3175,564700,455425,109275,44736,40464,4272
2023-03-06,72400,50900,21500,2940,2120,820,24775,19950,4825,34850,31925,2925,562325,456125,106200,44628,40098,4530
2023-03-07,74375,53900,20475,2910,2040,870,24775,19950,4825,39125,36150,2975,557925,452800,105125,44418,39978,4440
2023-03-08,73350,50900,22450,2730,2130,600,24775,19950,4825,39075,36150,2925,554300,442850,111450,43722,40044,3678
2023-03-09,72375,46900,25475,2730,2130,600,25575,20750,4825,38750,36050,2700,551175,442850,108325,43410,40008,3402
2023-03-10,71725,43900,27825,2700,2165,535,25275,20750,4525,38450,36050,2400,548375,427075,121300,44064,40140,3924
2023-03-13,71300,45000,26300,2650,2140,510,25275,20750,4525,38150,35550,2600,543525,427075,116450,43884,40116,3768
2023-03-14,70175,45500,24675,2520,2130,390,25275,20750,4525,37900,35550,2350,536450,427075,109375,44142,38610,5532
2023-03-15,73400,49525,23875,2410,2145,265,25275,20750,4525,37775,35450,2325,532425,427500,104925,43956,37164,6792
2023-03-16,74975,51525,23450,2400,2160,240,25725,21200,4525,37775,35300,2475,530550,425350,105200,44796,38100,6696
2023-03-17,74700,52675,22025,2370,2130,240,25725,21200,4525,37725,35300,2425,552350,437900,114450,44658,38022,6636
2023-03-20,76925,49000,27925,2370,2135,235,25725,21200,4525,37375,34725,2650,546200,436925,109275,44502,37956,6546
2023-03-21,76400,43500,32900,2385,2140,245,25725,21200,4525,39850,37350,2500,541875,435925,105950,44052,37956,6096
2023-03-22,74600,38375,36225,2380,2140,240,25725,21200,4525,39750,37350,2400,541325,431900,109425,43884,37956,5928
2023-03-23,73475,40375,33100,2410,2040,370,25725,21200,4525,39700,37300,2400,538950,431800,107150,43800,37908,5892
2023-03-24,72675,40375,32300,2410,2040,370,25700,21200,4500,39650,37200,2450,532725,426975,105750,44454,38502,5952
2023-03-27,70600,41875,28725,2480,1600,880,25675,21200,4475,39650,37200,2450,527875,423700,104175,44304,38502,5802
2023-03-28,68400,44100,24300,2480,1600,880,25675,21200,4475,39550,37200,2350,532025,432100,99925,44208,37410,6798
2023-03-29,68075,44125,23950,2480,1600,880,25675,21200,4475,39325,36600,2725,529175,431825,97350,44574,37530,7044
2023-03-30,69525,48950,20575,2480,1600,880,26375,21900,4475,39125,36600,2525,525275,431825,93450,44460,37500,6960
2023-03-31,64725,49950,14775,2345,1640,705,26375,21900,4475,45075,42700,2375,520900,426825,94075,44364,37500,6864
2023-04-03,63850,45350,18500,1990,1640,350,26375,21900,4475,45050,42225,2825,523900,419800,104100,43068,37500,5568
2023-04-04,66100,40350,25750,1855,1565,290,26375,21900,4475,45050,42225,2825,520100,418750,101350,43038,37128,5910
2023-04-05,65250,34350,30900,1855,1515,340,26375,21900,4475,44900,42225,2675,516825,417550,99275,42174,37104,5070
2023-04-06,65425,36150,29275,1825,1515,310,26375,21900,4475,44900,42025,2875,516800,421450,95350,42018,37068,4950
2023-04-11,62275,36150,26125,1830,1495,335,26375,21900,4475,44700,41950,2750,512725,421450,91275,42150,37284,4866
2023-04-12,56800,38550,18250,1780,1470,310,26100,21925,4175,44675,41950,2725,527450,444700,82750,41364,37386,3978
2023-04-13,54425,38850,15575,1780,1470,310,26600,22525,4075,44200,41950,2250,530775,450750,80025,41100,37368,3732
2023-04-14,51550,39050,12500,1780,1445,335,26400,22525,3875,44200,41825,2375,530650,452950,77700,41124,37392,3732
2023-04-17,51775,41875,9900,1795,1480,315,31350,27475,3875,44150,41825,2325,528350,452950,75400,41490,37446,4044
2023-04-18,53050,44375,8675,1730,1455,275,31350,27475,3875,44150,41625,2525,573075,500200,72875,41466,36822,4644
2023-04-19,51175,44375,6800,1660,1445,215,31350,27475,3875,49075,46600,2475,573575,503325,70250,41736,37122,4614
2023-04-20,51850,45875,5975,1555,1400,155,32250,28375,3875,53500,51600,1900,572275,503525,68750,41538,37050,4488
2023-04-21,51875,48075,3800,1535,1370,165,32200,28375,3825,53500,51325,2175,571400,504775,66625,41124,36978,4146
2023-04-24,53875,50025,3850,1535,1370,165,32100,28375,3725,53500,50800,2700,569600,493950,75650,41076,36906,4170
2023-04-25,60775,57025,3750,1535,1370,165,32000,28375,3625,53350,50700,2650,569600,495000,74600,40908,36906,4002
2023-04-26,61825,59775,2050,1510,1320,190,32000,28375,3625,53350,49700,3650,571800,498700,73100,40836,36906,3930
2023-04-27,62675,60925,1750,1515,1325,190,32300,29475,2825,53325,48575,4750,570300,497700,72600,40032,36762,3270
2023-04-28,64550,63075,1475,1525,1340,185,32300,29475,2825,52975,46875,6100,568500,491675,76825,39918,36762,3156
2023-05-02,66350,64875,1475,1545,1345,200,32300,29475,2825,52925,46625,6300,566200,491675,74525,40014,36486,3528
2023-05-03,67300,65875,1425,1535,1360,175,32300,29475,2825,52525,45500,7025,565200,493400,71800,39966,36300,3666
2023-05-04,67775,66550,1225,1560,1380,180,32600,29775,2825,52125,45450,6675,563300,492950,70350,39630,36276,3354
2023-05-05,70425,69400,1025,1560,1380,180,32600,29775,2825,52000,44875,7125,561925,489125,72800,40110,36756,3354
2023-05-09,71675,70550,1125,1610,1405,205,32600,29775,2825,51225,44425,6800,561450,489125,72325,39912,36756,3156
2023-05-10,75375,75150,225,1610,1435,175,32600,29775,2825,50400,44425,5975,570150,505275,64875,39444,37116,2328
2023-05-11,75950,75725,225,1635,1485,150,32900,30075,2825,49350,44050,5300,569975,372600,197375,39252,37116,2136
2023-05-12,76625,76400,225,1610,1500,110,32900,30075,2825,49050,43975,5075,570300,373125,197175,39294,36894,2400
2023-05-15,76875,76650,225,1580,1550,30,32900,30075,2825,49050,43600,5450,568200,373025,195175,39294,36894,2400
2023-05-16,83825,83700,125,1675,1665,10,33300,30475,2825,48450,43550,4900,562450,373825,188625,39270,36702,2568
2023-05-17,86625,86400,225,1710,1700,10,33600,30775,2825,47250,43350,3900,559000,375800,183200,39198,36702,2496
2023-05-18,90525,90300,225,1710,1625,85,33925,31100,2825,47525,43325,4200,556550,375275,181275,39174,36702,2472
2023-05-19,91975,91850,125,1835,1750,85,33925,31100,2825,46975,43325,3650,555200,375175,180025,39174,36534,2640
2023-05-22,92250,92025,225,1830,1750,80,34175,31350,2825,46275,43325,2950,555000,375175,179825,39078,36534,2544
2023-05-23,95025,94600,425,1830,1705,125,34475,31550,2925,45775,43250,2525,575875,398200,177675,39060,36534,2526
2023-05-24,96675,96350,325,1890,1750,140,34975,32075,2900,45400,43225,2175,575675,398200,177475,39060,36510,2550
2023-05-25,96950,96600,350,1890,1745,145,35475,32600,2875,63450,61025,2425,575475,398200,177275,38916,36510,2406
2023-05-26,97725,89575,8150,1925,1780,145,35475,32600,2875,74550,71250,3300,579775,396175,183600,38700,36486,2214
2023-05-30,99700,88450,11250,1925,1780,145,35825,32950,2875,74325,68050,6275,586525,401975,184550,38172,36318,1854
2023-05-31,99150,88725,10425,1895,1790,105,36175,33300,2875,87500,81825,5675,579525,397500,182025,37782,36318,1464
2023-06-01,99525,90075,9450,1970,1850,120,36450,33575,2875,87450,78650,8800,578825,386075,192750,37686,35514,2172
2023-06-02,98675,89325,9350,1970,1845,125,36450,33575,2875,87450,76650,10800,579025,335500,243525,37602,35442,2160
2023-06-05,98950,71575,27375,1950,1845,105,36800,33925,2875,87450,76375,11075,585050,324650,260400,37590,35142,2448
2023-06-06,99825,57450,42375,1950,1845,105,37150,34275,2875,87275,75950,11325,589475,321875,267600,37530,34878,2652
2023-06-07,100100,43750,56350,1960,1900,60,37150,34275,2875,86625,73875,12750,589450,322225,267225,37386,34746,2640
2023-06-08,99450,44525,54925,1995,1935,60,37150,34275,2875,86525,73625,12900,582125,316475,265650,37386,34746,2640
2023-06-09,97650,43575,54075,2025,1970,55,37150,34275,2875,85800,75425,10375,578300,321000,257300,37230,34722,2508
2023-06-12,95400,41650,53750,2060,2010,50,37150,34275,2875,85500,75125,10375,577975,315250,262725,37746,35208,2538
2023-06-13,89300,41375,47925,2030,2000,30,37850,35075,2775,84875,74975,9900,575325,310425,264900,37704,34788,2916
2023-06-14,84250,42075,42175,2020,2000,20,38400,35725,2675,83100,74575,8525,572775,309900,262875,37116,34740,2376
2023-06-15,79525,42575,36950,2025,2010,15,38400,35725,2675,82725,72975,9750,569075,309900,259175,37110,34272,2838
2023-06-16,90625,56425,34200,2060,2045,15,38400,35725,2675,80975,72825,8150,564850,309900,254950,37026,34248,2778
2023-06-19,88425,55725,32700,2060,2045,15,38400,35725,2675,80100,72725,7375,559925,305650,254275,36810,33828,2982
2023-06-20,86325,53425,32900,2290,2275,15,39100,36425,2675,80025,72625,7400,555675,305275,250400,37782,34746,3036
2023-06-21,84725,49300,35425,2380,2365,15,39775,37050,2725,79825,72025,7800,550925,303250,247675,39156,36222,2934
2023-06-22,80400,30125,50275,2565,2515,50,39775,37050,2725,78825,71500,7325,546375,299950,246425,39084,36198,2886
2023-06-23,79300,30125,49175,2730,2680,50,39775,37050,2725,78775,71425,7350,540975,290175,250800,38868,36198,2670
2023-06-26,80100,25725,54375,2905,2855,50,39775,37050,2725,78600,66750,11850,537775,287375,250400,39468,37170,2298
2023-06-27,77050,31900,45150,2905,2855,50,39900,37300,2600,78250,66500,11750,536425,258875,277550,39348,37122,2226
2023-06-28,75275,32575,42700,2935,2885,50,40150,37550,2600,77825,65725,12100,534350,257750,276600,39348,37122,2226
2023-06-29,75425,33750,41675,3490,3440,50,41225,38625,2600,80925,68350,12575,531225,257750,273475,38904,36654,2250
2023-06-30,72975,34100,38875,3490,3440,50,41225,38625,2600,80825,68325,12500,543150,271475,271675,38850,36582,2268
2023-07-03,69700,34575,35125,3605,3535,70,41375,38825,2550,80275,63275,17000,542050,271475,270575,38508,36576,1932
2023-07-04,66775,35900,30875,3700,3630,70,41375,38825,2550,78075,62050,16025,544400,271925,272475,38484,35874,2610
2023-07-05,67200,38450,28750,3720,3650,70,42375,39825,2550,76475,62050,14425,539700,271925,267775,38364,35874,2490
2023-07-06,65175,39350,25825,3880,3830,50,42925,40375,2550,74775,61825,12950,537875,272250,265625,38268,35736,2532
2023-07-07,62975,39500,23475,4105,4055,50,44100,41550,2550,73975,61125,12850,535075,273250,261825,38208,35688,2520
2023-07-10,59425,39500,19925,4165,4110,55,44350,41800,2550,73500,61125,12375,534075,274300,259775,37944,35664,2280
2023-07-11,57075,40475,16600,4255,4200,55,45800,43350,2450,72925,61025,11900,531725,272950,258775,37878,35766,2112
2023-07-12,54450,41375,13075,4305,4250,55,45675,43350,2325,72150,61025,11125,528100,272950,255150,37626,35766,1860
2023-07-13,54225,43075,11150,4345,4290,55,46650,44325,2325,71750,60825,10925,532100,280775,251325,37482,35766,1716
2023-07-14,57175,47550,9625,4470,4470,0,47400,45150,2250,70775,59475,11300,528475,279525,248950,37458,35472,1986
2023-07-17,59175,50575,8600,4510,4510,0,48425,46275,2150,69725,58525,11200,520800,279475,241325,37308,35472,1836
2023-07-18,59200,50675,8525,4610,4610,0,49025,46875,2150,80375,70900,9475,517400,279475,237925,36924,35448,1476
2023-07-19,59325,54675,4650,4610,4610,0,50350,48200,2150,90825,82400,8425,514300,276425,237875,37560,36132,1428
2023-07-20,58800,54975,3825,4710,4690,20,50400,48250,2150,90750,81900,8850,513100,277675,235425,37518,36138,1380
2023-07-21,59900,56750,3150,4755,4735,20,51350,49200,2150,90725,81375,9350,513400,276475,236925,37518,36138,1380
2023-07-24,60225,58900,1325,4880,4860,20,51625,49275,2350,89175,59950,29225,512500,277625,234875,37758,36378,1380
2023-07-25,60775,60300,475,5030,5005,25,51850,49500,2350,88625,59950,28675,516975,284200,232775,37614,36378,1236
2023-07-26,60700,60300,400,5050,5025,25,52100,49750,2350,87950,60300,27650,514025,284075,229950,37590,35796,1794
2023-07-27,62250,61750,500,5130,5105,25,52975,50250,2725,96075,69900,26175,511000,284400,226600,37590,35796,1794
2023-07-28,64425,63975,450,5215,5190,25,52775,49200,3575,99150,71425,27725,509000,283900,225100,37542,35772,1770
2023-07-31,68350,67900,450,5275,5250,25,54200,49650,4550,99675,64525,35150,507400,282875,224525,37536,35748,1788
2023-08-01,74175,73725,450,5255,5250,5,55075,49650,5425,99350,64450,34900,505550,280975,224575,37512,35694,1818
2023-08-02,75275,74925,350,5275,5235,40,55225,49950,5275,99225,64025,35200,502775,281000,221775,37206,35694,1512
2023-08-03,76875,76425,450,5275,5215,60,56125,49950,6175,97925,64025,33900,505100,280250,224850,36972,35550,1422
2023-08-04,79325,78950,375,5480,5420,60,57125,49650,7475,94900,63375,31525,503325,277675,225650,37110,36036,1074
2023-08-07,79325,78950,375,5555,5495,60,56525,49650,6875,91650,63025,28625,501325,277675,223650,37044,36036,1008
2023-08-08,80300,79950,350,5605,5545,60,56525,49650,6875,90000,66100,23900,498900,277675,221225,37044,35922,1122
2023-08-09,81000,80650,350,5675,5615,60,56475,49950,6525,88825,67800,21025,495000,277675,217325,36948,35874,1074
2023-08-10,83000,82650,350,5695,5600,95,55875,49950,5925,91575,71525,20050,496150,280875,215275,36924,35814,1110
2023-08-11,84900,84550,350,5780,5675,105,55875,49075,6800,91800,73125,18675,493825,280875,212950,37044,36012,1032
2023-08-14,85375,85025,350,5900,5855,45,56125,48900,7225,92175,76400,15775,491750,280675,211075,37014,35964,1050
2023-08-15,90150,89825,325,6000,5955,45,56100,49200,6900,106900,93525,13375,490800,281125,209675,37182,36204,978
2023-08-16,90875,90400,475,6035,5990,45,56850,50225,6625,141750,130950,10800,488600,281125,207475,37170,36204,966
2023-08-17,91400,90875,525,6035,5990,45,56425,50225,6200,142775,135400,7375,487100,275025,212075,37110,36186,924
2023-08-18,92200,91675,525,6090,6025,65,56450,49625,6825,145975,139600,6375,483550,199425,284125,37038,36186,852
2023-08-21,95325,94750,575,6090,6020,70,56225,49625,6600,145550,140700,4850,491050,208575,282475,37014,36186,828
2023-08-22,95425,94975,450,6065,6020,45,56025,49925,6100,146975,143750,3225,529775,246575,283200,37014,36162,852
2023-08-23,95425,94975,450,6115,6070,45,55275,49925,5350,150175,147225,2950,528250,247350,280900,37008,36138,870
2023-08-24,96625,96175,450,6150,6100,50,54650,48925,5725,149800,135925,13875,527550,243175,284375,37008,36138,870
2023-08-25,97525,97175,350,6185,6085,100,54575,47925,6650,149350,133825,15525,526175,230575,295600,36936,36108,828
2023-08-29,97650,97375,275,6215,6115,100,54875,47225,7650,149025,120100,28925,524025,230575,293450,36936,36060,876
2023-08-30,99225,98975,250,6205,6090,115,54675,46625,8050,147875,117350,30525,517375,232600,284775,37206,36354,852
2023-08-31,102900,102650,250,6370,6265,105,55100,47100,8000,153975,122275,31700,515750,227200,288550,37194,36366,828
2023-09-01,104275,104025,250,6370,6260,110,54850,47100,7750,153575,120975,32600,508400,225350,283050,37170,36342,828
2023-09-04,107425,107175,250,6390,6270,120,55350,47600,7750,153575,107200,46375,506400,225350,281050,37170,36330,840
2023-09-05,107400,107175,225,6385,6245,140,55350,47600,7750,151575,90750,60825,506875,230325,276550,37164,36330,834
2023-09-06,110400,110175,225,6410,6265,145,55650,47900,7750,148400,89450,58950,502400,226600,275800,37416,36630,786
2023-09-07,133850,133650,200,6695,6530,165,54275,47900,6375,145175,89250,55925,501475,232400,269075,37386,36462,924
2023-09-08,134125,133825,300,6815,6640,175,52975,47900,5075,143425,88750,54675,499475,228475,271000,37980,37104,876
2023-09-11,134525,134225,300,6885,6410,475,52550,48375,4175,141775,88450,53325,495875,228475,267400,38280,37404,876
2023-09-12,135650,135350,300,6950,6460,490,53125,49475,3650,138400,88400,50000,493875,228300,265575,38280,37404,876
2023-09-13,143400,143100,300,6975,6485,490,53125,49475,3650,132200,83050,49150,491300,229250,262050,38742,37860,882
2023-09-14,143375,143100,275,7035,6545,490,54100,50450,3650,127450,75800,51650,498525,238475,260050,38742,37860,882
2023-09-15,143375,143100,275,7015,6550,465,54100,50450,3650,122625,75700,46925,495400,239475,255925,38940,38034,906
2023-09-18,147575,147350,225,7050,6585,465,60975,58525,2450,118650,75325,43325,492575,237000,255575,39960,39018,942
2023-09-19,149600,149375,225,6955,6540,415,71050,69200,1850,115350,81025,34325,489825,237500,252325,40500,39534,966
2023-09-20,155700,155475,225,6805,6545,260,73875,72075,1800,111600,80825,30775,486150,237500,248650,41040,40080,960
2023-09-21,162900,162575,325,6925,6680,245,74300,72575,1725,108050,72300,35750,483550,231150,252400,41316,40170,1146
2023-09-22,162900,162575,325,6920,6665,255,74300,72575,1725,105400,63050,42350,482300,204675,277625,41292,40170,1122
2023-09-25,163900,163575,325,6960,6680,280,76200,74425,1775,101550,63050,38500,496550,221650,274900,41292,40170,1122
2023-09-26,166850,165275,1575,7035,6720,315,76725,75025,1700,107525,70050,37475,494300,221400,272900,41328,40248,1080
2023-09-27,167850,166275,1575,6975,6755,220,76650,75025,1625,107075,74800,32275,493300,223500,269800,41628,40548,1080
2023-09-28,167825,166275,1550,7080,6795,285,76575,74550,2025,105375,57225,48150,490275,224100,266175,41982,41082,900
2023-09-29,167825,164775,3050,7350,7065,285,78325,74350,3975,103000,57050,45950,486050,173875,312175,42228,41430,798
2023-10-02,169300,166275,3025,7350,7015,335,78325,74325,4000,102775,57150,45625,486775,174225,312550,42204,41430,774
2023-10-03,168600,166475,2125,7365,6985,380,78600,74625,3975,99100,55450,43650,504850,193300,311550,42204,41430,774
2023-10-04,168425,167600,825,7385,6985,400,78900,74925,3975,97525,55450,42075,502850,193300,309550,42174,41430,744
2023-10-05,169900,167025,2875,7425,6935,490,83600,79875,3725,95975,54850,41125,500850,193300,307550,42384,41424,960
2023-10-06,170175,167550,2625,7515,6980,535,84600,80875,3725,94375,53900,40475,497650,193300,304350,43134,42144,990
2023-10-09,170475,167875,2600,7500,6945,555,84900,81550,3350,92425,53800,38625,495650,193300,302350,43134,42042,1092
2023-10-10,171525,168975,2550,7560,7005,555,85300,81950,3350,90900,53800,37100,492650,193300,299350,43110,42042,1068
2023-10-11,179675,177125,2550,7540,7010,530,85200,81950,3250,89050,52700,36350,492650,193300,299350,43086,42042,1044
2023-10-12,181150,175100,6050,7480,6955,525,88075,84825,3250,87025,52700,34325,490650,193300,297350,42984,42042,942
2023-10-13,180900,168475,12425,7500,7005,495,91200,88125,3075,86775,52225,34550,488625,193300,295325,42870,42042,828
2023-10-16,181000,166200,14800,7390,6935,455,96225,93175,3050,83450,52000,31450,486600,193350,293250,42870,42042,828
2023-10-17,180675,166100,14575,7410,6940,470,105625,103925,1700,81850,51275,30575,484600,193350,291250,42870,41922,948
2023-10-18,191675,162500,29175,7465,6895,570,108100,106675,1425,80325,50775,29550,492775,203525,289250,43320,42270,1050
2023-10-19,191850,160925,30925,7395,6845,550,108675,107300,1375,78775,49375,29400,490450,203525,286925,43260,41952,1308
2023-10-20,191925,161525,30400,7345,6520,825,110675,109300,1375,78125,50175,27950,488450,203525,284925,43194,39798,3396
2023-10-23,190450,160525,29925,7335,6385,950,115225,113850,1375,76250,49875,26375,486450,203525,282925,44862,39582,5280
2023-10-24,187475,160525,26950,7210,6340,870,117175,115800,1375,74650,48325,26325,484450,203525,280925,44880,39732,5148
2023-10-25,185175,161075,24100,7285,6515,770,121725,120350,1375,73100,47875,25225,482450,203325,279125,44880,36576,8304
2023-10-26,182900,160925,21975,7345,6515,830,123375,122000,1375,78375,54000,24375,480250,203325,276925,45564,37236,8328
2023-10-27,180600,161800,18800,7090,6435,655,125225,123850,1375,76525,53700,22825,478725,203800,274925,45564,37062,8502
2023-10-30,178400,158550,19850,7120,6445,675,126575,125200,1375,81600,60650,20950,476725,203800,272925,45144,37062,8082
2023-10-31,176475,158375,18100,7355,6740,615,127650,126325,1325,84525,65575,18950,474725,203800,270925,44898,37062,7836
2023-11-01,174400,157100,17300,7245,6755,490,128350,127050,1300,82700,64875,17825,472700,203800,268900,44784,37062,7722
2023-11-02,170825,158325,12500,7345,6680,665,129650,128350,1300,82200,64850,17350,470700,203800,266900,43050,36918,6132
2023-11-03,180600,166725,13875,7435,6780,655,129375,128350,1025,78575,64850,13725,468700,203800,264900,41826,36918,4908
2023-11-06,180250,166750,13500,7430,6780,650,129875,128850,1025,76725,64850,11875,466700,203800,262900,40902,36894,4008
2023-11-07,178750,166625,12125,7385,6830,555,131350,130325,1025,75925,57125,18800,464100,203800,260300,40092,36972,3120
2023-11-08,178125,167150,10975,7380,6745,635,133050,132025,1025,74250,49325,24925,461600,203800,257800,40674,37818,2856
2023-11-09,177225,166575,10650,7500,6900,600,133050,132025,1025,72475,49250,23225,459100,203800,255300,40674,38058,2616
2023-11-10,180000,169675,10325,7485,6855,630,133900,132875,1025,70150,49000,21150,481750,228950,252800,42534,40182,2352
2023-11-13,179925,167550,12375,7495,6895,600,135300,134275,1025,69225,48300,20925,479650,204700,274950,43374,41268,2106
2023-11-14,179325,168300,11025,7395,6815,580,135300,134275,1025,69225,47550,21675,487575,212625,274950,43194,41148,2046
2023-11-15,184250,174875,9375,7475,6795,680,135325,134300,1025,68125,47200,20925,485825,212875,272950,43512,41466,2046
2023-11-16,181950,169700,12250,7760,7025,735,135925,105700,30225,133200,112675,20525,483800,212875,270925,44262,42216,2046
2023-11-17,181275,170400,10875,7785,7030,755,135925,93550,42375,133050,112125,20925,481775,212875,268900,44316,42138,2178
2023-11-20,179975,164400,15575,7840,7060,780,135925,76525,59400,133525,111025,22500,479775,212875,266900,44358,42276,2082
2023-11-21,179025,164400,14625,7825,6945,880,135925,76525,59400,142750,120675,22075,476875,213525,263350,44142,42276,1866
2023-11-22,179050,164500,14550,7810,6945,865,135925,76525,59400,210850,188175,22675,479650,201525,278125,44592,42840,1752
2023-11-23,178500,164075,14425,7815,6935,880,136525,77125,59400,211750,188950,22800,476300,201525,274775,44586,42246,2340
2023-11-24,178525,162550,15975,7765,6910,855,137225,77875,59350,211300,188950,22350,473875,201525,272350,44898,42666,2232
2023-11-27,177800,161225,16575,7810,6945,865,137975,78625,59350,210825,188450,22375,471875,201525,270350,44874,42618,2256
2023-11-28,176400,154325,22075,7810,6945,865,138475,79675,58800,209775,188150,21625,467875,201525,266350,44874,42450,2424
2023-11-29,174950,147150,27800,8095,7330,765,144450,88075,56375,226800,205350,21450,464375,201525,262850,45468,42234,3234
2023-11-30,175250,146075,29175,8110,7340,770,141575,88575,53000,226250,205700,20550,459375,196525,262850,46338,43410,2928
2023-12-01,174250,139725,34525,8065,7340,725,139325,89075,50250,224275,204750,19525,454375,196525,257850,46314,43338,2976
2023-12-04,174900,140775,34125,7985,7305,680,134600,89075,45525,222700,204550,18150,452900,200050,252850,46248,43212,3036
2023-12-05,180550,147175,33375,7995,7305,690,131375,90375,41000,221075,182700,38375,446150,200050,246100,46212,43212,3000
2023-12-07,182750,142375,40375,8050,7205,845,133625,97350,36275,218550,161475,57075,442500,199525,242975,48360,45270,3090
2023-12-08,181600,132275,49325,8025,7070,955,133675,99350,34325,215450,161075,54375,453225,211025,242200,48264,45270,2994
2023-12-11,182200,134225,47975,8080,7145,935,130850,99850,31000,215000,160525,54475,452375,207875,244500,48138,45714,2424
2023-12-12,180175,134250,45925,7965,6885,1080,128900,88275,40625,212250,160050,52200,450225,208725,241500,48588,43464,5124
2023-12-13,179550,135200,44350,7925,6545,1380,128500,78350,50150,211075,159550,51525,449525,210025,239500,48540,42408,6132
2023-12-14,178075,134450,43625,7940,6415,1525,128650,77125,51525,210050,159150,50900,447575,211525,236050,48954,43080,5874
2023-12-15,175550,134400,41150,8110,6560,1550,128150,75650,52500,208475,158925,49550,444625,205825,238800,49176,43404,5772
2023-12-18,172450,134650,37800,8205,6665,1540,130800,68850,61950,205950,157625,48325,504475,270175,234300,51840,46014,5826
2023-12-19,168650,132075,36575,8190,6665,1525,128600,69475,59125,207150,160975,46175,511450,281100,230350,52698,46830,5868
2023-12-20,166675,132075,34600,8040,6665,1375,126300,69425,56875,230600,186350,44250,509800,283375,226425,53724,48900,4824
2023-12-21,165450,133050,32400,7730,6680,1050,127975,72225,55750,230750,187900,42850,508150,285350,222800,53676,47700,5976
2023-12-22,166675,136400,30275,7755,6705,1050,128700,73000,55700,229200,160850,68350,508650,315825,192825,56058,50082,5976
2023-12-27,165050,136400,28650,7745,6665,1080,127750,72500,55250,227375,160850,66525,523725,328775,194950,57804,51828,5976
2023-12-28,166775,138325,28450,7705,6680,1025,124550,72500,52050,222125,160850,61275,551050,356125,194925,62022,56022,6000
2023-12-29,167300,140325,26975,7685,6670,1015,135700,83650,52050,224825,165675,59150,549050,356125,192925,64056,57780,6276
2024-01-02,165700,140325,25375,7700,6695,1005,133900,83650,50250,223225,165675,57550,566375,374250,192125,64158,57882,6276
2024-01-03,165700,140275,25425,7730,6745,985,132100,83650,48450,223325,167250,56075,565175,374650,190525,64410,58182,6228
2024-01-04,164450,140275,24175,7755,6770,985,130450,84550,45900,221775,167050,54725,561575,374650,186925,64482,58104,6378
