time,index,index,index,c1,c1,c1,c1,c1,c1,c1,c1,c2,c2,c2,c2,c2,c2,c2,c2,c3,c3,c3,c3,c3,c3,c3,c3,c4,c4,c4,c4,c4,c4,c4,c4,c5,c5,c5,c5,c5,c5,c5,c5,c6,c6,c6,c6,c6,c6,c6,c6,c7,c7,c7,c7,c7,c7,c7,c7,c8,c8,c8,c8,c8,c8,c8,c8,c9,c9,c9,c9,c9,c9,c9,c9,dom,dom,dom,dom,dom,dom,dom,dom
Unnamed: 0_level_1,close,vol,oi,inst_id,open,high,low,close,vol,oi,settle,inst_id,open,high,low,close,vol,oi,settle,inst_id,open,high,low,close,vol,oi,settle,inst_id,open,high,low,close,vol,oi,settle,inst_id,open,high,low,close,vol,oi,settle,inst_id,open,high,low,close,vol,oi,settle,inst_id,open,high,low,close,vol,oi,settle,inst_id,open,high,low,close,vol,oi,settle,inst_id,open,high,low,close,vol,oi,settle,inst_id,open,high,low,close,vol,oi,settle
2017-01-03,2849.235845882759,1379877.0,1376225.0,rb1701,2988,2999,2925,2941.0,1651,6180,2954.0,rb1702,2973,3004,2870,2870.0,102,1617,2895.0,rb1703,2914,2914,2878,2878.0,10,1506,2903.0,rb1704,2911,2943,2862,2865.0,63,860,2888.0,rb1705,2889,2998,2839,2851.0,1290776,1263405,2914.0,rb1706,2877,2958,2822,2822.0,266,759,2910.0,rb1707,2868,2927,2850,2850.0,12,624,2900.0,rb1708,2860,2909,2860,2899.0,11,92,2896.0,rb1709,2863,2950,2817,2823.0,860,1628,2904.0,rb1705,2889.0,2998.0,2839.0,2851.0,1290776.0,1263405.0,2914.0
2017-01-04,2926.321175003244,2121199.0,1387060.0,rb1701,2935,2990,2908,2980.0,1710,5160,2941.0,rb1702,2835,2940,2835,2940.0,126,1573,2887.0,rb1703,2863,2967,2850,2950.0,59,1528,2890.0,rb1704,2873,2959,2850,2959.0,87,859,2884.0,rb1705,2860,2957,2827,2930.0,1994499,1265799,2892.0,rb1706,2840,2929,2805,2908.0,236,761,2867.0,rb1707,2830,2907,2801,2907.0,68,634,2829.0,rb1708,2826,2871,2810,2869.0,100,147,2838.0,rb1709,2791,2917,2791,2898.0,924,1656,2856.0,rb1705,2860.0,2957.0,2827.0,2930.0,1994499.0,1265799.0,2892.0
2017-01-05,2937.505736839488,1913985.0,1367652.0,rb1701,2955,3008,2953,3008.0,1260,4260,2985.0,rb1702,2932,2960,2919,2919.0,124,1575,2941.0,rb1703,2922,3006,2922,2971.0,148,1560,2975.0,rb1704,2953,3000,2937,2977.0,142,959,2961.0,rb1705,2930,2998,2913,2941.0,1819518,1246931,2953.0,rb1706,2895,2964,2883,2928.0,79,764,2926.0,rb1707,2921,2935,2921,2935.0,2,632,2928.0,rb1708,2878,2936,2859,2890.0,40,163,2895.0,rb1709,2897,2955,2880,2900.0,850,1676,2920.0,rb1705,2930.0,2998.0,2913.0,2941.0,1819518.0,1246931.0,2953.0
2017-01-06,2907.65116267231,1907362.0,1375065.0,rb1701,3013,3013,2960,2960.0,300,4020,2987.0,rb1702,2900,2980,2900,2936.0,59,1570,2932.0,rb1703,2947,2989,2927,2930.0,24,1556,2958.0,rb1704,2951,2996,2932,2932.0,46,945,2970.0,rb1705,2940,2988,2900,2912.0,1810938,1252513,2943.0,rb1706,2901,2964,2870,2882.0,187,794,2909.0,rb1707,2929,2929,2880,2880.0,8,635,2918.0,rb1708,2875,2900,2833,2833.0,11,166,2880.0,rb1709,2895,2943,2861,2869.0,526,1617,2900.0,rb1705,2940.0,2988.0,2900.0,2912.0,1810938.0,1252513.0,2943.0
2017-01-09,3042.396756302521,1910810.0,1368500.0,rb1701,3008,3039,2981,3039.0,1020,3450,3008.0,rb1702,2940,3005,2912,3005.0,74,1565,2977.0,rb1703,2886,3030,2886,3030.0,170,1639,3006.0,rb1704,2940,3050,2911,3050.0,58,928,2957.0,rb1705,2915,3049,2893,3048.0,1795453,1243498,2960.0,rb1706,2870,3004,2870,3004.0,125,786,2934.0,rb1707,2880,2966,2823,2966.0,30,640,2930.0,rb1708,2848,2968,2847,2966.0,16,161,2918.0,rb1709,2873,2986,2856,2986.0,707,1638,2915.0,rb1705,2915.0,3049.0,2893.0,3048.0,1795453.0,1243498.0,2960.0
2017-01-10,3162.1959622042305,2088433.0,1415079.0,rb1701,3049,3218,3049,3218.0,990,2820,3121.0,rb1702,3019,3160,3019,3160.0,141,1587,3094.0,rb1703,3035,3170,3021,3170.0,218,1638,3096.0,rb1704,3054,3163,3050,3162.0,157,859,3121.0,rb1705,3048,3167,3028,3167.0,1961632,1290431,3095.0,rb1706,3004,3139,3004,3138.0,105,786,3082.0,rb1707,2986,3120,2978,3120.0,67,640,3022.0,rb1708,2980,3087,2965,3087.0,21,155,3002.0,rb1709,2997,3119,2978,3115.0,908,1748,3044.0,rb1705,3048.0,3167.0,3028.0,3167.0,1961632.0,1290431.0,3095.0
2017-01-11,3175.5963789820585,1714982.0,1361827.0,rb1701,3130,3220,3120,3199.0,780,2340,3181.0,rb1702,3158,3180,3156,3173.0,304,1447,3167.0,rb1703,3168,3207,3140,3182.0,221,1677,3176.0,rb1704,3197,3213,3143,3182.0,242,814,3174.0,rb1705,3177,3202,3135,3182.0,1583829,1235932,3173.0,rb1706,3136,3160,3100,3123.0,114,769,3137.0,rb1707,3122,3130,3082,3082.0,72,643,3114.0,rb1708,3113,3123,3034,3069.0,39,155,3091.0,rb1709,3115,3135,3085,3119.0,749,1667,3115.0,rb1705,3177.0,3202.0,3135.0,3182.0,1583829.0,1235932.0,3173.0
2017-01-12,3200.2876114273768,1894198.0,1473269.0,rb1701,3200,3235,3160,3160.0,210,2340,3208.0,rb1702,3168,3238,3150,3189.0,367,1432,3199.0,rb1703,3169,3250,3158,3210.0,154,1756,3206.0,rb1704,3165,3256,3165,3211.0,62,820,3230.0,rb1705,3179,3260,3158,3207.0,1767244,1345413,3212.0,rb1706,3133,3201,3124,3169.0,25,773,3169.0,rb1707,3104,3190,3087,3130.0,21,645,3145.0,rb1708,3090,3164,3083,3141.0,21,157,3117.0,rb1709,3121,3190,3102,3148.0,1079,1684,3156.0,rb1705,3179.0,3260.0,3158.0,3207.0,1767244.0,1345413.0,3212.0
2017-01-13,3186.782957279064,1587615.0,1423775.0,rb1701,3165,3165,3165,3165.0,60,2310,3165.0,rb1702,3208,3208,3170,3170.0,139,1395,3191.0,rb1703,3219,3249,3172,3190.0,119,1769,3206.0,rb1704,3219,3219,3196,3197.0,11,822,3202.0,rb1705,3212,3247,3167,3194.0,1475733,1292968,3207.0,rb1706,3190,3200,3153,3155.0,33,772,3176.0,rb1707,3163,3170,3103,3103.0,8,644,3151.0,rb1708,3120,3125,3085,3085.0,5,157,3100.0,rb1709,3157,3173,3108,3130.0,528,1669,3141.0,rb1705,3212.0,3247.0,3167.0,3194.0,1475733.0,1292968.0,3207.0
2017-01-16,3366.842141464313,2188365.0,1471311.0,rb1701,3300,3300,3300,3300.0,30,2310,3300.0,rb1702,3192,3374,3187,3359.0,506,1414,3326.0,rb1703,3187,3423,3178,3398.0,151,1792,3337.0,rb1704,3315,3398,3300,3391.0,28,825,3367.0,rb1705,3190,3418,3173,3375.0,2024131,1333864,3318.0,rb1706,3140,3366,3134,3323.0,66,783,3275.0,rb1707,3107,3315,3099,3310.0,15,643,3242.0,rb1708,3139,3283,3139,3283.0,32,155,3226.0,rb1709,3128,3339,3111,3301.0,4224,2049,3275.0,rb1705,3190.0,3418.0,3173.0,3375.0,2024131.0,1333864.0,3318.0
2017-01-17,3278.426102259897,1922246.0,1394975.0,rb1702,3371,3379,3221,3300.0,167,1350,3313.0,rb1703,3347,3400,3267,3296.0,61,1783,3346.0,rb1704,3380,3380,3206,3282.0,29,825,3319.0,rb1705,3370,3402,3240,3284.0,1777560,1263798,3326.0,rb1706,3333,3363,3200,3220.0,28,780,3302.0,rb1707,3310,3316,3206,3206.0,25,647,3264.0,rb1708,3272,3287,3164,3194.0,32,162,3233.0,rb1709,3284,3313,3193,3245.0,830,1893,3254.0,rb1710,3277,3309,3179,3223.0,141694,121885,3246.0,rb1705,3370.0,3402.0,3240.0,3284.0,1777560.0,1263798.0,3326.0
2017-01-18,3285.031805212208,1815557.0,1385056.0,rb1702,3290,3366,3290,3312.0,110,1360,3319.0,rb1703,3295,3320,3280,3320.0,54,1784,3300.0,rb1704,0,0,0,3319.0,0,825,3319.0,rb1705,3292,3350,3243,3292.0,1676948,1252886,3287.0,rb1706,3237,3319,3234,3247.0,28,779,3261.0,rb1707,3223,3276,3200,3234.0,100,622,3245.0,rb1708,3185,3250,3184,3218.0,46,143,3199.0,rb1709,3250,3287,3200,3239.0,584,1787,3234.0,rb1710,3222,3278,3186,3216.0,136528,122728,3221.0,rb1705,3292.0,3350.0,3243.0,3292.0,1676948.0,1252886.0,3287.0
2017-01-19,3251.581680079911,1726650.0,1390541.0,rb1702,3270,3310,3270,3310.0,40,1358,3282.0,rb1703,3302,3313,3251,3279.0,22,1783,3281.0,rb1704,3280,3294,3221,3266.0,103,845,3259.0,rb1705,3280,3306,3220,3256.0,1572320,1265751,3262.0,rb1706,3260,3267,3181,3211.0,94,785,3212.0,rb1707,3224,3227,3173,3220.0,19,625,3189.0,rb1708,3205,3215,3144,3199.0,26,143,3183.0,rb1709,3219,3249,3180,3208.0,407,1744,3209.0,rb1710,3210,3244,3174,3205.0,152866,115203,3205.0,rb1705,3280.0,3306.0,3220.0,3256.0,1572320.0,1265751.0,3262.0
2017-01-20,3190.115290863139,1706226.0,1380890.0,rb1702,3246,3300,3203,3230.0,112,1324,3274.0,rb1703,3279,3306,3220,3220.0,37,1768,3268.0,rb1704,3266,3284,3220,3220.0,66,841,3258.0,rb1705,3252,3296,3193,3194.0,1573745,1254392,3251.0,rb1706,3228,3245,3202,3202.0,35,773,3224.0,rb1707,3207,3248,3150,3150.0,7,623,3213.0,rb1708,3210,3210,3138,3138.0,8,143,3188.0,rb1709,3214,3249,3156,3159.0,816,1666,3199.0,rb1710,3204,3235,3150,3150.0,129989,116487,3196.0,rb1705,3252.0,3296.0,3193.0,3194.0,1573745.0,1254392.0,3251.0
2017-01-23,3175.4828308474966,1293697.0,1300501.0,rb1702,3210,3210,3156,3198.0,45,1289,3182.0,rb1703,3201,3220,3179,3200.0,24,1753,3192.0,rb1704,3179,3203,3170,3201.0,59,832,3190.0,rb1705,3191,3205,3143,3180.0,1179117,1172613,3174.0,rb1706,3130,3154,3104,3148.0,42,756,3131.0,rb1707,3124,3148,3119,3131.0,108,614,3130.0,rb1708,3110,3139,3107,3130.0,28,147,3123.0,rb1709,3159,3167,3113,3143.0,409,1694,3137.0,rb1710,3155,3159,3101,3133.0,112728,117879,3129.0,rb1705,3191.0,3205.0,3143.0,3180.0,1179117.0,1172613.0,3174.0
2017-01-24,3286.268283596536,1639330.0,1368973.0,rb1702,3230,3345,3216,3320.0,112,1220,3279.0,rb1703,3203,3352,3203,3301.0,295,1713,3307.0,rb1704,3200,3319,3192,3300.0,31,833,3253.0,rb1705,3178,3344,3170,3292.0,1476359,1234738,3263.0,rb1706,3156,3285,3154,3226.0,84,733,3249.0,rb1707,3150,3275,3150,3230.0,45,576,3232.0,rb1708,3136,3247,3125,3216.0,64,193,3213.0,rb1709,3136,3282,3136,3235.0,872,1604,3211.0,rb1710,3133,3276,3130,3233.0,159055,124035,3207.0,rb1705,3178.0,3344.0,3170.0,3292.0,1476359.0,1234738.0,3263.0
2017-01-25,3291.6770975689337,1002466.0,1268826.0,rb1702,3323,3434,3280,3340.0,289,1042,3368.0,rb1703,3301,3335,3262,3304.0,79,1730,3284.0,rb1704,3280,3321,3269,3299.0,115,807,3287.0,rb1705,3300,3320,3255,3299.0,902162,1132998,3287.0,rb1706,3253,3267,3198,3265.0,77,725,3251.0,rb1707,3251,3251,3187,3219.0,95,559,3194.0,rb1708,3238,3238,3201,3233.0,100,134,3217.0,rb1709,3249,3250,3200,3240.0,685,1840,3215.0,rb1710,3235,3250,3190,3230.0,97869,125457,3223.0,rb1705,3300.0,3320.0,3255.0,3299.0,902162.0,1132998.0,3287.0
2017-01-26,3359.4426834632063,1060322.0,1268674.0,rb1702,3360,3439,3220,3248.0,136,1050,3307.0,rb1703,3351,3370,3325,3370.0,47,1714,3351.0,rb1704,3312,3363,3312,3362.0,97,864,3348.0,rb1705,3292,3380,3290,3369.0,948001,1127436,3339.0,rb1706,3265,3316,3265,3316.0,45,725,3288.0,rb1707,3277,3277,3275,3277.0,6,558,3276.0,rb1708,3224,3264,3224,3263.0,21,145,3258.0,rb1709,3248,3299,3237,3296.0,491,1834,3266.0,rb1710,3226,3288,3225,3283.0,110132,130891,3257.0,rb1705,3292.0,3380.0,3290.0,3369.0,948001.0,1127436.0,3339.0
2017-02-03,3110.324962171152,1418232.0,1273499.0,rb1702,0,0,0,3250.0,0,1050,3250.0,rb1703,3172,3260,3101,3167.0,226,1692,3168.0,rb1704,3289,3296,3090,3162.0,81,865,3172.0,rb1705,3349,3358,3071,3113.0,1248246,1122031,3174.0,rb1706,3229,3229,3035,3080.0,58,731,3104.0,rb1707,3204,3214,3050,3070.0,100,559,3121.0,rb1708,3062,3224,3060,3095.0,62,147,3119.0,rb1709,3270,3270,3014,3102.0,3117,1721,3155.0,rb1710,3262,3275,3007,3089.0,163517,140787,3124.0,rb1705,3349.0,3358.0,3071.0,3113.0,1248246.0,1122031.0,3174.0
2017-02-06,3079.089231086021,1429881.0,1388933.0,rb1702,3150,3150,3130,3130.0,120,1080,3140.0,rb1703,3135,3163,3130,3160.0,50,1691,3151.0,rb1704,3132,3158,3100,3117.0,203,841,3129.0,rb1705,3110,3132,3062,3082.0,1208236,1222867,3097.0,rb1706,3092,3093,3034,3065.0,94,736,3068.0,rb1707,3028,3082,3027,3064.0,52,561,3060.0,rb1708,3087,3087,3067,3067.0,35,165,3079.0,rb1709,3092,3115,3056,3077.0,1510,2027,3080.0,rb1710,3088,3112,3042,3057.0,217031,153941,3066.0,rb1705,3110.0,3132.0,3062.0,3082.0,1208236.0,1222867.0,3097.0
2017-02-07,3157.9258415973864,1585803.0,1414661.0,rb1702,3082,3082,3082,3082.0,330,1080,3082.0,rb1703,3197,3233,3144,3233.0,43,1675,3197.0,rb1704,3124,3206,3116,3200.0,70,838,3141.0,rb1705,3090,3176,3067,3165.0,1295937,1236335,3129.0,rb1706,3046,3132,3046,3124.0,109,711,3104.0,rb1707,3055,3123,3055,3111.0,16,554,3101.0,rb1708,3055,3127,3055,3121.0,46,186,3089.0,rb1709,3055,3138,3055,3123.0,1339,2689,3094.0,rb1710,3060,3119,3042,3109.0,285425,165305,3086.0,rb1705,3090.0,3176.0,3067.0,3165.0,1295937.0,1236335.0,3129.0
2017-02-08,3234.128043452768,1816845.0,1475257.0,rb1702,3275,3275,3275,3275.0,30,1080,3275.0,rb1703,3192,3300,3192,3280.0,21,1672,3252.0,rb1704,3190,3264,3190,3232.0,19,827,3208.0,rb1705,3161,3248,3129,3243.0,1494844,1283331,3198.0,rb1706,3134,3195,3098,3178.0,60,705,3153.0,rb1707,3103,3200,3103,3187.0,187,619,3135.0,rb1708,3119,3184,3106,3178.0,5,184,3153.0,rb1709,3118,3190,3096,3181.0,765,2619,3152.0,rb1710,3112,3177,3052,3175.0,317707,178431,3130.0,rb1705,3161.0,3248.0,3129.0,3243.0,1494844.0,1283331.0,3198.0
2017-02-09,3197.864689576985,1424255.0,1474794.0,rb1702,0,0,0,3275.0,0,1080,3275.0,rb1703,3324,3349,3298,3300.0,47,1650,3309.0,rb1704,3287,3306,3261,3282.0,153,782,3283.0,rb1705,3248,3276,3202,3206.0,1205272,1264346,3239.0,rb1706,3198,3234,3164,3166.0,139,714,3195.0,rb1707,3230,3230,3179,3210.0,51,610,3203.0,rb1708,3198,3201,3176,3176.0,34,185,3195.0,rb1709,3181,3210,3158,3165.0,418,2605,3187.0,rb1710,3177,3202,3143,3148.0,215595,196732,3172.0,rb1705,3248.0,3276.0,3202.0,3206.0,1205272.0,1264346.0,3239.0
2017-02-10,3318.640910842264,2580992.0,1611739.0,rb1702,0,0,0,3275.0,0,1080,3275.0,rb1703,3273,3428,3273,3428.0,45,1619,3323.0,rb1704,3256,3438,3241,3405.0,81,752,3331.0,rb1705,3198,3398,3181,3328.0,2183056,1378864,3292.0,rb1706,3146,3341,3141,3273.0,70,697,3240.0,rb1707,3207,3314,3197,3268.0,61,589,3265.0,rb1708,3156,3335,3152,3266.0,50,216,3283.0,rb1709,3199,3315,3140,3279.0,1070,2640,3236.0,rb1710,3146,3309,3130,3263.0,392601,219384,3223.0,rb1705,3198.0,3398.0,3181.0,3328.0,2183056.0,1378864.0,3292.0
2017-02-13,3425.7424256620147,1945571.0,1622320.0,rb1702,3400,3400,3400,3400.0,60,1080,3400.0,rb1703,3442,3539,3406,3532.0,169,1502,3490.0,rb1704,3414,3514,3405,3489.0,14,750,3466.0,rb1705,3351,3451,3332,3437.0,1507118,1375325,3399.0,rb1706,3298,3411,3272,3394.0,103,694,3358.0,rb1707,3286,3366,3277,3352.0,30,571,3310.0,rb1708,3299,3391,3299,3385.0,18,222,3373.0,rb1709,3280,3380,3280,3378.0,1112,2492,3343.0,rb1710,3277,3372,3268,3363.0,431680,233276,3331.0,rb1705,3351.0,3451.0,3332.0,3437.0,1507118.0,1375325.0,3399.0
2017-02-14,3429.4364674401186,1484755.0,1608805.0,rb1702,3636,3636,3636,3636.0,30,1080,3636.0,rb1703,3540,3540,3485,3518.0,230,1360,3506.0,rb1704,3474,3497,3436,3476.0,356,884,3464.0,rb1705,3449,3450,3382,3442.0,1162885,1352584,3419.0,rb1706,3386,3400,3331,3382.0,78,694,3361.0,rb1707,3367,3367,3276,3318.0,22,561,3344.0,rb1708,3391,3391,3306,3372.0,124,189,3330.0,rb1709,3386,3392,3325,3377.0,1057,2274,3358.0,rb1710,3366,3380,3309,3363.0,314250,241355,3346.0,rb1705,3449.0,3450.0,3382.0,3442.0,1162885.0,1352584.0,3419.0
2017-02-15,3379.345927463064,2034222.0,1690973.0,rb1702,3386,3386,3386,3386.0,30,1080,3386.0,rb1703,3472,3527,3463,3525.0,14,1359,3496.0,rb1704,3491,3499,3440,3453.0,24,878,3470.0,rb1705,3442,3458,3350,3391.0,1635391,1427088,3412.0,rb1706,3394,3394,3321,3340.0,66,687,3359.0,rb1707,3305,3350,3305,3350.0,24,542,3337.0,rb1708,3367,3388,3286,3332.0,19,185,3325.0,rb1709,3373,3375,3306,3331.0,675,2281,3347.0,rb1710,3365,3375,3289,3317.0,391980,247623,3336.0,rb1705,3442.0,3458.0,3350.0,3391.0,1635391.0,1427088.0,3412.0
2017-02-16,3368.91411508019,2901697.0,1677943.0,rb1703,3555,3629,3467,3511.0,58,1354,3546.0,rb1704,3475,3607,3417,3512.0,475,850,3532.0,rb1705,3370,3509,3359,3381.0,2260657,1391337,3421.0,rb1706,3339,3455,3322,3329.0,98,685,3384.0,rb1707,3354,3472,3294,3310.0,23,535,3358.0,rb1708,3310,3392,3294,3304.0,7,183,3331.0,rb1709,3333,3569,3301,3325.0,1485,2426,3369.0,rb1710,3300,3411,3286,3312.0,630671,269549,3340.0,rb1711,3275,3376,3259,3297.0,53,555,3310.0,rb1705,3370.0,3509.0,3359.0,3381.0,2260657.0,1391337.0,3421.0
2017-02-17,3452.861611487137,2169537.0,1706883.0,rb1703,3533,3610,3506,3610.0,130,1307,3571.0,rb1704,3494,3565,3494,3546.0,62,819,3544.0,rb1705,3394,3489,3389,3473.0,1796501,1407908,3451.0,rb1706,3356,3444,3356,3397.0,145,642,3408.0,rb1707,3322,3389,3322,3389.0,24,528,3367.0,rb1708,3310,3387,3295,3359.0,45,159,3341.0,rb1709,3325,3385,3325,3370.0,833,2331,3366.0,rb1710,3308,3375,3308,3360.0,366705,281726,3352.0,rb1711,3292,3340,3292,3315.0,105,546,3323.0,rb1705,3394.0,3489.0,3389.0,3473.0,1796501.0,1407908.0,3451.0
2017-02-20,3521.696254396292,2435327.0,1921506.0,rb1703,3630,3684,3602,3671.0,317,1204,3644.0,rb1704,3586,3620,3549,3608.0,44,833,3598.0,rb1705,3481,3557,3461,3546.0,1990099,1597103,3517.0,rb1706,3461,3499,3407,3483.0,595,547,3458.0,rb1707,3436,3450,3436,3446.0,16,536,3443.0,rb1708,3407,3437,3352,3407.0,73,168,3405.0,rb1709,3370,3428,3357,3425.0,1046,2422,3401.0,rb1710,3372,3415,3341,3404.0,437247,306692,3388.0,rb1711,3360,3392,3318,3358.0,49,549,3365.0,rb1705,3481.0,3557.0,3461.0,3546.0,1990099.0,1597103.0,3517.0
2017-02-21,3549.706433228699,1894487.0,1858538.0,rb1703,3670,3758,3670,3678.0,112,1136,3706.0,rb1704,3634,3723,3610,3659.0,35,830,3676.0,rb1705,3566,3630,3552,3575.0,1613282,1529153,3589.0,rb1706,3506,3579,3503,3532.0,102,499,3536.0,rb1707,3471,3521,3464,3469.0,63,520,3495.0,rb1708,3451,3500,3449,3463.0,14,162,3473.0,rb1709,3436,3488,3427,3441.0,1018,2414,3462.0,rb1710,3419,3480,3414,3434.0,273697,311458,3446.0,rb1711,3390,3442,3384,3391.0,43,551,3413.0,rb1705,3566.0,3630.0,3552.0,3575.0,1613282.0,1529153.0,3589.0
2017-02-22,3501.579270380526,1912901.0,1801953.0,rb1703,3697,3730,3625,3638.0,97,1076,3654.0,rb1704,3663,3686,3582,3609.0,39,825,3631.0,rb1705,3572,3589,3508,3525.0,1613729,1471847,3546.0,rb1706,3530,3531,3462,3462.0,64,480,3496.0,rb1707,3501,3507,3436,3440.0,23,521,3469.0,rb1708,3482,3489,3417,3426.0,77,203,3472.0,rb1709,3439,3462,3390,3432.0,1227,2318,3422.0,rb1710,3436,3448,3382,3399.0,293701,312076,3409.0,rb1711,3390,3398,3350,3368.0,35,554,3369.0,rb1705,3572.0,3589.0,3508.0,3525.0,1613729.0,1471847.0,3546.0
2017-02-23,3459.961875480225,2268777.0,1758291.0,rb1703,3658,3680,3581,3590.0,428,1011,3655.0,rb1704,3588,3635,3588,3600.0,21,828,3613.0,rb1705,3506,3566,3444,3483.0,1849395,1415407,3512.0,rb1706,3480,3509,3416,3416.0,70,473,3454.0,rb1707,3438,3482,3372,3372.0,49,540,3398.0,rb1708,3420,3469,3403,3431.0,14,198,3424.0,rb1709,3379,3451,3363,3386.0,749,2348,3412.0,rb1710,3389,3440,3341,3367.0,412191,323784,3394.0,rb1711,3352,3400,3329,3330.0,36,561,3373.0,rb1705,3506.0,3566.0,3444.0,3483.0,1849395.0,1415407.0,3512.0
2017-02-24,3474.2608831009434,2399510.0,1785934.0,rb1703,3600,3629,3520,3628.0,178,890,3563.0,rb1704,3548,3570,3480,3570.0,54,858,3502.0,rb1705,3512,3515,3373,3498.0,1985119,1428493,3449.0,rb1706,3436,3473,3336,3444.0,356,439,3434.0,rb1707,3414,3414,3305,3400.0,30,530,3361.0,rb1708,3422,3432,3330,3432.0,19,198,3384.0,rb1709,3395,3408,3302,3408.0,948,2366,3363.0,rb1710,3380,3391,3283,3382.0,405900,338074,3341.0,rb1711,3362,3362,3264,3351.0,31,562,3306.0,rb1705,3512.0,3515.0,3373.0,3498.0,1985119.0,1428493.0,3449.0
2017-02-27,3582.4784409211425,2518218.0,1870720.0,rb1703,3638,3794,3572,3724.0,77,841,3715.0,rb1704,3605,3714,3578,3688.0,74,828,3665.0,rb1705,3498,3648,3485,3612.0,1966202,1506771,3573.0,rb1706,3458,3593,3437,3544.0,134,401,3534.0,rb1707,3444,3534,3396,3500.0,52,513,3458.0,rb1708,3446,3531,3432,3531.0,36,225,3491.0,rb1709,3410,3503,3382,3471.0,1419,2518,3455.0,rb1710,3380,3491,3365,3463.0,542576,344408,3436.0,rb1711,3361,3460,3347,3426.0,32,558,3408.0,rb1705,3498.0,3648.0,3485.0,3612.0,1966202.0,1506771.0,3573.0
2017-02-28,3440.7362601443742,2327162.0,1801984.0,rb1703,3845,3975,3761,3975.0,365,840,3871.0,rb1704,3671,3731,3575,3575.0,405,841,3663.0,rb1705,3610,3623,3467,3471.0,1876196,1425919,3564.0,rb1706,3553,3569,3432,3433.0,111,378,3523.0,rb1707,3507,3535,3462,3462.0,9,512,3487.0,rb1708,3511,3522,3418,3418.0,45,215,3490.0,rb1709,3470,3478,3350,3350.0,1967,2583,3438.0,rb1710,3460,3466,3325,3327.0,441025,356151,3418.0,rb1711,3441,3441,3305,3305.0,50,561,3377.0,rb1705,3610.0,3623.0,3467.0,3471.0,1876196.0,1425919.0,3564.0
2017-03-01,3509.0135125551087,2284772.0,1818901.0,rb1703,3996,4000,3701,3800.0,390,780,3845.0,rb1704,3575,3663,3558,3657.0,269,851,3608.0,rb1705,3488,3579,3469,3542.0,1798358,1435083,3516.0,rb1706,3452,3500,3425,3460.0,84,367,3448.0,rb1707,3393,3454,3393,3442.0,8,512,3432.0,rb1708,3390,3438,3390,3438.0,12,214,3410.0,rb1709,3350,3438,3347,3416.0,1255,2524,3398.0,rb1710,3335,3420,3325,3388.0,476094,361925,3371.0,rb1711,3298,3390,3298,3386.0,13,559,3344.0,rb1705,3488.0,3579.0,3469.0,3542.0,1798358.0,1435083.0,3516.0
2017-03-02,3520.2823920339074,1857795.0,1813185.0,rb1703,0,0,0,3845.0,0,780,3845.0,rb1704,3660,3694,3643,3673.0,137,853,3669.0,rb1705,3545,3597,3525,3553.0,1468079,1441033,3558.0,rb1706,3484,3524,3464,3484.0,65,378,3492.0,rb1707,3452,3486,3440,3457.0,12,516,3455.0,rb1708,3449,3473,3447,3447.0,7,217,3453.0,rb1709,3411,3456,3400,3421.0,1234,2890,3427.0,rb1710,3388,3424,3369,3397.0,377906,347510,3393.0,rb1711,3365,3388,3351,3354.0,33,563,3358.0,rb1705,3545.0,3597.0,3525.0,3553.0,1468079.0,1441033.0,3558.0
2017-03-03,3524.49626464875,2667876.0,1948545.0,rb1703,3700,3730,3700,3730.0,60,720,3715.0,rb1704,3662,3685,3575,3685.0,139,821,3605.0,rb1705,3555,3567,3440,3566.0,2072828,1543773,3499.0,rb1706,3457,3482,3384,3482.0,88,381,3438.0,rb1707,3452,3452,3360,3429.0,24,516,3406.0,rb1708,3443,3443,3338,3417.0,28,205,3380.0,rb1709,3409,3429,3336,3405.0,1206,2867,3369.0,rb1710,3408,3408,3305,3373.0,570907,372467,3344.0,rb1711,3363,3365,3284,3330.0,31,564,3318.0,rb1705,3555.0,3567.0,3440.0,3566.0,2072828.0,1543773.0,3499.0
2017-03-06,3422.242347344967,2703822.0,1896662.0,rb1703,3640,3640,3640,3640.0,30,690,3640.0,rb1704,3650,3688,3603,3618.0,195,890,3645.0,rb1705,3569,3580,3450,3467.0,2034860,1448984,3511.0,rb1706,3500,3542,3400,3400.0,114,394,3457.0,rb1707,3451,3454,3349,3366.0,75,519,3396.0,rb1708,3475,3475,3344,3344.0,12,213,3423.0,rb1709,3398,3412,3319,3326.0,1721,3100,3358.0,rb1710,3378,3385,3277,3284.0,651138,410979,3319.0,rb1711,3383,3383,3248,3257.0,58,589,3305.0,rb1705,3569.0,3580.0,3450.0,3467.0,2034860.0,1448984.0,3511.0
2017-03-07,3448.1332396915136,2004318.0,1880926.0,rb1703,3655,3655,3650,3650.0,90,600,3652.0,rb1704,3605,3661,3597,3621.0,90,885,3628.0,rb1705,3445,3509,3442,3494.0,1504849,1405121,3477.0,rb1706,3379,3448,3379,3425.0,48,384,3429.0,rb1707,3303,3400,3301,3390.0,53,522,3369.0,rb1708,3354,3393,3354,3364.0,19,223,3371.0,rb1709,3318,3366,3318,3352.0,1116,2993,3342.0,rb1710,3280,3336,3267,3321.0,486372,436784,3310.0,rb1711,3251,3297,3251,3265.0,15,585,3282.0,rb1705,3445.0,3509.0,3442.0,3494.0,1504849.0,1405121.0,3477.0
2017-03-08,3375.181343804992,2499371.0,1998028.0,rb1703,0,0,0,3652.0,0,600,3652.0,rb1704,3630,3641,3591,3596.0,61,893,3608.0,rb1705,3492,3508,3410,3425.0,1888223,1487980,3459.0,rb1706,3424,3445,3360,3364.0,91,402,3393.0,rb1707,3388,3390,3307,3307.0,43,502,3353.0,rb1708,3382,3382,3293,3293.0,26,217,3345.0,rb1709,3346,3353,3273,3277.0,1359,3002,3310.0,rb1710,3320,3325,3232,3236.0,594662,470018,3278.0,rb1711,3270,3270,3212,3212.0,33,601,3234.0,rb1705,3492.0,3508.0,3410.0,3425.0,1888223.0,1487980.0,3459.0
2017-03-09,3337.505235066468,2340863.0,1940281.0,rb1703,0,0,0,3652.0,0,600,3652.0,rb1704,3662,3662,3497,3545.0,297,890,3528.0,rb1705,3417,3444,3348,3389.0,1687009,1409546,3390.0,rb1706,3366,3390,3300,3334.0,118,403,3363.0,rb1707,3331,3331,3240,3270.0,17,500,3270.0,rb1708,3311,3311,3212,3241.0,29,219,3238.0,rb1709,3222,3288,3191,3244.0,1634,3192,3234.0,rb1710,3236,3253,3155,3206.0,635042,489885,3203.0,rb1711,3223,3225,3159,3169.0,91,598,3217.0,rb1705,3417.0,3444.0,3348.0,3389.0,1687009.0,1409546.0,3390.0
2017-03-10,3346.093038643961,1914713.0,1925372.0,rb1703,3680,3680,3609,3609.0,90,540,3632.0,rb1704,3544,3594,3544,3577.0,51,885,3572.0,rb1705,3385,3427,3380,3402.0,1346911,1398069,3404.0,rb1706,3334,3374,3320,3365.0,51,422,3353.0,rb1707,3303,3303,3303,3303.0,1,500,3303.0,rb1708,3269,3278,3232,3259.0,14,218,3243.0,rb1709,3236,3274,3225,3237.0,1346,2951,3255.0,rb1710,3204,3240,3194,3203.0,557250,486716,3219.0,rb1711,3192,3200,3178,3185.0,27,610,3189.0,rb1705,3385.0,3427.0,3380.0,3402.0,1346911.0,1398069.0,3404.0
2017-03-13,3534.1578338852414,3288553.0,1998823.0,rb1703,0,0,0,3650.0,0,540,3650.0,rb1704,3569,3743,3542,3730.0,226,781,3671.0,rb1705,3410,3606,3353,3604.0,2308474,1480836,3461.0,rb1706,3343,3526,3317,3514.0,160,377,3395.0,rb1707,3320,3436,3309,3436.0,38,512,3377.0,rb1708,3285,3341,3285,3341.0,45,219,3317.0,rb1709,3238,3387,3199,3387.0,2659,3316,3277.0,rb1710,3207,3343,3160,3342.0,963023,476129,3242.0,rb1711,3188,3299,3133,3292.0,38,615,3212.0,rb1705,3410.0,3606.0,3353.0,3604.0,2308474.0,1480836.0,3461.0
2017-03-14,3514.654738569874,2030303.0,1910587.0,rb1703,3750,3750,3750,3750.0,30,570,3750.0,rb1704,3728,3740,3686,3740.0,97,747,3715.0,rb1705,3603,3615,3556,3594.0,1396550,1407816,3585.0,rb1706,3544,3548,3494,3522.0,98,367,3520.0,rb1707,3415,3461,3402,3461.0,55,511,3445.0,rb1708,3396,3397,3365,3385.0,39,224,3380.0,rb1709,3400,3400,3308,3348.0,1550,3238,3348.0,rb1710,3340,3349,3270,3300.0,620083,460936,3305.0,rb1711,3302,3316,3239,3243.0,78,594,3262.0,rb1705,3603.0,3615.0,3556.0,3594.0,1396550.0,1407816.0,3585.0
2017-03-15,3574.32918972537,3080217.0,1880165.0,rb1703,0,0,0,3750.0,0,570,3750.0,rb1704,3701,3819,3701,3770.0,58,734,3787.0,rb1705,3592,3692,3566,3641.0,1642246,1338284,3629.0,rb1706,3540,3605,3487,3549.0,78,350,3539.0,rb1707,3457,3547,3443,3499.0,57,507,3504.0,rb1708,3363,3490,3363,3486.0,14,222,3435.0,rb1709,3311,3497,3311,3451.0,4752,3306,3429.0,rb1710,3294,3461,3280,3415.0,1402748,503435,3392.0,rb1711,3291,3402,3291,3368.0,63,594,3345.0,rb1705,3592.0,3692.0,3566.0,3641.0,1642246.0,1338284.0,3629.0
2017-03-16,3560.5023284094914,2170476.0,1865007.0,rb1704,3780,3822,3778,3822.0,92,695,3804.0,rb1705,3630,3677,3575,3625.0,1182724,1234925,3621.0,rb1706,3566,3596,3510,3557.0,312,345,3565.0,rb1707,3510,3525,3455,3503.0,25,498,3493.0,rb1708,3491,3491,3449,3485.0,10,217,3471.0,rb1709,3459,3482,3400,3472.0,2510,3301,3446.0,rb1710,3412,3448,3365,3439.0,971526,592393,3413.0,rb1711,3381,3400,3320,3400.0,18,591,3380.0,rb1712,3307,3361,3301,3355.0,15,211,3332.0,rb1705,3630.0,3677.0,3575.0,3625.0,1182724.0,1234925.0,3621.0
2017-03-17,3496.377941455737,2030675.0,1795667.0,rb1704,3800,3810,3729,3762.0,48,701,3779.0,rb1705,3615,3628,3552,3575.0,1004614,1130292,3588.0,rb1706,3534,3534,3480,3523.0,231,446,3512.0,rb1707,3484,3492,3423,3476.0,44,489,3466.0,rb1708,3472,3472,3378,3446.0,15,221,3449.0,rb1709,3465,3470,3376,3409.0,1677,3157,3421.0,rb1710,3435,3439,3341,3369.0,1003862,621867,3386.0,rb1711,3364,3380,3316,3316.0,34,599,3352.0,rb1712,3333,3338,3286,3286.0,23,212,3311.0,rb1705,3615.0,3628.0,3552.0,3575.0,1004614.0,1130292.0,3588.0
2017-03-20,3477.346364682702,2311502.0,1794135.0,rb1704,3756,3832,3748,3756.0,55,686,3799.0,rb1705,3571,3644,3560,3581.0,943509,1057639,3599.0,rb1706,3503,3563,3486,3486.0,207,363,3509.0,rb1707,3441,3503,3441,3445.0,51,491,3463.0,rb1708,3445,3465,3371,3371.0,129,237,3437.0,rb1709,3395,3465,3372,3387.0,5507,3798,3421.0,rb1710,3370,3428,3318,3334.0,1346813,691041,3376.0,rb1711,3322,3378,3300,3300.0,56,605,3335.0,rb1712,3279,3330,3251,3251.0,13,214,3294.0,rb1710,3370.0,3428.0,3318.0,3334.0,1346813.0,691041.0,3376.0
2017-03-21,3354.410283299302,2495336.0,1712641.0,rb1704,3752,3792,3675,3675.0,118,618,3714.0,rb1705,3580,3588,3470,3476.0,982142,886731,3524.0,rb1706,3491,3491,3399,3402.0,89,378,3445.0,rb1707,3406,3443,3352,3352.0,21,494,3390.0,rb1708,3388,3388,3314,3315.0,24,237,3340.0,rb1709,3385,3394,3275,3279.0,3481,4130,3322.0,rb1710,3341,3348,3224,3229.0,1485478,775277,3272.0,rb1711,3323,3323,3201,3201.0,50,620,3262.0,rb1712,3253,3253,3168,3194.0,18,218,3228.0,rb1710,3341.0,3348.0,3224.0,3229.0,1485478.0,775277.0,3272.0
2017-03-22,3243.6499356102504,2607761.0,1783669.0,rb1704,3689,3706,3600,3620.0,50,603,3656.0,rb1705,3463,3498,3395,3405.0,807603,805282,3448.0,rb1706,3388,3440,3320,3331.0,121,397,3382.0,rb1707,3338,3358,3272,3280.0,34,499,3311.0,rb1708,3286,3302,3178,3218.0,22,228,3244.0,rb1709,3278,3291,3151,3163.0,3862,4611,3214.0,rb1710,3218,3243,3108,3117.0,1762808,916451,3169.0,rb1711,3183,3196,3090,3092.0,50,621,3145.0,rb1712,3132,3163,3055,3055.0,21,227,3114.0,rb1710,3218.0,3243.0,3108.0,3117.0,1762808.0,916451.0,3169.0
2017-03-23,3240.333459310147,2001370.0,1772813.0,rb1704,3649,3650,3590,3630.0,27,589,3631.0,rb1705,3409,3450,3400,3417.0,486669,720129,3429.0,rb1706,3338,3364,3328,3363.0,43,383,3346.0,rb1707,3273,3320,3273,3278.0,31,478,3287.0,rb1708,3215,3255,3215,3232.0,6,228,3237.0,rb1709,3150,3233,3150,3179.0,3636,4712,3202.0,rb1710,3119,3182,3118,3127.0,1480560,983578,3151.0,rb1711,3111,3140,3094,3103.0,31,621,3123.0,rb1712,3051,3091,3050,3071.0,14,228,3072.0,rb1710,3119.0,3182.0,3118.0,3127.0,1480560.0,983578.0,3151.0
2017-03-24,3238.503654090244,2705724.0,1792375.0,rb1704,3595,3670,3595,3639.0,110,501,3619.0,rb1705,3411,3472,3388,3414.0,510495,677266,3429.0,rb1706,3316,3380,3316,3326.0,78,395,3344.0,rb1707,3268,3305,3253,3254.0,46,460,3276.0,rb1708,3213,3242,3204,3242.0,3,226,3219.0,rb1709,3178,3250,3150,3198.0,5313,4477,3206.0,rb1710,3130,3199,3097,3140.0,2157906,1043176,3151.0,rb1711,3082,3150,3067,3119.0,36,629,3114.0,rb1712,3040,3096,3039,3058.0,23,239,3062.0,rb1710,3130.0,3199.0,3097.0,3140.0,2157906.0,1043176.0,3151.0
2017-03-27,3135.5256549044,2668639.0,1752355.0,rb1704,3601,3622,3450,3505.0,31,491,3513.0,rb1705,3412,3422,3243,3309.0,513672,586716,3322.0,rb1706,3327,3340,3175,3235.0,120,392,3257.0,rb1707,3244,3254,3096,3138.0,35,453,3176.0,rb1708,3208,3227,3090,3127.0,40,242,3158.0,rb1709,3177,3196,3055,3108.0,3321,4393,3111.0,rb1710,3138,3145,3003,3057.0,2105184,1086182,3061.0,rb1711,3103,3103,2959,3019.0,58,639,3033.0,rb1712,2969,2969,2902,2930.0,18,235,2937.0,rb1710,3138.0,3145.0,3003.0,3057.0,2105184.0,1086182.0,3061.0
2017-03-28,3115.6561163549536,2285537.0,1742255.0,rb1704,3511,3554,3470,3470.0,62,441,3517.0,rb1705,3309,3374,3283,3298.0,323127,504800,3324.0,rb1706,3235,3294,3214,3214.0,56,388,3245.0,rb1707,3166,3218,3148,3149.0,52,447,3174.0,rb1708,3160,3200,3140,3140.0,20,239,3171.0,rb1709,3105,3161,3086,3098.0,4019,4066,3118.0,rb1710,3058,3108,3035,3050.0,1930486,1155651,3072.0,rb1711,3021,3072,3001,3001.0,32,658,3029.0,rb1712,2965,3001,2955,2970.0,19,249,2981.0,rb1710,3058.0,3108.0,3035.0,3050.0,1930486.0,1155651.0,3072.0
2017-03-29,3216.896134964696,2721253.0,1749376.0,rb1704,3517,3588,3504,3588.0,54,443,3538.0,rb1705,3310,3385,3303,3373.0,326345,470516,3338.0,rb1706,3250,3300,3237,3300.0,70,369,3270.0,rb1707,3164,3242,3164,3242.0,33,451,3196.0,rb1708,3170,3237,3170,3215.0,24,236,3195.0,rb1709,3118,3218,3114,3207.0,2537,4010,3174.0,rb1710,3062,3177,3061,3169.0,2352864,1192193,3124.0,rb1711,3039,3115,3039,3105.0,34,657,3089.0,rb1712,2974,3058,2974,3046.0,13,246,3013.0,rb1710,3062.0,3177.0,3061.0,3169.0,2352864.0,1192193.0,3124.0
2017-03-30,3193.550147782113,2097564.0,1732280.0,rb1704,3594,3657,3585,3656.0,25,447,3619.0,rb1705,3374,3400,3354,3379.0,214751,426218,3378.0,rb1706,3291,3323,3291,3306.0,271,391,3307.0,rb1707,3239,3263,3210,3210.0,31,449,3238.0,rb1708,3240,3245,3201,3201.0,31,227,3231.0,rb1709,3198,3225,3163,3183.0,2847,4071,3195.0,rb1710,3169,3189,3121,3142.0,1835013,1209542,3154.0,rb1711,3123,3141,3089,3107.0,59,644,3119.0,rb1712,3070,3101,3021,3057.0,72,231,3070.0,rb1710,3169.0,3189.0,3121.0,3142.0,1835013.0,1209542.0,3154.0
2017-03-31,3202.824273226383,3133970.0,1728530.0,rb1704,3668,3872,3668,3872.0,166,420,3774.0,rb1705,3370,3435,3360,3407.0,281428,392852,3398.0,rb1706,3304,3358,3286,3314.0,115,373,3325.0,rb1707,3238,3303,3222,3239.0,26,452,3252.0,rb1708,3204,3264,3204,3250.0,11,226,3242.0,rb1709,3178,3260,3150,3182.0,4478,4051,3201.0,rb1710,3140,3224,3112,3152.0,2785077,1232521,3166.0,rb1711,3127,3151,3082,3082.0,28,642,3134.0,rb1712,3049,3134,3024,3045.0,43,253,3110.0,rb1710,3140.0,3224.0,3112.0,3152.0,2785077.0,1232521.0,3166.0
2017-04-05,3260.6437471569825,2413899.0,1670760.0,rb1704,3872,3872,3750,3750.0,60,390,3811.0,rb1705,3441,3499,3403,3458.0,176228,335940,3461.0,rb1706,3350,3395,3329,3340.0,83,365,3370.0,rb1707,3292,3345,3275,3293.0,74,457,3309.0,rb1708,3267,3325,3267,3280.0,9,226,3301.0,rb1709,3230,3321,3215,3262.0,6799,4563,3286.0,rb1710,3200,3285,3173,3222.0,2184047,1227939,3238.0,rb1711,3142,3245,3142,3175.0,40,634,3194.0,rb1712,3104,3174,3077,3114.0,93,252,3129.0,rb1710,3200.0,3285.0,3173.0,3222.0,2184047.0,1227939.0,3238.0
2017-04-06,3198.943545907777,2660393.0,1727191.0,rb1704,3730,3730,3620,3620.0,300,360,3691.0,rb1705,3463,3479,3411,3415.0,129036,298524,3438.0,rb1706,3340,3368,3310,3336.0,58,359,3348.0,rb1707,3304,3316,3265,3265.0,39,462,3287.0,rb1708,3265,3266,3223,3231.0,10,220,3236.0,rb1709,3258,3288,3199,3205.0,4321,4216,3239.0,rb1710,3237,3247,3157,3162.0,2478132,1313949,3196.0,rb1711,3199,3199,3126,3127.0,36,637,3159.0,rb1712,3132,3143,3073,3085.0,71,227,3101.0,rb1710,3237.0,3247.0,3157.0,3162.0,2478132.0,1313949.0,3196.0
2017-04-07,3071.092197701684,3339117.0,1773298.0,rb1704,3510,3510,3510,3510.0,30,360,3510.0,rb1705,3394,3399,3284,3319.0,172062,256622,3332.0,rb1706,3300,3300,3200,3218.0,171,401,3244.0,rb1707,3224,3225,3134,3138.0,100,458,3192.0,rb1708,3203,3203,3081,3100.0,26,227,3148.0,rb1709,3190,3190,3032,3084.0,4702,4209,3111.0,rb1710,3136,3145,2985,3038.0,3064148,1377126,3058.0,rb1711,3055,3059,2959,3000.0,53,636,3034.0,rb1712,3051,3060,2934,2939.0,76,232,2994.0,rb1710,3136.0,3145.0,2985.0,3038.0,3064148.0,1377126.0,3058.0
2017-04-10,3034.366795174353,2270276.0,1785626.0,rb1704,3530,3530,3530,3530.0,30,330,3530.0,rb1705,3320,3357,3315,3324.0,95771,235177,3332.0,rb1706,3232,3264,3224,3228.0,50,405,3247.0,rb1707,3162,3191,3135,3135.0,14,465,3160.0,rb1708,3106,3358,3106,3113.0,76,212,3137.0,rb1709,3080,3144,3052,3067.0,3344,4416,3082.0,rb1710,3030,3058,2987,3000.0,2110856,1402268,3021.0,rb1711,3013,3017,2966,2966.0,89,624,2980.0,rb1712,2961,2967,2948,2948.0,20,227,2957.0,rb1710,3030.0,3058.0,2987.0,3000.0,2110856.0,1402268.0,3021.0
2017-04-11,3008.67204501745,2415928.0,1789706.0,rb1704,3540,3540,3495,3495.0,60,300,3517.0,rb1705,3310,3310,3256,3271.0,106943,213187,3281.0,rb1706,3195,3224,3181,3195.0,114,388,3199.0,rb1707,3125,3151,3111,3131.0,23,465,3135.0,rb1708,3086,3113,3086,3113.0,3,211,3103.0,rb1709,3051,3095,3027,3047.0,2669,4479,3059.0,rb1710,2990,3029,2950,2982.0,2250344,1423641,2998.0,rb1711,2945,2969,2945,2969.0,31,649,2948.0,rb1712,2927,2948,2914,2929.0,36,256,2943.0,rb1710,2990.0,3029.0,2950.0,2982.0,2250344.0,1423641.0,2998.0
2017-04-12,2913.932074647391,2545641.0,1812843.0,rb1704,3480,3480,3480,3480.0,30,270,3480.0,rb1705,3260,3275,3144,3154.0,117744,187233,3209.0,rb1706,3181,3191,3072,3081.0,146,422,3121.0,rb1707,3116,3122,3030,3030.0,48,435,3057.0,rb1708,3044,3044,2986,3011.0,6,208,3008.0,rb1709,3039,3055,2930,2938.0,4455,4898,2994.0,rb1710,2975,2992,2888,2893.0,2371881,1464575,2931.0,rb1711,2903,2937,2853,2853.0,93,646,2887.0,rb1712,2927,2927,2845,2848.0,29,255,2871.0,rb1710,2975.0,2992.0,2888.0,2893.0,2371881.0,1464575.0,2931.0
2017-04-13,2937.6602027167105,2324284.0,1760585.0,rb1704,0,0,0,3480.0,0,270,3480.0,rb1705,3149,3235,3148,3190.0,78845,171692,3193.0,rb1706,3101,3140,3048,3107.0,178,316,3113.0,rb1707,3031,3080,3031,3050.0,19,439,3064.0,rb1708,3011,3071,3011,3049.0,7,210,3045.0,rb1709,2942,3014,2920,2974.0,4603,4255,2971.0,rb1710,2888,2961,2879,2917.0,2177812,1425416,2925.0,rb1711,2850,2941,2845,2923.0,116,630,2903.0,rb1712,2836,2918,2836,2893.0,23,250,2881.0,rb1710,2888.0,2961.0,2879.0,2917.0,2177812.0,1425416.0,2925.0
2017-04-14,2959.6536645007345,2968992.0,1724123.0,rb1704,0,0,0,3480.0,0,270,3480.0,rb1705,3199,3260,3193,3216.0,63205,157057,3226.0,rb1706,3124,3177,3092,3105.0,194,287,3116.0,rb1707,3068,3115,3059,3079.0,16,438,3089.0,rb1708,3035,3080,2982,3024.0,74,232,3019.0,rb1709,2952,3058,2940,2984.0,4045,4178,3002.0,rb1710,2925,2999,2907,2942.0,2838248,1402885,2951.0,rb1711,2945,2954,2873,2892.0,116,628,2910.0,rb1712,2919,2932,2871,2871.0,19,253,2910.0,rb1710,2925.0,2999.0,2907.0,2942.0,2838248.0,1402885.0,2951.0
2017-04-17,2927.9843403734094,2752999.0,1694868.0,rb1704,0,0,0,3480.0,0,270,3480.0,rb1705,3219,3275,3192,3217.0,64779,142046,3226.0,rb1706,3140,3169,3076,3125.0,142,279,3117.0,rb1707,3100,3134,3034,3070.0,119,442,3068.0,rb1708,2963,3008,2963,2992.0,28,222,2973.0,rb1709,2987,3045,2940,2973.0,3560,4202,2990.0,rb1710,2942,2991,2884,2912.0,2623677,1382660,2932.0,rb1711,2940,2941,2841,2884.0,39,622,2888.0,rb1712,2920,2920,2830,2860.0,27,271,2878.0,rb1710,2942.0,2991.0,2884.0,2912.0,2623677.0,1382660.0,2932.0
2017-04-18,2831.2712814279826,2577692.0,1765624.0,rb1705,3214,3214,3055,3072.0,91614,118224,3131.0,rb1706,3112,3116,2981,2981.0,106,284,3057.0,rb1707,3068,3078,2956,2956.0,103,460,3015.0,rb1708,3011,3035,2899,2899.0,71,255,2960.0,rb1709,2978,2990,2869,2878.0,3119,4423,2926.0,rb1710,2917,2929,2815,2824.0,2414373,1464720,2868.0,rb1711,2876,2876,2783,2789.0,31,630,2806.0,rb1712,2858,2858,2760,2762.0,24,278,2822.0,rb1801,2812,2830,2718,2729.0,67788,174229,2774.0,rb1710,2917.0,2929.0,2815.0,2824.0,2414373.0,1464720.0,2868.0
2017-04-19,2854.906998733425,1936108.0,1706966.0,rb1705,3060,3110,3056,3091.0,45448,99471,3084.0,rb1706,2981,3030,2979,3008.0,170,306,3005.0,rb1707,2937,2996,2920,2983.0,106,449,2969.0,rb1708,2912,2952,2912,2952.0,89,226,2935.0,rb1709,2861,2920,2861,2907.0,4114,4512,2889.0,rb1710,2819,2862,2811,2852.0,1832725,1422564,2839.0,rb1711,2790,2819,2790,2806.0,49,636,2803.0,rb1712,2780,2792,2777,2792.0,23,288,2789.0,rb1801,2735,2753,2718,2745.0,53042,176308,2739.0,rb1710,2819.0,2862.0,2811.0,2852.0,1832725.0,1422564.0,2839.0
2017-04-20,2891.028405009516,3220975.0,1652455.0,rb1705,3098,3151,3023,3115.0,43863,88645,3083.0,rb1706,3029,3063,2958,3030.0,121,297,3013.0,rb1707,3008,3022,2911,2963.0,213,457,2940.0,rb1708,2900,2974,2886,2960.0,86,233,2939.0,rb1709,2892,2978,2792,2940.0,4213,4542,2894.0,rb1710,2853,2928,2775,2889.0,3088968,1377743,2842.0,rb1711,2829,2872,2803,2816.0,83,626,2835.0,rb1712,2813,2843,2721,2820.0,80,290,2792.0,rb1801,2746,2801,2685,2795.0,82682,177275,2748.0,rb1710,2853.0,2928.0,2775.0,2889.0,3088968.0,1377743.0,2842.0
2017-04-21,2928.372364606494,3562069.0,1613279.0,rb1705,3119,3170,3096,3142.0,41397,76432,3134.0,rb1706,3043,3070,3012,3055.0,278,305,3047.0,rb1707,3005,3030,2976,3011.0,131,445,2998.0,rb1708,2978,3031,2963,2974.0,57,254,2985.0,rb1709,2926,3014,2923,2978.0,3852,4288,2970.0,rb1710,2898,2967,2867,2928.0,3429965,1359164,2920.0,rb1711,2852,2919,2849,2883.0,65,606,2877.0,rb1712,2860,2905,2848,2866.0,59,278,2862.0,rb1801,2800,2878,2774,2835.0,85769,169254,2826.0,rb1710,2898.0,2967.0,2867.0,2928.0,3429965.0,1359164.0,2920.0
2017-04-24,2925.4611540147544,2831523.0,1626513.0,rb1705,3134,3159,3106,3153.0,27703,63142,3131.0,rb1706,3034,3049,3000,3047.0,45,305,3021.0,rb1707,3001,3015,2932,3015.0,92,415,2979.0,rb1708,3005,3005,2954,2969.0,6,257,2981.0,rb1709,2970,2990,2905,2973.0,3767,4620,2944.0,rb1710,2923,2942,2851,2927.0,2733955,1378564,2894.0,rb1711,2884,2884,2841,2846.0,4,605,2853.0,rb1712,2858,2870,2799,2870.0,71,274,2835.0,rb1801,2825,2853,2765,2832.0,65540,176056,2807.0,rb1710,2923.0,2942.0,2851.0,2927.0,2733955.0,1378564.0,2894.0
2017-04-25,2945.702460340715,2707256.0,1699602.0,rb1705,3151,3210,3149,3202.0,27133,54176,3183.0,rb1706,3065,3099,3050,3090.0,94,326,3071.0,rb1707,3031,3176,3012,3031.0,39,440,3024.0,rb1708,3004,3005,2996,2996.0,13,258,3000.0,rb1709,2953,3003,2944,2993.0,2894,4521,2976.0,rb1710,2925,2958,2896,2948.0,2618369,1463858,2930.0,rb1711,2888,2909,2870,2901.0,18,616,2879.0,rb1712,2872,2895,2857,2889.0,39,264,2877.0,rb1801,2825,2857,2809,2846.0,58414,172878,2833.0,rb1710,2925.0,2958.0,2896.0,2948.0,2618369.0,1463858.0,2930.0
2017-04-26,2964.07575383207,3070140.0,1756492.0,rb1705,3192,3301,3192,3258.0,25922,48252,3248.0,rb1706,3096,3153,3073,3120.0,83,325,3128.0,rb1707,3039,3105,3039,3047.0,7,440,3066.0,rb1708,3016,3061,3016,3061.0,6,257,3043.0,rb1709,2998,3080,2981,3008.0,3987,4750,3025.0,rb1710,2955,3032,2934,2967.0,2969979,1523324,2981.0,rb1711,2918,2991,2898,2973.0,37,621,2935.0,rb1712,2902,2966,2886,2948.0,68,290,2924.0,rb1801,2848,2913,2834,2858.0,69840,175994,2873.0,rb1710,2955.0,3032.0,2934.0,2967.0,2969979.0,1523324.0,2981.0
2017-04-27,3010.7950860297624,2491821.0,1799726.0,rb1705,3263,3317,3244,3315.0,21842,38859,3285.0,rb1706,3109,3139,3109,3135.0,66,304,3121.0,rb1707,3064,3100,3064,3084.0,42,429,3075.0,rb1708,0,0,0,3043.0,0,257,3043.0,rb1709,2993,3066,2993,3056.0,2916,4867,3028.0,rb1710,2970,3018,2958,3016.0,2407411,1576442,2985.0,rb1711,2931,2967,2926,2967.0,17,619,2937.0,rb1712,2905,2931,2896,2931.0,35,272,2908.0,rb1801,2863,2900,2850,2897.0,59272,175448,2873.0,rb1710,2970.0,3018.0,2958.0,3016.0,2407411.0,1576442.0,2985.0
2017-04-28,3104.578701751366,3425038.0,1859120.0,rb1705,3317,3444,3317,3409.0,27776,22312,3375.0,rb1706,3158,3243,3154,3238.0,141,360,3201.0,rb1707,3134,3196,3127,3185.0,26,423,3153.0,rb1708,0,0,0,3043.0,0,257,3043.0,rb1709,3057,3150,3056,3147.0,5005,5669,3107.0,rb1710,3035,3116,3026,3115.0,3302186,1650913,3066.0,rb1711,2995,3106,2985,3060.0,177,618,3031.0,rb1712,2963,3006,2936,2990.0,134,249,2966.0,rb1801,2915,2973,2884,2969.0,89331,176114,2928.0,rb1710,3035.0,3116.0,3026.0,3115.0,3302186.0,1650913.0,3066.0
2017-05-02,3125.800978426084,1743508.0,1899377.0,rb1705,3449,3493,3421,3483.0,3862,19140,3470.0,rb1706,3166,3282,3166,3261.0,153,419,3253.0,rb1707,3233,3260,3201,3232.0,99,414,3226.0,rb1708,3151,3220,3151,3207.0,82,259,3202.0,rb1709,3171,3195,3150,3177.0,5751,6342,3173.0,rb1710,3152,3160,3105,3134.0,1674731,1697346,3133.0,rb1711,3093,3110,3055,3082.0,67,609,3083.0,rb1712,3050,3055,3026,3033.0,19,252,3043.0,rb1801,3000,3016,2973,3005.0,58615,172399,2995.0,rb1710,3152.0,3160.0,3105.0,3134.0,1674731.0,1697346.0,3133.0
2017-05-03,3121.238800038809,2534149.0,2040766.0,rb1705,3473,3500,3470,3495.0,2730,16890,3486.0,rb1706,3274,3307,3235,3305.0,238,440,3282.0,rb1707,3224,3238,3206,3235.0,78,437,3223.0,rb1708,3190,3217,3169,3217.0,13,253,3191.0,rb1709,3180,3195,3138,3170.0,7105,6532,3166.0,rb1710,3143,3151,3094,3131.0,2472717,1836065,3123.0,rb1711,3086,3089,3052,3086.0,21,614,3074.0,rb1712,3042,3046,3012,3042.0,24,244,3027.0,rb1801,3009,3016,2962,2984.0,51062,177113,2985.0,rb1710,3143.0,3151.0,3094.0,3131.0,2472717.0,1836065.0,3123.0
2017-05-04,2920.174513570043,5178664.0,1896162.0,rb1705,3490,3490,3413,3453.0,3360,14880,3456.0,rb1706,3284,3284,3146,3194.0,232,517,3236.0,rb1707,3222,3222,3082,3082.0,82,437,3147.0,rb1708,3160,3160,2980,3005.0,32,247,3059.0,rb1709,3150,3164,2950,2974.0,10635,5519,3054.0,rb1710,3120,3126,2904,2931.0,5020161,1672079,3007.0,rb1711,3069,3083,2861,2874.0,71,589,2943.0,rb1712,3021,3022,2817,2836.0,25,254,2907.0,rb1801,2973,2978,2776,2789.0,143381,199388,2861.0,rb1710,3120.0,3126.0,2904.0,2931.0,5020161.0,1672079.0,3007.0
2017-05-05,2917.4333234903524,3732069.0,1926923.0,rb1705,3442,3505,3442,3502.0,3900,11730,3483.0,rb1706,3170,3256,3170,3224.0,143,565,3228.0,rb1707,3067,3125,3067,3123.0,30,442,3095.0,rb1708,3031,3072,2943,3024.0,61,257,3026.0,rb1709,2971,3005,2922,2981.0,9880,5364,2977.0,rb1710,2949,2955,2891,2931.0,3610245,1698391,2931.0,rb1711,2858,2900,2840,2890.0,55,579,2879.0,rb1712,2856,2856,2801,2822.0,51,273,2827.0,rb1801,2800,2815,2740,2772.0,107240,206893,2780.0,rb1710,2949.0,2955.0,2891.0,2931.0,3610245.0,1698391.0,2931.0
2017-05-08,2982.858916316576,5088741.0,2041611.0,rb1705,3510,3625,3510,3625.0,5130,7680,3577.0,rb1706,3283,3381,3251,3332.0,170,537,3318.0,rb1707,3180,3228,3148,3218.0,103,485,3183.0,rb1708,3050,3110,3050,3079.0,19,258,3084.0,rb1709,2991,3076,2990,3051.0,15242,6759,3039.0,rb1710,2948,3049,2933,3004.0,4906338,1792286,2987.0,rb1711,2929,2970,2897,2956.0,235,581,2936.0,rb1712,2830,2899,2803,2864.0,346,268,2812.0,rb1801,2783,2847,2741,2796.0,160546,230176,2791.0,rb1710,2948.0,3049.0,2933.0,3004.0,4906338.0,1792286.0,2987.0
2017-05-09,2992.348825510051,3215219.0,2105084.0,rb1705,3666,3693,3613,3625.0,3120,5490,3650.0,rb1706,3323,3340,3299,3320.0,95,529,3317.0,rb1707,3222,3241,3196,3209.0,28,484,3212.0,rb1708,3118,3133,3086,3115.0,13,263,3105.0,rb1709,3042,3086,3031,3068.0,6581,6742,3052.0,rb1710,2998,3035,2980,3016.0,3125247,1852544,3001.0,rb1711,2952,2970,2928,2928.0,133,592,2935.0,rb1712,2880,2880,2825,2830.0,24,271,2846.0,rb1801,2792,2812,2760,2791.0,79771,235539,2784.0,rb1710,2998.0,3035.0,2980.0,3016.0,3125247.0,1852544.0,3001.0
2017-05-10,3050.3383910311486,3819277.0,2145113.0,rb1705,3650,3900,3650,3894.0,5280,1710,3824.0,rb1706,3319,3462,3319,3456.0,151,565,3409.0,rb1707,3241,3333,3241,3313.0,118,491,3286.0,rb1708,3125,3199,3125,3195.0,64,262,3179.0,rb1709,3060,3139,3056,3134.0,6851,7046,3109.0,rb1710,3009,3084,3005,3077.0,3695640,1895620,3056.0,rb1711,2949,3019,2941,3002.0,54,606,2990.0,rb1712,2875,2905,2868,2897.0,17,273,2886.0,rb1801,2782,2834,2780,2829.0,110751,235902,2814.0,rb1710,3009.0,3084.0,3005.0,3077.0,3695640.0,1895620.0,3056.0
2017-05-11,3035.267384750872,5287738.0,2096133.0,rb1705,3894,3894,3700,3750.0,660,1350,3816.0,rb1706,3466,3520,3339,3424.0,235,491,3445.0,rb1707,3341,3366,3267,3312.0,150,464,3323.0,rb1708,3214,3238,3121,3213.0,83,269,3162.0,rb1709,3144,3164,3024,3123.0,9846,6423,3087.0,rb1710,3084,3108,2962,3060.0,5125143,1850169,3030.0,rb1711,3022,3023,2911,3018.0,178,589,2957.0,rb1712,2921,2922,2826,2910.0,25,266,2878.0,rb1801,2840,2866,2750,2834.0,150884,233515,2804.0,rb1710,3084.0,3108.0,2962.0,3060.0,5125143.0,1850169.0,3030.0
2017-05-12,2918.134307204117,4847588.0,2223909.0,rb1705,3750,3750,3570,3620.0,180,1170,3643.0,rb1706,3422,3422,3358,3365.0,62,464,3381.0,rb1707,3312,3312,3224,3224.0,37,451,3262.0,rb1708,3187,3187,3149,3149.0,7,263,3167.0,rb1709,3125,3133,3016,3017.0,8637,6239,3069.0,rb1710,3068,3078,2939,2941.0,4706130,1961378,3000.0,rb1711,2997,2997,2901,2901.0,26,604,2936.0,rb1712,2881,2907,2833,2907.0,13,265,2865.0,rb1801,2829,2840,2733,2734.0,132087,250306,2785.0,rb1710,3068.0,3078.0,2939.0,2941.0,4706130.0,1961378.0,3000.0
2017-05-15,2965.650314125333,3672019.0,2148983.0,rb1705,3570,3570,3570,3570.0,60,1110,3570.0,rb1706,3365,3387,3310,3366.0,88,417,3359.0,rb1707,3221,3272,3216,3272.0,46,469,3245.0,rb1708,3110,3170,3110,3170.0,16,249,3113.0,rb1709,3032,3109,2982,3071.0,6484,6042,3059.0,rb1710,2950,3032,2925,2991.0,3539606,1888593,2981.0,rb1711,2880,2970,2880,2940.0,30,612,2935.0,rb1712,2780,2880,2780,2840.0,23,273,2853.0,rb1801,2740,2806,2716,2769.0,125235,248334,2762.0,rb1710,2950.0,3032.0,2925.0,2991.0,3539606.0,1888593.0,2981.0
2017-05-16,2971.244697630325,2954933.0,2158186.0,rb1706,3359,3385,3333,3370.0,135,382,3365.0,rb1707,3245,3288,3230,3247.0,105,443,3259.0,rb1708,3132,3155,3125,3125.0,30,245,3148.0,rb1709,3072,3088,3040,3070.0,6127,5870,3060.0,rb1710,2997,3005,2958,2999.0,2857621,1896035,2983.0,rb1711,2947,2947,2897,2932.0,3,613,2925.0,rb1712,2833,2854,2818,2832.0,13,277,2835.0,rb1801,2775,2786,2742,2762.0,86804,248588,2761.0,rb1802,2740,2744,2716,2735.0,165,2005,2732.0,rb1710,2997.0,3005.0,2958.0,2999.0,2857621.0,1896035.0,2983.0
2017-05-17,3083.228713546267,4470996.0,2272161.0,rb1706,3352,3433,3331,3420.0,40,384,3395.0,rb1707,3288,3349,3286,3345.0,44,440,3316.0,rb1708,3195,3259,3195,3259.0,33,241,3228.0,rb1709,3086,3179,3069,3174.0,8683,6913,3136.0,rb1710,3005,3118,2993,3110.0,4276576,2021453,3066.0,rb1711,2940,3048,2940,3025.0,91,593,3004.0,rb1712,2859,2950,2836,2931.0,92,277,2904.0,rb1801,2768,2862,2758,2858.0,178797,234521,2815.0,rb1802,2731,2817,2730,2809.0,429,1820,2781.0,rb1710,3005.0,3118.0,2993.0,3110.0,4276576.0,2021453.0,3066.0
2017-05-18,3114.125575555499,3961700.0,2395729.0,rb1706,3450,3500,3411,3468.0,165,260,3449.0,rb1707,3336,3407,3325,3390.0,97,439,3362.0,rb1708,3259,3295,3244,3295.0,32,253,3255.0,rb1709,3162,3231,3155,3226.0,8580,7141,3189.0,rb1710,3111,3159,3080,3144.0,3834874,2136014,3120.0,rb1711,3036,3074,3001,3056.0,47,598,3037.0,rb1712,2941,2986,2888,2968.0,32,284,2942.0,rb1801,2861,2880,2817,2859.0,110782,240450,2852.0,rb1802,2806,2833,2778,2811.0,133,1828,2817.0,rb1710,3111.0,3159.0,3080.0,3144.0,3834874.0,2136014.0,3120.0
2017-05-19,3214.276399322529,4888542.0,2428443.0,rb1706,3459,3545,3459,3543.0,53,251,3516.0,rb1707,3382,3465,3382,3460.0,101,438,3451.0,rb1708,3281,3378,3274,3378.0,41,255,3352.0,rb1709,3201,3314,3164,3308.0,10144,7534,3256.0,rb1710,3118,3249,3095,3244.0,4682389,2178825,3186.0,rb1711,3027,3164,3027,3164.0,34,591,3112.0,rb1712,2950,3060,2950,3060.0,30,270,3005.0,rb1801,2841,2950,2810,2947.0,179639,226790,2899.0,rb1802,2784,2899,2774,2892.0,298,1805,2858.0,rb1710,3118.0,3249.0,3095.0,3244.0,4682389.0,2178825.0,3186.0
2017-05-22,3312.573238346401,4846779.0,2507573.0,rb1706,3588,3728,3561,3700.0,115,222,3653.0,rb1707,3482,3605,3480,3589.0,71,428,3550.0,rb1708,3385,3499,3385,3488.0,74,270,3478.0,rb1709,3304,3447,3304,3403.0,12444,9009,3393.0,rb1710,3254,3385,3246,3342.0,4612076,2257502,3325.0,rb1711,3179,3285,3179,3266.0,97,579,3236.0,rb1712,3073,3189,3073,3124.0,82,269,3120.0,rb1801,2947,3085,2942,3038.0,202572,223587,3016.0,rb1802,2904,3017,2896,2982.0,348,1636,2959.0,rb1710,3254.0,3385.0,3246.0,3342.0,4612076.0,2257502.0,3325.0
2017-05-23,3264.633685336001,3482982.0,2471004.0,rb1706,3738,3738,3634,3678.0,103,191,3693.0,rb1707,3607,3658,3518,3565.0,409,477,3594.0,rb1708,3490,3499,3442,3444.0,67,298,3474.0,rb1709,3409,3417,3351,3356.0,8768,8332,3382.0,rb1710,3349,3356,3285,3295.0,3323681,2208123,3320.0,rb1711,3260,3260,3220,3233.0,108,567,3240.0,rb1712,3144,3169,3111,3111.0,38,268,3140.0,rb1801,3053,3062,2991,3003.0,136728,234648,3027.0,rb1802,2961,3010,2922,2927.0,124,1636,2963.0,rb1710,3349.0,3356.0,3285.0,3295.0,3323681.0,2208123.0,3320.0
2017-05-24,3216.1934473556657,5080293.0,2440633.0,rb1706,3652,3735,3624,3681.0,100,168,3691.0,rb1707,3538,3558,3478,3536.0,161,503,3525.0,rb1708,3451,3475,3358,3398.0,18,297,3417.0,rb1709,3355,3383,3256,3314.0,11798,7282,3325.0,rb1710,3288,3317,3191,3246.0,4880441,2165248,3258.0,rb1711,3206,3241,3128,3159.0,71,565,3186.0,rb1712,3104,3121,3045,3052.0,32,272,3059.0,rb1801,2998,3035,2925,2978.0,170187,245384,2980.0,rb1802,2934,2960,2868,2918.0,237,1619,2912.0,rb1710,3288.0,3317.0,3191.0,3246.0,4880441.0,2165248.0,3258.0
2017-05-25,3186.649639941125,4873146.0,2351421.0,rb1706,3602,3730,3602,3690.0,46,152,3691.0,rb1707,3455,3578,3455,3510.0,52,492,3539.0,rb1708,3396,3434,3368,3374.0,194,324,3390.0,rb1709,3301,3359,3280,3291.0,9001,6586,3318.0,rb1710,3247,3298,3210,3219.0,4681173,2070514,3254.0,rb1711,3180,3220,3138,3138.0,74,569,3182.0,rb1712,3066,3106,3047,3047.0,44,275,3078.0,rb1801,2978,3025,2945,2946.0,164610,249179,2987.0,rb1802,2919,2958,2888,2888.0,122,1620,2927.0,rb1710,3247.0,3298.0,3210.0,3219.0,4681173.0,2070514.0,3254.0
2017-05-26,3206.569497743313,3879440.0,2302269.0,rb1706,3747,3747,3675,3745.0,62,139,3719.0,rb1707,3500,3609,3500,3609.0,144,561,3554.0,rb1708,3365,3440,3356,3440.0,176,316,3409.0,rb1709,3288,3319,3249,3315.0,6365,6394,3282.0,rb1710,3221,3249,3172,3240.0,3713606,2019704,3212.0,rb1711,3135,3170,3101,3169.0,141,569,3142.0,rb1712,3036,3066,3003,3055.0,86,268,3038.0,rb1801,2947,2976,2902,2967.0,141253,251485,2939.0,rb1802,2877,2900,2850,2900.0,141,1601,2877.0,rb1710,3221.0,3249.0,3172.0,3240.0,3713606.0,2019704.0,3212.0
2017-05-31,3061.5133652625445,3510911.0,2306352.0,rb1706,3975,3995,3726,3986.0,181,120,3865.0,rb1707,3652,3685,3570,3610.0,118,594,3612.0,rb1708,3399,3469,3357,3425.0,66,326,3410.0,rb1709,3310,3342,3208,3210.0,6440,6365,3261.0,rb1710,3248,3273,3089,3095.0,3331532,1996831,3181.0,rb1711,3172,3188,3029,3029.0,70,589,3107.0,rb1712,3060,3098,2975,2983.0,79,274,3031.0,rb1801,2980,3013,2838,2844.0,157188,273850,2922.0,rb1802,2904,2940,2800,2800.0,109,1590,2872.0,rb1710,3248.0,3273.0,3089.0,3095.0,3331532.0,1996831.0,3181.0
2017-06-01,3056.2617194222366,3860070.0,2394060.0,rb1706,3999,3999,3999,3999.0,30,120,3999.0,rb1707,3600,3649,3590,3629.0,81,592,3617.0,rb1708,3395,3481,3386,3420.0,69,321,3413.0,rb1709,3208,3258,3195,3245.0,6350,6786,3222.0,rb1710,3102,3127,3057,3092.0,3688677,2058251,3094.0,rb1711,3033,3043,3000,3018.0,77,610,3026.0,rb1712,2941,2951,2907,2951.0,18,275,2925.0,rb1801,2845,2869,2805,2835.0,149509,294397,2838.0,rb1802,2781,2809,2758,2769.0,78,1590,2781.0,rb1710,3102.0,3127.0,3057.0,3092.0,3688677.0,2058251.0,3094.0
2017-06-02,2990.1186201533706,4722554.0,2453664.0,rb1706,3801,3801,3800,3800.0,60,120,3800.0,rb1707,3604,3642,3599,3615.0,172,621,3608.0,rb1708,3384,3450,3384,3430.0,337,515,3431.0,rb1709,3245,3257,3202,3215.0,7891,7965,3223.0,rb1710,3098,3108,3021,3026.0,4523137,2087099,3057.0,rb1711,2918,3043,2918,2978.0,56,610,2986.0,rb1712,2912,3020,2862,2862.0,55,269,2893.0,rb1801,2836,2847,2778,2781.0,170082,319703,2807.0,rb1802,2773,2774,2734,2741.0,81,1630,2750.0,rb1710,3098.0,3108.0,3021.0,3026.0,4523137.0,2087099.0,3057.0
2017-06-05,2901.3816832153752,4232286.0,2545818.0,rb1706,3550,3550,3550,3550.0,30,90,3550.0,rb1707,3600,3619,3569,3570.0,272,727,3601.0,rb1708,3431,3454,3352,3361.0,158,523,3389.0,rb1709,3209,3250,3117,3133.0,10324,7893,3188.0,rb1710,3010,3055,2938,2939.0,3991622,2129686,2989.0,rb1711,2952,2979,2888,2905.0,69,634,2916.0,rb1712,2867,2873,2770,2795.0,72,310,2820.0,rb1801,2770,2789,2701,2701.0,204806,360908,2738.0,rb1802,2721,2740,2646,2681.0,207,1700,2698.0,rb1710,3010.0,3055.0,2938.0,2939.0,3991622.0,2129686.0,2989.0
2017-06-06,2926.0535061457954,3615468.0,2465100.0,rb1706,0,0,0,3550.0,0,90,3550.0,rb1707,3544,3579,3520,3561.0,110,724,3550.0,rb1708,3302,3369,3302,3368.0,55,507,3353.0,rb1709,3128,3150,3066,3138.0,7841,8153,3114.0,rb1710,2928,2973,2906,2959.0,3370480,2056227,2941.0,rb1711,2872,2915,2839,2906.0,485,719,2878.0,rb1712,2778,2839,2778,2835.0,207,351,2812.0,rb1801,2697,2766,2688,2754.0,212514,352613,2733.0,rb1802,2700,2730,2694,2718.0,631,1892,2708.0,rb1710,2928.0,2973.0,2906.0,2959.0,3370480.0,2056227.0,2941.0
2017-06-07,2930.269322924092,3267070.0,2532109.0,rb1706,3795,3795,3795,3795.0,30,90,3795.0,rb1707,3552,3589,3552,3561.0,95,740,3568.0,rb1708,3392,3403,3340,3366.0,24,510,3364.0,rb1709,3136,3172,3114,3139.0,4186,8168,3143.0,rb1710,2959,2996,2935,2962.0,3122497,2118591,2965.0,rb1711,2907,2935,2876,2883.0,156,707,2896.0,rb1712,2829,2876,2823,2824.0,42,345,2832.0,rb1801,2750,2788,2741,2762.0,126894,355796,2762.0,rb1802,2720,2746,2710,2724.0,56,1892,2732.0,rb1710,2959.0,2996.0,2935.0,2962.0,3122497.0,2118591.0,2965.0
2017-06-08,2936.1390372938004,4720941.0,2455931.0,rb1706,0,0,0,3795.0,0,90,3795.0,rb1707,3568,3601,3550,3574.0,70,734,3581.0,rb1708,3369,3408,3332,3365.0,45,507,3370.0,rb1709,3121,3204,3108,3153.0,6971,8287,3155.0,rb1710,2968,3025,2924,2968.0,4512901,2038870,2972.0,rb1711,2884,2930,2864,2907.0,105,700,2887.0,rb1712,2848,2880,2805,2850.0,55,365,2852.0,rb1801,2763,2802,2727,2775.0,181562,359366,2767.0,rb1802,2721,2771,2700,2743.0,77,1899,2732.0,rb1710,2968.0,3025.0,2924.0,2968.0,4512901.0,2038870.0,2972.0
2017-06-09,2985.77163930738,3322773.0,2466865.0,rb1706,0,0,0,3795.0,0,90,3795.0,rb1707,3572,3596,3566,3585.0,75,726,3584.0,rb1708,3369,3394,3369,3380.0,60,473,3382.0,rb1709,3153,3196,3129,3191.0,4973,7167,3171.0,rb1710,2968,3021,2954,3017.0,3137968,2043420,2992.0,rb1711,2909,2948,2894,2948.0,38,688,2924.0,rb1712,2844,2903,2824,2903.0,56,355,2872.0,rb1801,2771,2835,2767,2833.0,164060,369190,2797.0,rb1802,2736,2789,2736,2787.0,43,1895,2766.0,rb1710,2968.0,3021.0,2954.0,3017.0,3137968.0,2043420.0,2992.0
2017-06-12,3000.486100066905,3327478.0,2473645.0,rb1706,0,0,0,3795.0,0,90,3795.0,rb1707,3600,3606,3581,3595.0,46,720,3599.0,rb1708,3413,3435,3385,3414.0,50,470,3412.0,rb1709,3191,3222,3176,3202.0,4480,7047,3201.0,rb1710,3030,3051,3000,3033.0,3149170,2045006,3030.0,rb1711,2953,2976,2937,2976.0,412,773,2950.0,rb1712,2903,2927,2879,2910.0,24,356,2908.0,rb1801,2841,2859,2802,2844.0,157353,375354,2836.0,rb1802,2795,2815,2763,2815.0,77,1891,2795.0,rb1710,3030.0,3051.0,3000.0,3033.0,3149170.0,2045006.0,3030.0
2017-06-13,2908.3851622269067,3082701.0,2587302.0,rb1706,3800,3800,3800,3800.0,30,60,3800.0,rb1707,3553,3654,3553,3567.0,30,723,3585.0,rb1708,3429,3429,3318,3323.0,62,472,3381.0,rb1709,3202,3215,3100,3104.0,4030,6985,3161.0,rb1710,3035,3045,2932,2935.0,2932428,2158080,2995.0,rb1711,2967,2974,2875,2879.0,122,790,2921.0,rb1712,2926,2926,2839,2840.0,103,324,2862.0,rb1801,2845,2859,2770,2770.0,132085,374924,2814.0,rb1802,2814,2816,2750,2756.0,256,1976,2781.0,rb1710,3035.0,3045.0,2932.0,2935.0,2932428.0,2158080.0,2995.0
2017-06-14,3047.459615687203,4391336.0,2465908.0,rb1706,0,0,0,3800.0,0,60,3800.0,rb1707,3568,3624,3560,3624.0,88,687,3608.0,rb1708,3336,3468,3332,3468.0,34,471,3408.0,rb1709,3104,3264,3095,3259.0,6669,7268,3177.0,rb1710,2935,3086,2930,3084.0,4194064,2050345,2998.0,rb1711,2873,3000,2851,2999.0,160,784,2925.0,rb1712,2845,2935,2843,2930.0,81,313,2899.0,rb1801,2768,2866,2761,2865.0,170417,362182,2807.0,rb1802,2742,2821,2732,2820.0,260,1952,2782.0,rb1710,2935.0,3086.0,2930.0,3084.0,4194064.0,2050345.0,2998.0
2017-06-15,3076.392669689215,4657105.0,2506715.0,rb1706,0,0,0,3800.0,0,60,3800.0,rb1707,3616,3618,3585,3585.0,70,674,3598.0,rb1708,3457,3499,3411,3444.0,99,462,3472.0,rb1709,3250,3290,3202,3273.0,8366,6992,3252.0,rb1710,3080,3124,3023,3111.0,4427231,2084737,3080.0,rb1711,3015,3046,2953,3026.0,100,753,2995.0,rb1712,2950,2977,2912,2977.0,97,368,2964.0,rb1801,2860,2908,2813,2904.0,201406,370744,2868.0,rb1802,2818,2860,2773,2860.0,253,1967,2824.0,rb1710,3080.0,3124.0,3023.0,3111.0,4427231.0,2084737.0,3080.0
2017-06-16,3057.065620144279,4195891.0,2388291.0,rb1707,3615,3615,3584,3591.0,140,689,3598.0,rb1708,3467,3481,3407,3450.0,81,473,3443.0,rb1709,3273,3302,3229,3248.0,6926,6778,3263.0,rb1710,3105,3156,3075,3091.0,3993324,1960766,3113.0,rb1711,3025,3078,3014,3015.0,79,737,3043.0,rb1712,2973,3017,2964,2992.0,149,364,2986.0,rb1801,2900,2939,2887,2900.0,178949,376462,2911.0,rb1802,2852,2887,2840,2850.0,197,1921,2863.0,rb1803,2853,2889,2842,2861.0,60,807,2860.0,rb1710,3105.0,3156.0,3075.0,3091.0,3993324.0,1960766.0,3113.0
2017-06-19,3105.361303970424,3831923.0,2388183.0,rb1707,3599,3640,3590,3601.0,137,632,3599.0,rb1708,3449,3475,3428,3450.0,184,350,3444.0,rb1709,3248,3310,3244,3266.0,6473,5852,3276.0,rb1710,3100,3185,3093,3140.0,3634588,1942297,3137.0,rb1711,3019,3107,3019,3066.0,54,741,3041.0,rb1712,3000,3046,2992,3020.0,49,349,3025.0,rb1801,2904,2985,2902,2956.0,173277,396836,2940.0,rb1802,2850,2930,2850,2897.0,403,1922,2906.0,rb1803,2877,2927,2866,2912.0,77,797,2913.0,rb1710,3100.0,3185.0,3093.0,3140.0,3634588.0,1942297.0,3137.0
2017-06-20,3073.4522193135726,3410570.0,2412345.0,rb1707,3600,3643,3577,3584.0,280,445,3588.0,rb1708,3430,3431,3380,3389.0,85,333,3397.0,rb1709,3271,3271,3210,3230.0,4044,5532,3243.0,rb1710,3144,3150,3084,3109.0,3234797,1959003,3119.0,rb1711,3049,3067,3012,3028.0,36,737,3048.0,rb1712,3020,3024,2975,2994.0,25,353,3004.0,rb1801,2959,2962,2902,2921.0,156975,403937,2934.0,rb1802,2896,2902,2866,2876.0,117,1919,2883.0,rb1803,2911,2915,2860,2878.0,46,801,2888.0,rb1710,3144.0,3150.0,3084.0,3109.0,3234797.0,1959003.0,3119.0
2017-06-21,3036.190832371333,3662085.0,2394316.0,rb1707,3556,3556,3540,3555.0,158,354,3549.0,rb1708,3378,3378,3322,3360.0,199,296,3349.0,rb1709,3219,3220,3139,3180.0,5351,5459,3172.0,rb1710,3099,3100,3034,3069.0,3476699,1940919,3060.0,rb1711,3028,3028,2969,2980.0,40,741,2981.0,rb1712,2962,2962,2933,2956.0,18,359,2951.0,rb1801,2908,2915,2856,2897.0,166692,403186,2887.0,rb1802,2862,2884,2822,2853.0,183,1899,2845.0,rb1803,2869,2882,2837,2863.0,43,792,2850.0,rb1710,3099.0,3100.0,3034.0,3069.0,3476699.0,1940919.0,3060.0
2017-06-22,3002.470317722946,4284581.0,2383712.0,rb1707,3598,3600,3549,3581.0,17,352,3584.0,rb1708,3403,3403,3342,3346.0,66,303,3374.0,rb1709,3179,3227,3131,3133.0,4682,5479,3193.0,rb1710,3079,3123,3030,3031.0,4034058,1930232,3087.0,rb1711,3011,3047,2956,2956.0,146,749,3021.0,rb1712,3005,3016,2960,2960.0,61,368,2991.0,rb1801,2907,2952,2881,2882.0,227433,404093,2921.0,rb1802,2933,2933,2846,2847.0,127,1899,2879.0,rb1803,2883,2918,2867,2867.0,42,789,2891.0,rb1710,3079.0,3123.0,3030.0,3031.0,4034058.0,1930232.0,3087.0
2017-06-23,3070.8165688055064,3563247.0,2372579.0,rb1707,3543,3588,3539,3571.0,18,354,3576.0,rb1708,3306,3390,3305,3390.0,25,304,3339.0,rb1709,3133,3211,3133,3208.0,3267,5354,3168.0,rb1710,3037,3110,3034,3104.0,3397711,1918573,3062.0,rb1711,2970,2999,2966,2991.0,41,749,2979.0,rb1712,2947,2991,2934,2991.0,48,376,2965.0,rb1801,2892,2936,2882,2932.0,146369,403654,2901.0,rb1802,2860,2887,2847,2887.0,157,1917,2858.0,rb1803,2865,2898,2857,2894.0,16,788,2869.0,rb1710,3037.0,3110.0,3034.0,3104.0,3397711.0,1918573.0,3062.0
2017-06-26,3111.2497499261926,3312947.0,2408289.0,rb1707,3589,3605,3545,3560.0,117,320,3573.0,rb1708,3405,3441,3340,3393.0,217,342,3404.0,rb1709,3208,3255,3186,3252.0,4650,5719,3220.0,rb1710,3105,3149,3088,3148.0,3148613,1954639,3115.0,rb1711,3040,3058,3020,3055.0,47,745,3042.0,rb1712,2999,3034,2993,3014.0,59,376,3010.0,rb1801,2932,2956,2913,2954.0,144226,402839,2932.0,rb1802,2877,2906,2876,2906.0,96,1907,2895.0,rb1803,2906,2918,2891,2918.0,10,790,2909.0,rb1710,3105.0,3149.0,3088.0,3148.0,3148613.0,1954639.0,3115.0
2017-06-27,3186.522581964891,3477136.0,2488291.0,rb1707,3565,3774,3495,3609.0,79,301,3581.0,rb1708,3412,3456,3382,3445.0,175,420,3401.0,rb1709,3249,3309,3232,3308.0,3992,5617,3272.0,rb1710,3152,3225,3132,3224.0,3296902,2032329,3173.0,rb1711,3080,3135,3051,3121.0,104,766,3078.0,rb1712,3025,3076,3013,3076.0,79,362,3043.0,rb1801,2954,3024,2942,3022.0,161784,407199,2979.0,rb1802,2907,2965,2896,2964.0,150,1909,2930.0,rb1803,2919,2976,2915,2976.0,25,789,2941.0,rb1710,3152.0,3225.0,3132.0,3224.0,3296902.0,2032329.0,3173.0
2017-06-28,3243.8382928009987,3230968.0,2571815.0,rb1707,3630,3648,3591,3626.0,68,258,3622.0,rb1708,3474,3510,3442,3505.0,80,422,3482.0,rb1709,3308,3360,3308,3352.0,3463,6084,3337.0,rb1710,3226,3291,3224,3279.0,3041774,2121624,3258.0,rb1711,3150,3223,3143,3201.0,367,683,3168.0,rb1712,3107,3150,3107,3150.0,53,352,3131.0,rb1801,3027,3098,3025,3080.0,169215,401160,3059.0,rb1802,2969,3035,2969,3030.0,138,1878,3002.0,rb1803,2992,3036,2986,3031.0,70,764,3011.0,rb1710,3226.0,3291.0,3224.0,3279.0,3041774.0,2121624.0,3258.0
2017-06-29,3263.392549221986,4467747.0,2590763.0,rb1707,3592,3629,3592,3600.0,24,247,3605.0,rb1708,3520,3550,3497,3526.0,48,438,3526.0,rb1709,3360,3399,3335,3377.0,4229,5992,3368.0,rb1710,3288,3330,3252,3297.0,4204690,2143572,3291.0,rb1711,3178,3229,3171,3203.0,14,681,3191.0,rb1712,3151,3203,3126,3175.0,58,349,3168.0,rb1801,3084,3138,3065,3105.0,229828,396416,3099.0,rb1802,3046,3079,3017,3044.0,138,1866,3042.0,rb1803,3047,3072,3023,3052.0,73,755,3051.0,rb1710,3288.0,3330.0,3252.0,3297.0,4204690.0,2143572.0,3291.0
2017-06-30,3310.408869578465,3930481.0,2730592.0,rb1707,3634,3857,3583,3650.0,178,211,3692.0,rb1708,3520,3550,3493,3550.0,68,480,3520.0,rb1709,3377,3419,3347,3412.0,3963,6395,3372.0,rb1710,3291,3355,3273,3347.0,3749856,2288775,3306.0,rb1711,3204,3260,3171,3255.0,176,662,3212.0,rb1712,3150,3204,3150,3178.0,51,340,3171.0,rb1801,3101,3131,3079,3123.0,157733,391705,3103.0,rb1802,3031,3079,3015,3065.0,315,1756,3041.0,rb1803,3047,3070,3045,3045.0,30,746,3059.0,rb1710,3291.0,3355.0,3273.0,3347.0,3749856.0,2288775.0,3306.0
2017-07-03,3376.286592070279,3865769.0,2816669.0,rb1707,3800,3800,3800,3800.0,31,180,3800.0,rb1708,3561,3598,3540,3598.0,41,481,3572.0,rb1709,3411,3480,3386,3477.0,4529,6860,3435.0,rb1710,3341,3415,3333,3413.0,3663957,2363668,3373.0,rb1711,3256,3301,3256,3300.0,125,635,3272.0,rb1712,3189,3240,3186,3240.0,37,333,3211.0,rb1801,3122,3186,3113,3186.0,177798,404791,3150.0,rb1802,3070,3126,3065,3126.0,94,1732,3098.0,rb1803,3065,3133,3065,3114.0,27,747,3090.0,rb1710,3341.0,3415.0,3333.0,3413.0,3663957.0,2363668.0,3373.0
2017-07-04,3318.5717994106367,4102303.0,2721241.0,rb1707,0,0,0,3780.0,0,180,3780.0,rb1708,3525,3646,3525,3560.0,47,490,3592.0,rb1709,3477,3513,3418,3428.0,5842,6850,3464.0,rb1710,3405,3448,3341,3360.0,3833435,2266742,3393.0,rb1711,3451,3451,3254,3260.0,90,633,3306.0,rb1712,3241,3282,3188,3188.0,57,334,3244.0,rb1801,3185,3201,3100,3113.0,241456,405225,3151.0,rb1802,3125,3144,3045,3055.0,350,1707,3080.0,rb1803,3129,3144,3065,3071.0,57,743,3101.0,rb1710,3405.0,3448.0,3341.0,3360.0,3833435.0,2266742.0,3393.0
2017-07-05,3379.0610692768305,4638626.0,2710430.0,rb1707,0,0,0,3770.0,0,180,3770.0,rb1708,3623,3658,3603,3637.0,35,496,3625.0,rb1709,3428,3557,3428,3505.0,6071,7300,3505.0,rb1710,3370,3474,3369,3420.0,4332636,2267668,3422.0,rb1711,3294,3383,3292,3330.0,236,640,3324.0,rb1712,3330,3330,3194,3249.0,76,314,3248.0,rb1801,3128,3207,3121,3171.0,278041,393199,3164.0,rb1802,3068,3134,3068,3117.0,263,1586,3103.0,rb1803,3239,3239,3087,3120.0,80,730,3113.0,rb1710,3370.0,3474.0,3369.0,3420.0,4332636.0,2267668.0,3422.0
2017-07-06,3375.647032190581,4143074.0,2712253.0,rb1707,0,0,0,3700.0,0,180,3700.0,rb1708,3620,3678,3607,3678.0,85,496,3636.0,rb1709,3499,3524,3468,3513.0,3870,7101,3492.0,rb1710,3400,3423,3345,3417.0,3946684,2276068,3392.0,rb1711,3304,3325,3258,3325.0,101,626,3307.0,rb1712,3222,3239,3189,3239.0,15,314,3219.0,rb1801,3155,3168,3108,3161.0,180073,386975,3141.0,rb1802,3098,3108,3051,3104.0,151,1583,3083.0,rb1803,3111,3111,3060,3099.0,30,730,3091.0,rb1710,3400.0,3423.0,3345.0,3417.0,3946684.0,2276068.0,3392.0
2017-07-07,3389.3816401845247,4205508.0,2737631.0,rb1707,3650,3650,3650,3650.0,30,180,3650.0,rb1708,3661,3681,3646,3679.0,34,494,3660.0,rb1709,3520,3523,3476,3517.0,4005,7340,3501.0,rb1710,3421,3432,3353,3428.0,3852868,2253879,3387.0,rb1711,3328,3328,3282,3314.0,107,625,3310.0,rb1712,3221,3254,3202,3253.0,60,330,3224.0,rb1801,3160,3220,3129,3213.0,324754,432167,3173.0,rb1802,3109,3151,3070,3151.0,483,1524,3101.0,rb1803,3085,3140,3083,3136.0,142,684,3104.0,rb1710,3421.0,3432.0,3353.0,3428.0,3852868.0,2253879.0,3387.0
2017-07-10,3402.6946083752123,3703310.0,2808096.0,rb1707,0,0,0,3650.0,0,180,3650.0,rb1708,3684,3698,3669,3693.0,56,504,3684.0,rb1709,3530,3564,3500,3547.0,3930,7497,3528.0,rb1710,3435,3479,3405,3442.0,3283855,2284606,3439.0,rb1711,3346,3385,3327,3352.0,80,635,3357.0,rb1712,3277,3329,3277,3306.0,131,346,3306.0,rb1801,3210,3274,3206,3234.0,396550,470370,3242.0,rb1802,3148,3204,3141,3174.0,73,1515,3179.0,rb1803,3170,3185,3158,3158.0,55,679,3169.0,rb1710,3435.0,3479.0,3405.0,3442.0,3283855.0,2284606.0,3439.0
2017-07-11,3521.6109998445954,3899895.0,2863495.0,rb1707,0,0,0,3650.0,0,180,3650.0,rb1708,3694,3810,3694,3810.0,41,501,3765.0,rb1709,3545,3685,3530,3659.0,4503,8188,3616.0,rb1710,3438,3597,3429,3565.0,3537488,2355649,3522.0,rb1711,3363,3501,3362,3475.0,101,622,3443.0,rb1712,3301,3409,3297,3385.0,114,317,3346.0,rb1801,3235,3349,3231,3323.0,340213,453709,3286.0,rb1802,3167,3279,3166,3279.0,89,1486,3220.0,rb1803,3182,3232,3173,3232.0,69,673,3199.0,rb1710,3438.0,3597.0,3429.0,3565.0,3537488.0,2355649.0,3522.0
2017-07-12,3531.852633827931,3097742.0,2869132.0,rb1707,0,0,0,3650.0,0,180,3650.0,rb1708,3786,3811,3784,3790.0,104,471,3802.0,rb1709,3659,3700,3644,3664.0,3936,8339,3673.0,rb1710,3565,3615,3553,3575.0,2824362,2354851,3582.0,rb1711,3487,3528,3464,3500.0,62,614,3493.0,rb1712,3410,3458,3383,3413.0,38,330,3418.0,rb1801,3328,3383,3312,3339.0,252048,459571,3346.0,rb1802,3261,3312,3247,3267.0,94,1470,3270.0,rb1803,3271,3304,3252,3278.0,32,675,3283.0,rb1710,3565.0,3615.0,3553.0,3575.0,2824362.0,2354851.0,3582.0
2017-07-13,3617.191512576379,3478686.0,2964009.0,rb1707,0,0,0,3650.0,0,180,3650.0,rb1708,3776,3802,3776,3800.0,68,473,3795.0,rb1709,3653,3735,3651,3730.0,4283,8857,3692.0,rb1710,3580,3660,3560,3657.0,3085180,2416451,3607.0,rb1711,3499,3558,3485,3555.0,106,622,3506.0,rb1712,3428,3505,3416,3503.0,105,342,3449.0,rb1801,3340,3449,3330,3448.0,369552,491011,3391.0,rb1802,3275,3366,3261,3354.0,319,1398,3324.0,rb1803,3279,3355,3264,3336.0,62,646,3314.0,rb1710,3580.0,3660.0,3560.0,3657.0,3085180.0,2416451.0,3607.0
2017-07-14,3509.079803032472,4682751.0,2745021.0,rb1707,0,0,0,3650.0,0,180,3650.0,rb1708,3784,3786,3756,3772.0,66,461,3770.0,rb1709,3730,3737,3550,3650.0,6419,8100,3665.0,rb1710,3658,3658,3528,3551.0,4211300,2183822,3578.0,rb1711,3562,3562,3438,3464.0,70,614,3507.0,rb1712,3501,3514,3408,3415.0,39,353,3452.0,rb1801,3450,3452,3333,3351.0,443077,504910,3378.0,rb1802,3371,3371,3272,3302.0,79,1389,3329.0,rb1803,3348,3348,3264,3270.0,24,654,3309.0,rb1710,3658.0,3658.0,3528.0,3551.0,4211300.0,2183822.0,3578.0
2017-07-17,3584.1066004188,3841555.0,2764567.0,rb1707,0,0,0,3650.0,0,180,3650.0,rb1708,3810,3817,3791,3817.0,45,465,3811.0,rb1709,3640,3734,3632,3712.0,4119,8452,3701.0,rb1710,3535,3668,3534,3627.0,3443067,2201750,3614.0,rb1711,3474,3575,3470,3547.0,111,636,3518.0,rb1712,3406,3508,3406,3479.0,62,380,3477.0,rb1801,3338,3450,3335,3422.0,375977,506482,3407.0,rb1802,3335,3372,3327,3352.0,113,1361,3354.0,rb1803,3288,3365,3288,3352.0,21,638,3336.0,rb1710,3535.0,3668.0,3534.0,3627.0,3443067.0,2201750.0,3614.0
2017-07-18,3543.396249417045,3631154.0,2744640.0,rb1708,3798,3798,3794,3794.0,2,465,3796.0,rb1709,3712,3726,3656,3676.0,4203,7597,3692.0,rb1710,3627,3652,3573,3586.0,3271909,2187341,3615.0,rb1711,3532,3561,3493,3506.0,44,619,3511.0,rb1712,3507,3536,3441,3441.0,116,449,3458.0,rb1801,3420,3440,3368,3383.0,334314,502447,3409.0,rb1802,3365,3365,3300,3309.0,211,1332,3338.0,rb1803,3326,3347,3300,3304.0,13,628,3331.0,rb1804,3346,3352,3293,3302.0,18,266,3324.0,rb1710,3627.0,3652.0,3573.0,3586.0,3271909.0,2187341.0,3615.0
2017-07-19,3633.540545392574,3527127.0,2746132.0,rb1708,3788,3834,3788,3833.0,13,458,3816.0,rb1709,3676,3760,3668,3753.0,3803,7987,3716.0,rb1710,3598,3688,3583,3679.0,3121532,2180521,3646.0,rb1711,3541,3598,3538,3598.0,42,635,3565.0,rb1712,3464,3528,3464,3522.0,90,464,3502.0,rb1801,3388,3467,3374,3465.0,383651,509810,3436.0,rb1802,3311,3395,3311,3395.0,39,1311,3367.0,rb1803,3334,3361,3334,3361.0,9,622,3343.0,rb1804,3321,3374,3318,3349.0,20,259,3342.0,rb1710,3598.0,3688.0,3583.0,3679.0,3121532.0,2180521.0,3646.0
2017-07-20,3452.358622843801,4779638.0,2561220.0,rb1708,3828,3828,3770,3770.0,50,447,3797.0,rb1709,3753,3753,3604,3614.0,5114,7288,3678.0,rb1710,3667,3675,3488,3496.0,4287368,1977124,3582.0,rb1711,3669,3669,3426,3426.0,151,607,3510.0,rb1712,3515,3515,3380,3380.0,126,537,3410.0,rb1801,3459,3463,3303,3309.0,463452,527778,3383.0,rb1802,3361,3361,3245,3245.0,43,1307,3304.0,rb1803,3326,3331,3258,3258.0,28,625,3284.0,rb1804,3334,3341,3240,3248.0,22,258,3281.0,rb1710,3667.0,3675.0,3488.0,3496.0,4287368.0,1977124.0,3582.0
2017-07-21,3476.3015146402336,3741513.0,2483362.0,rb1708,3771,3822,3745,3800.0,23,446,3776.0,rb1709,3614,3658,3591,3648.0,4412,6724,3625.0,rb1710,3510,3547,3467,3525.0,3330540,1888512,3506.0,rb1711,3415,3452,3391,3451.0,79,588,3419.0,rb1712,3392,3416,3353,3416.0,103,450,3388.0,rb1801,3318,3349,3288,3327.0,388687,539649,3319.0,rb1802,3251,3276,3166,3274.0,25,1301,3251.0,rb1803,3237,3249,3222,3230.0,18,624,3233.0,rb1804,3249,3258,3227,3258.0,38,273,3239.0,rb1710,3510.0,3547.0,3467.0,3525.0,3330540.0,1888512.0,3506.0
2017-07-24,3469.454468597753,3360891.0,2546649.0,rb1708,3862,3862,3770,3812.0,29,450,3803.0,rb1709,3648,3680,3591,3651.0,3408,6441,3631.0,rb1710,3528,3566,3455,3516.0,2946828,1932337,3507.0,rb1711,3449,3449,3380,3435.0,30,599,3416.0,rb1712,3407,3418,3352,3391.0,43,445,3384.0,rb1801,3330,3368,3280,3329.0,393867,558259,3318.0,rb1802,3287,3287,3223,3271.0,16,1299,3253.0,rb1803,3240,3250,3229,3250.0,12,623,3246.0,rb1804,3270,3270,3228,3252.0,5,275,3248.0,rb1710,3528.0,3566.0,3455.0,3516.0,2946828.0,1932337.0,3507.0
2017-07-25,3520.4846215162274,3697118.0,2512829.0,rb1708,3800,3925,3800,3884.0,44,433,3891.0,rb1709,3651,3691,3615,3670.0,4250,6301,3652.0,rb1710,3523,3590,3485,3568.0,3092949,1876191,3540.0,rb1711,3445,3507,3409,3500.0,211,601,3454.0,rb1712,3424,3458,3382,3449.0,34,454,3425.0,rb1801,3330,3407,3308,3387.0,578366,580915,3366.0,rb1802,3277,3330,3249,3322.0,83,1297,3308.0,rb1803,3266,3312,3235,3311.0,40,602,3288.0,rb1804,3267,3313,3267,3312.0,6,277,3292.0,rb1710,3523.0,3590.0,3485.0,3568.0,3092949.0,1876191.0,3540.0
2017-07-26,3526.625075987281,3970399.0,2439553.0,rb1708,3929,3929,3906,3910.0,47,426,3919.0,rb1709,3671,3728,3665,3685.0,3446,6306,3697.0,rb1710,3579,3639,3547,3568.0,3116815,1710675,3591.0,rb1711,3510,3554,3471,3486.0,86,610,3505.0,rb1712,3458,3518,3456,3478.0,76,488,3489.0,rb1801,3399,3479,3395,3437.0,816969,667800,3436.0,rb1802,3347,3404,3334,3377.0,145,1314,3366.0,rb1803,3328,3369,3328,3362.0,21,606,3352.0,rb1804,3322,3376,3322,3363.0,24,296,3363.0,rb1710,3579.0,3639.0,3547.0,3568.0,3116815.0,1710675.0,3591.0
2017-07-27,3527.3794005727086,3936469.0,2478399.0,rb1708,3916,3916,3871,3881.0,130,444,3897.0,rb1709,3696,3720,3645,3691.0,3902,6089,3679.0,rb1710,3555,3599,3504,3570.0,3098003,1694910,3553.0,rb1711,3491,3512,3430,3485.0,198,607,3471.0,rb1712,3467,3488,3435,3476.0,28,480,3455.0,rb1801,3429,3459,3385,3442.0,805331,720212,3421.0,rb1802,3350,3381,3312,3370.0,87,1305,3351.0,rb1803,3345,3361,3316,3352.0,22,603,3342.0,rb1804,3338,3369,3321,3328.0,15,293,3344.0,rb1710,3555.0,3599.0,3504.0,3570.0,3098003.0,1694910.0,3553.0
2017-07-28,3514.4870213145687,3720392.0,2414921.0,rb1708,3888,3922,3872,3922.0,46,439,3901.0,rb1709,3681,3718,3663,3689.0,3580,5927,3689.0,rb1710,3566,3595,3530,3558.0,2754930,1600710,3565.0,rb1711,3498,3529,3476,3476.0,196,622,3503.0,rb1712,3496,3538,3470,3491.0,158,514,3503.0,rb1801,3435,3490,3415,3435.0,930112,749466,3451.0,rb1802,3390,3417,3351,3351.0,62,1306,3387.0,rb1803,3376,3405,3340,3340.0,37,612,3381.0,rb1804,3365,3388,3363,3363.0,29,295,3375.0,rb1710,3566.0,3595.0,3530.0,3558.0,2754930.0,1600710.0,3565.0
2017-07-31,3682.1445905905393,4589858.0,2392507.0,rb1708,3914,4166,3881,4100.0,158,360,3992.0,rb1709,3689,3868,3686,3858.0,5312,5805,3789.0,rb1710,3565,3740,3559,3733.0,3480027,1545737,3663.0,rb1711,3502,3659,3502,3650.0,101,603,3560.0,rb1712,3521,3649,3501,3640.0,177,585,3570.0,rb1801,3450,3604,3441,3596.0,1066475,782337,3531.0,rb1802,3373,3549,3373,3535.0,83,1303,3470.0,rb1803,3394,3511,3394,3511.0,27,600,3455.0,rb1804,3413,3500,3399,3500.0,17,295,3452.0,rb1710,3565.0,3740.0,3559.0,3733.0,3480027.0,1545737.0,3663.0
2017-08-01,3644.0738848644937,2877348.0,2307455.0,rb1708,0,0,0,3947.0,0,360,3947.0,rb1709,3839,3875,3819,3850.0,3069,5569,3846.0,rb1710,3710,3759,3693,3698.0,2052335,1447447,3716.0,rb1711,3640,3662,3609,3623.0,352,613,3637.0,rb1712,3639,3663,3597,3597.0,147,588,3626.0,rb1801,3580,3610,3545,3559.0,795620,797068,3573.0,rb1802,3529,3529,3488,3494.0,28,1297,3504.0,rb1803,3515,3518,3474,3484.0,13,599,3503.0,rb1804,3504,3504,3481,3481.0,3,298,3490.0,rb1710,3710.0,3759.0,3693.0,3698.0,2052335.0,1447447.0,3716.0
2017-08-02,3681.355321316301,3413069.0,2397264.0,rb1708,0,0,0,3947.0,0,360,3947.0,rb1709,3850,3888,3817,3865.0,2034,5589,3864.0,rb1710,3695,3748,3662,3725.0,1982811,1384218,3719.0,rb1711,3604,3693,3597,3693.0,424,662,3646.0,rb1712,3591,3681,3588,3681.0,96,607,3655.0,rb1801,3549,3644,3531,3627.0,1386862,946214,3606.0,rb1802,3505,3570,3505,3570.0,65,1299,3556.0,rb1803,3478,3552,3462,3552.0,52,594,3544.0,rb1804,3463,3570,3463,3570.0,11,302,3520.0,rb1710,3695.0,3748.0,3662.0,3725.0,1982811.0,1384218.0,3719.0
2017-08-03,3739.292658328301,4047912.0,2535349.0,rb1708,0,0,0,3947.0,0,360,3947.0,rb1709,3865,3917,3840,3903.0,2985,5439,3881.0,rb1710,3715,3791,3702,3776.0,2013509,1314444,3746.0,rb1711,3673,3749,3664,3745.0,606,932,3685.0,rb1712,3670,3744,3666,3734.0,230,675,3703.0,rb1801,3650,3713,3620,3705.0,1959853,1147743,3667.0,rb1802,3581,3638,3569,3636.0,75,1312,3595.0,rb1803,3568,3636,3565,3634.0,60,607,3584.0,rb1804,3559,3643,3559,3643.0,31,302,3600.0,rb1710,3715.0,3791.0,3702.0,3776.0,2013509.0,1314444.0,3746.0
2017-08-04,3825.009367444753,4051166.0,2473033.0,rb1708,0,0,0,3950.0,0,360,3950.0,rb1709,3903,4000,3885,3976.0,3593,5009,3951.0,rb1710,3780,3899,3765,3882.0,1732252,1229743,3833.0,rb1711,3739,3850,3737,3839.0,460,988,3768.0,rb1712,3747,3834,3739,3829.0,259,739,3794.0,rb1801,3718,3795,3693,3774.0,2249960,1169163,3751.0,rb1802,3656,3746,3651,3723.0,86,1307,3694.0,rb1803,3649,3728,3648,3728.0,55,603,3665.0,rb1804,3651,3713,3626,3696.0,21,304,3672.0,rb1801,3718.0,3795.0,3693.0,3774.0,2249960.0,1169163.0,3751.0
2017-08-07,3994.09959703149,5642735.0,2242607.0,rb1708,0,0,0,3950.0,0,360,3950.0,rb1709,3995,4227,3962,4164.0,5886,4697,4122.0,rb1710,3880,4101,3866,4079.0,2188595,1051175,4021.0,rb1711,3845,4031,3821,3971.0,395,986,3961.0,rb1712,3806,4059,3806,3982.0,262,755,3974.0,rb1801,3780,4013,3755,3928.0,3346385,1108596,3907.0,rb1802,3704,3944,3703,3853.0,184,1320,3868.0,rb1803,3692,3921,3692,3847.0,68,593,3851.0,rb1804,3708,3924,3680,3850.0,35,306,3834.0,rb1801,3780.0,4013.0,3755.0,3928.0,3346385.0,1108596.0,3907.0
2017-08-08,3945.028420734743,4379597.0,2165602.0,rb1708,0,0,0,3963.0,0,360,3963.0,rb1709,4156,4213,4115,4141.0,3144,4401,4169.0,rb1710,4070,4119,4016,4046.0,1263628,889369,4072.0,rb1711,4008,4087,3928,3928.0,148,982,4009.0,rb1712,3983,4036,3913,3921.0,399,799,3973.0,rb1801,3921,3996,3841,3884.0,3033906,1187620,3917.0,rb1802,3888,3929,3810,3819.0,28,1313,3878.0,rb1803,3868,3891,3788,3788.0,31,612,3871.0,rb1804,3834,3860,3740,3740.0,28,315,3802.0,rb1801,3921.0,3996.0,3841.0,3884.0,3033906.0,1187620.0,3917.0
2017-08-09,4026.1599955798,4744068.0,2235193.0,rb1708,0,0,0,3963.0,0,360,3963.0,rb1709,4141,4179,4100,4150.0,2341,4487,4130.0,rb1710,4042,4088,3981,4080.0,1090969,803493,4027.0,rb1711,3978,4040,3934,4040.0,148,991,3982.0,rb1712,3950,4033,3920,4027.0,283,730,3972.0,rb1801,3891,4008,3867,4006.0,3577083,1335294,3928.0,rb1802,3834,3930,3808,3930.0,51,1324,3852.0,rb1803,3793,3883,3793,3883.0,18,603,3830.0,rb1804,3797,3824,3787,3788.0,5,314,3802.0,rb1801,3891.0,4008.0,3867.0,4006.0,3577083.0,1335294.0,3928.0
2017-08-10,3979.652075606355,4435924.0,2191456.0,rb1708,4209,4209,4209,4209.0,30,360,4209.0,rb1709,4140,4157,4111,4124.0,2151,4132,4131.0,rb1710,4065,4074,4002,4032.0,621576,703104,4041.0,rb1711,4025,4049,3971,4000.0,192,1016,4014.0,rb1712,4014,4033,3950,3991.0,301,777,3998.0,rb1801,3988,4016,3915,3964.0,3741000,1391408,3969.0,rb1802,3920,3949,3868,3904.0,367,1340,3915.0,rb1803,3871,3920,3856,3888.0,45,600,3893.0,rb1804,3867,3871,3833,3870.0,10,314,3853.0,rb1801,3988.0,4016.0,3915.0,3964.0,3741000.0,1391408.0,3969.0
2017-08-11,3879.5074475109054,5361842.0,2159782.0,rb1708,0,0,0,4209.0,0,360,4209.0,rb1709,4124,4152,4017,4056.0,2686,4083,4096.0,rb1710,4012,4054,3906,3945.0,697109,613802,3986.0,rb1711,3967,4024,3871,3896.0,135,1005,3960.0,rb1712,3962,4015,3850,3886.0,251,726,3936.0,rb1801,3945,3993,3812,3862.0,4577870,1450705,3907.0,rb1802,3877,3914,3760,3790.0,84,1327,3862.0,rb1803,3838,3871,3748,3783.0,23,596,3821.0,rb1804,3831,3867,3719,3745.0,18,312,3802.0,rb1801,3945.0,3993.0,3812.0,3862.0,4577870.0,1450705.0,3907.0
2017-08-14,3832.165501947077,4081352.0,2287532.0,rb1708,0,0,0,4209.0,0,360,4209.0,rb1709,4067,4111,4036,4050.0,1327,3973,4065.0,rb1710,3941,3981,3920,3932.0,381933,562857,3948.0,rb1711,3903,3967,3855,3871.0,124,988,3892.0,rb1712,3885,3924,3829,3845.0,173,668,3877.0,rb1801,3861,3894,3786,3807.0,3622616,1629955,3835.0,rb1802,3797,3831,3721,3721.0,188,1303,3762.0,rb1803,3775,3785,3709,3709.0,40,601,3746.0,rb1804,3752,3762,3682,3695.0,28,314,3714.0,rb1801,3861.0,3894.0,3786.0,3807.0,3622616.0,1629955.0,3835.0
2017-08-15,3778.6745985947455,2553175.0,2304778.0,rb1708,0,0,0,4209.0,0,360,4209.0,rb1709,4050,4050,3997,4035.0,1432,3959,4023.0,rb1710,3920,3940,3869,3912.0,272510,527525,3901.0,rb1711,3849,3865,3786,3830.0,131,951,3819.0,rb1712,3807,3831,3742,3805.0,119,586,3785.0,rb1801,3800,3809,3695,3747.0,2166571,1674910,3746.0,rb1802,3724,3726,3623,3686.0,123,1307,3667.0,rb1803,3709,3721,3624,3663.0,80,597,3636.0,rb1804,3685,3709,3627,3641.0,17,316,3659.0,rb1801,3800.0,3809.0,3695.0,3747.0,2166571.0,1674910.0,3746.0
2017-08-16,3731.04414935991,1983812.0,2262026.0,rb1709,4035,4042,3989,3995.0,937,4024,4013.0,rb1710,3911,3922,3842,3854.0,205390,464270,3882.0,rb1711,3821,3828,3769,3780.0,89,932,3806.0,rb1712,3730,3807,3730,3742.0,57,576,3767.0,rb1801,3742,3769,3696,3707.0,1653127,1687751,3730.0,rb1802,3666,3696,3644,3650.0,57,1301,3665.0,rb1803,3657,3668,3636,3636.0,8,600,3651.0,rb1804,3615,3646,3607,3613.0,25,326,3622.0,rb1805,3585,3603,3546,3561.0,123716,101405,3575.0,rb1801,3742.0,3769.0,3696.0,3707.0,1653127.0,1687751.0,3730.0
2017-08-17,3826.608067857505,3250882.0,2183281.0,rb1709,3995,4106,3995,4058.0,1511,3850,4060.0,rb1710,3860,3971,3860,3927.0,247521,429978,3914.0,rb1711,3804,3902,3791,3877.0,193,896,3859.0,rb1712,3778,3896,3767,3863.0,44,569,3845.0,rb1801,3726,3860,3721,3809.0,2778879,1642840,3795.0,rb1802,3680,3792,3670,3751.0,99,1291,3736.0,rb1803,3661,3761,3648,3736.0,27,600,3721.0,rb1804,3640,3749,3633,3720.0,40,311,3695.0,rb1805,3572,3724,3571,3681.0,222220,102089,3661.0,rb1801,3726.0,3860.0,3721.0,3809.0,2778879.0,1642840.0,3795.0
2017-08-18,3905.378830063818,2095671.0,2115859.0,rb1709,4058,4123,4044,4122.0,531,3698,4070.0,rb1710,3920,3996,3902,3990.0,114219,399923,3939.0,rb1711,3853,3913,3841,3913.0,43,894,3876.0,rb1712,3871,3929,3828,3929.0,38,576,3866.0,rb1801,3800,3900,3776,3895.0,1817170,1597218,3823.0,rb1802,3755,3829,3717,3829.0,32,1292,3753.0,rb1803,3757,3813,3721,3813.0,13,600,3760.0,rb1804,3733,3780,3697,3780.0,34,308,3727.0,rb1805,3662,3755,3652,3745.0,163447,110464,3692.0,rb1801,3800.0,3900.0,3776.0,3895.0,1817170.0,1597218.0,3823.0
2017-08-21,3969.824673807188,2545941.0,2148116.0,rb1709,4122,4178,4061,4165.0,611,3545,4114.0,rb1710,3967,4090,3935,4052.0,174720,377995,4016.0,rb1711,3958,4049,3887,4012.0,77,917,3965.0,rb1712,3911,4025,3856,3990.0,58,577,3941.0,rb1801,3868,3994,3803,3962.0,2138894,1642756,3913.0,rb1802,3800,3916,3744,3881.0,89,1306,3843.0,rb1803,3811,3914,3773,3880.0,33,600,3860.0,rb1804,3782,3974,3727,3858.0,23,312,3799.0,rb1805,3725,3843,3665,3814.0,231078,119342,3777.0,rb1801,3868.0,3994.0,3803.0,3962.0,2138894.0,1642756.0,3913.0
2017-08-22,3942.045618439004,1992690.0,2097814.0,rb1709,4165,4186,4125,4164.0,585,3493,4139.0,rb1710,4060,4068,3993,4030.0,110103,347090,4028.0,rb1711,4022,4041,3964,3999.0,43,914,3998.0,rb1712,4012,4024,3942,3980.0,77,573,3969.0,rb1801,3970,3998,3887,3933.0,1690612,1624960,3935.0,rb1802,3886,3921,3830,3873.0,95,1297,3872.0,rb1803,3897,3903,3825,3860.0,54,616,3859.0,rb1804,3880,3883,3825,3837.0,19,314,3854.0,rb1805,3817,3848,3769,3803.0,190743,117853,3804.0,rb1801,3970.0,3998.0,3887.0,3933.0,1690612.0,1624960.0,3935.0
2017-08-23,3790.418139046976,3151925.0,2201141.0,rb1709,4164,4164,4021,4054.0,673,3415,4065.0,rb1710,4020,4020,3850,3909.0,155276,313785,3914.0,rb1711,3899,3911,3731,3869.0,104,903,3856.0,rb1712,3930,3939,3784,3866.0,136,563,3864.0,rb1801,3918,3918,3710,3779.0,2711419,1753465,3795.0,rb1802,3817,3842,3657,3747.0,147,1275,3737.0,rb1803,3828,3828,3660,3716.0,95,605,3718.0,rb1804,3816,3816,3696,3711.0,30,317,3759.0,rb1805,3791,3793,3598,3648.0,283756,126070,3670.0,rb1801,3918.0,3918.0,3710.0,3779.0,2711419.0,1753465.0,3795.0
2017-08-24,3863.662761319475,2570618.0,2069641.0,rb1709,4053,4124,4036,4092.0,231,3330,4085.0,rb1710,3910,3980,3878,3958.0,88702,300409,3939.0,rb1711,3860,3929,3820,3928.0,44,900,3892.0,rb1712,3813,3931,3813,3908.0,84,604,3903.0,rb1801,3779,3880,3746,3858.0,2219550,1636541,3827.0,rb1802,3692,3807,3684,3787.0,59,1277,3760.0,rb1803,3726,3788,3683,3760.0,45,607,3739.0,rb1804,3703,3762,3669,3755.0,45,317,3714.0,rb1805,3642,3732,3620,3707.0,261653,124855,3684.0,rb1801,3779.0,3880.0,3746.0,3858.0,2219550.0,1636541.0,3827.0
2017-08-25,3934.1426192254776,2474021.0,1971873.0,rb1709,4108,4193,4108,4162.0,259,3264,4150.0,rb1710,3950,4052,3944,4015.0,119010,283027,4005.0,rb1711,3903,4018,3903,3976.0,143,933,3950.0,rb1712,3934,4000,3929,3951.0,191,649,3969.0,rb1801,3855,3978,3846,3930.0,2056686,1553834,3926.0,rb1802,3724,3906,3724,3854.0,117,1294,3847.0,rb1803,3773,3887,3773,3861.0,126,622,3848.0,rb1804,3758,3875,3756,3841.0,22,314,3829.0,rb1805,3712,3837,3696,3801.0,297302,127147,3786.0,rb1801,3855.0,3978.0,3846.0,3930.0,2056686.0,1553834.0,3926.0
2017-08-28,3932.434769243674,2660520.0,2026705.0,rb1709,4147,4163,4100,4130.0,449,3205,4135.0,rb1710,4015,4036,3901,4005.0,94808,258604,3969.0,rb1711,3971,3979,3869,3967.0,91,919,3913.0,rb1712,3959,3983,3852,3954.0,77,618,3897.0,rb1801,3920,3960,3805,3932.0,2217296,1620019,3881.0,rb1802,3879,3891,3751,3863.0,418,1291,3824.0,rb1803,3857,3890,3759,3869.0,144,659,3801.0,rb1804,3838,3871,3763,3833.0,73,311,3803.0,rb1805,3795,3842,3693,3801.0,346963,140325,3771.0,rb1801,3920.0,3960.0,3805.0,3932.0,2217296.0,1620019.0,3881.0
2017-08-29,3883.5963234239225,2616790.0,2070187.0,rb1709,4156,4174,4102,4128.0,140,3176,4150.0,rb1710,4007,4021,3940,3962.0,91871,248407,3983.0,rb1711,3987,3991,3884,3937.0,94,921,3944.0,rb1712,3937,3990,3885,3915.0,84,617,3944.0,rb1801,3926,3950,3839,3882.0,2162238,1668900,3900.0,rb1802,3849,3885,3789,3793.0,67,1295,3841.0,rb1803,3856,3866,3784,3852.0,99,651,3818.0,rb1804,3781,3854,3771,3793.0,46,309,3821.0,rb1805,3801,3829,3733,3764.0,361953,145176,3784.0,rb1801,3926.0,3950.0,3839.0,3882.0,2162238.0,1668900.0,3900.0
2017-08-30,3870.513795497156,2381033.0,2022544.0,rb1709,4139,4188,4100,4147.0,367,3083,4121.0,rb1710,3989,3989,3912,3959.0,75588,232148,3945.0,rb1711,3945,3945,3877,3925.0,29,921,3913.0,rb1712,3915,3930,3858,3930.0,192,623,3881.0,rb1801,3885,3908,3808,3868.0,2003179,1635564,3856.0,rb1802,3834,3844,3750,3818.0,62,1290,3792.0,rb1803,3817,3823,3761,3823.0,34,645,3799.0,rb1804,3811,3822,3750,3822.0,28,313,3794.0,rb1805,3771,3787,3701,3754.0,301414,147200,3744.0,rb1801,3885.0,3908.0,3808.0,3868.0,2003179.0,1635564.0,3856.0
2017-08-31,3925.7295460767673,2955808.0,2191560.0,rb1709,4116,4345,4095,4327.0,2504,1200,4151.0,rb1710,3945,4000,3890,4000.0,84201,221965,3941.0,rb1711,3884,3972,3848,3972.0,45,937,3922.0,rb1712,3880,3948,3823,3941.0,32,629,3903.0,rb1801,3854,3929,3782,3927.0,2521083,1811522,3851.0,rb1802,3772,3860,3726,3848.0,153,1285,3797.0,rb1803,3770,3830,3729,3829.0,119,639,3761.0,rb1804,3768,3818,3724,3818.0,61,322,3787.0,rb1805,3745,3803,3684,3801.0,347401,152329,3739.0,rb1801,3854.0,3929.0,3782.0,3927.0,2521083.0,1811522.0,3851.0
2017-09-01,4058.549825430319,3251173.0,2309393.0,rb1709,4249,4249,4210,4240.0,90,1200,4233.0,rb1710,4000,4147,3975,4132.0,122193,210762,4071.0,rb1711,3954,4124,3951,4104.0,386,954,4041.0,rb1712,3967,4132,3941,4072.0,217,722,4061.0,rb1801,3915,4097,3903,4062.0,2698904,1937190,3993.0,rb1802,3856,4026,3847,4006.0,112,1315,3903.0,rb1803,3860,4013,3833,4001.0,58,622,3932.0,rb1804,3845,3999,3831,3974.0,27,325,3901.0,rb1805,3797,3965,3781,3916.0,428863,155517,3863.0,rb1801,3915.0,4097.0,3903.0,4062.0,2698904.0,1937190.0,3993.0
2017-09-04,4058.143729077844,2796972.0,2201016.0,rb1709,4300,4300,4300,4300.0,240,960,4300.0,rb1710,4126,4260,4118,4146.0,92637,178211,4176.0,rb1711,4089,4200,4089,4132.0,95,909,4139.0,rb1712,4093,4208,4086,4108.0,554,759,4147.0,rb1801,4060,4194,4040,4060.0,2330132,1861243,4098.0,rb1802,4009,4106,3986,4010.0,211,1342,4036.0,rb1803,4022,4088,3980,3990.0,35,630,4034.0,rb1804,3912,4058,3912,4000.0,34,324,3993.0,rb1805,3916,4042,3909,3935.0,372877,155856,3958.0,rb1801,4060.0,4194.0,4040.0,4060.0,2330132.0,1861243.0,4098.0
2017-09-05,4081.5387586015113,2094485.0,2200776.0,rb1709,0,0,0,4303.0,0,960,4303.0,rb1710,4146,4200,4128,4174.0,40683,172178,4167.0,rb1711,4106,4162,4101,4126.0,21,906,4129.0,rb1712,4102,4157,4097,4120.0,86,762,4126.0,rb1801,4060,4127,4051,4084.0,1737134,1865951,4088.0,rb1802,4005,4049,3995,4022.0,90,1321,4023.0,rb1803,4001,4043,3986,3993.0,49,632,4006.0,rb1804,3988,4016,3964,3984.0,21,325,3988.0,rb1805,3934,3979,3911,3951.0,316213,156975,3947.0,rb1801,4060.0,4127.0,4051.0,4084.0,1737134.0,1865951.0,4088.0
2017-09-06,3986.2410145053495,2540312.0,2209116.0,rb1709,0,0,0,4303.0,0,960,4303.0,rb1710,4177,4211,4100,4103.0,55781,166847,4148.0,rb1711,4145,4145,4043,4060.0,387,920,4093.0,rb1712,4119,4150,4034,4034.0,349,775,4096.0,rb1801,4081,4137,3983,3986.0,2139834,1882358,4055.0,rb1802,4024,4049,3922,3922.0,196,1312,3990.0,rb1803,4016,4016,3923,3923.0,38,631,3963.0,rb1804,4005,4005,3901,3901.0,47,333,3955.0,rb1805,3949,4019,3856,3862.0,343489,154200,3925.0,rb1801,4081.0,4137.0,3983.0,3986.0,2139834.0,1882358.0,4055.0
2017-09-07,3958.5238508332463,2663889.0,2142944.0,rb1709,4300,4300,4300,4300.0,120,930,4300.0,rb1710,4113,4120,4056,4075.0,45724,155129,4092.0,rb1711,4056,4080,4010,4010.0,93,912,4055.0,rb1712,4039,4068,3988,3988.0,202,765,4035.0,rb1801,3998,4027,3934,3958.0,2250473,1829254,3982.0,rb1802,3929,3961,3875,3893.0,72,1302,3909.0,rb1803,3922,3925,3881,3881.0,22,643,3911.0,rb1804,3915,3936,3876,3876.0,33,327,3906.0,rb1805,3872,3897,3823,3846.0,367044,152885,3862.0,rb1801,3998.0,4027.0,3934.0,3958.0,2250473.0,1829254.0,3982.0
2017-09-08,3916.666109434423,2991086.0,2114618.0,rb1709,0,0,0,4300.0,0,930,4300.0,rb1710,4075,4119,4010,4040.0,56557,143265,4063.0,rb1711,4030,4088,3952,3979.0,125,932,4018.0,rb1712,4001,4080,3950,3978.0,197,762,4012.0,rb1801,3951,4038,3887,3916.0,2539846,1816653,3961.0,rb1802,3901,3968,3833,3860.0,138,1302,3899.0,rb1803,3872,3958,3830,3830.0,54,639,3896.0,rb1804,3900,3900,3830,3830.0,5,330,3850.0,rb1805,3842,3902,3775,3805.0,394009,149004,3843.0,rb1801,3951.0,4038.0,3887.0,3916.0,2539846.0,1816653.0,3961.0
2017-09-11,3914.5842440454935,2341648.0,2050044.0,rb1709,4300,4397,4300,4397.0,90,900,4364.0,rb1710,4027,4058,3974,4052.0,36263,133591,4022.0,rb1711,3969,3998,3920,3998.0,62,928,3967.0,rb1712,3960,3993,3900,3990.0,115,785,3959.0,rb1801,3912,3946,3835,3915.0,1954751,1751194,3901.0,rb1802,3848,3861,3797,3860.0,56,1295,3832.0,rb1803,3812,3851,3788,3851.0,32,623,3816.0,rb1804,3811,3855,3780,3840.0,36,331,3814.0,rb1805,3799,3819,3722,3793.0,350142,159600,3779.0,rb1801,3912.0,3946.0,3835.0,3915.0,1954751.0,1751194.0,3901.0
2017-09-12,3958.0237883650448,2595064.0,2061512.0,rb1709,4395,4540,4395,4440.0,330,570,4467.0,rb1710,4056,4108,4040,4107.0,38288,131136,4072.0,rb1711,4004,4054,3978,4022.0,41,934,4007.0,rb1712,3979,4018,3960,4010.0,229,838,3980.0,rb1801,3915,3965,3878,3959.0,2178845,1762572,3923.0,rb1802,3840,3889,3828,3880.0,67,1295,3862.0,rb1803,3849,3888,3827,3837.0,10,622,3850.0,rb1804,3821,3859,3809,3856.0,26,323,3835.0,rb1805,3795,3833,3762,3827.0,377050,162347,3800.0,rb1801,3915.0,3965.0,3878.0,3959.0,2178845.0,1762572.0,3923.0
2017-09-13,3913.682956788431,2454759.0,2071112.0,rb1709,0,0,0,4467.0,0,570,4467.0,rb1710,4098,4139,4080,4090.0,32520,125797,4105.0,rb1711,4039,4093,4024,4045.0,257,934,4055.0,rb1712,4010,4060,3979,3999.0,551,904,4007.0,rb1801,3951,4001,3900,3914.0,2081339,1769458,3948.0,rb1802,3894,3928,3840,3845.0,86,1303,3891.0,rb1803,3879,3923,3825,3842.0,41,606,3884.0,rb1804,3840,3840,3839,3839.0,7,318,3839.0,rb1805,3820,3857,3763,3779.0,339881,170353,3815.0,rb1801,3951.0,4001.0,3900.0,3914.0,2081339.0,1769458.0,3948.0
2017-09-14,3832.258044982975,3039085.0,2196431.0,rb1709,0,0,0,4467.0,0,570,4467.0,rb1710,4104,4113,4021,4032.0,41281,119862,4063.0,rb1711,4038,4050,3980,3989.0,58,910,4004.0,rb1712,3982,4010,3900,3919.0,182,931,3966.0,rb1801,3913,3940,3818,3831.0,2555225,1893686,3880.0,rb1802,3848,3863,3761,3772.0,95,1285,3806.0,rb1803,3825,3865,3761,3765.0,66,613,3817.0,rb1804,3799,3832,3764,3764.0,6,320,3783.0,rb1805,3772,3806,3698,3709.0,441966,177314,3754.0,rb1801,3913.0,3940.0,3818.0,3831.0,2555225.0,1893686.0,3880.0
2017-09-15,3804.673193016728,2246126.0,2096782.0,rb1709,0,0,0,4467.0,0,570,4467.0,rb1710,4033,4042,3994,4006.0,33958,105281,4019.0,rb1711,3976,3985,3911,3950.0,113,931,3962.0,rb1712,3900,3936,3860,3888.0,133,969,3904.0,rb1801,3831,3858,3777,3805.0,1864582,1815733,3820.0,rb1802,3757,3789,3719,3734.0,54,1282,3757.0,rb1803,3752,3761,3718,3718.0,12,614,3745.0,rb1804,3761,3761,3711,3726.0,15,325,3742.0,rb1805,3703,3734,3658,3675.0,347060,170073,3697.0,rb1801,3831.0,3858.0,3777.0,3805.0,1864582.0,1815733.0,3820.0
2017-09-18,3802.8145798698256,2293649.0,2124532.0,rb1710,3991,4050,3981,4046.0,26712,102665,4019.0,rb1711,3952,3970,3920,3960.0,63,945,3947.0,rb1712,3878,3907,3850,3907.0,438,1054,3892.0,rb1801,3808,3830,3742,3801.0,1925798,1839653,3787.0,rb1802,3758,3758,3696,3734.0,44,1284,3718.0,rb1803,3694,3750,3694,3733.0,128,724,3740.0,rb1804,3723,3740,3679,3727.0,205,495,3731.0,rb1805,3675,3696,3623,3681.0,339385,176039,3665.0,rb1806,3643,3653,3598,3644.0,168,789,3636.0,rb1801,3808.0,3830.0,3742.0,3801.0,1925798.0,1839653.0,3787.0
2017-09-19,3742.3820495940313,2001345.0,2096220.0,rb1710,4046,4094,4033,4037.0,26598,95063,4057.0,rb1711,3980,3998,3923,3923.0,111,881,3961.0,rb1712,3903,3943,3880,3880.0,91,1082,3906.0,rb1801,3796,3834,3735,3740.0,1663664,1801863,3789.0,rb1802,3747,3754,3680,3680.0,77,1280,3730.0,rb1803,3720,3752,3691,3693.0,62,761,3709.0,rb1804,3715,3749,3684,3684.0,58,528,3706.0,rb1805,3678,3708,3616,3620.0,310422,193060,3669.0,rb1806,3647,3666,3598,3598.0,51,791,3632.0,rb1801,3796.0,3834.0,3735.0,3740.0,1663664.0,1801863.0,3789.0
2017-09-20,3758.385921383589,2051400.0,2079693.0,rb1710,4037,4061,4020,4050.0,19325,90191,4038.0,rb1711,3944,3960,3909,3960.0,233,691,3925.0,rb1712,3880,3946,3860,3946.0,208,1138,3898.0,rb1801,3738,3788,3707,3758.0,1709496,1788185,3746.0,rb1802,3666,3692,3645,3663.0,147,1254,3679.0,rb1803,3662,3690,3655,3689.0,61,792,3661.0,rb1804,3650,3675,3636,3658.0,66,557,3653.0,rb1805,3618,3650,3586,3628.0,321501,195139,3619.0,rb1806,3577,3620,3556,3593.0,99,804,3579.0,rb1801,3738.0,3788.0,3707.0,3758.0,1709496.0,1788185.0,3746.0
2017-09-21,3653.652245771695,2613107.0,2221753.0,rb1710,4051,4073,3989,3990.0,26054,75287,4023.0,rb1711,3973,3988,3879,3879.0,236,543,3915.0,rb1712,3946,3946,3761,3815.0,165,1155,3872.0,rb1801,3768,3799,3650,3655.0,2158627,1915763,3723.0,rb1802,3693,3717,3588,3588.0,100,1268,3663.0,rb1803,3715,3715,3582,3583.0,80,824,3658.0,rb1804,3702,3702,3582,3582.0,26,556,3634.0,rb1805,3633,3659,3528,3530.0,427455,224523,3597.0,rb1806,3622,3622,3500,3502.0,118,825,3551.0,rb1801,3768.0,3799.0,3650.0,3655.0,2158627.0,1915763.0,3723.0
2017-09-22,3550.083382402335,2225960.0,2158525.0,rb1710,3996,3996,3852,3887.0,30046,62051,3936.0,rb1711,3865,3896,3785,3820.0,202,640,3859.0,rb1712,3825,3834,3748,3748.0,225,1274,3811.0,rb1801,3650,3654,3527,3554.0,1828512,1859533,3598.0,rb1802,3576,3579,3476,3476.0,107,1269,3530.0,rb1803,3574,3584,3468,3483.0,96,874,3561.0,rb1804,3540,3544,3481,3481.0,45,586,3532.0,rb1805,3528,3534,3406,3428.0,365584,231012,3473.0,rb1806,3502,3502,3357,3363.0,281,726,3444.0,rb1801,3650.0,3654.0,3527.0,3554.0,1828512.0,1859533.0,3598.0
2017-09-25,3594.7548317177434,2057348.0,2109343.0,rb1710,3900,3953,3872,3912.0,18029,54140,3909.0,rb1711,3862,3862,3805,3854.0,188,760,3847.0,rb1712,3769,3808,3732,3782.0,145,1279,3772.0,rb1801,3574,3628,3531,3603.0,1701141,1814251,3583.0,rb1802,3485,3544,3451,3524.0,64,1263,3511.0,rb1803,3498,3538,3466,3515.0,64,884,3512.0,rb1804,3482,3528,3462,3510.0,17,586,3500.0,rb1805,3438,3491,3406,3458.0,337181,234832,3446.0,rb1806,3367,3457,3367,3411.0,104,740,3421.0,rb1801,3574.0,3628.0,3531.0,3603.0,1701141.0,1814251.0,3583.0
2017-09-26,3604.851257529508,1876557.0,2051761.0,rb1710,3914,3965,3914,3933.0,14328,49215,3942.0,rb1711,3858,3905,3855,3856.0,88,803,3866.0,rb1712,3829,3836,3773,3810.0,58,1272,3812.0,rb1801,3599,3650,3586,3614.0,1550548,1758878,3616.0,rb1802,3530,3563,3522,3543.0,18,1266,3540.0,rb1803,3550,3550,3550,3550.0,5,884,3550.0,rb1804,3527,3530,3517,3530.0,6,586,3524.0,rb1805,3460,3502,3449,3469.0,310775,237193,3474.0,rb1806,3431,3460,3427,3428.0,59,768,3441.0,rb1801,3599.0,3650.0,3586.0,3614.0,1550548.0,1758878.0,3616.0
2017-09-27,3664.527808910957,2000632.0,2028918.0,rb1710,3928,3945,3854,3912.0,19399,40803,3903.0,rb1711,3866,3897,3815,3864.0,199,799,3864.0,rb1712,3813,3869,3790,3843.0,155,1299,3831.0,rb1801,3613,3684,3608,3679.0,1657527,1739131,3644.0,rb1802,3550,3600,3544,3595.0,169,1172,3579.0,rb1803,3544,3607,3529,3592.0,44,883,3561.0,rb1804,3546,3564,3526,3543.0,30,586,3541.0,rb1805,3465,3524,3464,3520.0,322565,242332,3491.0,rb1806,3448,3469,3435,3469.0,38,768,3450.0,rb1801,3613.0,3684.0,3608.0,3679.0,1657527.0,1739131.0,3644.0
2017-09-28,3593.390850456672,2684857.0,2012166.0,rb1710,3909,3944,3881,3903.0,16810,30662,3905.0,rb1711,3843,3898,3835,3855.0,106,786,3871.0,rb1712,3869,3886,3759,3783.0,198,1279,3806.0,rb1801,3690,3724,3571,3606.0,2197948,1722857,3641.0,rb1802,3607,3643,3501,3533.0,138,1157,3549.0,rb1803,3618,3618,3514,3527.0,30,874,3535.0,rb1804,3594,3594,3490,3532.0,18,586,3528.0,rb1805,3526,3573,3440,3470.0,468629,251912,3498.0,rb1806,3469,3537,3411,3421.0,38,755,3484.0,rb1801,3690.0,3724.0,3571.0,3606.0,2197948.0,1722857.0,3641.0
2017-09-29,3675.898169318109,2082118.0,1815553.0,rb1710,3903,3983,3880,3982.0,22255,14029,3913.0,rb1711,3859,3919,3814,3919.0,161,714,3859.0,rb1712,3782,3852,3718,3836.0,160,1274,3779.0,rb1801,3615,3699,3524,3695.0,1693509,1551002,3603.0,rb1802,3539,3602,3459,3602.0,73,1120,3511.0,rb1803,3466,3615,3466,3615.0,52,855,3548.0,rb1804,3539,3603,3478,3603.0,18,586,3556.0,rb1805,3475,3540,3393,3538.0,365361,243846,3459.0,rb1806,3399,3490,3381,3490.0,25,754,3426.0,rb1801,3615.0,3699.0,3524.0,3695.0,1693509.0,1551002.0,3603.0
2017-10-09,3679.9458202935416,1527335.0,1792590.0,rb1710,3980,3980,3901,3906.0,4879,11280,3944.0,rb1711,3910,3980,3879,3885.0,282,621,3899.0,rb1712,3942,3953,3839,3859.0,126,1262,3882.0,rb1801,3762,3795,3674,3701.0,1248509,1530278,3733.0,rb1802,3634,3701,3602,3609.0,99,1126,3661.0,rb1803,3660,3691,3604,3604.0,45,867,3649.0,rb1804,3653,3694,3598,3616.0,58,586,3675.0,rb1805,3560,3630,3509,3539.0,272522,244316,3561.0,rb1806,3536,3576,3504,3512.0,44,739,3530.0,rb1801,3762.0,3795.0,3674.0,3701.0,1248509.0,1530278.0,3733.0
2017-10-10,3533.824823737301,2335547.0,2030492.0,rb1710,3891,3891,3787,3800.0,5790,6420,3845.0,rb1711,3840,3865,3782,3782.0,124,630,3820.0,rb1712,3803,3835,3712,3738.0,141,1294,3755.0,rb1801,3695,3702,3552,3553.0,1868237,1733487,3601.0,rb1802,3614,3614,3490,3495.0,209,1151,3535.0,rb1803,3571,3571,3488,3507.0,110,881,3517.0,rb1804,3588,3588,3474,3474.0,54,596,3529.0,rb1805,3540,3543,3408,3411.0,459985,283506,3453.0,rb1806,3490,3492,3371,3382.0,57,755,3417.0,rb1801,3695.0,3702.0,3552.0,3553.0,1868237.0,1733487.0,3601.0
2017-10-11,3501.446226862559,2128132.0,2038741.0,rb1710,3795,3819,3630,3690.0,3720,4470,3787.0,rb1711,3780,3811,3744,3752.0,208,609,3786.0,rb1712,3707,3777,3700,3700.0,326,1293,3734.0,rb1801,3550,3618,3512,3523.0,1681530,1724841,3567.0,rb1802,3478,3538,3451,3473.0,133,1156,3504.0,rb1803,3473,3528,3458,3471.0,24,888,3487.0,rb1804,3468,3504,3468,3490.0,12,594,3487.0,rb1805,3400,3455,3373,3376.0,441628,302256,3415.0,rb1806,3360,3415,3341,3341.0,27,762,3373.0,rb1801,3550.0,3618.0,3512.0,3523.0,1681530.0,1724841.0,3567.0
2017-10-12,3642.758544272445,3070131.0,2139796.0,rb1710,3797,3850,3745,3850.0,480,4500,3787.0,rb1711,3712,3826,3712,3805.0,207,710,3758.0,rb1712,3685,3828,3663,3797.0,257,1282,3743.0,rb1801,3523,3700,3503,3667.0,2389653,1819910,3579.0,rb1802,3450,3600,3435,3580.0,514,1168,3513.0,rb1803,3450,3600,3440,3578.0,337,913,3515.0,rb1804,3450,3595,3439,3595.0,137,653,3477.0,rb1805,3374,3518,3358,3498.0,677054,308004,3417.0,rb1806,3333,3463,3321,3463.0,81,761,3375.0,rb1801,3523.0,3700.0,3503.0,3667.0,2389653.0,1819910.0,3579.0
2017-10-13,3787.1625379351312,2642377.0,2087445.0,rb1710,3855,3899,3854,3899.0,300,4530,3871.0,rb1711,3791,3910,3784,3910.0,182,703,3832.0,rb1712,3827,3900,3796,3900.0,745,1248,3823.0,rb1801,3665,3820,3643,3815.0,2024502,1772280,3718.0,rb1802,3588,3711,3576,3700.0,536,1278,3644.0,rb1803,3566,3707,3566,3707.0,237,974,3641.0,rb1804,3574,3717,3571,3717.0,142,652,3620.0,rb1805,3500,3629,3472,3625.0,614372,303166,3538.0,rb1806,3445,3580,3429,3580.0,82,735,3487.0,rb1801,3665.0,3820.0,3643.0,3815.0,2024502.0,1772280.0,3718.0
2017-10-16,3799.466672274952,2544701.0,2032707.0,rb1710,3980,3990,3810,3815.0,540,4380,3905.0,rb1711,3877,3967,3853,3875.0,140,656,3888.0,rb1712,3924,3935,3838,3870.0,255,1235,3881.0,rb1801,3818,3878,3772,3824.0,1898248,1720453,3813.0,rb1802,3722,3763,3697,3718.0,173,1276,3722.0,rb1803,3707,3768,3699,3739.0,113,1022,3724.0,rb1804,3710,3765,3696,3732.0,56,645,3721.0,rb1805,3625,3700,3602,3661.0,643881,300435,3637.0,rb1806,3571,3630,3571,3630.0,55,701,3597.0,rb1801,3818.0,3878.0,3772.0,3824.0,1898248.0,1720453.0,3813.0
2017-10-17,3721.504339024383,2786643.0,2056914.0,rb1711,3851,3851,3752,3778.0,152,632,3802.0,rb1712,3811,3849,3750,3750.0,281,1272,3793.0,rb1801,3824,3835,3715,3740.0,1959667,1696699,3773.0,rb1802,3720,3744,3657,3694.0,144,1285,3716.0,rb1803,3709,3748,3678,3707.0,52,1045,3714.0,rb1804,3728,3763,3691,3737.0,111,659,3733.0,rb1805,3660,3695,3616,3639.0,813120,343499,3654.0,rb1806,3610,3645,3584,3627.0,80,685,3614.0,rb1807,3595,3639,3574,3600.0,63,142,3594.0,rb1801,3824.0,3835.0,3715.0,3740.0,1959667.0,1696699.0,3773.0
2017-10-18,3670.787036289753,2096657.0,1982488.0,rb1711,3814,3814,3746,3746.0,167,671,3765.0,rb1712,3750,3772,3733,3733.0,115,1261,3750.0,rb1801,3739,3770,3685,3686.0,1458234,1601489,3733.0,rb1802,3673,3696,3650,3650.0,69,1281,3677.0,rb1803,3685,3714,3641,3641.0,87,1077,3684.0,rb1804,3725,3730,3673,3673.0,537,854,3708.0,rb1805,3639,3682,3609,3611.0,629944,362294,3646.0,rb1806,3596,3638,3522,3592.0,32,685,3601.0,rb1807,3631,3631,3576,3576.0,9,140,3601.0,rb1801,3739.0,3770.0,3685.0,3686.0,1458234.0,1601489.0,3733.0
2017-10-19,3590.245793380544,2662698.0,2067753.0,rb1711,3712,3745,3676,3695.0,148,637,3700.0,rb1712,3700,3755,3641,3684.0,416,1120,3676.0,rb1801,3691,3691,3566,3604.0,1922430,1668432,3620.0,rb1802,3620,3627,3520,3551.0,165,1341,3552.0,rb1803,3617,3617,3525,3568.0,108,1163,3550.0,rb1804,3633,3633,3552,3584.0,153,922,3594.0,rb1805,3607,3609,3509,3537.0,728557,379116,3552.0,rb1806,3566,3566,3487,3492.0,55,678,3514.0,rb1807,3540,3542,3488,3496.0,21,138,3521.0,rb1801,3691.0,3691.0,3566.0,3604.0,1922430.0,1668432.0,3620.0
2017-10-20,3757.584244104676,2680773.0,2042042.0,rb1711,3725,3828,3701,3826.0,112,630,3768.0,rb1712,3664,3798,3664,3795.0,185,1066,3750.0,rb1801,3601,3777,3591,3776.0,1805296,1582755,3679.0,rb1802,3546,3700,3542,3700.0,522,1732,3634.0,rb1803,3551,3705,3539,3696.0,385,1282,3577.0,rb1804,3598,3744,3592,3744.0,130,962,3638.0,rb1805,3535,3709,3532,3700.0,859388,435352,3625.0,rb1806,3524,3662,3524,3661.0,47,648,3627.0,rb1807,3516,3659,3516,3658.0,21,128,3588.0,rb1801,3601.0,3777.0,3591.0,3776.0,1805296.0,1582755.0,3679.0
2017-10-23,3693.147103780703,3422501.0,2046392.0,rb1711,3779,3809,3716,3806.0,70,624,3768.0,rb1712,3844,3867,3694,3777.0,78,1053,3754.0,rb1801,3777,3778,3602,3700.0,2208033,1560120,3694.0,rb1802,3702,3703,3550,3650.0,312,1751,3643.0,rb1803,3701,3701,3576,3665.0,347,1428,3660.0,rb1804,3733,3739,3620,3708.0,344,1066,3680.0,rb1805,3696,3703,3564,3677.0,1197787,460574,3661.0,rb1806,3636,3654,3534,3643.0,48,640,3616.0,rb1807,3580,3647,3556,3647.0,45,126,3600.0,rb1801,3777.0,3778.0,3602.0,3700.0,2208033.0,1560120.0,3694.0
2017-10-24,3734.778556309649,2565753.0,2005056.0,rb1711,3782,3836,3752,3821.0,73,649,3797.0,rb1712,3791,3802,3762,3780.0,128,1031,3767.0,rb1801,3698,3777,3672,3739.0,1538325,1461518,3730.0,rb1802,3660,3716,3639,3677.0,222,1817,3681.0,rb1803,3650,3725,3634,3708.0,829,1755,3678.0,rb1804,3640,3774,3640,3764.0,673,903,3696.0,rb1805,3677,3757,3651,3730.0,1012206,515508,3717.0,rb1806,3675,3709,3668,3694.0,15,642,3688.0,rb1807,3657,3686,3618,3686.0,19,124,3664.0,rb1801,3698.0,3777.0,3672.0,3739.0,1538325.0,1461518.0,3730.0
2017-10-25,3700.994946807065,2885242.0,2023671.0,rb1711,3808,3886,3765,3765.0,54,637,3803.0,rb1712,3774,3814,3734,3734.0,74,974,3760.0,rb1801,3745,3814,3680,3703.0,1689255,1447055,3739.0,rb1802,3680,3747,3639,3669.0,119,1814,3707.0,rb1803,3694,3766,3667,3683.0,241,1858,3729.0,rb1804,3740,3803,3693,3730.0,464,1260,3752.0,rb1805,3735,3793,3672,3702.0,1180024,547685,3727.0,rb1806,3672,3740,3630,3655.0,77,633,3680.0,rb1807,3662,3732,3619,3651.0,55,159,3690.0,rb1801,3745.0,3814.0,3680.0,3703.0,1689255.0,1447055.0,3739.0
2017-10-26,3656.453171546321,2826251.0,2003045.0,rb1711,3765,3794,3715,3737.0,124,649,3739.0,rb1712,3737,3745,3685,3685.0,34,986,3706.0,rb1801,3682,3705,3628,3650.0,1593562,1389228,3665.0,rb1802,3621,3645,3586,3597.0,159,1835,3613.0,rb1803,3646,3672,3604,3604.0,358,2069,3635.0,rb1804,3703,3737,3678,3689.0,335,1468,3700.0,rb1805,3673,3720,3645,3677.0,1216252,582222,3678.0,rb1806,3624,3662,3597,3630.0,50,618,3631.0,rb1807,3635,3656,3601,3639.0,68,136,3624.0,rb1801,3682.0,3705.0,3628.0,3650.0,1593562.0,1389228.0,3665.0
2017-10-27,3585.36897807166,2904995.0,2056152.0,rb1711,3738,3738,3650,3650.0,43,667,3680.0,rb1712,3663,3709,3645,3645.0,76,997,3665.0,rb1801,3650,3665,3565,3577.0,1495504,1393099,3619.0,rb1802,3633,3633,3523,3523.0,91,1819,3577.0,rb1803,3618,3626,3550,3550.0,352,2072,3595.0,rb1804,3669,3708,3619,3619.0,171,1501,3665.0,rb1805,3671,3695,3603,3609.0,1386360,624758,3648.0,rb1806,3604,3636,3575,3576.0,78,631,3605.0,rb1807,3599,3623,3569,3623.0,20,138,3594.0,rb1801,3650.0,3665.0,3565.0,3577.0,1495504.0,1393099.0,3619.0
2017-10-30,3575.289015055376,2007143.0,2005463.0,rb1711,3650,3665,3625,3625.0,25,660,3641.0,rb1712,3659,3659,3620,3638.0,18,994,3645.0,rb1801,3581,3628,3561,3571.0,1046305,1300029,3591.0,rb1802,3515,3561,3513,3513.0,154,1834,3539.0,rb1803,3556,3576,3539,3557.0,24,2069,3564.0,rb1804,3617,3648,3611,3611.0,36,1516,3636.0,rb1805,3600,3637,3584,3589.0,949595,666084,3611.0,rb1806,3578,3588,3555,3555.0,17,635,3576.0,rb1807,3577,3582,3560,3560.0,7,139,3571.0,rb1801,3581.0,3628.0,3561.0,3571.0,1046305.0,1300029.0,3591.0
2017-10-31,3634.255038069364,2715469.0,2080807.0,rb1711,3648,3750,3571,3575.0,481,810,3682.0,rb1712,3621,3710,3595,3710.0,98,967,3654.0,rb1801,3575,3665,3535,3628.0,1540143,1338596,3597.0,rb1802,3501,3599,3494,3574.0,139,1834,3522.0,rb1803,3534,3610,3504,3610.0,93,2076,3560.0,rb1804,3606,3701,3596,3701.0,115,1559,3640.0,rb1805,3581,3684,3573,3652.0,1159402,701257,3624.0,rb1806,3547,3637,3525,3609.0,162,618,3588.0,rb1807,3557,3628,3539,3628.0,9,137,3576.0,rb1801,3575.0,3665.0,3535.0,3628.0,1540143.0,1338596.0,3597.0
2017-11-01,3568.131490085937,2364905.0,2024145.0,rb1711,3701,3701,3701,3701.0,30,810,3701.0,rb1712,3678,3690,3653,3653.0,124,932,3667.0,rb1801,3634,3657,3561,3563.0,1170078,1260301,3615.0,rb1802,3564,3599,3518,3518.0,188,1839,3562.0,rb1803,3573,3619,3542,3542.0,143,2143,3589.0,rb1804,3667,3712,3626,3626.0,577,2025,3676.0,rb1805,3656,3690,3580,3582.0,1176772,719483,3649.0,rb1806,3585,3633,3549,3559.0,227,619,3615.0,rb1807,3628,3647,3599,3641.0,5,138,3622.0,rb1805,3656.0,3690.0,3580.0,3582.0,1176772.0,719483.0,3649.0
2017-11-02,3660.326135426916,3071285.0,2055042.0,rb1711,0,0,0,3701.0,0,810,3701.0,rb1712,3690,3747,3690,3700.0,108,903,3725.0,rb1801,3580,3680,3555,3642.0,1314781,1180897,3622.0,rb1802,3518,3638,3503,3595.0,254,1839,3568.0,rb1803,3540,3656,3529,3621.0,366,2320,3602.0,rb1804,3627,3733,3602,3710.0,188,2026,3694.0,rb1805,3594,3724,3572,3692.0,1724687,825546,3658.0,rb1806,3555,3660,3532,3630.0,44,614,3603.0,rb1807,3588,3665,3553,3665.0,18,139,3598.0,rb1805,3594.0,3724.0,3572.0,3692.0,1724687.0,825546.0,3658.0
2017-11-03,3629.26324002053,2330407.0,1985401.0,rb1711,3750,3750,3697,3697.0,240,600,3743.0,rb1712,3692,3700,3688,3700.0,35,905,3692.0,rb1801,3638,3667,3593,3612.0,856235,1083248,3631.0,rb1802,3596,3620,3554,3570.0,157,1877,3595.0,rb1803,3605,3642,3582,3582.0,226,2423,3616.0,rb1804,3716,3730,3664,3664.0,113,2033,3705.0,rb1805,3687,3729,3635,3656.0,1449272,853589,3679.0,rb1806,3652,3657,3586,3595.0,11,618,3626.0,rb1807,3658,3658,3596,3596.0,11,146,3613.0,rb1805,3687.0,3729.0,3635.0,3656.0,1449272.0,853589.0,3679.0
2017-11-06,3747.97223733245,2608302.0,2069974.0,rb1711,3830,3838,3830,3838.0,60,600,3834.0,rb1712,3725,3815,3694,3815.0,145,933,3767.0,rb1801,3622,3748,3612,3736.0,935792,1081165,3687.0,rb1802,3570,3713,3558,3685.0,541,2052,3682.0,rb1803,3593,3732,3585,3717.0,199,2507,3674.0,rb1804,3699,3801,3699,3798.0,85,2041,3756.0,rb1805,3657,3780,3652,3769.0,1635512,928218,3725.0,rb1806,3630,3730,3626,3725.0,23,622,3698.0,rb1807,3681,3700,3681,3700.0,10,145,3688.0,rb1805,3657.0,3780.0,3652.0,3769.0,1635512.0,928218.0,3725.0
2017-11-07,3726.5483242009454,1844135.0,1992542.0,rb1711,3889,3889,3889,3889.0,150,600,3889.0,rb1712,3817,3837,3782,3795.0,39,941,3809.0,rb1801,3739,3752,3682,3707.0,616625,982585,3715.0,rb1802,3696,3719,3657,3681.0,524,2188,3686.0,rb1803,3711,3731,3673,3697.0,469,2840,3703.0,rb1804,3799,3810,3751,3783.0,1072,2276,3789.0,rb1805,3766,3794,3730,3753.0,1203071,947469,3757.0,rb1806,3710,3738,3688,3711.0,41,622,3714.0,rb1807,3722,3722,3709,3712.0,11,141,3717.0,rb1805,3766.0,3794.0,3730.0,3753.0,1203071.0,947469.0,3757.0
2017-11-08,3730.403173529046,2193095.0,2009750.0,rb1711,3850,3850,3802,3811.0,150,510,3817.0,rb1712,3792,3825,3782,3819.0,14,940,3794.0,rb1801,3705,3743,3675,3724.0,613343,964506,3705.0,rb1802,3672,3706,3645,3683.0,182,2186,3671.0,rb1803,3684,3712,3660,3697.0,150,2877,3684.0,rb1804,3750,3789,3733,3786.0,65,2298,3751.0,rb1805,3748,3767,3703,3744.0,1551741,979752,3735.0,rb1806,3695,3715,3659,3712.0,24,620,3689.0,rb1807,3682,3697,3651,3690.0,24,150,3679.0,rb1805,3748.0,3767.0,3703.0,3744.0,1551741.0,979752.0,3735.0
2017-11-09,3755.611510449248,3438659.0,2039764.0,rb1711,3891,3891,3891,3891.0,30,480,3891.0,rb1712,3859,3923,3841,3868.0,195,798,3865.0,rb1801,3736,3832,3725,3760.0,897476,926703,3775.0,rb1802,3699,3797,3699,3736.0,228,2288,3735.0,rb1803,3731,3816,3707,3741.0,247,2907,3769.0,rb1804,3783,3870,3765,3795.0,270,2234,3835.0,rb1805,3746,3846,3733,3760.0,2485365,1045644,3786.0,rb1806,3709,3780,3692,3699.0,46,617,3727.0,rb1807,3737,3770,3690,3694.0,13,150,3728.0,rb1805,3746.0,3846.0,3733.0,3760.0,2485365.0,1045644.0,3786.0
2017-11-10,3807.2419818446174,2504081.0,2050191.0,rb1711,0,0,0,3891.0,0,480,3891.0,rb1712,3864,3937,3856,3937.0,122,694,3869.0,rb1801,3761,3839,3752,3834.0,616685,886571,3790.0,rb1802,3730,3776,3718,3776.0,36,2281,3745.0,rb1803,3723,3788,3723,3773.0,93,2923,3742.0,rb1804,3800,3849,3774,3849.0,148,2202,3822.0,rb1805,3760,3806,3727,3796.0,1845443,1094167,3770.0,rb1806,3688,3754,3686,3743.0,96,587,3732.0,rb1807,3706,3716,3706,3716.0,8,149,3709.0,rb1805,3760.0,3806.0,3727.0,3796.0,1845443.0,1094167.0,3770.0
2017-11-13,3835.342809275917,3195837.0,2075396.0,rb1711,3950,3950,3950,3950.0,90,450,3950.0,rb1712,3915,4048,3915,3998.0,120,639,3999.0,rb1801,3850,3915,3813,3894.0,807859,897276,3860.0,rb1802,3813,3826,3764,3819.0,298,2109,3801.0,rb1803,3811,3814,3748,3808.0,545,2661,3784.0,rb1804,3853,3872,3807,3848.0,294,2093,3831.0,rb1805,3810,3845,3740,3803.0,2317920,1097047,3781.0,rb1806,3720,3733,3704,3733.0,39,580,3719.0,rb1807,3753,3759,3691,3739.0,85,209,3737.0,rb1805,3810.0,3845.0,3740.0,3803.0,2317920.0,1097047.0,3781.0
2017-11-14,3856.006987382871,2303399.0,2013057.0,rb1711,3692,4099,3692,4099.0,60,450,3895.0,rb1712,3992,4040,3988,4040.0,27,637,4002.0,rb1801,3900,3954,3873,3946.0,489481,852642,3911.0,rb1802,3812,3852,3790,3828.0,155,2040,3831.0,rb1803,3815,3849,3791,3832.0,139,2610,3823.0,rb1804,3858,3889,3836,3876.0,97,2058,3861.0,rb1805,3799,3830,3769,3804.0,1770221,1076041,3801.0,rb1806,3745,3766,3735,3753.0,167,564,3740.0,rb1807,3727,3743,3707,3716.0,80,149,3733.0,rb1805,3799.0,3830.0,3769.0,3804.0,1770221.0,1076041.0,3801.0
2017-11-15,3770.6489342836217,2830719.0,1905948.0,rb1711,4121,4121,3905,3905.0,90,360,3977.0,rb1712,4040,4040,3983,4009.0,207,491,4009.0,rb1801,3950,3953,3845,3883.0,647932,787895,3888.0,rb1802,3838,3843,3716,3773.0,237,2021,3756.0,rb1803,3831,3838,3709,3750.0,446,2445,3756.0,rb1804,3862,3888,3751,3779.0,218,2005,3795.0,rb1805,3805,3828,3676,3705.0,2119642,1029884,3739.0,rb1806,3753,3765,3622,3655.0,153,510,3693.0,rb1807,3660,3660,3610,3628.0,12,149,3639.0,rb1805,3805.0,3828.0,3676.0,3705.0,2119642.0,1029884.0,3739.0
2017-11-16,3750.377305691937,2322278.0,1895418.0,rb1712,4001,4019,3974,4019.0,69,439,4005.0,rb1801,3901,3906,3842,3872.0,470975,760729,3879.0,rb1802,3750,3785,3739,3770.0,456,1957,3765.0,rb1803,3768,3779,3735,3748.0,66,2416,3754.0,rb1804,3783,3784,3750,3763.0,121,2004,3765.0,rb1805,3718,3728,3656,3680.0,1814765,1048476,3695.0,rb1806,3647,3647,3595,3640.0,36,516,3619.0,rb1807,3633,3633,3590,3617.0,7,151,3617.0,rb1808,3605,3637,3593,3615.0,9,125,3617.0,rb1805,3718.0,3728.0,3656.0,3680.0,1814765.0,1048476.0,3695.0
2017-11-17,3709.2899809667138,2253212.0,1897728.0,rb1712,4016,4016,3992,4010.0,62,435,4000.0,rb1801,3869,3888,3842,3854.0,365507,712737,3865.0,rb1802,3769,3774,3720,3721.0,233,1917,3734.0,rb1803,3746,3746,3680,3680.0,28,2420,3704.0,rb1804,3766,3771,3688,3688.0,95,1979,3735.0,rb1805,3681,3703,3621,3632.0,1849356,1097547,3657.0,rb1806,3628,3637,3577,3594.0,43,513,3615.0,rb1807,3605,3617,3544,3560.0,36,147,3596.0,rb1808,3593,3593,3564,3572.0,14,120,3572.0,rb1805,3681.0,3703.0,3621.0,3632.0,1849356.0,1097547.0,3657.0
2017-11-20,3755.721045761905,2318495.0,1832616.0,rb1712,4020,4020,3989,4010.0,97,435,3990.0,rb1801,3852,3895,3834,3879.0,433901,665194,3869.0,rb1802,3742,3774,3736,3758.0,72,1896,3753.0,rb1803,3706,3771,3706,3752.0,108,2412,3746.0,rb1804,3714,3781,3708,3762.0,222,1959,3722.0,rb1805,3627,3707,3627,3696.0,1838807,1079320,3665.0,rb1806,3586,3649,3579,3633.0,108,541,3613.0,rb1807,3574,3624,3574,3624.0,16,144,3584.0,rb1808,3585,3600,3571,3600.0,8,119,3583.0,rb1805,3627.0,3707.0,3627.0,3696.0,1838807.0,1079320.0,3665.0
2017-11-21,3812.102862962109,2352536.0,1821540.0,rb1712,4013,4040,4008,4011.0,7,438,4015.0,rb1801,3880,3949,3865,3926.0,349078,636443,3908.0,rb1802,3771,3842,3766,3842.0,58,1901,3790.0,rb1803,3769,3826,3761,3809.0,111,2354,3801.0,rb1804,3773,3834,3770,3829.0,74,1940,3810.0,rb1805,3698,3778,3676,3763.0,1961724,1095451,3732.0,rb1806,3640,3714,3635,3687.0,90,550,3672.0,rb1807,3663,3669,3660,3669.0,3,144,3664.0,rb1808,3632,3683,3624,3683.0,34,116,3636.0,rb1805,3698.0,3778.0,3676.0,3763.0,1961724.0,1095451.0,3732.0
2017-11-22,3853.2097959280927,2254036.0,1846604.0,rb1712,4060,4061,4007,4019.0,18,436,4025.0,rb1801,3940,3968,3917,3955.0,287945,599471,3944.0,rb1802,3836,3882,3820,3882.0,78,1900,3853.0,rb1803,3820,3869,3814,3869.0,128,2330,3842.0,rb1804,3834,3885,3826,3877.0,307,1930,3846.0,rb1805,3769,3828,3761,3817.0,1916668,1156498,3794.0,rb1806,3718,3750,3691,3750.0,71,566,3721.0,rb1807,3705,3735,3691,3735.0,15,136,3715.0,rb1808,3744,3744,3707,3741.0,9,120,3730.0,rb1805,3769.0,3828.0,3761.0,3817.0,1916668.0,1156498.0,3794.0
2017-11-23,3860.838413957143,2320397.0,1873392.0,rb1712,4093,4093,4092,4092.0,11,433,4092.0,rb1801,3964,3993,3946,3970.0,261195,579288,3966.0,rb1802,3879,3898,3863,3869.0,52,1882,3877.0,rb1803,3858,3884,3850,3857.0,157,2307,3866.0,rb1804,3799,3901,3799,3860.0,97,1909,3884.0,rb1805,3817,3858,3808,3826.0,2003228,1197465,3829.0,rb1806,3766,3777,3739,3751.0,46,556,3759.0,rb1807,3738,3746,3736,3742.0,7,130,3741.0,rb1808,3762,3762,3755,3758.0,4,119,3758.0,rb1805,3817.0,3858.0,3808.0,3826.0,2003228.0,1197465.0,3829.0
2017-11-24,3858.503190825278,2026295.0,1831031.0,rb1712,4098,4098,4051,4080.0,49,425,4068.0,rb1801,3970,3997,3917,3993.0,239251,552991,3964.0,rb1802,3850,3874,3840,3874.0,69,1861,3864.0,rb1803,3803,3854,3796,3854.0,72,2323,3827.0,rb1804,3837,3863,3812,3857.0,68,1890,3840.0,rb1805,3830,3833,3724,3814.0,1745806,1181276,3796.0,rb1806,3679,3753,3679,3753.0,43,555,3737.0,rb1807,3756,3756,3718,3718.0,4,129,3734.0,rb1808,3688,3688,3688,3688.0,1,118,3688.0,rb1805,3830.0,3833.0,3724.0,3814.0,1745806.0,1181276.0,3796.0
2017-11-27,3904.4031099223416,2643843.0,1896639.0,rb1712,4123,4189,4068,4137.0,104,419,4152.0,rb1801,3993,4121,3992,4100.0,447880,577733,4065.0,rb1802,3894,4018,3873,3950.0,56,1871,3947.0,rb1803,3849,3938,3843,3882.0,361,2221,3881.0,rb1804,3870,3927,3841,3885.0,125,1870,3891.0,rb1805,3815,3888,3792,3833.0,2134305,1220773,3845.0,rb1806,3743,3807,3731,3760.0,62,547,3777.0,rb1807,3722,3761,3722,3742.0,17,135,3741.0,rb1808,3721,3780,3721,3740.0,17,115,3751.0,rb1805,3815.0,3888.0,3792.0,3833.0,2134305.0,1220773.0,3845.0
2017-11-28,3938.451296161818,2015778.0,1965071.0,rb1712,4155,4182,4105,4105.0,138,296,4138.0,rb1801,4102,4156,4102,4150.0,358528,562553,4129.0,rb1802,3963,3997,3940,3989.0,155,1857,3980.0,rb1803,3870,3953,3870,3953.0,188,2204,3928.0,rb1804,3882,3933,3881,3933.0,115,1860,3902.0,rb1805,3845,3882,3832,3872.0,1598014,1289535,3858.0,rb1806,3777,3810,3770,3807.0,79,545,3787.0,rb1807,3753,3756,3753,3756.0,4,135,3755.0,rb1808,3748,3774,3734,3774.0,26,138,3767.0,rb1805,3845.0,3882.0,3832.0,3872.0,1598014.0,1289535.0,3858.0
2017-11-29,3997.994702145174,2753024.0,2131995.0,rb1712,4080,4250,4065,4250.0,164,293,4147.0,rb1801,4158,4193,4127,4181.0,316552,553220,4153.0,rb1802,3969,4039,3954,4039.0,221,1885,4002.0,rb1803,3945,4031,3922,4029.0,242,2171,3975.0,rb1804,3924,4020,3898,4012.0,94,1874,3965.0,rb1805,3885,3966,3840,3957.0,2355964,1447828,3899.0,rb1806,3813,3898,3781,3885.0,256,568,3847.0,rb1807,3798,3853,3798,3853.0,11,140,3831.0,rb1808,3769,3828,3760,3823.0,46,150,3791.0,rb1805,3885.0,3966.0,3840.0,3957.0,2355964.0,1447828.0,3899.0
2017-11-30,4029.673942027133,3177340.0,2112885.0,rb1712,4293,4437,4210,4374.0,137,270,4370.0,rb1801,4194,4327,4187,4247.0,559045,496128,4256.0,rb1802,4076,4161,4041,4087.0,180,1952,4089.0,rb1803,4042,4111,4029,4060.0,210,2118,4065.0,rb1804,4024,4102,4006,4046.0,136,1891,4051.0,rb1805,3960,4043,3948,3990.0,2512316,1462450,3997.0,rb1806,3882,3950,3875,3889.0,260,553,3914.0,rb1807,3890,3893,3887,3887.0,11,146,3889.0,rb1808,3844,3880,3823,3844.0,40,159,3860.0,rb1805,3960.0,4043.0,3948.0,3990.0,2512316.0,1462450.0,3997.0
2017-12-01,4021.62426053697,2575008.0,2065181.0,rb1712,4353,4353,4348,4348.0,90,240,4351.0,rb1801,4250,4302,4226,4278.0,333383,458915,4266.0,rb1802,4091,4159,4070,4081.0,194,1948,4103.0,rb1803,4064,4106,4020,4052.0,140,2091,4063.0,rb1804,4051,4070,4006,4044.0,71,1864,4034.0,rb1805,3993,4018,3928,3977.0,2163492,1446853,3977.0,rb1806,3917,3917,3839,3901.0,56,540,3902.0,rb1807,3887,3889,3822,3843.0,19,151,3869.0,rb1808,3785,3874,3785,3818.0,57,157,3826.0,rb1805,3993.0,4018.0,3928.0,3977.0,2163492.0,1446853.0,3977.0
2017-12-04,4103.552227588785,2754882.0,2102318.0,rb1712,4400,4400,4400,4400.0,60,180,4400.0,rb1801,4281,4403,4256,4399.0,310656,433524,4336.0,rb1802,4100,4212,4098,4212.0,178,1980,4192.0,rb1803,4043,4178,4042,4145.0,488,2117,4142.0,rb1804,4027,4166,4023,4125.0,400,1821,4137.0,rb1805,3972,4104,3952,4056.0,2355858,1502648,4039.0,rb1806,3902,4011,3865,3976.0,51,537,3967.0,rb1807,3919,3961,3860,3930.0,37,160,3927.0,rb1808,3811,3920,3810,3900.0,47,159,3884.0,rb1805,3972.0,4104.0,3952.0,4056.0,2355858.0,1502648.0,4039.0
2017-12-05,4072.573381032698,2232062.0,2057330.0,rb1712,4595,4595,4595,4595.0,30,150,4595.0,rb1801,4399,4444,4375,4392.0,268185,400137,4412.0,rb1802,4189,4268,4189,4227.0,363,1850,4231.0,rb1803,4145,4179,4131,4136.0,255,1999,4158.0,rb1804,4132,4160,4098,4110.0,234,1810,4126.0,rb1805,4057,4085,4004,4025.0,1906166,1489104,4051.0,rb1806,3981,4002,3932,3937.0,89,541,3972.0,rb1807,3929,3939,3875,3875.0,11,159,3899.0,rb1808,3891,3903,3833,3833.0,52,130,3866.0,rb1805,4057.0,4085.0,4004.0,4025.0,1906166.0,1489104.0,4051.0
2017-12-06,3974.409564060072,2741393.0,2016654.0,rb1712,0,0,0,4550.0,0,150,4550.0,rb1801,4390,4396,4313,4344.0,252430,375062,4355.0,rb1802,4189,4231,4139,4149.0,183,1844,4178.0,rb1803,4108,4135,4046,4046.0,52,1972,4070.0,rb1804,4107,4107,3988,4001.0,273,1734,4027.0,rb1805,4025,4032,3905,3916.0,2406834,1477737,3956.0,rb1806,3941,3941,3831,3833.0,35,539,3880.0,rb1807,3836,3836,3764,3791.0,20,156,3795.0,rb1808,3836,3857,3741,3745.0,19,116,3807.0,rb1805,4025.0,4032.0,3905.0,3916.0,2406834.0,1477737.0,3956.0
2017-12-07,3862.681864815213,3271554.0,1886085.0,rb1712,4330,4330,4330,4330.0,30,150,4330.0,rb1801,4355,4363,4104,4169.0,327168,322216,4256.0,rb1802,4165,4177,3967,4014.0,451,1680,4143.0,rb1803,4066,4079,3935,3965.0,273,1869,4030.0,rb1804,4009,4022,3889,3925.0,315,1679,3986.0,rb1805,3926,3942,3759,3828.0,2850614,1390325,3877.0,rb1806,3848,3848,3738,3738.0,85,514,3807.0,rb1807,3791,3791,3684,3692.0,42,153,3755.0,rb1808,3750,3751,3609,3640.0,55,109,3711.0,rb1805,3926.0,3942.0,3759.0,3828.0,2850614.0,1390325.0,3877.0
2017-12-08,3933.600202079304,2511103.0,1808201.0,rb1712,0,0,0,4330.0,0,150,4330.0,rb1801,4179,4308,4136,4283.0,227463,300640,4217.0,rb1802,4019,4120,4005,4120.0,151,1708,4082.0,rb1803,4041,4050,3970,4050.0,78,1869,4011.0,rb1804,3925,3989,3901,3989.0,75,1672,3922.0,rb1805,3830,3912,3806,3895.0,2210902,1335225,3851.0,rb1806,3743,3825,3736,3825.0,56,516,3778.0,rb1807,3695,3766,3678,3759.0,71,169,3710.0,rb1808,3655,3728,3655,3728.0,10,113,3706.0,rb1805,3830.0,3912.0,3806.0,3895.0,2210902.0,1335225.0,3851.0
2017-12-11,3949.456281574882,2918743.0,1796325.0,rb1712,0,0,0,4330.0,0,150,4330.0,rb1801,4283,4340,4232,4299.0,169895,291299,4293.0,rb1802,4121,4174,4101,4110.0,83,1711,4125.0,rb1803,4066,4095,4031,4042.0,67,1871,4066.0,rb1804,3988,4053,3969,3993.0,87,1640,4009.0,rb1805,3893,3967,3872,3912.0,2661954,1338130,3917.0,rb1806,3827,3888,3811,3829.0,55,483,3854.0,rb1807,3767,3798,3765,3777.0,25,163,3789.0,rb1808,3737,3777,3718,3754.0,30,101,3746.0,rb1805,3893.0,3967.0,3872.0,3912.0,2661954.0,1338130.0,3917.0
2017-12-12,3923.4852534587776,2750077.0,1802660.0,rb1712,4460,4460,4460,4460.0,30,150,4460.0,rb1801,4300,4343,4275,4305.0,122221,275399,4303.0,rb1802,4114,4169,4100,4131.0,150,1697,4119.0,rb1803,4069,4098,4013,4026.0,54,1873,4073.0,rb1804,3993,4065,3970,3980.0,206,1546,4023.0,rb1805,3923,3988,3862,3884.0,2550518,1357044,3925.0,rb1806,3841,3896,3800,3800.0,123,478,3878.0,rb1807,3765,3835,3750,3758.0,479,373,3810.0,rb1808,3739,3777,3692,3692.0,4,102,3726.0,rb1805,3923.0,3988.0,3862.0,3884.0,2550518.0,1357044.0,3925.0
2017-12-13,3888.1475223343614,3101699.0,1843348.0,rb1712,0,0,0,4460.0,0,150,4460.0,rb1801,4303,4374,4252,4350.0,202102,282295,4324.0,rb1802,4123,4180,4101,4165.0,147,1704,4144.0,rb1803,4013,4054,4002,4038.0,132,1885,4019.0,rb1804,3969,3982,3917,3933.0,63,1517,3950.0,rb1805,3884,3892,3816,3831.0,2809004,1390761,3848.0,rb1806,3802,3802,3740,3758.0,101,508,3768.0,rb1807,3735,3781,3712,3746.0,69,381,3746.0,rb1808,3699,3699,3670,3684.0,29,114,3686.0,rb1805,3884.0,3892.0,3816.0,3831.0,2809004.0,1390761.0,3848.0
2017-12-14,3830.106390998288,2665116.0,1785527.0,rb1712,4772,4772,4772,4772.0,30,150,4772.0,rb1801,4337,4354,4250,4263.0,155897,236020,4297.0,rb1802,4150,4151,4087,4107.0,139,1660,4121.0,rb1803,4054,4067,3991,3993.0,21,1878,4034.0,rb1804,3936,3956,3879,3895.0,182,1520,3932.0,rb1805,3832,3860,3773,3786.0,2419698,1378138,3819.0,rb1806,3810,3810,3725,3741.0,470,653,3758.0,rb1807,3739,3752,3695,3698.0,36,376,3728.0,rb1808,3690,3708,3651,3665.0,76,174,3675.0,rb1805,3832.0,3860.0,3773.0,3786.0,2419698.0,1378138.0,3819.0
2017-12-15,3848.501152037871,2091185.0,1702635.0,rb1712,0,0,0,4772.0,0,150,4772.0,rb1801,4258,4260,4169,4205.0,161423,205088,4208.0,rb1802,4090,4090,4020,4074.0,175,1711,4047.0,rb1803,3859,4050,3859,4003.0,117,1909,3994.0,rb1804,3881,3925,3872,3923.0,153,1577,3906.0,rb1805,3782,3839,3770,3824.0,1857713,1326082,3806.0,rb1806,3733,3791,3719,3781.0,116,651,3755.0,rb1807,3699,3748,3681,3734.0,49,349,3707.0,rb1808,3657,3718,3654,3696.0,183,238,3701.0,rb1805,3782.0,3839.0,3770.0,3824.0,1857713.0,1326082.0,3806.0
2017-12-18,3892.187808103444,3151103.0,1641697.0,rb1801,4215,4279,4207,4244.0,107606,183350,4237.0,rb1802,4052,4186,4047,4068.0,154,1711,4076.0,rb1803,4022,4067,3993,4036.0,225,1825,4042.0,rb1804,3951,4009,3920,3956.0,133,1592,3952.0,rb1805,3839,3918,3810,3874.0,2937818,1290370,3856.0,rb1806,3785,3855,3764,3819.0,2397,726,3822.0,rb1807,3750,3770,3687,3762.0,292,205,3751.0,rb1808,3733,3771,3698,3749.0,76,234,3740.0,rb1809,3667,3720,3646,3689.0,1230,1408,3679.0,rb1805,3839.0,3918.0,3810.0,3874.0,2937818.0,1290370.0,3856.0
2017-12-19,3811.139659389088,2619880.0,1682565.0,rb1801,4250,4260,4163,4187.0,67980,169394,4213.0,rb1802,4080,4087,4012,4027.0,60,1694,4040.0,rb1803,4035,4035,3945,3958.0,55,1785,3974.0,rb1804,3930,3930,3874,3885.0,170,1686,3891.0,rb1805,3876,3878,3778,3791.0,2477981,1339709,3823.0,rb1806,3790,3809,3735,3744.0,934,1362,3785.0,rb1807,3755,3755,3685,3689.0,94,225,3721.0,rb1808,3745,3745,3682,3682.0,43,232,3709.0,rb1809,3685,3692,3642,3643.0,502,1554,3661.0,rb1805,3876.0,3878.0,3778.0,3791.0,2477981.0,1339709.0,3823.0
2017-12-20,3814.510010407968,2241368.0,1652580.0,rb1801,4170,4193,4151,4168.0,43500,150034,4170.0,rb1802,3990,4036,3989,4011.0,47,1699,4010.0,rb1803,3931,3972,3931,3955.0,39,1776,3964.0,rb1804,3875,3916,3861,3869.0,147,1695,3893.0,rb1805,3789,3835,3761,3804.0,2132194,1324057,3801.0,rb1806,3750,3784,3729,3761.0,274,1448,3752.0,rb1807,3704,3725,3699,3709.0,35,222,3715.0,rb1808,3667,3715,3666,3688.0,9,231,3688.0,rb1809,3621,3661,3621,3640.0,461,1668,3643.0,rb1805,3789.0,3835.0,3761.0,3804.0,2132194.0,1324057.0,3801.0
2017-12-21,3857.2473025095287,2818310.0,1533555.0,rb1801,4168,4230,4168,4211.0,45377,131442,4198.0,rb1802,4032,4065,4008,4053.0,124,1718,4038.0,rb1803,3998,4031,3977,4010.0,49,1790,3995.0,rb1804,3909,3966,3896,3945.0,86,1698,3928.0,rb1805,3811,3884,3795,3853.0,2675713,1222602,3843.0,rb1806,3782,3816,3750,3802.0,86,1430,3793.0,rb1807,3726,3781,3712,3761.0,59,193,3758.0,rb1808,3718,3752,3694,3741.0,48,231,3726.0,rb1809,3648,3690,3623,3669.0,941,1615,3665.0,rb1805,3811.0,3884.0,3795.0,3853.0,2675713.0,1222602.0,3843.0
2017-12-22,3938.814798970577,2634463.0,1619937.0,rb1801,4207,4266,4207,4260.0,43378,118674,4241.0,rb1802,4052,4162,4052,4123.0,155,1672,4130.0,rb1803,4010,4100,4001,4099.0,88,1810,4074.0,rb1804,3960,4040,3956,4032.0,499,1786,4012.0,rb1805,3853,3954,3850,3942.0,2493465,1329357,3908.0,rb1806,3831,3893,3817,3890.0,123,1415,3870.0,rb1807,3777,3832,3754,3819.0,77,171,3779.0,rb1808,3743,3790,3743,3790.0,8,232,3764.0,rb1809,3674,3746,3666,3731.0,593,1550,3712.0,rb1805,3853.0,3954.0,3850.0,3942.0,2493465.0,1329357.0,3908.0
2017-12-25,3788.184955789762,2726864.0,1531885.0,rb1801,4250,4269,4159,4163.0,44402,102516,4206.0,rb1802,4140,4145,4017,4038.0,92,1642,4068.0,rb1803,4091,4091,3946,3964.0,119,1854,4007.0,rb1804,4027,4027,3877,3883.0,121,1783,3924.0,rb1805,3944,3948,3784,3787.0,2582865,1245116,3860.0,rb1806,3878,3883,3741,3743.0,138,1422,3811.0,rb1807,3844,3844,3701,3702.0,64,164,3755.0,rb1808,3800,3800,3678,3683.0,45,228,3710.0,rb1809,3769,3769,3630,3630.0,520,1524,3670.0,rb1805,3944.0,3948.0,3784.0,3787.0,2582865.0,1245116.0,3860.0
2017-12-26,3814.655977951734,2210699.0,1522478.0,rb1801,4158,4160,4041,4095.0,60165,76786,4105.0,rb1802,4020,4081,3975,4011.0,101,1650,4019.0,rb1803,3962,3993,3947,3977.0,61,1873,3972.0,rb1804,3877,3930,3877,3921.0,197,1876,3911.0,rb1805,3780,3836,3774,3822.0,2051525,1270928,3807.0,rb1806,3736,3782,3729,3775.0,122,1457,3751.0,rb1807,3692,3749,3692,3749.0,6,169,3715.0,rb1808,3680,3726,3680,3726.0,6,233,3696.0,rb1809,3624,3682,3624,3682.0,305,1560,3651.0,rb1805,3780.0,3836.0,3774.0,3822.0,2051525.0,1270928.0,3807.0
2017-12-27,3784.519521146102,2163003.0,1545273.0,rb1801,4080,4125,4065,4090.0,24824,66878,4100.0,rb1802,4004,4054,3988,3988.0,193,1685,4002.0,rb1803,3979,3988,3952,3974.0,77,1924,3972.0,rb1804,3910,3925,3887,3892.0,252,1968,3906.0,rb1805,3820,3829,3784,3792.0,2025255,1299981,3809.0,rb1806,3770,3779,3750,3755.0,160,1370,3764.0,rb1807,3737,3745,3709,3745.0,15,172,3729.0,rb1808,3715,3719,3695,3695.0,24,231,3711.0,rb1809,3672,3689,3655,3666.0,657,1809,3675.0,rb1805,3820.0,3829.0,3784.0,3792.0,2025255.0,1299981.0,3809.0
2017-12-28,3755.502927836123,2340578.0,1616723.0,rb1801,4092,4151,4082,4141.0,24222,54580,4116.0,rb1802,3990,4011,3980,3989.0,174,1761,3995.0,rb1803,3958,3988,3927,3977.0,105,1971,3961.0,rb1804,3870,3888,3840,3868.0,137,2020,3862.0,rb1805,3780,3800,3740,3758.0,2205745,1388278,3765.0,rb1806,3731,3757,3697,3725.0,163,1400,3719.0,rb1807,3705,3705,3664,3688.0,60,184,3682.0,rb1808,3678,3691,3659,3679.0,13,236,3676.0,rb1809,3655,3666,3625,3650.0,663,2036,3643.0,rb1805,3780.0,3800.0,3740.0,3758.0,2205745.0,1388278.0,3765.0
2017-12-29,3782.977587635238,2318649.0,1459373.0,rb1801,4140,4256,4130,4248.0,40615,28447,4215.0,rb1802,4018,4062,3978,3987.0,275,1744,4027.0,rb1803,3966,4014,3947,3969.0,143,1986,3990.0,rb1804,3850,3919,3850,3878.0,310,2172,3896.0,rb1805,3753,3824,3748,3794.0,2188572,1262135,3794.0,rb1806,3718,3777,3708,3747.0,141,1391,3738.0,rb1807,3688,3750,3688,3709.0,27,190,3722.0,rb1808,3709,3728,3709,3718.0,22,237,3722.0,rb1809,3646,3691,3645,3666.0,912,1940,3675.0,rb1805,3753.0,3824.0,3748.0,3794.0,2188572.0,1262135.0,3794.0
2018-01-02,3857.895461605254,1560166.0,1390073.0,rb1801,4285,4301,4233,4280.0,7477,22410,4286.0,rb1802,3984,4070,3984,4038.0,194,1915,4041.0,rb1803,3971,4043,3969,4030.0,254,2102,4017.0,rb1804,3927,3985,3914,3985.0,170,2148,3931.0,rb1805,3801,3886,3794,3874.0,1480718,1206786,3842.0,rb1806,3754,3832,3750,3820.0,74,1392,3788.0,rb1807,3726,3815,3726,3806.0,90,191,3757.0,rb1808,3709,3772,3707,3758.0,50,233,3729.0,rb1809,3667,3730,3657,3715.0,412,1941,3695.0,rb1805,3801.0,3886.0,3794.0,3874.0,1480718.0,1206786.0,3842.0
2018-01-03,3793.993940120941,1834868.0,1400523.0,rb1801,4287,4289,4218,4218.0,4380,19230,4268.0,rb1802,4032,4040,3988,3988.0,57,1944,4016.0,rb1803,4025,4030,3962,3966.0,202,2172,4005.0,rb1804,3964,3967,3907,3907.0,191,2168,3942.0,rb1805,3866,3877,3803,3809.0,1761922,1216818,3845.0,rb1806,3812,3819,3760,3767.0,57,1398,3788.0,rb1807,3782,3799,3735,3742.0,35,199,3764.0,rb1808,3761,3761,3713,3713.0,4,231,3731.0,rb1809,3713,3727,3675,3675.0,420,1939,3699.0,rb1805,3866.0,3877.0,3803.0,3809.0,1761922.0,1216818.0,3845.0
2018-01-04,3805.3792989429217,1942400.0,1472833.0,rb1801,4236,4250,4215,4231.0,2040,17820,4232.0,rb1802,3970,4016,3970,4000.0,88,1957,3992.0,rb1803,3973,3995,3922,3995.0,33,2176,3971.0,rb1804,3914,3938,3891,3914.0,82,2193,3918.0,rb1805,3805,3842,3788,3819.0,1873882,1290545,3811.0,rb1806,3790,3800,3750,3775.0,523,1662,3774.0,rb1807,3740,3746,3735,3746.0,16,204,3737.0,rb1808,3713,3727,3702,3724.0,16,227,3714.0,rb1809,3673,3699,3671,3693.0,281,1984,3684.0,rb1805,3805.0,3842.0,3788.0,3819.0,1873882.0,1290545.0,3811.0
2018-01-05,3783.435369521879,2042859.0,1565523.0,rb1801,4222,4232,4150,4175.0,4680,15090,4192.0,rb1802,3995,3999,3918,3966.0,207,1874,3979.0,rb1803,3986,3986,3923,3957.0,92,2196,3947.0,rb1804,3915,3937,3869,3920.0,109,2245,3908.0,rb1805,3812,3827,3760,3798.0,1970580,1372218,3791.0,rb1806,3754,3763,3726,3754.0,411,1995,3743.0,rb1807,3749,3749,3692,3733.0,72,196,3728.0,rb1808,3724,3724,3688,3711.0,27,229,3707.0,rb1809,3693,3697,3657,3679.0,284,2027,3676.0,rb1805,3812.0,3827.0,3760.0,3798.0,1970580.0,1372218.0,3791.0
2018-01-08,3800.434928839664,2254254.0,1556204.0,rb1801,4156,4190,4150,4180.0,3630,13200,4171.0,rb1802,3995,4000,3921,4000.0,288,1831,3956.0,rb1803,3957,3957,3897,3951.0,409,2365,3922.0,rb1804,3904,3920,3845,3897.0,118,2264,3871.0,rb1805,3795,3820,3733,3818.0,2164645,1358606,3772.0,rb1806,3768,3768,3701,3768.0,102,1999,3726.0,rb1807,3733,3756,3690,3756.0,25,204,3713.0,rb1808,3714,3725,3672,3725.0,62,228,3693.0,rb1809,3660,3684,3642,3684.0,562,2082,3662.0,rb1805,3795.0,3820.0,3733.0,3818.0,2164645.0,1358606.0,3772.0
2018-01-09,3802.00234175828,1649415.0,1473679.0,rb1801,4179,4195,4170,4195.0,3630,10170,4182.0,rb1802,3993,4008,3959,3980.0,242,1894,3974.0,rb1803,3950,3978,3943,3944.0,447,2472,3961.0,rb1804,3941,3944,3914,3914.0,201,2301,3935.0,rb1805,3818,3843,3810,3819.0,1574274,1282232,3824.0,rb1806,3777,3800,3774,3781.0,97,2000,3787.0,rb1807,3756,3777,3745,3759.0,61,199,3765.0,rb1808,3741,3748,3731,3734.0,17,226,3739.0,rb1809,3689,3710,3682,3699.0,411,2005,3697.0,rb1805,3818.0,3843.0,3810.0,3819.0,1574274.0,1282232.0,3824.0
2018-01-10,3831.071265807052,2178443.0,1520603.0,rb1801,4195,4400,4184,4398.0,8220,3960,4291.0,rb1802,3964,3991,3955,3976.0,135,1936,3982.0,rb1803,3955,3993,3935,3976.0,77,2478,3966.0,rb1804,3944,3979,3896,3952.0,209,2186,3923.0,rb1805,3818,3868,3792,3849.0,2087000,1338283,3833.0,rb1806,3773,3827,3753,3810.0,634,1972,3805.0,rb1807,3743,3787,3743,3787.0,44,188,3775.0,rb1808,3731,3773,3721,3773.0,8,228,3748.0,rb1809,3704,3747,3688,3731.0,470,2049,3712.0,rb1805,3818.0,3868.0,3792.0,3849.0,2087000.0,1338283.0,3833.0
2018-01-11,3819.1923801171447,1886835.0,1480049.0,rb1801,4398,4410,4340,4390.0,780,3360,4386.0,rb1802,3981,4020,3981,3986.0,59,1914,3992.0,rb1803,3980,4003,3954,3961.0,220,2626,3963.0,rb1804,3967,3975,3918,3936.0,196,2148,3946.0,rb1805,3858,3876,3824,3838.0,1815866,1298575,3850.0,rb1806,3817,3826,3778,3793.0,302,1972,3813.0,rb1807,3800,3803,3764,3780.0,40,195,3790.0,rb1808,3780,3785,3751,3758.0,69,217,3766.0,rb1809,3738,3748,3704,3721.0,458,2083,3729.0,rb1805,3858.0,3876.0,3824.0,3838.0,1815866.0,1298575.0,3850.0
2018-01-12,3773.520960491586,1719031.0,1551872.0,rb1801,4390,4420,4380,4394.0,1560,2280,4392.0,rb1802,3971,3978,3923,3930.0,149,1895,3936.0,rb1803,3960,3969,3880,3892.0,426,2922,3903.0,rb1804,3929,3937,3867,3867.0,183,2117,3897.0,rb1805,3838,3849,3778,3790.0,1649403,1366538,3807.0,rb1806,3788,3796,3738,3754.0,207,2026,3760.0,rb1807,3773,3773,3718,3721.0,41,200,3745.0,rb1808,3752,3752,3703,3728.0,49,239,3725.0,rb1809,3723,3725,3679,3689.0,522,2154,3695.0,rb1805,3838.0,3849.0,3778.0,3790.0,1649403.0,1366538.0,3807.0
2018-01-15,3787.250316039101,1652796.0,1606605.0,rb1801,4690,4699,4550,4699.0,510,1800,4687.0,rb1802,3915,3917,3846,3872.0,296,2066,3891.0,rb1803,3863,3889,3817,3872.0,1116,3587,3863.0,rb1804,3869,3890,3839,3872.0,427,2213,3864.0,rb1805,3786,3811,3749,3802.0,1548607,1416751,3784.0,rb1806,3743,3761,3725,3758.0,110,2048,3741.0,rb1807,3726,3754,3690,3740.0,97,254,3725.0,rb1808,3712,3715,3692,3712.0,45,239,3700.0,rb1809,3684,3715,3671,3706.0,350,2162,3694.0,rb1805,3786.0,3811.0,3749.0,3802.0,1548607.0,1416751.0,3784.0
2018-01-16,3773.018500652064,1911870.0,1502920.0,rb1802,3893,3893,3840,3857.0,55,2070,3868.0,rb1803,3878,3896,3852,3860.0,209,3647,3873.0,rb1804,3877,3910,3863,3866.0,86,2264,3879.0,rb1805,3803,3844,3788,3790.0,1835027,1318512,3814.0,rb1806,3770,3790,3744,3760.0,101,2064,3774.0,rb1807,3753,3777,3753,3758.0,45,223,3764.0,rb1808,3740,3755,3726,3726.0,5,235,3743.0,rb1809,3705,3734,3680,3690.0,444,2202,3715.0,rb1810,3660,3680,3636,3642.0,70587,165748,3660.0,rb1805,3803.0,3844.0,3788.0,3790.0,1835027.0,1318512.0,3814.0
2018-01-17,3808.054831393529,2213861.0,1552906.0,rb1802,3829,3864,3828,3858.0,262,2062,3843.0,rb1803,3852,3890,3852,3886.0,92,3685,3875.0,rb1804,3878,3902,3858,3890.0,299,2308,3880.0,rb1805,3788,3841,3783,3827.0,2140739,1368273,3816.0,rb1806,3750,3789,3744,3779.0,95,2094,3771.0,rb1807,3759,3773,3741,3743.0,22,229,3757.0,rb1808,3748,3753,3714,3732.0,4,233,3736.0,rb1809,3687,3727,3687,3719.0,318,2202,3709.0,rb1810,3642,3675,3638,3658.0,69987,165394,3654.0,rb1805,3788.0,3841.0,3783.0,3827.0,2140739.0,1368273.0,3816.0
2018-01-18,3838.4594931791808,1833956.0,1652734.0,rb1802,3857,3874,3838,3873.0,480,2100,3855.0,rb1803,3889,3897,3865,3880.0,160,3684,3883.0,rb1804,3895,3952,3891,3917.0,212,2303,3910.0,rb1805,3825,3868,3815,3859.0,1758157,1463346,3843.0,rb1806,3782,3815,3778,3803.0,27,2100,3795.0,rb1807,3774,3797,3770,3797.0,37,212,3777.0,rb1808,3745,3773,3743,3765.0,27,225,3751.0,rb1809,3719,3737,3700,3721.0,252,2197,3718.0,rb1810,3657,3680,3642,3671.0,71847,169665,3664.0,rb1805,3825.0,3868.0,3815.0,3859.0,1758157.0,1463346.0,3843.0
2018-01-19,3905.001516701789,2263782.0,1770948.0,rb1802,3898,3923,3834,3923.0,186,2110,3900.0,rb1803,3898,3929,3882,3928.0,233,3681,3914.0,rb1804,3930,3990,3919,3978.0,225,2328,3955.0,rb1805,3867,3927,3855,3926.0,2170722,1577233,3883.0,rb1806,3822,3881,3802,3881.0,132,2098,3836.0,rb1807,3800,3848,3790,3848.0,42,198,3806.0,rb1808,3774,3799,3766,3786.0,32,218,3779.0,rb1809,3715,3783,3715,3783.0,686,2137,3733.0,rb1810,3675,3728,3665,3728.0,85617,172002,3688.0,rb1805,3867.0,3927.0,3855.0,3926.0,2170722.0,1577233.0,3883.0
2018-01-22,3907.273220097349,1889552.0,1815324.0,rb1802,3913,3960,3913,3913.0,138,2089,3945.0,rb1803,3925,3965,3922,3933.0,114,3683,3940.0,rb1804,3997,4026,3977,3982.0,303,2199,4000.0,rb1805,3937,3974,3916,3927.0,1797921,1617987,3939.0,rb1806,3880,3908,3869,3872.0,156,2093,3882.0,rb1807,3856,3872,3846,3851.0,33,195,3859.0,rb1808,3831,3848,3821,3823.0,41,210,3832.0,rb1809,3781,3812,3775,3795.0,573,2310,3796.0,rb1810,3730,3758,3721,3741.0,84407,174613,3739.0,rb1805,3937.0,3974.0,3916.0,3927.0,1797921.0,1617987.0,3939.0
2018-01-23,3893.9163113581103,2194450.0,1697351.0,rb1802,3920,3920,3869,3900.0,27,2091,3901.0,rb1803,3946,3946,3894,3925.0,30,3683,3916.0,rb1804,3975,3985,3935,3970.0,303,2288,3967.0,rb1805,3930,3933,3874,3912.0,2066208,1508762,3905.0,rb1806,3862,3871,3826,3851.0,45,2111,3859.0,rb1807,3852,3852,3791,3852.0,18,205,3835.0,rb1808,3820,3825,3788,3812.0,34,209,3816.0,rb1809,3793,3809,3774,3798.0,725,2458,3792.0,rb1810,3741,3759,3715,3745.0,121706,164346,3736.0,rb1805,3930.0,3933.0,3874.0,3912.0,2066208.0,1508762.0,3905.0
2018-01-24,3920.088479097136,1488435.0,1759376.0,rb1802,3911,3928,3819,3928.0,251,2100,3906.0,rb1803,3928,3941,3913,3938.0,27,3679,3930.0,rb1804,3953,3991,3953,3987.0,428,2463,3978.0,rb1805,3904,3948,3896,3937.0,1404180,1566128,3924.0,rb1806,3856,3898,3851,3896.0,213,2130,3887.0,rb1807,3852,3873,3852,3872.0,36,192,3859.0,rb1808,3832,3851,3823,3851.0,11,213,3835.0,rb1809,3785,3840,3785,3835.0,318,2453,3814.0,rb1810,3737,3793,3730,3780.0,77217,167489,3761.0,rb1805,3904.0,3948.0,3896.0,3937.0,1404180.0,1566128.0,3924.0
2018-01-25,3948.58469105287,2024327.0,1794676.0,rb1802,3898,3979,3898,3955.0,472,2102,3937.0,rb1803,3922,3983,3921,3968.0,29,3679,3961.0,rb1804,3987,4045,3967,4010.0,302,2513,4018.0,rb1805,3933,3998,3916,3966.0,1930415,1603778,3958.0,rb1806,3893,3945,3614,3922.0,241,2129,3826.0,rb1807,3860,3920,3858,3920.0,50,188,3894.0,rb1808,3857,3888,3856,3880.0,5,214,3867.0,rb1809,3837,3876,3815,3860.0,271,2451,3846.0,rb1810,3781,3823,3757,3798.0,86011,164316,3789.0,rb1805,3933.0,3998.0,3916.0,3966.0,1930415.0,1603778.0,3958.0
2018-01-26,3927.8972173897023,1552720.0,1737074.0,rb1802,3932,3979,3932,3962.0,29,2097,3956.0,rb1803,3967,3967,3928,3941.0,48,3677,3948.0,rb1804,4005,4029,3981,3990.0,79,2509,4001.0,rb1805,3965,3976,3920,3945.0,1492854,1547338,3948.0,rb1806,3900,3925,3867,3893.0,56,2132,3898.0,rb1807,3899,3902,3868,3892.0,17,198,3885.0,rb1808,3866,3866,3857,3859.0,4,214,3860.0,rb1809,3841,3857,3815,3840.0,144,2448,3837.0,rb1810,3800,3806,3761,3785.0,55725,162533,3783.0,rb1805,3965.0,3976.0,3920.0,3945.0,1492854.0,1547338.0,3948.0
2018-01-29,3928.346077541276,1301919.0,1724862.0,rb1802,3937,3986,3937,3952.0,84,2086,3970.0,rb1803,3956,3966,3938,3952.0,241,3873,3954.0,rb1804,3991,4014,3980,3990.0,122,2558,3996.0,rb1805,3942,3968,3923,3945.0,1251459,1532806,3945.0,rb1806,3901,3969,3880,3902.0,40,2125,3908.0,rb1807,3880,3894,3873,3892.0,20,204,3885.0,rb1808,0,0,0,3860.0,0,214,3860.0,rb1809,3838,3854,3822,3845.0,225,2491,3841.0,rb1810,3780,3800,3767,3793.0,46585,164248,3785.0,rb1805,3942.0,3968.0,3923.0,3945.0,1251459.0,1532806.0,3945.0
2018-01-30,3903.110479512624,1399111.0,1674763.0,rb1802,3979,3979,3825,3841.0,147,2079,3887.0,rb1803,3931,3950,3891,3908.0,80,3856,3921.0,rb1804,3993,4006,3960,3973.0,93,2564,3974.0,rb1805,3938,3944,3903,3921.0,1340136,1471677,3923.0,rb1806,3903,3903,3855,3855.0,64,2114,3884.0,rb1807,3875,3886,3860,3860.0,12,211,3874.0,rb1808,3859,3862,3850,3851.0,6,220,3856.0,rb1809,3839,3843,3816,3828.0,232,2552,3826.0,rb1810,3794,3794,3759,3773.0,55098,174053,3773.0,rb1805,3938.0,3944.0,3903.0,3921.0,1340136.0,1471677.0,3923.0
2018-01-31,3895.5324948488224,1438833.0,1632151.0,rb1802,3887,4083,3641,3641.0,198,2041,3866.0,rb1803,3946,3954,3876,3905.0,50,3853,3905.0,rb1804,4016,4016,3950,3963.0,302,2664,3977.0,rb1805,3919,3988,3892,3915.0,1370661,1429344,3918.0,rb1806,3921,3921,3840,3866.0,74,2130,3868.0,rb1807,3901,3905,3836,3849.0,51,207,3869.0,rb1808,3889,3889,3828,3828.0,9,222,3856.0,rb1809,3837,3856,3798,3815.0,301,2666,3811.0,rb1810,3775,3817,3741,3759.0,63299,173150,3765.0,rb1805,3919.0,3988.0,3892.0,3915.0,1370661.0,1429344.0,3918.0
2018-02-01,3908.414708450463,1634624.0,1669802.0,rb1802,3900,3953,3900,3920.0,151,1980,3928.0,rb1803,3934,3949,3925,3925.0,180,3704,3932.0,rb1804,3980,4014,3978,3978.0,260,2727,3990.0,rb1805,3920,3969,3919,3931.0,1541168,1454648,3941.0,rb1806,3866,3915,3866,3890.0,55,2140,3896.0,rb1807,3864,3900,3864,3870.0,66,218,3880.0,rb1808,3855,3872,3854,3857.0,10,216,3858.0,rb1809,3791,3842,3791,3809.0,362,2559,3824.0,rb1810,3759,3791,3751,3752.0,89026,185503,3767.0,rb1805,3920.0,3969.0,3919.0,3931.0,1541168.0,1454648.0,3941.0
2018-02-02,3938.784753349791,1406750.0,1668537.0,rb1802,3920,3950,3920,3930.0,540,1920,3930.0,rb1803,3934,3970,3928,3955.0,176,3701,3941.0,rb1804,3997,4026,3995,4018.0,73,2713,4012.0,rb1805,3921,3973,3913,3961.0,1349709,1456228,3949.0,rb1806,3886,3913,3886,3912.0,12,2140,3906.0,rb1807,3882,3892,3873,3892.0,9,222,3887.0,rb1808,0,0,0,3858.0,0,216,3858.0,rb1809,3810,3847,3806,3833.0,302,2526,3834.0,rb1810,3747,3797,3737,3784.0,53163,183210,3775.0,rb1805,3921.0,3973.0,3913.0,3961.0,1349709.0,1456228.0,3949.0
2018-02-05,3945.378009259548,1320265.0,1603966.0,rb1802,3930,3930,3930,3930.0,60,1860,3930.0,rb1803,3943,3983,3938,3983.0,62,3648,3956.0,rb1804,4012,4026,3981,4026.0,63,2713,4012.0,rb1805,3960,3971,3922,3967.0,1260361,1393376,3946.0,rb1806,3885,3913,3885,3910.0,10,2137,3899.0,rb1807,3903,3903,3868,3898.0,17,217,3888.0,rb1808,3864,3864,3864,3864.0,2,218,3864.0,rb1809,3839,3852,3815,3852.0,456,2485,3832.0,rb1810,3780,3803,3758,3800.0,56276,181803,3778.0,rb1805,3960.0,3971.0,3922.0,3967.0,1260361.0,1393376.0,3946.0
2018-02-06,3921.654823707721,1635327.0,1571623.0,rb1802,3930,3970,3860,3870.0,240,1680,3910.0,rb1803,3988,3996,3944,3958.0,79,3608,3975.0,rb1804,4020,4080,4005,4011.0,223,2727,4042.0,rb1805,3970,3998,3931,3943.0,1539100,1359562,3960.0,rb1806,3931,3952,3892,3892.0,48,2137,3926.0,rb1807,3910,3927,3880,3880.0,29,212,3892.0,rb1808,3874,3875,3861,3861.0,3,218,3870.0,rb1809,3854,3879,3832,3844.0,227,2507,3852.0,rb1810,3805,3826,3775,3782.0,91060,183617,3799.0,rb1805,3970.0,3998.0,3931.0,3943.0,1539100.0,1359562.0,3960.0
2018-02-07,3915.764986185312,1082637.0,1553781.0,rb1802,3920,3920,3920,3920.0,30,1680,3920.0,rb1803,3941,3968,3941,3947.0,28,3598,3952.0,rb1804,4008,4027,3950,4000.0,226,2721,4004.0,rb1805,3949,3965,3927,3937.0,1030499,1341482,3944.0,rb1806,3894,3920,3893,3896.0,16,2131,3901.0,rb1807,3871,3900,3869,3872.0,29,197,3878.0,rb1808,3852,3852,3852,3852.0,1,218,3852.0,rb1809,3830,3855,3825,3838.0,454,2729,3841.0,rb1810,3780,3799,3767,3779.0,49157,183342,3782.0,rb1805,3949.0,3965.0,3927.0,3937.0,1030499.0,1341482.0,3944.0
2018-02-08,3910.006024726267,1190943.0,1558909.0,rb1802,3920,3940,3920,3940.0,60,1650,3930.0,rb1803,3937,3946,3926,3943.0,51,3590,3935.0,rb1804,4001,4002,3981,3981.0,326,2669,3993.0,rb1805,3936,3951,3916,3930.0,1103496,1334447,3931.0,rb1806,3882,3901,3870,3899.0,213,2114,3885.0,rb1807,3862,3891,3862,3877.0,19,212,3877.0,rb1808,3869,3874,3867,3867.0,13,229,3869.0,rb1809,3833,3854,3820,3840.0,395,2691,3836.0,rb1810,3775,3804,3763,3790.0,81580,194519,3784.0,rb1805,3936.0,3951.0,3916.0,3930.0,1103496.0,1334447.0,3931.0
2018-02-09,3874.710894646688,1372930.0,1518443.0,rb1802,3970,3970,3970,3970.0,30,1650,3970.0,rb1803,3922,3941,3893,3911.0,88,3508,3918.0,rb1804,3990,3999,3940,3955.0,313,2671,3965.0,rb1805,3928,3946,3881,3895.0,1287483,1293135,3911.0,rb1806,3889,3889,3846,3846.0,69,2108,3863.0,rb1807,3882,3882,3845,3845.0,40,224,3862.0,rb1808,3863,3863,3843,3843.0,2,230,3853.0,rb1809,3843,3851,3801,3812.0,340,2739,3826.0,rb1810,3791,3800,3749,3756.0,79089,193407,3775.0,rb1805,3928.0,3946.0,3881.0,3895.0,1287483.0,1293135.0,3911.0
2018-02-12,3894.773788697775,833609.0,1450794.0,rb1803,3931,3931,3921,3921.0,3,3507,3924.0,rb1804,3941,3969,3941,3969.0,46,2687,3957.0,rb1805,3890,3925,3882,3918.0,785383,1227894,3906.0,rb1806,0,0,0,3863.0,0,2108,3863.0,rb1807,3823,3843,3822,3843.0,11,221,3824.0,rb1808,0,0,0,3853.0,0,230,3853.0,rb1809,3808,3830,3796,3817.0,158,2704,3817.0,rb1810,3755,3779,3742,3766.0,45391,193038,3762.0,rb1811,3717,3736,3717,3723.0,46,1256,3726.0,rb1805,3890.0,3925.0,3882.0,3918.0,785383.0,1227894.0,3906.0
2018-02-13,3898.922840916509,713736.0,1378710.0,rb1803,3911,3932,3911,3931.0,99,3477,3923.0,rb1804,3979,3986,3956,3971.0,72,2673,3975.0,rb1805,3920,3935,3894,3921.0,672039,1159365,3918.0,rb1806,3869,3892,3866,3875.0,43,2104,3879.0,rb1807,3849,3868,3847,3860.0,10,219,3856.0,rb1808,3849,3849,3849,3849.0,1,230,3849.0,rb1809,3827,3845,3814,3835.0,283,2622,3833.0,rb1810,3770,3796,3761,3782.0,38209,189995,3781.0,rb1811,3736,3751,3722,3740.0,56,1244,3735.0,rb1805,3920.0,3935.0,3894.0,3921.0,672039.0,1159365.0,3918.0
2018-02-14,3911.387622504974,595820.0,1329946.0,rb1803,3920,3945,3920,3945.0,7,3472,3935.0,rb1804,3970,3995,3958,3992.0,303,2750,3975.0,rb1805,3921,3951,3916,3934.0,557558,1113314,3934.0,rb1806,3878,3904,3875,3891.0,41,2102,3891.0,rb1807,3868,3889,3859,3870.0,9,218,3869.0,rb1808,0,0,0,3849.0,0,230,3849.0,rb1809,3838,3857,3830,3838.0,212,2605,3848.0,rb1810,3784,3808,3778,3795.0,35653,187697,3796.0,rb1811,3738,3758,3738,3756.0,14,1231,3753.0,rb1805,3921.0,3951.0,3916.0,3934.0,557558.0,1113314.0,3934.0
2018-02-22,3847.8964386139032,1115029.0,1449913.0,rb1803,3918,3926,3866,3868.0,240,3297,3884.0,rb1804,3970,3970,3900,3922.0,58,2784,3918.0,rb1805,3945,3955,3841,3866.0,1030675,1219368,3881.0,rb1806,3881,3881,3817,3823.0,139,2187,3828.0,rb1807,3841,3843,3821,3824.0,8,222,3830.0,rb1808,3863,3863,3796,3814.0,29,249,3822.0,rb1809,3859,3859,3792,3807.0,369,2719,3821.0,rb1810,3798,3810,3738,3753.0,78618,199429,3766.0,rb1811,3755,3755,3712,3722.0,4,1234,3728.0,rb1805,3945.0,3955.0,3841.0,3866.0,1030675.0,1219368.0,3881.0
2018-02-23,3930.179146832784,1941468.0,1498698.0,rb1803,3849,3955,3849,3950.0,317,3064,3904.0,rb1804,3904,4000,3904,4000.0,115,2801,3940.0,rb1805,3846,3959,3841,3949.0,1784823,1236038,3898.0,rb1806,3828,3904,3810,3888.0,54,2199,3836.0,rb1807,3814,3908,3814,3908.0,12,220,3879.0,rb1808,3904,3904,3895,3895.0,12,249,3895.0,rb1809,3800,3892,3797,3887.0,1252,2612,3838.0,rb1810,3740,3849,3737,3845.0,148130,231418,3794.0,rb1811,3706,3800,3706,3791.0,39,1205,3770.0,rb1805,3846.0,3959.0,3841.0,3949.0,1784823.0,1236038.0,3898.0
2018-02-26,4005.9369893586304,1514500.0,1537772.0,rb1803,3950,4111,3947,4111.0,1232,2404,4062.0,rb1804,3998,4090,3990,4083.0,601,2572,4064.0,rb1805,3954,4047,3938,4028.0,1382917,1278258,4000.0,rb1806,3896,3998,3896,3979.0,90,2207,3964.0,rb1807,3890,3988,3890,3957.0,94,183,3959.0,rb1808,3887,3974,3886,3970.0,16,250,3949.0,rb1809,3892,3956,3880,3946.0,817,2672,3930.0,rb1810,3842,3912,3831,3900.0,121989,228219,3878.0,rb1811,3790,3859,3790,3858.0,80,1177,3837.0,rb1805,3954.0,4047.0,3938.0,4028.0,1382917.0,1278258.0,4000.0
2018-02-27,4008.969349480369,1294777.0,1511361.0,rb1803,4130,4220,4095,4127.0,231,2330,4127.0,rb1804,4077,4107,4060,4107.0,277,2573,4072.0,rb1805,4038,4040,3981,4035.0,1190440,1254799,4014.0,rb1806,3973,3993,3941,3983.0,276,2261,3968.0,rb1807,3957,3979,3938,3979.0,62,211,3951.0,rb1808,3964,3964,3937,3949.0,22,235,3950.0,rb1809,3950,3955,3910,3931.0,702,2728,3928.0,rb1810,3902,3910,3857,3883.0,98611,224802,3878.0,rb1811,3825,3843,3825,3843.0,15,1182,3831.0,rb1805,4038.0,4040.0,3981.0,4035.0,1190440.0,1254799.0,4014.0
2018-02-28,3994.692026899237,1071050.0,1519597.0,rb1803,4118,4324,4080,4158.0,290,2130,4135.0,rb1804,4076,4093,4075,4093.0,67,2597,4083.0,rb1805,4030,4034,4006,4020.0,1002354,1261924,4019.0,rb1806,3967,3983,3963,3967.0,60,2272,3971.0,rb1807,3964,3980,3956,3980.0,34,220,3970.0,rb1808,4004,4004,3957,3970.0,1835,1331,3992.0,rb1809,3937,3938,3920,3928.0,203,2767,3930.0,rb1810,3882,3891,3868,3872.0,61775,223364,3877.0,rb1811,0,0,0,3831.0,0,1182,3831.0,rb1805,4030.0,4034.0,4006.0,4020.0,1002354.0,1261924.0,4019.0
2018-03-01,4006.0643208884494,1445402.0,1553088.0,rb1803,4121,4248,4121,4240.0,180,2010,4195.0,rb1804,4092,4135,4088,4131.0,399,2542,4109.0,rb1805,4017,4062,4012,4032.0,1349288,1304124,4036.0,rb1806,3967,4035,3967,4002.0,449,2509,3998.0,rb1807,3974,3998,3958,3986.0,88,241,3984.0,rb1808,3969,4003,3942,3960.0,526,927,3972.0,rb1809,3927,3946,3914,3923.0,324,2769,3930.0,rb1810,3868,3896,3862,3870.0,89634,214929,3877.0,rb1811,3846,3853,3824,3832.0,56,1183,3839.0,rb1805,4017.0,4062.0,4012.0,4032.0,1349288.0,1304124.0,4036.0
2018-03-02,3998.928159141487,1253622.0,1506232.0,rb1803,4119,4119,4119,4119.0,90,2010,4119.0,rb1804,4106,4117,4086,4095.0,73,2515,4100.0,rb1805,4022,4029,3991,4024.0,1159865,1247945,4009.0,rb1806,3970,3984,3953,3984.0,389,2823,3969.0,rb1807,3953,3961,3947,3947.0,18,252,3951.0,rb1808,3944,3964,3936,3945.0,150,930,3947.0,rb1809,3909,3926,3898,3926.0,420,2801,3909.0,rb1810,3860,3880,3843,3880.0,88468,223232,3858.0,rb1811,3825,3830,3808,3828.0,24,1190,3825.0,rb1805,4022.0,4029.0,3991.0,4024.0,1159865.0,1247945.0,4009.0
2018-03-05,3934.00243186416,1534735.0,1558064.0,rb1803,4121,4127,4121,4127.0,120,2010,4122.0,rb1804,4109,4109,4052,4053.0,537,2342,4079.0,rb1805,4019,4028,3948,3957.0,1411131,1285958,3980.0,rb1806,3976,3976,3913,3926.0,57,2822,3942.0,rb1807,3954,3954,3907,3907.0,28,261,3928.0,rb1808,3953,3953,3897,3901.0,125,949,3919.0,rb1809,3924,3930,3875,3885.0,442,2855,3896.0,rb1810,3879,3883,3822,3826.0,114899,234407,3843.0,rb1811,3816,3817,3787,3787.0,46,1183,3807.0,rb1805,4019.0,4028.0,3948.0,3957.0,1411131.0,1285958.0,3980.0
2018-03-06,3945.603081040432,1716619.0,1627632.0,rb1803,0,0,0,4122.0,0,2010,4122.0,rb1804,4033,4081,4021,4081.0,178,2277,4039.0,rb1805,3948,3987,3919,3969.0,1565466,1333666,3954.0,rb1806,3902,3944,3886,3937.0,68,2830,3907.0,rb1807,3888,3932,3875,3932.0,33,269,3902.0,rb1808,3897,3918,3872,3918.0,68,957,3887.0,rb1809,3876,3910,3850,3898.0,624,3088,3883.0,rb1810,3823,3858,3798,3841.0,142302,253700,3830.0,rb1811,3767,3815,3757,3810.0,36,1190,3780.0,rb1805,3948.0,3987.0,3919.0,3969.0,1565466.0,1333666.0,3954.0
2018-03-07,3873.410323443185,1921528.0,1694919.0,rb1803,4180,4185,4180,4185.0,60,1980,4182.0,rb1804,4050,4073,3990,3990.0,299,2110,4044.0,rb1805,3980,3985,3885,3890.0,1705966,1366461,3939.0,rb1806,3942,3943,3866,3866.0,78,2862,3902.0,rb1807,3926,3938,3870,3870.0,143,375,3902.0,rb1808,3920,3922,3857,3857.0,92,1005,3878.0,rb1809,3905,3910,3849,3854.0,1113,3103,3875.0,rb1810,3852,3862,3805,3806.0,202937,285893,3832.0,rb1811,3812,3812,3775,3786.0,23,1192,3796.0,rb1805,3980.0,3985.0,3885.0,3890.0,1705966.0,1366461.0,3939.0
2018-03-08,3781.75944897334,2243025.0,1792073.0,rb1803,4000,4000,4000,4000.0,30,1980,4000.0,rb1804,3982,3996,3890,3904.0,75,2106,3949.0,rb1805,3885,3893,3792,3794.0,1912507,1354081,3853.0,rb1806,3868,3869,3780,3780.0,457,2979,3808.0,rb1807,3858,3882,3802,3808.0,123,439,3833.0,rb1808,3860,3863,3789,3789.0,155,1089,3815.0,rb1809,3849,3857,3788,3790.0,2786,4044,3815.0,rb1810,3800,3811,3746,3746.0,315674,390974,3777.0,rb1811,3756,3773,3730,3730.0,23,1203,3747.0,rb1805,3885.0,3893.0,3792.0,3794.0,1912507.0,1354081.0,3853.0
2018-03-09,3690.523629378829,3091106.0,1774761.0,rb1803,4100,4100,3838,3839.0,150,1980,3890.0,rb1804,3892,3938,3807,3807.0,804,1816,3870.0,rb1805,3773,3805,3663,3709.0,2677085,1291103,3738.0,rb1806,3745,3793,3648,3686.0,785,3212,3711.0,rb1807,3771,3803,3661,3703.0,193,468,3748.0,rb1808,3777,3777,3677,3695.0,56,1105,3722.0,rb1809,3788,3830,3655,3685.0,2621,4485,3727.0,rb1810,3735,3746,3621,3643.0,395812,433895,3688.0,rb1811,3716,3719,3600,3621.0,77,1232,3670.0,rb1805,3773.0,3805.0,3663.0,3709.0,2677085.0,1291103.0,3738.0
2018-03-12,3683.635371036105,2444837.0,1802520.0,rb1803,4158,4158,4158,4158.0,30,1950,4158.0,rb1804,3835,3880,3826,3868.0,381,1535,3839.0,rb1805,3737,3751,3676,3709.0,2122655,1275464,3719.0,rb1806,3715,3738,3666,3691.0,1474,3390,3704.0,rb1807,3715,3745,3672,3704.0,162,498,3710.0,rb1808,3710,3718,3671,3685.0,77,1114,3702.0,rb1809,3704,3726,3653,3678.0,2308,4542,3693.0,rb1810,3670,3684,3610,3622.0,306915,475916,3646.0,rb1811,3634,3650,3598,3608.0,28,1234,3622.0,rb1805,3737.0,3751.0,3676.0,3709.0,2122655.0,1275464.0,3719.0
2018-03-13,3666.57468333145,1729880.0,1867331.0,rb1803,3980,3980,3980,3980.0,30,1950,3980.0,rb1804,3879,3885,3855,3877.0,430,1152,3867.0,rb1805,3716,3739,3683,3695.0,1487286,1304173,3712.0,rb1806,3698,3704,3657,3668.0,187,3313,3680.0,rb1807,3702,3714,3672,3673.0,60,503,3693.0,rb1808,3696,3710,3653,3674.0,42,1113,3687.0,rb1809,3680,3693,3650,3651.0,1608,4751,3674.0,rb1810,3622,3640,3598,3602.0,231345,510205,3620.0,rb1811,3607,3607,3565,3574.0,25,1239,3594.0,rb1805,3716.0,3739.0,3683.0,3695.0,1487286.0,1304173.0,3712.0
2018-03-14,3698.8312108637847,2489472.0,1865280.0,rb1803,3920,3990,3920,3990.0,330,1950,3983.0,rb1804,3893,3920,3834,3880.0,381,886,3879.0,rb1805,3703,3755,3657,3735.0,2115626,1283840,3707.0,rb1806,3684,3718,3643,3686.0,220,3356,3671.0,rb1807,3691,3718,3651,3711.0,106,508,3686.0,rb1808,3677,3728,3646,3696.0,116,1164,3675.0,rb1809,3662,3703,3628,3679.0,2389,4866,3661.0,rb1810,3599,3643,3570,3621.0,354988,529983,3604.0,rb1811,3584,3605,3549,3599.0,55,1252,3567.0,rb1805,3703.0,3755.0,3657.0,3735.0,2115626.0,1283840.0,3707.0
2018-03-15,3706.808550352098,1977484.0,1833866.0,rb1803,3984,3984,3984,3984.0,300,1950,3984.0,rb1804,3880,3910,3875,3896.0,71,846,3894.0,rb1805,3748,3769,3727,3752.0,1633780,1211660,3748.0,rb1806,3709,3726,3694,3725.0,118,3397,3704.0,rb1807,3728,3741,3706,3726.0,75,517,3723.0,rb1808,3717,3727,3703,3725.0,53,1160,3713.0,rb1809,3671,3710,3671,3691.0,1516,4716,3691.0,rb1810,3630,3650,3603,3621.0,329097,570267,3622.0,rb1811,3606,3618,3586,3589.0,21,1248,3593.0,rb1805,3748.0,3769.0,3727.0,3752.0,1633780.0,1211660.0,3748.0
2018-03-16,3676.210648690916,1753741.0,1885058.0,rb1804,3865,3901,3808,3844.0,364,642,3842.0,rb1805,3752,3758,3718,3731.0,1396766,1199668,3737.0,rb1806,3702,3719,3684,3697.0,75,3390,3700.0,rb1807,3714,3727,3692,3724.0,59,517,3704.0,rb1808,3703,3721,3686,3695.0,74,1146,3706.0,rb1809,3688,3688,3653,3664.0,1252,4894,3668.0,rb1810,3614,3620,3577,3583.0,345817,633190,3594.0,rb1811,3565,3574,3550,3550.0,20,1241,3565.0,rb1812,3575,3575,3545,3545.0,14,279,3564.0,rb1805,3752.0,3758.0,3718.0,3731.0,1396766.0,1199668.0,3737.0
2018-03-19,3587.290064645334,2465300.0,1969361.0,rb1804,3809,3811,3747,3752.0,76,585,3769.0,rb1805,3731,3735,3638,3651.0,1966401,1195432,3675.0,rb1806,3689,3696,3606,3606.0,241,3372,3632.0,rb1807,3695,3724,3609,3630.0,218,520,3667.0,rb1808,3691,3695,3609,3636.0,100,1124,3651.0,rb1809,3652,3665,3570,3571.0,2062,5499,3607.0,rb1810,3581,3597,3486,3491.0,474798,716580,3529.0,rb1811,3538,3553,3383,3475.0,98,1258,3469.0,rb1812,3535,3535,3469,3469.0,31,291,3497.0,rb1805,3731.0,3735.0,3638.0,3651.0,1966401.0,1195432.0,3675.0
2018-03-20,3571.050276408415,2159477.0,1971720.0,rb1804,3727,3763,3676,3722.0,476,569,3740.0,rb1805,3646,3667,3605,3649.0,1546515,1129770,3637.0,rb1806,3613,3628,3576,3621.0,881,3407,3617.0,rb1807,3628,3639,3584,3628.0,267,651,3608.0,rb1808,3618,3629,3573,3613.0,161,1035,3608.0,rb1809,3578,3579,3501,3551.0,2535,5547,3542.0,rb1810,3485,3497,3412,3469.0,588526,781779,3459.0,rb1811,3463,3464,3389,3449.0,85,1255,3423.0,rb1812,3400,3440,3399,3440.0,21,298,3411.0,rb1805,3646.0,3667.0,3605.0,3649.0,1546515.0,1129770.0,3637.0
2018-03-21,3537.2192049215328,2103366.0,2021159.0,rb1804,3744,3744,3675,3703.0,48,543,3716.0,rb1805,3653,3685,3608,3617.0,1575256,1159548,3646.0,rb1806,3622,3644,3579,3583.0,190,3413,3623.0,rb1807,3618,3654,3588,3588.0,117,649,3622.0,rb1808,3614,3637,3583,3585.0,95,1016,3608.0,rb1809,3568,3569,3519,3523.0,1461,5578,3546.0,rb1810,3460,3484,3431,3432.0,505285,803584,3460.0,rb1811,3439,3447,3403,3407.0,45,1245,3433.0,rb1812,3427,3440,3398,3398.0,54,307,3421.0,rb1805,3653.0,3685.0,3608.0,3617.0,1575256.0,1159548.0,3646.0
2018-03-22,3539.2948044859654,2176822.0,2048344.0,rb1804,3710,3710,3667,3667.0,11,536,3691.0,rb1805,3617,3655,3589,3619.0,1676549,1144315,3623.0,rb1806,3587,3613,3577,3577.0,136,3396,3589.0,rb1807,3586,3624,3582,3603.0,208,651,3597.0,rb1808,3588,3621,3563,3593.0,92,1016,3590.0,rb1809,3526,3554,3516,3522.0,1415,5665,3533.0,rb1810,3435,3470,3432,3441.0,472971,832495,3448.0,rb1811,3396,3428,3396,3413.0,30,1252,3416.0,rb1812,3398,3420,3398,3405.0,28,307,3406.0,rb1805,3617.0,3655.0,3589.0,3619.0,1676549.0,1144315.0,3623.0
2018-03-23,3311.17784240071,4674706.0,1944958.0,rb1804,3674,3674,3450,3467.0,41,528,3525.0,rb1805,3609,3609,3369,3369.0,3078148,1014007,3460.0,rb1806,3560,3566,3337,3359.0,290,3432,3452.0,rb1807,3572,3578,3345,3360.0,533,663,3421.0,rb1808,3564,3570,3338,3361.0,166,1087,3462.0,rb1809,3503,3513,3285,3326.0,6035,6302,3378.0,rb1810,3426,3426,3206,3252.0,1521584,840948,3292.0,rb1811,3391,3391,3176,3203.0,190,1335,3249.0,rb1812,3386,3387,3167,3232.0,116,344,3287.0,rb1805,3609.0,3609.0,3369.0,3369.0,3078148.0,1014007.0,3460.0
2018-03-26,3267.2087402606508,3062356.0,2025546.0,rb1804,3419,3483,3351,3417.0,53,524,3410.0,rb1805,3379,3415,3333,3363.0,1970367,965893,3364.0,rb1806,3359,3390,3313,3315.0,190,3487,3341.0,rb1807,3366,3390,3330,3343.0,204,666,3353.0,rb1808,3360,3377,3313,3313.0,140,1021,3350.0,rb1809,3346,3346,3250,3269.0,4230,6920,3289.0,rb1810,3253,3262,3163,3184.0,1038884,964459,3202.0,rb1811,3203,3228,3140,3150.0,44,1314,3188.0,rb1812,3217,3218,3137,3152.0,48,329,3168.0,rb1805,3379.0,3415.0,3333.0,3363.0,1970367.0,965893.0,3364.0
2018-03-27,3315.939263059195,2744552.0,1971963.0,rb1804,3333,3470,3333,3435.0,10,522,3417.0,rb1805,3355,3474,3352,3433.0,1734680,867289,3413.0,rb1806,3330,3439,3330,3409.0,475,3608,3390.0,rb1807,3348,3448,3344,3394.0,713,575,3395.0,rb1808,3322,3424,3322,3391.0,243,942,3376.0,rb1809,3260,3348,3250,3315.0,3253,6889,3304.0,rb1810,3175,3255,3173,3228.0,967902,1006037,3216.0,rb1811,3164,3222,3163,3203.0,45,1301,3191.0,rb1812,3157,3208,3157,3191.0,31,328,3179.0,rb1805,3355.0,3474.0,3352.0,3433.0,1734680.0,867289.0,3413.0
2018-03-28,3301.6950958899893,3178194.0,1884399.0,rb1804,3429,3450,3411,3436.0,51,526,3433.0,rb1805,3447,3470,3383,3424.0,1840499,818885,3431.0,rb1806,3418,3453,3359,3399.0,375,3658,3399.0,rb1807,3428,3428,3361,3391.0,103,572,3399.0,rb1808,3410,3424,3354,3387.0,148,931,3391.0,rb1809,3323,3356,3272,3297.0,4875,6434,3321.0,rb1810,3239,3276,3187,3212.0,1296071,968047,3236.0,rb1811,3223,3223,3181,3181.0,49,1282,3215.0,rb1812,3208,3231,3166,3173.0,80,330,3197.0,rb1805,3447.0,3470.0,3383.0,3424.0,1840499.0,818885.0,3431.0
2018-03-29,3361.7432874438587,2782515.0,1884528.0,rb1804,3447,3490,3403,3490.0,117,431,3409.0,rb1805,3425,3480,3412,3479.0,1120814,747423,3446.0,rb1806,3401,3451,3390,3445.0,467,3964,3415.0,rb1807,3397,3439,3382,3439.0,270,718,3418.0,rb1808,3374,3437,3371,3434.0,94,925,3403.0,rb1809,3310,3380,3285,3371.0,3518,6043,3333.0,rb1810,3218,3295,3195,3289.0,1626193,1040850,3248.0,rb1811,3188,3262,3188,3262.0,30,1278,3229.0,rb1812,3170,3244,3168,3244.0,37,316,3204.0,rb1810,3218.0,3295.0,3195.0,3289.0,1626193.0,1040850.0,3248.0
2018-03-30,3456.006925256629,3102547.0,1870400.0,rb1804,3486,3635,3480,3626.0,70,390,3530.0,rb1805,3483,3596,3474,3592.0,1111041,633443,3518.0,rb1806,3467,3555,3450,3555.0,650,4226,3487.0,rb1807,3450,3517,3433,3517.0,289,793,3483.0,rb1808,3448,3532,3426,3532.0,199,975,3487.0,rb1809,3401,3474,3360,3474.0,4122,5776,3404.0,rb1810,3296,3393,3273,3391.0,1951707,1139672,3323.0,rb1811,3267,3356,3240,3341.0,36,1258,3273.0,rb1812,3277,3334,3237,3334.0,39,311,3280.0,rb1810,3296.0,3393.0,3273.0,3391.0,1951707.0,1139672.0,3323.0
2018-04-02,3414.461096471623,3280426.0,1814347.0,rb1804,3668,3668,3668,3668.0,30,360,3668.0,rb1805,3598,3663,3570,3591.0,800171,549998,3594.0,rb1806,3568,3599,3549,3570.0,792,4514,3564.0,rb1807,3515,3575,3507,3513.0,67,798,3527.0,rb1808,3527,3598,3511,3512.0,236,942,3531.0,rb1809,3456,3559,3425,3430.0,4819,5662,3467.0,rb1810,3386,3480,3335,3344.0,2414628,1160512,3381.0,rb1811,3360,3390,3301,3301.0,24,1254,3357.0,rb1812,3350,3388,3284,3289.0,52,320,3326.0,rb1810,3386.0,3480.0,3335.0,3344.0,2414628.0,1160512.0,3381.0
2018-04-03,3414.508336622932,3157853.0,1793532.0,rb1804,3679,3679,3600,3600.0,330,60,3656.0,rb1805,3595,3665,3584,3599.0,780522,482737,3627.0,rb1806,3560,3628,3551,3583.0,690,4791,3588.0,rb1807,3514,3560,3510,3510.0,46,790,3526.0,rb1808,3518,3547,3503,3510.0,39,934,3522.0,rb1809,3437,3475,3415,3432.0,3585,5522,3441.0,rb1810,3351,3393,3326,3354.0,2323245,1202739,3356.0,rb1811,3322,3338,3300,3302.0,19,1257,3315.0,rb1812,3287,3318,3277,3279.0,44,321,3295.0,rb1810,3351.0,3393.0,3326.0,3354.0,2323245.0,1202739.0,3356.0
2018-04-04,3378.331840967982,2672180.0,1782182.0,rb1804,0,0,0,3656.0,0,60,3656.0,rb1805,3605,3628,3576,3590.0,478544,428185,3600.0,rb1806,3560,3602,3558,3568.0,573,5128,3570.0,rb1807,3509,3525,3483,3490.0,25,794,3506.0,rb1808,3504,3528,3471,3471.0,68,907,3501.0,rb1809,3442,3461,3396,3405.0,2897,5389,3426.0,rb1810,3358,3379,3305,3318.0,2160084,1244023,3343.0,rb1811,3312,3338,3276,3276.0,60,1259,3311.0,rb1812,3274,3297,3251,3251.0,26,327,3268.0,rb1810,3358.0,3379.0,3305.0,3318.0,2160084.0,1244023.0,3343.0
2018-04-09,3452.998378673063,2437803.0,1834300.0,rb1804,0,0,0,3656.0,0,60,3656.0,rb1805,3595,3650,3585,3649.0,293501,382850,3623.0,rb1806,3592,3620,3571,3620.0,172,5133,3588.0,rb1807,3498,3551,3470,3551.0,87,803,3515.0,rb1808,3515,3553,3496,3552.0,68,920,3528.0,rb1809,3400,3494,3354,3490.0,3252,5276,3449.0,rb1810,3318,3415,3310,3408.0,2109788,1343720,3362.0,rb1811,3322,3372,3288,3366.0,70,1243,3325.0,rb1812,3263,3354,3263,3353.0,41,321,3296.0,rb1810,3318.0,3415.0,3310.0,3408.0,2109788.0,1343720.0,3362.0
2018-04-10,3459.729855944664,2536286.0,1842417.0,rb1804,0,0,0,3656.0,0,60,3656.0,rb1805,3650,3680,3628,3669.0,266065,338081,3651.0,rb1806,3605,3658,3603,3642.0,211,5129,3630.0,rb1807,3548,3601,3547,3572.0,44,798,3571.0,rb1808,3549,3588,3537,3586.0,115,907,3565.0,rb1809,3495,3529,3473,3502.0,5938,5317,3492.0,rb1810,3415,3448,3394,3419.0,2230824,1397092,3419.0,rb1811,3376,3406,3372,3384.0,90,1231,3390.0,rb1812,3339,3368,3337,3344.0,45,313,3352.0,rb1810,3415.0,3448.0,3394.0,3419.0,2230824.0,1397092.0,3419.0
2018-04-11,3435.1261530729475,2825110.0,1802683.0,rb1804,3700,3700,3700,3700.0,30,30,3700.0,rb1805,3670,3693,3652,3663.0,224512,304854,3670.0,rb1806,3653,3672,3633,3643.0,249,5229,3645.0,rb1807,3612,3618,3557,3570.0,94,772,3582.0,rb1808,3579,3603,3539,3548.0,92,914,3552.0,rb1809,3516,3547,3467,3480.0,3904,5392,3506.0,rb1810,3430,3467,3386,3395.0,2558893,1387360,3421.0,rb1811,3389,3425,3354,3369.0,48,1236,3391.0,rb1812,3362,3383,3328,3355.0,27,314,3360.0,rb1810,3430.0,3467.0,3386.0,3395.0,2558893.0,1387360.0,3421.0
2018-04-12,3437.9635669773106,2729648.0,1782641.0,rb1804,0,0,0,3700.0,0,30,3700.0,rb1805,3659,3691,3634,3671.0,193475,273208,3660.0,rb1806,3629,3666,3616,3658.0,439,5414,3637.0,rb1807,3558,3598,3551,3586.0,61,773,3570.0,rb1808,3540,3567,3530,3567.0,220,814,3538.0,rb1809,3466,3519,3452,3490.0,2832,5318,3479.0,rb1810,3393,3438,3372,3402.0,2498385,1399657,3397.0,rb1811,3357,3390,3356,3380.0,29,1244,3376.0,rb1812,3333,3342,3313,3322.0,26,320,3329.0,rb1810,3393.0,3438.0,3372.0,3402.0,2498385.0,1399657.0,3397.0
2018-04-13,3482.2411546449644,2963396.0,1837829.0,rb1804,0,0,0,3700.0,0,30,3700.0,rb1805,3664,3718,3649,3715.0,151541,249442,3685.0,rb1806,3669,3700,3637,3690.0,406,5317,3668.0,rb1807,3569,3628,3560,3604.0,218,784,3604.0,rb1808,3545,3598,3522,3580.0,638,389,3578.0,rb1809,3484,3552,3463,3540.0,3229,4973,3505.0,rb1810,3400,3473,3377,3452.0,2771303,1478729,3422.0,rb1811,3358,3437,3345,3425.0,105,1233,3382.0,rb1812,3348,3402,3348,3395.0,33,314,3376.0,rb1810,3400.0,3473.0,3377.0,3452.0,2771303.0,1478729.0,3422.0
2018-04-16,3391.978169786553,2704136.0,1779552.0,rb1804,0,0,0,3700.0,0,30,3700.0,rb1805,3714,3725,3668,3680.0,126276,229185,3695.0,rb1806,3696,3709,3656,3665.0,493,5315,3672.0,rb1807,3619,3627,3573,3587.0,140,797,3602.0,rb1808,3579,3585,3511,3512.0,207,290,3555.0,rb1809,3539,3545,3440,3445.0,4616,5332,3488.0,rb1810,3450,3462,3353,3357.0,2525751,1432395,3403.0,rb1811,3417,3422,3328,3334.0,85,1215,3385.0,rb1812,3340,3340,3301,3308.0,12,319,3314.0,rb1810,3450.0,3462.0,3353.0,3357.0,2525751.0,1432395.0,3403.0
2018-04-17,3412.441356054245,3019654.0,1788778.0,rb1805,3680,3709,3662,3687.0,110255,207496,3686.0,rb1806,3656,3700,3653,3686.0,664,5393,3681.0,rb1807,3565,3627,3565,3616.0,45,804,3605.0,rb1808,3509,3567,3504,3547.0,79,334,3527.0,rb1809,3452,3522,3433,3475.0,4336,5012,3476.0,rb1810,3361,3437,3344,3384.0,2858655,1463632,3389.0,rb1811,3334,3388,3305,3362.0,222,1184,3344.0,rb1812,3285,3362,3260,3325.0,59,315,3325.0,rb1901,3224,3295,3217,3248.0,45228,102971,3255.0,rb1810,3361.0,3437.0,3344.0,3384.0,2858655.0,1463632.0,3389.0
2018-04-18,3467.655173481162,3344205.0,1744541.0,rb1805,3710,3747,3709,3725.0,150568,179808,3724.0,rb1806,3766,3778,3690,3759.0,1031,5022,3746.0,rb1807,3644,3676,3623,3676.0,117,825,3649.0,rb1808,3565,3613,3540,3586.0,157,288,3578.0,rb1809,3495,3579,3495,3535.0,4691,4987,3537.0,rb1810,3411,3496,3410,3446.0,3138605,1450965,3447.0,rb1811,3379,3449,3376,3397.0,120,1150,3406.0,rb1812,3352,3410,3352,3377.0,66,305,3378.0,rb1901,3260,3334,3260,3303.0,48725,99534,3299.0,rb1810,3411.0,3496.0,3410.0,3446.0,3138605.0,1450965.0,3447.0
2018-04-19,3532.226298246301,3275428.0,1685466.0,rb1805,3746,3788,3740,3779.0,108914,153405,3760.0,rb1806,3791,3822,3777,3822.0,574,4990,3798.0,rb1807,3682,3700,3663,3695.0,177,824,3680.0,rb1808,3613,3644,3611,3629.0,53,299,3626.0,rb1809,3545,3613,3545,3597.0,4481,4574,3580.0,rb1810,3477,3529,3463,3516.0,3110476,1420985,3493.0,rb1811,3427,3490,3427,3478.0,125,1138,3466.0,rb1812,3401,3460,3401,3444.0,54,312,3428.0,rb1901,3320,3378,3319,3365.0,50272,97335,3346.0,rb1810,3477.0,3529.0,3463.0,3516.0,3110476.0,1420985.0,3493.0
2018-04-20,3469.600723569897,2452741.0,1681662.0,rb1805,3778,3785,3723,3731.0,76806,137638,3748.0,rb1806,3806,3814,3765,3773.0,1368,5178,3784.0,rb1807,3684,3684,3645,3660.0,12,824,3663.0,rb1808,3607,3624,3575,3575.0,33,293,3599.0,rb1809,3598,3598,3524,3538.0,2849,4422,3558.0,rb1810,3505,3510,3442,3454.0,2330141,1426730,3475.0,rb1811,3462,3472,3401,3410.0,157,1165,3447.0,rb1812,3431,3439,3392,3396.0,54,328,3417.0,rb1901,3362,3362,3312,3321.0,41134,103442,3338.0,rb1810,3505.0,3510.0,3442.0,3454.0,2330141.0,1426730.0,3475.0
2018-04-23,3555.0744207947846,2587331.0,1639488.0,rb1805,3718,3820,3718,3816.0,89045,115184,3783.0,rb1806,3778,3835,3776,3835.0,1255,4545,3820.0,rb1807,3655,3718,3652,3710.0,47,830,3687.0,rb1808,3605,3687,3605,3677.0,46,285,3659.0,rb1809,3550,3635,3535,3623.0,3024,4260,3592.0,rb1810,3455,3555,3450,3544.0,2436058,1409081,3510.0,rb1811,3437,3511,3426,3497.0,277,1115,3482.0,rb1812,3423,3479,3419,3473.0,31,317,3452.0,rb1901,3314,3416,3314,3401.0,57225,102266,3378.0,rb1810,3455.0,3555.0,3450.0,3544.0,2436058.0,1409081.0,3510.0
2018-04-24,3571.754581672821,2127622.0,1640558.0,rb1805,3806,3900,3802,3890.0,83951,91087,3868.0,rb1806,3829,3895,3828,3888.0,648,4483,3871.0,rb1807,3720,3763,3715,3760.0,112,828,3734.0,rb1808,3681,3712,3675,3704.0,55,287,3693.0,rb1809,3611,3700,3601,3647.0,4104,4332,3648.0,rb1810,3536,3589,3522,3562.0,1996444,1432233,3564.0,rb1811,3500,3551,3500,3533.0,274,1099,3523.0,rb1812,3463,3506,3463,3493.0,47,314,3485.0,rb1901,3395,3437,3381,3413.0,41543,104322,3413.0,rb1810,3536.0,3589.0,3522.0,3562.0,1996444.0,1432233.0,3564.0
2018-04-25,3578.95953535984,2209289.0,1669507.0,rb1805,3891,3909,3863,3897.0,53597,77094,3889.0,rb1806,3906,3906,3859,3880.0,346,4495,3883.0,rb1807,3803,3803,3749,3771.0,221,843,3771.0,rb1808,3705,3718,3683,3706.0,24,283,3701.0,rb1809,3645,3674,3626,3655.0,2700,4346,3654.0,rb1810,3570,3594,3540,3573.0,2110506,1473738,3569.0,rb1811,3548,3552,3521,3540.0,118,1067,3539.0,rb1812,3498,3504,3476,3504.0,10,315,3494.0,rb1901,3415,3433,3391,3416.0,41590,105757,3416.0,rb1810,3570.0,3594.0,3540.0,3573.0,2110506.0,1473738.0,3569.0
2018-04-26,3561.239194068653,2503293.0,1661680.0,rb1805,3908,3925,3880,3922.0,52246,59096,3906.0,rb1806,3906,3906,3865,3898.0,675,4556,3884.0,rb1807,3790,3795,3743,3761.0,124,870,3763.0,rb1808,3724,3734,3674,3694.0,17,286,3696.0,rb1809,3659,3695,3621,3641.0,2583,4683,3648.0,rb1810,3578,3613,3536,3558.0,2397735,1477988,3565.0,rb1811,3543,3579,3513,3527.0,86,1090,3548.0,rb1812,3508,3512,3467,3487.0,38,327,3485.0,rb1901,3418,3449,3380,3397.0,49390,111177,3406.0,rb1810,3578.0,3613.0,3536.0,3558.0,2397735.0,1477988.0,3565.0
2018-04-27,3587.6803918256,2360634.0,1598160.0,rb1805,3922,3964,3913,3954.0,54894,23461,3938.0,rb1806,3895,3917,3890,3909.0,1063,4194,3904.0,rb1807,3784,3799,3763,3774.0,85,871,3773.0,rb1808,3699,3723,3686,3702.0,15,288,3704.0,rb1809,3641,3678,3636,3675.0,3916,4564,3657.0,rb1810,3551,3600,3548,3593.0,2249863,1449274,3574.0,rb1811,3529,3558,3515,3550.0,485,1038,3540.0,rb1812,3488,3507,3486,3504.0,43,290,3497.0,rb1901,3397,3442,3393,3429.0,49981,112574,3417.0,rb1810,3551.0,3600.0,3548.0,3593.0,2249863.0,1449274.0,3574.0
2018-05-02,3719.823127091333,2143550.0,1766517.0,rb1805,4050,4100,3967,4098.0,9961,16200,4028.0,rb1806,3942,4048,3934,4043.0,509,4276,4000.0,rb1807,3872,3908,3835,3907.0,280,916,3876.0,rb1808,3783,3860,3773,3860.0,52,322,3809.0,rb1809,3675,3808,3675,3801.0,3756,4678,3752.0,rb1810,3640,3729,3634,3727.0,2057194,1617063,3677.0,rb1811,3616,3692,3612,3692.0,34,1030,3648.0,rb1812,3570,3620,3543,3616.0,56,280,3581.0,rb1901,3471,3561,3464,3559.0,71157,120229,3508.0,rb1810,3640.0,3729.0,3634.0,3727.0,2057194.0,1617063.0,3677.0
2018-05-03,3665.008824462341,2181518.0,1683502.0,rb1805,4110,4110,4012,4029.0,4980,13290,4057.0,rb1806,4030,4066,4030,4062.0,1018,4519,4051.0,rb1807,3918,3927,3885,3906.0,283,821,3914.0,rb1808,3859,3876,3804,3804.0,57,318,3866.0,rb1809,3800,3813,3740,3758.0,3168,4697,3781.0,rb1810,3729,3733,3655,3673.0,2108847,1527578,3695.0,rb1811,3696,3696,3620,3627.0,18,1036,3664.0,rb1812,3612,3637,3584,3584.0,41,272,3619.0,rb1901,3570,3572,3501,3517.0,62674,129395,3539.0,rb1810,3729.0,3733.0,3655.0,3673.0,2108847.0,1527578.0,3695.0
2018-05-04,3656.295780338931,1917307.0,1655678.0,rb1805,4020,4069,4012,4066.0,2070,12240,4040.0,rb1806,4053,4067,4042,4056.0,710,4385,4056.0,rb1807,3900,3920,3879,3899.0,203,860,3898.0,rb1808,3800,3829,3797,3817.0,66,311,3813.0,rb1809,3753,3774,3728,3756.0,1941,4645,3750.0,rb1810,3668,3688,3642,3664.0,1846984,1499932,3663.0,rb1811,3634,3649,3612,3619.0,50,1037,3636.0,rb1812,3581,3598,3563,3592.0,41,288,3584.0,rb1901,3521,3532,3490,3513.0,64992,130334,3509.0,rb1810,3668.0,3688.0,3642.0,3664.0,1846984.0,1499932.0,3663.0
2018-05-07,3649.783276291188,2474871.0,1628036.0,rb1805,4050,4114,4025,4105.0,3480,10050,4087.0,rb1806,4048,4098,4021,4076.0,1653,4668,4047.0,rb1807,3904,3946,3879,3910.0,225,843,3910.0,rb1808,3788,3838,3771,3834.0,46,310,3815.0,rb1809,3743,3771,3701,3744.0,2776,4420,3736.0,rb1810,3663,3690,3616,3657.0,2405754,1472477,3654.0,rb1811,3585,3655,3585,3632.0,21,1041,3616.0,rb1812,3570,3608,3548,3608.0,65,286,3564.0,rb1901,3513,3540,3472,3517.0,60365,132378,3505.0,rb1810,3663.0,3690.0,3616.0,3657.0,2405754.0,1472477.0,3654.0
2018-05-08,3628.783299033106,1631407.0,1638959.0,rb1805,4109,4111,4089,4105.0,2040,8400,4105.0,rb1806,4055,4077,4050,4070.0,449,4621,4068.0,rb1807,3913,3927,3901,3902.0,22,843,3914.0,rb1808,3812,3820,3779,3782.0,41,316,3798.0,rb1809,3744,3755,3721,3721.0,1713,4426,3737.0,rb1810,3657,3672,3634,3637.0,1574426,1486150,3651.0,rb1811,3612,3621,3604,3604.0,35,1006,3619.0,rb1812,3590,3605,3573,3573.0,110,304,3581.0,rb1901,3510,3522,3483,3487.0,52249,131216,3505.0,rb1810,3657.0,3672.0,3634.0,3637.0,1574426.0,1486150.0,3651.0
2018-05-09,3562.8319073786524,2471548.0,1734978.0,rb1805,4100,4104,4040,4050.0,3450,5640,4072.0,rb1806,4053,4062,4010,4035.0,729,4840,4048.0,rb1807,3900,3900,3842,3842.0,173,860,3878.0,rb1808,3748,3776,3733,3738.0,187,380,3753.0,rb1809,3719,3722,3654,3663.0,5680,4535,3686.0,rb1810,3626,3630,3563,3571.0,2393931,1580529,3596.0,rb1811,3566,3584,3542,3542.0,129,1007,3567.0,rb1812,3545,3548,3487,3497.0,44,289,3510.0,rb1901,3485,3485,3421,3427.0,66619,134944,3451.0,rb1810,3626.0,3630.0,3563.0,3571.0,2393931.0,1580529.0,3596.0
2018-05-10,3604.799101227612,1966688.0,1698094.0,rb1805,4038,4080,4038,4067.0,4740,1350,4066.0,rb1806,4024,4067,4024,4067.0,773,4604,4054.0,rb1807,3879,3891,3846,3879.0,48,870,3876.0,rb1808,3733,3769,3733,3755.0,81,378,3754.0,rb1809,3672,3699,3664,3692.0,3022,4286,3678.0,rb1810,3577,3618,3575,3615.0,1907337,1548711,3593.0,rb1811,3552,3585,3552,3585.0,39,1006,3565.0,rb1812,3512,3531,3508,3520.0,24,284,3516.0,rb1901,3439,3466,3431,3465.0,50305,134692,3446.0,rb1810,3577.0,3618.0,3575.0,3615.0,1907337.0,1548711.0,3593.0
2018-05-11,3663.3421782539385,2060789.0,1666757.0,rb1805,4041,4041,3900,3900.0,360,1140,4010.0,rb1806,4066,4099,4054,4084.0,811,4128,4077.0,rb1807,3896,3927,3869,3910.0,179,948,3888.0,rb1808,3784,3829,3772,3819.0,187,337,3802.0,rb1809,3705,3763,3701,3759.0,3245,4123,3732.0,rb1810,3628,3686,3620,3675.0,1990061,1522275,3650.0,rb1811,3612,3650,3604,3650.0,65,1000,3632.0,rb1812,3551,3601,3548,3590.0,33,284,3582.0,rb1901,3485,3524,3472,3510.0,65392,130637,3497.0,rb1810,3628.0,3686.0,3620.0,3675.0,1990061.0,1522275.0,3650.0
2018-05-14,3655.310837036465,1631404.0,1632402.0,rb1805,0,0,0,4010.0,0,1140,4010.0,rb1806,4096,4096,4071,4078.0,202,4105,4081.0,rb1807,3920,3929,3896,3900.0,96,953,3914.0,rb1808,3820,3828,3802,3822.0,19,334,3818.0,rb1809,3770,3770,3740,3754.0,1184,4099,3754.0,rb1810,3690,3695,3652,3667.0,1581555,1488289,3672.0,rb1811,3645,3650,3631,3650.0,19,1000,3640.0,rb1812,3593,3594,3574,3577.0,9,285,3582.0,rb1901,3517,3525,3495,3503.0,48025,130305,3511.0,rb1810,3690.0,3695.0,3652.0,3667.0,1581555.0,1488289.0,3672.0
2018-05-15,3669.334105505955,2586890.0,1609312.0,rb1805,4010,4010,3980,3980.0,690,600,4007.0,rb1806,4083,4111,4077,4098.0,815,3654,4096.0,rb1807,3921,3937,3887,3913.0,122,937,3911.0,rb1808,3856,3860,3788,3835.0,53,333,3825.0,rb1809,3758,3795,3727,3764.0,3268,3748,3762.0,rb1810,3673,3715,3636,3681.0,2507726,1464478,3677.0,rb1811,3654,3681,3611,3667.0,37,1000,3657.0,rb1812,3607,3607,3558,3598.0,12,282,3585.0,rb1901,3502,3553,3480,3525.0,73952,132413,3519.0,rb1810,3673.0,3715.0,3636.0,3681.0,2507726.0,1464478.0,3677.0
2018-05-16,3664.941462686093,2211714.0,1573475.0,rb1806,4092,4096,4065,4080.0,233,3532,4087.0,rb1807,3912,3925,3884,3892.0,183,980,3911.0,rb1808,3806,3841,3801,3825.0,34,339,3820.0,rb1809,3760,3789,3724,3758.0,2228,3566,3757.0,rb1810,3682,3705,3641,3677.0,2131985,1422094,3674.0,rb1811,3653,3703,3620,3637.0,137,1044,3652.0,rb1812,3579,3616,3576,3597.0,13,281,3591.0,rb1901,3520,3554,3498,3532.0,71964,136804,3524.0,rb1902,3488,3508,3471,3490.0,96,910,3483.0,rb1810,3682.0,3705.0,3641.0,3677.0,2131985.0,1422094.0,3674.0
2018-05-17,3665.975710482323,1492342.0,1615100.0,rb1806,4071,4094,4069,4090.0,135,3501,4082.0,rb1807,3884,3917,3883,3906.0,60,981,3899.0,rb1808,3796,3832,3796,3817.0,24,340,3815.0,rb1809,3758,3769,3743,3758.0,1340,3595,3757.0,rb1810,3677,3688,3658,3679.0,1446779,1461655,3674.0,rb1811,3638,3659,3637,3653.0,33,1041,3645.0,rb1812,3588,3603,3584,3589.0,9,279,3593.0,rb1901,3525,3535,3510,3522.0,39805,137318,3523.0,rb1902,3486,3502,3483,3498.0,101,914,3495.0,rb1810,3677.0,3688.0,3658.0,3679.0,1446779.0,1461655.0,3674.0
2018-05-18,3618.292447307488,2167447.0,1680884.0,rb1806,4092,4092,4072,4084.0,198,3459,4080.0,rb1807,3901,3921,3861,3888.0,137,941,3887.0,rb1808,3823,3840,3775,3780.0,71,320,3811.0,rb1809,3775,3786,3705,3718.0,2849,3593,3737.0,rb1810,3685,3705,3619,3631.0,2093403,1519770,3655.0,rb1811,3661,3672,3600,3611.0,37,1045,3636.0,rb1812,3612,3612,3545,3545.0,19,274,3579.0,rb1901,3526,3545,3471,3480.0,64132,142062,3504.0,rb1902,3497,3507,3446,3455.0,148,960,3468.0,rb1810,3685.0,3705.0,3619.0,3631.0,2093403.0,1519770.0,3655.0
2018-05-21,3576.241631492224,1991680.0,1727817.0,rb1806,4064,4092,4064,4068.0,360,3287,4083.0,rb1807,3867,3896,3860,3865.0,62,928,3877.0,rb1808,3752,3792,3747,3765.0,50,306,3761.0,rb1809,3707,3732,3666,3673.0,3482,3146,3699.0,rb1810,3626,3651,3582,3589.0,1923056,1556346,3614.0,rb1811,3591,3615,3557,3575.0,26,1055,3579.0,rb1812,3543,3564,3513,3517.0,32,276,3536.0,rb1901,3478,3505,3441,3445.0,57625,149690,3469.0,rb1902,3444,3468,3418,3423.0,172,1006,3448.0,rb1810,3626.0,3651.0,3582.0,3589.0,1923056.0,1556346.0,3614.0
2018-05-22,3560.3815690357965,1836734.0,1743045.0,rb1806,4076,4078,4065,4066.0,384,3020,4071.0,rb1807,3878,3878,3853,3853.0,36,921,3868.0,rb1808,3753,3772,3736,3743.0,72,336,3751.0,rb1809,3668,3695,3643,3663.0,1630,3281,3666.0,rb1810,3586,3614,3556,3573.0,1770447,1563871,3582.0,rb1811,3571,3580,3537,3555.0,52,1053,3562.0,rb1812,3529,3545,3490,3516.0,14,273,3516.0,rb1901,3448,3469,3428,3437.0,59291,156068,3444.0,rb1902,3426,3439,3404,3410.0,128,1082,3420.0,rb1810,3586.0,3614.0,3556.0,3573.0,1770447.0,1563871.0,3582.0
2018-05-23,3518.297636752566,1784458.0,1761009.0,rb1806,4071,4071,4011,4016.0,549,2862,4035.0,rb1807,3858,3884,3800,3800.0,104,873,3829.0,rb1808,3733,3749,3704,3704.0,55,356,3722.0,rb1809,3664,3665,3602,3610.0,2604,3527,3635.0,rb1810,3575,3579,3511,3531.0,1697185,1569116,3541.0,rb1811,3551,3556,3498,3504.0,47,1071,3534.0,rb1812,3502,3505,3450,3471.0,27,267,3476.0,rb1901,3449,3476,3387,3404.0,76341,164987,3416.0,rb1902,3412,3417,3361,3375.0,206,1184,3374.0,rb1810,3575.0,3579.0,3511.0,3531.0,1697185.0,1569116.0,3541.0
2018-05-24,3569.5053874150394,1697157.0,1752139.0,rb1806,4018,4031,3994,4029.0,745,2291,4015.0,rb1807,3792,3828,3776,3809.0,121,851,3798.0,rb1808,3722,3759,3722,3748.0,19,343,3753.0,rb1809,3603,3678,3603,3675.0,2402,3514,3641.0,rb1810,3530,3590,3520,3583.0,1625559,1555582,3548.0,rb1811,3500,3762,3438,3438.0,81,1090,3546.0,rb1812,3465,3511,3458,3511.0,21,258,3473.0,rb1901,3404,3457,3392,3456.0,61490,171234,3420.0,rb1902,3374,3420,3368,3420.0,45,1201,3392.0,rb1810,3530.0,3590.0,3520.0,3583.0,1625559.0,1555582.0,3548.0
2018-05-25,3550.4132357035887,1920769.0,1727479.0,rb1806,4047,4047,4020,4024.0,534,1849,4029.0,rb1807,3834,3847,3806,3812.0,183,847,3834.0,rb1808,3788,3790,3744,3753.0,23,346,3762.0,rb1809,3675,3701,3636,3660.0,3272,3295,3679.0,rb1810,3580,3615,3542,3565.0,1837564,1529399,3584.0,rb1811,3500,3590,3500,3536.0,73,1093,3542.0,rb1812,3527,3543,3485,3485.0,15,256,3515.0,rb1901,3460,3484,3415,3432.0,69826,171869,3455.0,rb1902,3424,3446,3389,3390.0,45,1208,3411.0,rb1810,3580.0,3615.0,3542.0,3565.0,1837564.0,1529399.0,3584.0
2018-05-28,3564.493362744032,1955628.0,1738143.0,rb1806,4013,4028,4000,4012.0,342,1618,4021.0,rb1807,3798,3850,3792,3812.0,157,822,3826.0,rb1808,3729,3798,3720,3763.0,87,322,3769.0,rb1809,3650,3710,3629,3672.0,3492,3068,3669.0,rb1810,3560,3626,3540,3579.0,1869372,1536630,3584.0,rb1811,3524,3597,3501,3552.0,229,1091,3550.0,rb1812,3495,3542,3495,3522.0,12,255,3512.0,rb1901,3431,3490,3417,3450.0,75540,175680,3451.0,rb1902,3402,3453,3388,3410.0,151,1256,3424.0,rb1810,3560.0,3626.0,3540.0,3579.0,1869372.0,1536630.0,3584.0
2018-05-29,3618.24228840513,2054671.0,1714172.0,rb1806,4002,4035,4002,4010.0,358,1329,4019.0,rb1807,3809,3840,3806,3838.0,257,816,3824.0,rb1808,3764,3816,3764,3793.0,56,288,3803.0,rb1809,3669,3730,3662,3724.0,2459,2657,3703.0,rb1810,3581,3650,3570,3635.0,1975187,1514068,3611.0,rb1811,3553,3615,3538,3595.0,414,1019,3599.0,rb1812,3520,3572,3509,3572.0,31,240,3541.0,rb1901,3443,3500,3437,3490.0,66206,174943,3471.0,rb1902,3415,3461,3415,3460.0,160,1265,3443.0,rb1810,3581.0,3650.0,3570.0,3635.0,1975187.0,1514068.0,3611.0
2018-05-30,3626.1495106287466,1821607.0,1708621.0,rb1806,4016,4065,4016,4065.0,290,1102,4055.0,rb1807,3856,3925,3850,3917.0,191,795,3897.0,rb1808,3823,3823,3780,3813.0,92,348,3808.0,rb1809,3726,3745,3698,3728.0,1711,2553,3724.0,rb1810,3642,3667,3614,3644.0,1750254,1511419,3642.0,rb1811,3621,3629,3592,3624.0,130,1014,3614.0,rb1812,3574,3580,3550,3565.0,54,277,3571.0,rb1901,3500,3510,3470,3487.0,59656,172993,3492.0,rb1902,3461,3469,3438,3456.0,84,1248,3456.0,rb1810,3642.0,3667.0,3614.0,3644.0,1750254.0,1511419.0,3642.0
2018-05-31,3675.587965612811,1643353.0,1771590.0,rb1806,4040,4287,4040,4287.0,656,630,4130.0,rb1807,3893,3987,3893,3949.0,104,785,3947.0,rb1808,3789,3858,3789,3848.0,67,340,3844.0,rb1809,3726,3763,3712,3763.0,1868,2445,3739.0,rb1810,3639,3697,3634,3696.0,1532697,1575833,3671.0,rb1811,3614,3662,3614,3661.0,72,1013,3646.0,rb1812,3560,3581,3555,3565.0,17,279,3566.0,rb1901,3488,3517,3474,3512.0,96726,170152,3493.0,rb1902,3460,3472,3448,3471.0,61,1246,3458.0,rb1810,3639.0,3697.0,3634.0,3696.0,1532697.0,1575833.0,3671.0
2018-06-01,3713.4223890304047,2456161.0,1808198.0,rb1806,4150,4185,4150,4185.0,240,390,4174.0,rb1807,3974,3998,3969,3980.0,447,917,3982.0,rb1808,3881,3923,3867,3867.0,82,349,3890.0,rb1809,3763,3837,3754,3798.0,3046,2692,3804.0,rb1810,3698,3778,3692,3734.0,2312647,1608779,3739.0,rb1811,3675,3725,3675,3710.0,98,972,3699.0,rb1812,3605,3639,3594,3613.0,124,245,3619.0,rb1901,3515,3563,3514,3550.0,126917,174095,3538.0,rb1902,3473,3519,3473,3501.0,80,1227,3502.0,rb1810,3698.0,3778.0,3692.0,3734.0,2312647.0,1608779.0,3739.0
2018-06-04,3698.1880096509008,1947967.0,1809572.0,rb1806,4199,4199,4199,4199.0,90,300,4199.0,rb1807,3980,3999,3957,3979.0,311,914,3985.0,rb1808,3870,3889,3853,3885.0,157,367,3873.0,rb1809,3804,3833,3780,3796.0,2140,2499,3805.0,rb1810,3739,3767,3700,3719.0,1864557,1603113,3732.0,rb1811,3705,3725,3663,3720.0,140,939,3701.0,rb1812,3643,3649,3601,3610.0,51,269,3632.0,rb1901,3542,3578,3530,3540.0,71959,179638,3550.0,rb1902,3517,3534,3488,3507.0,50,1221,3511.0,rb1810,3739.0,3767.0,3700.0,3719.0,1864557.0,1603113.0,3732.0
2018-06-05,3716.321303294017,1864876.0,1802571.0,rb1806,0,0,0,4199.0,0,300,4199.0,rb1807,3969,3995,3962,3969.0,42,915,3968.0,rb1808,3856,3876,3846,3871.0,56,387,3861.0,rb1809,3775,3800,3750,3800.0,1691,2622,3773.0,rb1810,3708,3743,3678,3736.0,1782747,1590716,3705.0,rb1811,3658,3685,3651,3673.0,61,959,3664.0,rb1812,3579,3640,3579,3640.0,59,238,3603.0,rb1901,3538,3579,3512,3573.0,69608,184018,3539.0,rb1902,3485,3529,3485,3529.0,40,1197,3505.0,rb1810,3708.0,3743.0,3678.0,3736.0,1782747.0,1590716.0,3705.0
2018-06-06,3755.198026529697,2198265.0,1882268.0,rb1806,4250,4260,4250,4260.0,60,240,4255.0,rb1807,3990,4019,3976,4019.0,74,927,4006.0,rb1808,3871,3944,3871,3915.0,120,469,3918.0,rb1809,3810,3850,3793,3845.0,2441,2915,3820.0,rb1810,3743,3784,3725,3776.0,2106841,1669424,3751.0,rb1811,3709,3752,3695,3752.0,55,934,3721.0,rb1812,3638,3661,3625,3647.0,15,243,3640.0,rb1901,3578,3600,3558,3597.0,77632,184445,3576.0,rb1902,3528,3563,3520,3563.0,35,1184,3543.0,rb1810,3743.0,3784.0,3725.0,3776.0,2106841.0,1669424.0,3751.0
2018-06-07,3785.798808519985,2702958.0,1893947.0,rb1806,4281,4281,4266,4266.0,60,180,4273.0,rb1807,4038,4112,4038,4055.0,145,946,4081.0,rb1808,3947,4024,3946,3973.0,76,452,3990.0,rb1809,3860,3928,3852,3882.0,3138,3149,3885.0,rb1810,3786,3869,3780,3807.0,2587633,1674516,3819.0,rb1811,3745,3816,3745,3761.0,113,857,3787.0,rb1812,3680,3754,3672,3702.0,48,251,3702.0,rb1901,3617,3684,3602,3628.0,97970,190793,3640.0,rb1902,3574,3635,3565,3583.0,133,1162,3601.0,rb1810,3786.0,3869.0,3780.0,3807.0,2587633.0,1674516.0,3819.0
2018-06-08,3784.671794975392,1939617.0,1881062.0,rb1806,0,0,0,4273.0,0,180,4273.0,rb1807,4070,4103,4042,4055.0,86,937,4065.0,rb1808,3966,3986,3954,3986.0,31,439,3976.0,rb1809,3889,3895,3851,3875.0,1904,3042,3874.0,rb1810,3810,3828,3773,3806.0,1848594,1655745,3801.0,rb1811,3769,3780,3738,3766.0,42,840,3760.0,rb1812,3709,3723,3668,3710.0,60,233,3690.0,rb1901,3628,3647,3610,3635.0,77907,195571,3627.0,rb1902,3584,3601,3572,3600.0,41,1164,3598.0,rb1810,3810.0,3828.0,3773.0,3806.0,1848594.0,1655745.0,3801.0
2018-06-11,3780.693745949175,2024425.0,1888504.0,rb1806,4233,4233,4233,4233.0,60,120,4233.0,rb1807,4061,4076,4044,4074.0,32,920,4065.0,rb1808,3957,3988,3943,3980.0,81,429,3970.0,rb1809,3857,3885,3829,3868.0,1611,2891,3857.0,rb1810,3804,3815,3755,3803.0,1948401,1661583,3786.0,rb1811,3750,3772,3716,3755.0,23,827,3732.0,rb1812,0,0,0,3690.0,0,233,3690.0,rb1901,3627,3638,3590,3624.0,66099,197262,3613.0,rb1902,3575,3587,3555,3574.0,40,1165,3571.0,rb1810,3804.0,3815.0,3755.0,3803.0,1948401.0,1661583.0,3786.0
2018-06-12,3832.6689323777537,2338901.0,1890650.0,rb1806,4500,4500,4500,4500.0,90,30,4500.0,rb1807,4083,4149,4081,4140.0,44,937,4112.0,rb1808,4017,4017,3979,4015.0,41,423,3998.0,rb1809,3851,3928,3851,3922.0,1814,3160,3891.0,rb1810,3808,3859,3781,3856.0,2254671,1661686,3823.0,rb1811,3785,3812,3752,3812.0,119,800,3780.0,rb1812,3708,3734,3678,3734.0,13,230,3707.0,rb1901,3630,3672,3612,3672.0,70038,198886,3645.0,rb1902,3604,3618,3580,3618.0,118,1239,3609.0,rb1810,3808.0,3859.0,3781.0,3856.0,2254671.0,1661686.0,3823.0
2018-06-13,3836.595092027724,2171566.0,1926702.0,rb1806,0,0,0,4500.0,0,30,4500.0,rb1807,4129,4175,4110,4144.0,134,976,4141.0,rb1808,4029,4047,4029,4047.0,4,419,4033.0,rb1809,3922,3960,3913,3930.0,2343,3245,3936.0,rb1810,3848,3897,3834,3859.0,2086964,1699363,3863.0,rb1811,3805,3845,3789,3816.0,37,796,3824.0,rb1812,3733,3768,3733,3767.0,18,223,3747.0,rb1901,3673,3707,3658,3678.0,71025,196790,3679.0,rb1902,3625,3649,3606,3637.0,144,1363,3635.0,rb1810,3848.0,3897.0,3834.0,3859.0,2086964.0,1699363.0,3863.0
2018-06-14,3875.1137652007633,1847722.0,2004998.0,rb1806,0,0,0,4500.0,0,30,4500.0,rb1807,4187,4187,4135,4186.0,30,956,4183.0,rb1808,4046,4097,4042,4086.0,245,452,4086.0,rb1809,3936,3977,3933,3973.0,1818,3465,3957.0,rb1810,3867,3904,3859,3897.0,1764218,1776768,3882.0,rb1811,3814,3876,3814,3839.0,27,795,3835.0,rb1812,0,0,0,3747.0,0,223,3747.0,rb1901,3690,3720,3677,3714.0,73089,196734,3699.0,rb1902,3645,3657,3637,3645.0,74,1369,3650.0,rb1810,3867.0,3904.0,3859.0,3897.0,1764218.0,1776768.0,3882.0
2018-06-15,3878.938036519893,1752226.0,1936205.0,rb1806,0,0,0,4500.0,0,30,4500.0,rb1807,4196,4219,4183,4219.0,190,855,4202.0,rb1808,4073,4086,4063,4086.0,63,431,4073.0,rb1809,3973,3983,3938,3980.0,2102,3517,3961.0,rb1810,3886,3910,3856,3902.0,1645078,1697041,3882.0,rb1811,3853,3855,3815,3832.0,37,788,3840.0,rb1812,3788,3811,3753,3786.0,86,213,3796.0,rb1901,3713,3742,3688,3725.0,93922,207191,3714.0,rb1902,3682,3682,3639,3665.0,128,1429,3658.0,rb1810,3886.0,3910.0,3856.0,3902.0,1645078.0,1697041.0,3882.0
2018-06-19,3743.874763094203,2450965.0,1805570.0,rb1807,4220,4223,4103,4115.0,227,763,4145.0,rb1808,4059,4086,3981,3995.0,130,374,4026.0,rb1809,3946,3957,3834,3861.0,3195,3091,3883.0,rb1810,3872,3874,3733,3769.0,2314370,1559971,3797.0,rb1811,3807,3814,3689,3712.0,44,790,3742.0,rb1812,3744,3759,3645,3651.0,65,212,3694.0,rb1901,3704,3704,3566,3593.0,114560,212713,3621.0,rb1902,3595,3595,3521,3526.0,27,1426,3541.0,rb1903,3576,3595,3487,3500.0,162,1294,3528.0,rb1810,3872.0,3874.0,3733.0,3769.0,2314370.0,1559971.0,3797.0
2018-06-20,3792.975037983504,1908474.0,1900167.0,rb1807,4131,4157,4090,4157.0,50,781,4118.0,rb1808,3999,4038,3996,4031.0,26,376,4015.0,rb1809,3850,3915,3845,3911.0,2405,3204,3881.0,rb1810,3759,3825,3746,3817.0,1818081,1657192,3788.0,rb1811,3706,3767,3706,3751.0,14,789,3752.0,rb1812,3659,3717,3659,3717.0,27,211,3688.0,rb1901,3585,3643,3570,3638.0,77340,209916,3607.0,rb1902,3509,3566,3509,3553.0,43,1447,3521.0,rb1903,3509,3549,3509,3549.0,29,1292,3529.0,rb1810,3759.0,3825.0,3746.0,3817.0,1818081.0,1657192.0,3788.0
2018-06-21,3750.389386299574,2199231.0,1959034.0,rb1807,4150,4176,4119,4140.0,19,777,4155.0,rb1808,4050,4072,4015,4015.0,26,370,4045.0,rb1809,3911,3935,3877,3885.0,3018,3453,3904.0,rb1810,3812,3843,3770,3773.0,2112419,1706960,3808.0,rb1811,3761,3781,3719,3727.0,36,788,3762.0,rb1812,3709,3714,3683,3702.0,23,207,3701.0,rb1901,3634,3660,3602,3604.0,71543,217043,3632.0,rb1902,3591,3610,3539,3539.0,18,1446,3587.0,rb1903,3535,3585,3520,3530.0,83,1314,3559.0,rb1810,3812.0,3843.0,3770.0,3773.0,2112419.0,1706960.0,3808.0
2018-06-22,3735.8614669683575,1900159.0,1939292.0,rb1807,4108,4153,4107,4120.0,113,755,4121.0,rb1808,4009,4025,4003,4019.0,59,346,4008.0,rb1809,3878,3897,3850,3872.0,3184,3554,3869.0,rb1810,3773,3788,3740,3760.0,1788650,1681069,3763.0,rb1811,3704,3736,3700,3706.0,73,799,3713.0,rb1812,3661,3688,3650,3659.0,22,211,3666.0,rb1901,3600,3610,3566,3585.0,96745,220903,3590.0,rb1902,3538,3559,3518,3546.0,23,1438,3531.0,rb1903,3530,3536,3512,3536.0,39,1332,3524.0,rb1810,3773.0,3788.0,3740.0,3760.0,1788650.0,1681069.0,3763.0
2018-06-25,3697.263901549681,2087925.0,2020674.0,rb1807,4138,4167,4093,4100.0,126,680,4108.0,rb1808,4010,4028,3989,3993.0,32,332,4001.0,rb1809,3856,3892,3828,3829.0,2539,3359,3848.0,rb1810,3755,3783,3713,3723.0,1970865,1739329,3741.0,rb1811,3706,3725,3664,3679.0,83,795,3710.0,rb1812,3649,3649,3607,3609.0,7,214,3624.0,rb1901,3587,3606,3537,3546.0,98202,237778,3563.0,rb1902,3502,3511,3500,3500.0,10,1435,3504.0,rb1903,3530,3536,3490,3490.0,76,1383,3499.0,rb1810,3755.0,3783.0,3713.0,3723.0,1970865.0,1739329.0,3741.0
2018-06-26,3647.14114606748,2126482.0,2104274.0,rb1807,4104,4126,4090,4100.0,22,677,4106.0,rb1808,3983,3983,3933,3951.0,32,325,3951.0,rb1809,3845,3845,3803,3821.0,4081,3750,3819.0,rb1810,3713,3717,3663,3675.0,1953740,1796443,3688.0,rb1811,3647,3655,3618,3618.0,55,820,3631.0,rb1812,3560,3565,3560,3565.0,7,214,3562.0,rb1901,3542,3542,3470,3492.0,145334,260308,3500.0,rb1902,3488,3488,3438,3442.0,42,1424,3471.0,rb1903,3485,3486,3430,3442.0,34,1399,3456.0,rb1810,3713.0,3717.0,3663.0,3675.0,1953740.0,1796443.0,3688.0
2018-06-27,3641.948202051372,1811918.0,2125895.0,rb1807,4114,4176,4075,4132.0,157,620,4126.0,rb1808,3931,3971,3931,3966.0,39,324,3964.0,rb1809,3814,3853,3814,3831.0,2059,3760,3834.0,rb1810,3669,3713,3665,3672.0,1691308,1804281,3688.0,rb1811,3627,3653,3622,3622.0,21,829,3633.0,rb1812,3585,3600,3564,3584.0,27,214,3584.0,rb1901,3490,3529,3477,3481.0,103288,270334,3496.0,rb1902,3468,3468,3440,3445.0,10,1423,3457.0,rb1903,3467,3468,3429,3450.0,11,1400,3449.0,rb1810,3669.0,3713.0,3665.0,3672.0,1691308.0,1804281.0,3688.0
2018-06-28,3713.267076396,2582096.0,2060710.0,rb1807,4386,4389,4172,4208.0,281,514,4242.0,rb1808,4002,4047,3980,4036.0,77,338,4017.0,rb1809,3842,3916,3842,3906.0,2251,3846,3885.0,rb1810,3684,3769,3681,3744.0,2422587,1748028,3737.0,rb1811,3634,3708,3630,3680.0,80,826,3679.0,rb1812,3589,3627,3589,3627.0,13,216,3604.0,rb1901,3497,3565,3490,3551.0,140063,263813,3536.0,rb1902,3505,3517,3493,3511.0,65,1442,3505.0,rb1903,3458,3505,3450,3479.0,101,1370,3479.0,rb1810,3684.0,3769.0,3681.0,3744.0,2422587.0,1748028.0,3737.0
2018-06-29,3776.197674946687,1937579.0,2025760.0,rb1807,4218,4296,4155,4202.0,133,450,4184.0,rb1808,4039,4091,4025,4091.0,203,312,4069.0,rb1809,3906,3955,3895,3950.0,1963,3822,3929.0,rb1810,3748,3816,3745,3807.0,1822813,1718617,3783.0,rb1811,3727,3753,3718,3753.0,45,805,3730.0,rb1812,3645,3675,3636,3675.0,14,213,3659.0,rb1901,3548,3617,3546,3616.0,97427,259763,3584.0,rb1902,3523,3555,3523,3555.0,14,1435,3542.0,rb1903,3504,3548,3500,3548.0,83,1307,3528.0,rb1810,3748.0,3816.0,3745.0,3807.0,1822813.0,1718617.0,3783.0
2018-07-02,3716.02230609578,2312223.0,1951350.0,rb1807,4216,4216,4216,4216.0,60,450,4216.0,rb1808,4098,4098,4040,4042.0,140,228,4064.0,rb1809,3963,3965,3885,3895.0,2330,3622,3923.0,rb1810,3807,3809,3737,3751.0,2173534,1637427,3777.0,rb1811,3738,3748,3688,3688.0,58,800,3727.0,rb1812,3669,3669,3620,3620.0,12,212,3639.0,rb1901,3617,3619,3531,3546.0,118345,264373,3578.0,rb1902,3559,3559,3497,3511.0,39,1448,3542.0,rb1903,3542,3542,3471,3489.0,52,1308,3522.0,rb1810,3807.0,3809.0,3737.0,3751.0,2173534.0,1637427.0,3777.0
2018-07-03,3714.7706074793655,1757849.0,1917168.0,rb1807,4150,4187,4050,4187.0,120,450,4134.0,rb1808,4041,4052,4018,4036.0,24,235,4033.0,rb1809,3896,3919,3870,3905.0,1663,3640,3894.0,rb1810,3752,3775,3720,3753.0,1627386,1586500,3748.0,rb1811,3701,3706,3689,3690.0,16,801,3698.0,rb1812,3623,3624,3616,3623.0,6,212,3620.0,rb1901,3540,3555,3525,3544.0,115774,278222,3541.0,rb1902,3492,3507,3481,3486.0,41,1443,3492.0,rb1903,3487,3488,3460,3488.0,5,1307,3477.0,rb1810,3752.0,3775.0,3720.0,3753.0,1627386.0,1586500.0,3748.0
2018-07-04,3746.377131176529,2231899.0,1953909.0,rb1807,3897,4166,3897,4030.0,120,420,4007.0,rb1808,4058,4060,4023,4027.0,82,248,4039.0,rb1809,3925,3947,3900,3919.0,2132,3820,3922.0,rb1810,3759,3816,3756,3783.0,2084065,1627413,3784.0,rb1811,3720,3753,3715,3737.0,129,849,3724.0,rb1812,3680,3680,3635,3658.0,153,268,3650.0,rb1901,3547,3603,3546,3578.0,130242,275347,3572.0,rb1902,3513,3553,3498,3525.0,40,1444,3520.0,rb1903,3509,3525,3486,3512.0,15,1303,3509.0,rb1810,3759.0,3816.0,3756.0,3783.0,2084065.0,1627413.0,3784.0
2018-07-05,3746.178453000333,2613997.0,1916471.0,rb1807,4030,4030,4030,4030.0,30,420,4030.0,rb1808,3993,4036,3974,4028.0,108,240,4000.0,rb1809,3919,3939,3868,3910.0,3942,3236,3897.0,rb1810,3795,3816,3744,3788.0,2420481,1585318,3774.0,rb1811,3732,3750,3703,3735.0,180,869,3721.0,rb1812,3649,3654,3646,3647.0,9,272,3648.0,rb1901,3586,3602,3531,3561.0,168116,277229,3561.0,rb1902,3503,3503,3488,3502.0,6,1447,3497.0,rb1903,3533,3533,3470,3514.0,14,1302,3498.0,rb1810,3795.0,3816.0,3744.0,3788.0,2420481.0,1585318.0,3774.0
2018-07-06,3733.381990809703,2298607.0,1866969.0,rb1807,0,0,0,4026.0,0,420,4026.0,rb1808,4012,4022,3955,3999.0,91,208,3981.0,rb1809,3916,3917,3837,3880.0,2777,2970,3870.0,rb1810,3788,3807,3733,3780.0,2147528,1528110,3770.0,rb1811,3740,3747,3688,3730.0,20,871,3727.0,rb1812,3652,3652,3602,3625.0,26,278,3628.0,rb1901,3564,3576,3515,3541.0,123425,279447,3545.0,rb1902,3490,3502,3469,3500.0,35,1456,3496.0,rb1903,3470,3498,3463,3478.0,25,1289,3478.0,rb1810,3788.0,3807.0,3733.0,3780.0,2147528.0,1528110.0,3770.0
2018-07-09,3784.812583314392,2210233.0,1953444.0,rb1807,0,0,0,4026.0,0,420,4026.0,rb1808,4007,4007,3960,3972.0,44,208,3972.0,rb1809,3881,3922,3849,3913.0,2020,3133,3885.0,rb1810,3776,3832,3748,3830.0,2055980,1610613,3790.0,rb1811,3708,3777,3704,3777.0,45,856,3748.0,rb1812,3619,3659,3611,3659.0,45,261,3638.0,rb1901,3541,3595,3527,3595.0,130320,281645,3559.0,rb1902,3474,3539,3474,3539.0,20,1449,3523.0,rb1903,3471,3503,3471,3500.0,16,1288,3492.0,rb1810,3776.0,3832.0,3748.0,3830.0,2055980.0,1610613.0,3790.0
2018-07-10,3820.4944244024,1969640.0,2057896.0,rb1807,3955,3955,3955,3955.0,30,420,3955.0,rb1808,4000,4000,3973,3973.0,48,192,3990.0,rb1809,3925,3963,3923,3950.0,1614,3251,3944.0,rb1810,3850,3881,3837,3862.0,1773740,1697913,3861.0,rb1811,3782,3827,3782,3804.0,77,856,3802.0,rb1812,3685,3734,3685,3734.0,40,259,3705.0,rb1901,3606,3657,3600,3650.0,166100,294883,3625.0,rb1902,3552,3587,3552,3587.0,73,1450,3576.0,rb1903,3524,3554,3516,3554.0,142,1305,3531.0,rb1810,3850.0,3881.0,3837.0,3862.0,1773740.0,1697913.0,3861.0
2018-07-11,3839.129917010178,2355586.0,2102065.0,rb1807,4030,4030,4030,4030.0,30,420,4030.0,rb1808,3963,4019,3954,3998.0,72,172,3994.0,rb1809,3969,3980,3921,3961.0,1598,3288,3953.0,rb1810,3872,3900,3832,3879.0,2064636,1726846,3870.0,rb1811,3821,3836,3767,3800.0,93,858,3795.0,rb1812,3749,3782,3711,3757.0,64,262,3750.0,rb1901,3651,3692,3620,3680.0,255236,311689,3661.0,rb1902,3615,3635,3571,3622.0,114,1505,3614.0,rb1903,3590,3592,3545,3555.0,30,1324,3571.0,rb1810,3872.0,3900.0,3832.0,3879.0,2064636.0,1726846.0,3870.0
2018-07-12,3934.8136814234185,2577457.0,2214331.0,rb1807,0,0,0,4030.0,0,420,4030.0,rb1808,4009,4077,4009,4077.0,99,164,4047.0,rb1809,3965,4052,3962,4044.0,3124,3928,4012.0,rb1810,3880,3990,3880,3976.0,2249617,1818930,3937.0,rb1811,3823,3903,3823,3899.0,104,869,3854.0,rb1812,3767,3847,3759,3830.0,131,255,3807.0,rb1901,3684,3777,3681,3770.0,288062,330634,3732.0,rb1902,3626,3700,3626,3700.0,103,1505,3668.0,rb1903,3588,3650,3588,3650.0,48,1323,3610.0,rb1810,3880.0,3990.0,3880.0,3976.0,2249617.0,1818930.0,3937.0
2018-07-13,3921.331953390565,2229678.0,2186081.0,rb1807,0,0,0,4030.0,0,420,4030.0,rb1808,4064,4085,4064,4070.0,16,162,4075.0,rb1809,4050,4064,4031,4033.0,2203,3908,4049.0,rb1810,3980,3995,3950,3959.0,1805333,1744976,3974.0,rb1811,3887,3924,3880,3888.0,72,845,3900.0,rb1812,3864,3882,3851,3863.0,105,289,3866.0,rb1901,3775,3836,3765,3794.0,375379,374301,3803.0,rb1902,3730,3769,3712,3720.0,114,1532,3742.0,rb1903,3670,3721,3670,3683.0,33,1327,3695.0,rb1810,3980.0,3995.0,3950.0,3959.0,1805333.0,1744976.0,3974.0
2018-07-16,3908.9266749659614,1841637.0,2109416.0,rb1807,0,0,0,4030.0,0,420,4030.0,rb1808,4053,4093,4053,4061.0,30,150,4070.0,rb1809,4025,4050,4016,4024.0,1363,3952,4035.0,rb1810,3944,3983,3937,3958.0,1521062,1664022,3961.0,rb1811,3880,3967,3867,3874.0,133,850,3899.0,rb1812,3849,3849,3817,3817.0,39,270,3835.0,rb1901,3779,3792,3737,3748.0,291426,376648,3768.0,rb1902,3685,3722,3685,3709.0,15,1529,3703.0,rb1903,3656,3676,3650,3650.0,12,1327,3662.0,rb1810,3944.0,3983.0,3937.0,3958.0,1521062.0,1664022.0,3961.0
2018-07-17,3886.724731355931,2249156.0,1962541.0,rb1808,4098,4112,4049,4053.0,42,150,4082.0,rb1809,4015,4028,3991,4022.0,2291,3311,4010.0,rb1810,3943,3956,3892,3941.0,1885166,1526415,3926.0,rb1811,3866,3870,3821,3866.0,82,845,3848.0,rb1812,3799,3799,3755,3780.0,47,277,3772.0,rb1901,3740,3743,3676,3721.0,333812,366822,3707.0,rb1902,3663,3663,3620,3645.0,34,1516,3635.0,rb1903,3618,3618,3565,3611.0,40,1319,3586.0,rb1904,3623,3623,3565,3597.0,47,460,3591.0,rb1810,3943.0,3956.0,3892.0,3941.0,1885166.0,1526415.0,3926.0
2018-07-18,3886.1372977015153,1655685.0,1979130.0,rb1808,4094,4113,4051,4070.0,38,146,4081.0,rb1809,4024,4037,4007,4017.0,1054,3411,4019.0,rb1810,3940,3963,3924,3940.0,1443275,1540306,3940.0,rb1811,3909,3918,3859,3880.0,133,851,3883.0,rb1812,3788,3799,3780,3798.0,85,268,3797.0,rb1901,3721,3742,3703,3724.0,187493,364094,3722.0,rb1902,3661,3673,3646,3654.0,52,1521,3655.0,rb1903,3625,3625,3603,3603.0,4,1317,3615.0,rb1904,3601,3618,3601,3602.0,8,460,3608.0,rb1810,3940.0,3963.0,3924.0,3940.0,1443275.0,1540306.0,3940.0
2018-07-19,3906.273658820284,2365477.0,2040983.0,rb1808,4087,4101,4069,4078.0,19,140,4087.0,rb1809,4027,4085,4024,4045.0,1890,3470,4058.0,rb1810,3949,4014,3944,3963.0,2020298,1580927,3984.0,rb1811,3858,3924,3858,3886.0,60,853,3898.0,rb1812,3833,3862,3815,3834.0,80,244,3838.0,rb1901,3732,3789,3731,3739.0,310526,380158,3761.0,rb1902,3694,3710,3674,3684.0,43,1534,3699.0,rb1903,3643,3667,3640,3657.0,9,1316,3652.0,rb1904,3628,3657,3624,3630.0,34,455,3633.0,rb1810,3949.0,4014.0,3944.0,3963.0,2020298.0,1580927.0,3984.0
2018-07-20,3928.2179287046174,1753980.0,2068493.0,rb1808,4073,4086,4028,4028.0,17,144,4068.0,rb1809,4038,4076,4038,4062.0,698,3438,4057.0,rb1810,3961,4003,3949,3985.0,1487393,1596765,3979.0,rb1811,3913,3959,3862,3912.0,48,851,3906.0,rb1812,3822,3841,3811,3839.0,65,228,3826.0,rb1901,3738,3779,3728,3767.0,243220,386577,3751.0,rb1902,3681,3686,3660,3676.0,36,1532,3673.0,rb1903,3625,3655,3620,3653.0,22,1309,3635.0,rb1904,3625,3639,3625,3639.0,3,453,3632.0,rb1810,3961.0,4003.0,3949.0,3985.0,1487393.0,1596765.0,3979.0
2018-07-23,3961.413286933919,1652519.0,2123590.0,rb1808,4091,4108,4077,4108.0,31,120,4092.0,rb1809,4070,4093,4052,4087.0,1070,3672,4073.0,rb1810,3990,4024,3970,4011.0,1414081,1652402,3997.0,rb1811,3905,3950,3884,3950.0,60,868,3929.0,rb1812,3857,3881,3857,3880.0,24,244,3869.0,rb1901,3770,3816,3748,3814.0,201202,392788,3784.0,rb1902,3694,3726,3682,3726.0,113,1619,3709.0,rb1903,3653,3696,3653,3685.0,19,1310,3673.0,rb1904,3632,3682,3632,3682.0,13,443,3675.0,rb1810,3990.0,4024.0,3970.0,4011.0,1414081.0,1652402.0,3997.0
2018-07-24,3929.611936934804,1842968.0,2005607.0,rb1808,4166,4166,4079,4135.0,33,113,4127.0,rb1809,4090,4102,4058,4070.0,1017,3412,4080.0,rb1810,4024,4033,3975,3983.0,1469220,1501813,4002.0,rb1811,3955,3960,3903,3903.0,28,866,3940.0,rb1812,3897,3921,3866,3866.0,69,231,3901.0,rb1901,3830,3850,3790,3792.0,328950,428296,3823.0,rb1902,3778,3782,3718,3718.0,14,1619,3757.0,rb1903,3733,3733,3680,3680.0,44,1330,3716.0,rb1904,3721,3723,3671,3677.0,56,439,3705.0,rb1810,4024.0,4033.0,3975.0,3983.0,1469220.0,1501813.0,4002.0
2018-07-25,3972.5323113608606,1844485.0,2069984.0,rb1808,0,0,0,4140.0,0,113,4140.0,rb1809,4061,4102,4050,4088.0,698,3381,4080.0,rb1810,3981,4029,3978,4017.0,1376248,1504027,4004.0,rb1811,3930,3970,3919,3960.0,45,880,3947.0,rb1812,3866,3937,3866,3937.0,53,241,3887.0,rb1901,3793,3878,3792,3874.0,432779,491303,3839.0,rb1902,3703,3795,3703,3795.0,131,1682,3778.0,rb1903,3695,3758,3687,3758.0,60,1369,3745.0,rb1904,3685,3735,3685,3734.0,22,439,3710.0,rb1810,3981.0,4029.0,3978.0,4017.0,1376248.0,1504027.0,4004.0
2018-07-26,3975.24933370696,1751965.0,2109057.0,rb1808,4138,4138,4111,4136.0,21,105,4118.0,rb1809,4083,4094,4071,4083.0,762,3369,4081.0,rb1810,4016,4020,3987,4017.0,1296464,1492242,4002.0,rb1811,3955,3969,3940,3962.0,25,888,3952.0,rb1812,3932,3937,3915,3933.0,39,249,3925.0,rb1901,3880,3893,3848,3889.0,405568,541343,3870.0,rb1902,3814,3825,3780,3825.0,66,1737,3812.0,rb1903,3770,3795,3760,3795.0,172,1498,3780.0,rb1904,3754,3787,3754,3787.0,78,473,3767.0,rb1810,4016.0,4020.0,3987.0,4017.0,1296464.0,1492242.0,4002.0
2018-07-27,4072.685100674708,2252416.0,2182723.0,rb1808,4124,4200,4120,4200.0,26,100,4164.0,rb1809,4098,4192,4084,4185.0,1809,3608,4137.0,rb1810,4020,4129,4011,4126.0,1711012,1519738,4068.0,rb1811,3973,4078,3960,4078.0,92,876,4030.0,rb1812,3945,4020,3944,4020.0,100,226,3984.0,rb1901,3890,3968,3885,3968.0,488432,580389,3926.0,rb1902,3832,3885,3820,3885.0,101,1763,3875.0,rb1903,3802,3880,3794,3862.0,78,1488,3835.0,rb1904,3799,3851,3799,3851.0,41,485,3818.0,rb1810,4020.0,4129.0,4011.0,4126.0,1711012.0,1519738.0,4068.0
2018-07-30,4072.360584577303,1604221.0,2110448.0,rb1808,4217,4217,4132,4205.0,42,72,4184.0,rb1809,4185,4206,4169,4205.0,802,3548,4192.0,rb1810,4132,4146,4103,4130.0,1189737,1422673,4124.0,rb1811,4049,4097,4049,4076.0,34,865,4073.0,rb1812,4009,4044,4007,4024.0,47,224,4020.0,rb1901,3978,3995,3943,3969.0,380207,603182,3969.0,rb1902,3905,3919,3902,3914.0,32,1761,3904.0,rb1903,3852,3889,3852,3883.0,97,1515,3878.0,rb1904,3852,3898,3852,3870.0,24,488,3878.0,rb1810,4132.0,4146.0,4103.0,4130.0,1189737.0,1422673.0,4124.0
2018-07-31,4106.9769841433135,1730009.0,2089907.0,rb1808,4141,4188,4115,4181.0,28,60,4157.0,rb1809,4208,4241,4172,4241.0,1302,3498,4213.0,rb1810,4130,4184,4118,4171.0,1295495,1390323,4156.0,rb1811,4080,4131,4080,4115.0,38,867,4113.0,rb1812,4010,4060,4008,4045.0,29,238,4029.0,rb1901,3971,4010,3955,3997.0,399888,616095,3984.0,rb1902,3889,3932,3887,3932.0,162,1904,3918.0,rb1903,3859,3890,3846,3878.0,64,1569,3882.0,rb1904,3859,3888,3852,3887.0,57,493,3872.0,rb1810,4130.0,4184.0,4118.0,4171.0,1295495.0,1390323.0,4156.0
2018-08-01,4064.3292695625055,2775882.0,1968779.0,rb1808,0,0,0,4157.0,0,60,4157.0,rb1809,4238,4298,4207,4215.0,1680,3344,4256.0,rb1810,4169,4243,4131,4139.0,2022818,1286284,4188.0,rb1811,4130,4176,4077,4085.0,56,857,4124.0,rb1812,4036,4086,4003,4008.0,31,235,4047.0,rb1901,3992,4037,3934,3943.0,699203,597189,3993.0,rb1902,3920,3951,3860,3860.0,357,2207,3942.0,rb1903,3896,3913,3830,3830.0,38,1571,3886.0,rb1904,3895,3909,3832,3832.0,35,504,3880.0,rb1810,4169.0,4243.0,4131.0,4139.0,2022818.0,1286284.0,4188.0
2018-08-02,4071.430339348264,2527571.0,1943608.0,rb1808,0,0,0,4157.0,0,60,4157.0,rb1809,4205,4234,4189,4232.0,901,3135,4207.0,rb1810,4131,4148,4086,4136.0,1807157,1219192,4121.0,rb1811,4061,4095,4036,4083.0,134,850,4067.0,rb1812,3997,4051,3990,4042.0,14,230,4014.0,rb1901,3940,3990,3923,3982.0,684198,637986,3952.0,rb1902,3839,3898,3839,3883.0,31,2233,3864.0,rb1903,3804,3859,3804,3859.0,32,1564,3838.0,rb1904,3840,3858,3826,3858.0,14,509,3843.0,rb1810,4131.0,4148.0,4086.0,4136.0,1807157.0,1219192.0,4121.0
2018-08-03,4118.691165083559,2239202.0,1924274.0,rb1808,0,0,0,4157.0,0,60,4157.0,rb1809,4232,4285,4224,4283.0,882,2978,4255.0,rb1810,4130,4199,4128,4187.0,1458898,1171713,4168.0,rb1811,4087,4125,4081,4117.0,173,967,4109.0,rb1812,4045,4093,4045,4080.0,27,234,4072.0,rb1901,3979,4045,3977,4031.0,733955,666839,4012.0,rb1902,3930,3960,3903,3953.0,135,2289,3936.0,rb1903,3878,3915,3878,3910.0,53,1571,3902.0,rb1904,3912,3912,3890,3906.0,13,505,3897.0,rb1810,4130.0,4199.0,4128.0,4187.0,1458898.0,1171713.0,4168.0
2018-08-06,4162.833624873633,2924062.0,1947701.0,rb1808,0,0,0,4157.0,0,60,4157.0,rb1809,4297,4319,4160,4299.0,2562,2803,4239.0,rb1810,4190,4233,4118,4224.0,1859530,1145385,4172.0,rb1811,4137,4175,4075,4166.0,131,972,4125.0,rb1812,4074,4150,4035,4150.0,207,256,4080.0,rb1901,4031,4095,3961,4094.0,996564,713258,4030.0,rb1902,3949,4011,3895,4011.0,192,2453,3974.0,rb1903,3839,3959,3839,3959.0,199,1719,3928.0,rb1904,3915,3953,3903,3945.0,29,514,3929.0,rb1810,4190.0,4233.0,4118.0,4224.0,1859530.0,1145385.0,4172.0
2018-08-07,4175.718846917192,2369061.0,1963016.0,rb1808,0,0,0,4157.0,0,60,4157.0,rb1809,4307,4344,4289,4310.0,1283,2623,4317.0,rb1810,4222,4266,4210,4237.0,1470284,1100049,4238.0,rb1811,4167,4211,4152,4198.0,80,971,4187.0,rb1812,4142,4182,4142,4161.0,35,257,4164.0,rb1901,4103,4142,4080,4115.0,848631,770585,4112.0,rb1902,4047,4059,3964,4029.0,72,2467,4032.0,rb1903,3985,4012,3972,3985.0,68,1769,3997.0,rb1904,3990,3990,3963,3978.0,10,515,3981.0,rb1810,4222.0,4266.0,4210.0,4237.0,1470284.0,1100049.0,4238.0
2018-08-08,4164.10033034436,2168719.0,1988531.0,rb1808,4200,4200,4200,4200.0,60,0,4200.0,rb1809,4319,4347,4286,4322.0,695,2595,4314.0,rb1810,4237,4278,4205,4236.0,1310193,1080026,4240.0,rb1811,4206,4228,4172,4191.0,52,966,4190.0,rb1812,4167,4177,4139,4139.0,24,259,4157.0,rb1901,4120,4138,4085,4094.0,823332,819292,4109.0,rb1902,4052,4052,4007,4017.0,99,2463,4032.0,rb1903,3995,4000,3980,3987.0,18,1762,3989.0,rb1904,3999,3999,3961,3977.0,15,508,3987.0,rb1810,4237.0,4278.0,4205.0,4236.0,1310193.0,1080026.0,4240.0
2018-08-09,4157.192375618633,2174454.0,1935921.0,rb1808,0,0,0,4200.0,0,0,4200.0,rb1809,4299,4330,4268,4310.0,841,2337,4297.0,rb1810,4227,4250,4179,4227.0,1273383,1019802,4216.0,rb1811,4181,4183,4138,4174.0,56,966,4167.0,rb1812,4129,4144,4101,4135.0,42,252,4122.0,rb1901,4091,4106,4045,4095.0,859342,827119,4076.0,rb1902,3993,4018,3974,4013.0,125,2444,3999.0,rb1903,3960,3978,3944,3978.0,22,1761,3948.0,rb1904,3966,3968,3920,3963.0,29,501,3937.0,rb1810,4227.0,4250.0,4179.0,4227.0,1273383.0,1019802.0,4216.0
2018-08-10,4114.105943132156,2032096.0,1909515.0,rb1808,0,0,0,4200.0,0,0,4200.0,rb1809,4307,4343,4285,4300.0,697,2246,4311.0,rb1810,4227,4268,4196,4200.0,1119279,1008180,4232.0,rb1811,4181,4210,4140,4140.0,84,976,4176.0,rb1812,4138,4165,4095,4095.0,54,251,4129.0,rb1901,4100,4125,4032,4033.0,881405,812194,4090.0,rb1902,4013,4037,3940,3940.0,87,2444,4006.0,rb1903,3986,3986,3946,3953.0,22,1759,3977.0,rb1904,3973,3984,3924,3924.0,10,498,3969.0,rb1810,4227.0,4268.0,4196.0,4200.0,1119279.0,1008180.0,4232.0
2018-08-13,4245.580271137081,2560489.0,1990211.0,rb1808,0,0,0,4200.0,0,0,4200.0,rb1809,4280,4398,4280,4395.0,721,2340,4349.0,rb1810,4202,4347,4191,4345.0,1319908,1030778,4279.0,rb1811,4134,4261,4126,4261.0,286,1106,4222.0,rb1812,4089,4210,4081,4210.0,99,261,4151.0,rb1901,4033,4161,4022,4155.0,1196972,867733,4105.0,rb1902,3969,4075,3965,4075.0,193,2527,4055.0,rb1903,3914,4028,3913,4028.0,164,1861,4010.0,rb1904,3911,4009,3907,4009.0,74,507,3989.0,rb1810,4202.0,4347.0,4191.0,4345.0,1319908.0,1030778.0,4279.0
2018-08-14,4222.25140640196,1769337.0,1903261.0,rb1808,0,0,0,4200.0,0,0,4200.0,rb1809,4398,4434,4381,4400.0,824,2045,4407.0,rb1810,4345,4370,4306,4327.0,878703,959825,4341.0,rb1811,4263,4286,4218,4251.0,283,1172,4254.0,rb1812,4210,4232,4170,4186.0,62,265,4203.0,rb1901,4159,4184,4113,4133.0,853180,851584,4152.0,rb1902,4068,4097,4041,4041.0,142,2537,4073.0,rb1903,4032,4041,3998,4002.0,86,1879,4028.0,rb1904,4022,4032,3978,3978.0,76,511,4011.0,rb1810,4345.0,4370.0,4306.0,4327.0,878703.0,959825.0,4341.0
2018-08-15,4243.075549117984,1540350.0,1908242.0,rb1808,0,0,0,4200.0,0,0,4200.0,rb1809,4411,4439,4400,4413.0,361,2104,4417.0,rb1810,4330,4366,4326,4345.0,700331,930628,4344.0,rb1811,4260,4279,4236,4257.0,73,1186,4264.0,rb1812,4217,4223,4196,4213.0,28,268,4210.0,rb1901,4137,4171,4135,4163.0,809364,885947,4154.0,rb1902,4041,4085,4041,4060.0,154,2573,4076.0,rb1903,4020,4034,4001,4015.0,110,1880,4023.0,rb1904,4003,4018,3990,4007.0,36,504,4009.0,rb1901,4137.0,4171.0,4135.0,4163.0,809364.0,885947.0,4154.0
2018-08-16,4227.151620119029,2419659.0,1883411.0,rb1809,4421,4426,4363,4390.0,404,2002,4392.0,rb1810,4346,4356,4294,4329.0,841529,854706,4324.0,rb1811,4281,4281,4213,4264.0,137,1176,4252.0,rb1812,4191,4220,4152,4218.0,120,332,4196.0,rb1901,4156,4180,4089,4163.0,1513183,927727,4139.0,rb1902,4084,4098,3960,4085.0,153,2567,4051.0,rb1903,4017,4019,3957,4000.0,158,1878,3998.0,rb1904,4015,4015,3928,3980.0,47,503,3976.0,rb1905,3959,3967,3869,3936.0,63702,91497,3921.0,rb1901,4156.0,4180.0,4089.0,4163.0,1513183.0,927727.0,4139.0
2018-08-17,4355.8516492465205,2857092.0,1921817.0,rb1809,4409,4540,4394,4530.0,683,1890,4469.0,rb1810,4332,4478,4330,4473.0,735364,752496,4393.0,rb1811,4275,4393,4250,4390.0,276,1192,4302.0,rb1812,4240,4357,4224,4346.0,105,360,4289.0,rb1901,4166,4310,4154,4301.0,2053528,1064442,4225.0,rb1902,4086,4218,4083,4211.0,133,2667,4150.0,rb1903,3999,4123,3999,4118.0,38,1880,4058.0,rb1904,4016,4112,3980,4105.0,123,510,4005.0,rb1905,3936,4057,3915,4054.0,66487,95335,3980.0,rb1901,4166.0,4310.0,4154.0,4301.0,2053528.0,1064442.0,4225.0
2018-08-20,4427.507314067531,2901395.0,1929706.0,rb1809,4550,4562,4464,4562.0,738,1636,4523.0,rb1810,4485,4542,4435,4533.0,660357,651393,4481.0,rb1811,4383,4470,4369,4470.0,277,1190,4421.0,rb1812,4361,4456,4338,4446.0,162,412,4401.0,rb1901,4282,4413,4282,4396.0,2164425,1164651,4345.0,rb1902,4204,4311,4190,4311.0,88,2714,4242.0,rb1903,4149,4214,4140,4195.0,46,1888,4180.0,rb1904,4101,4189,4087,4188.0,48,512,4141.0,rb1905,4043,4140,4028,4130.0,74544,104266,4083.0,rb1901,4282.0,4413.0,4282.0,4396.0,2164425.0,1164651.0,4345.0
2018-08-21,4369.216018539661,2202968.0,1905105.0,rb1809,4549,4566,4465,4495.0,626,1465,4519.0,rb1810,4530,4549,4457,4483.0,386829,606087,4508.0,rb1811,4450,4483,4405,4423.0,100,1194,4444.0,rb1812,4448,4459,4400,4410.0,69,421,4433.0,rb1901,4392,4409,4326,4337.0,1767229,1182654,4370.0,rb1902,4327,4327,4226,4262.0,100,2743,4282.0,rb1903,4193,4219,4145,4145.0,213,1885,4174.0,rb1904,4176,4187,4127,4136.0,92,484,4152.0,rb1905,4130,4141,4070,4090.0,47376,107085,4109.0,rb1901,4392.0,4409.0,4326.0,4337.0,1767229.0,1182654.0,4370.0
2018-08-22,4366.919259048041,2573467.0,1876235.0,rb1809,4511,4521,4467,4469.0,414,1395,4485.0,rb1810,4480,4537,4449,4478.0,340563,580196,4489.0,rb1811,4423,4478,4391,4435.0,98,1154,4431.0,rb1812,4392,4455,4361,4400.0,60,426,4382.0,rb1901,4337,4418,4303,4334.0,2155037,1179819,4356.0,rb1902,4244,4326,4214,4268.0,51,2737,4291.0,rb1903,4156,4239,4124,4199.0,312,2028,4206.0,rb1904,4139,4211,4118,4179.0,130,533,4175.0,rb1905,4084,4178,4070,4135.0,76353,106866,4132.0,rb1901,4337.0,4418.0,4303.0,4334.0,2155037.0,1179819.0,4356.0
2018-08-23,4310.247007089643,2828925.0,1842688.0,rb1809,4469,4485,4404,4417.0,417,1305,4441.0,rb1810,4478,4489,4421,4433.0,361382,528984,4459.0,rb1811,4424,4458,4410,4410.0,821,1510,4422.0,rb1812,4386,4399,4339,4364.0,163,435,4363.0,rb1901,4333,4355,4266,4280.0,2383595,1186574,4313.0,rb1902,4245,4270,4192,4203.0,65,2733,4233.0,rb1903,4199,4202,4133,4171.0,76,1999,4168.0,rb1904,4172,4180,4120,4120.0,22,532,4148.0,rb1905,4136,4148,4062,4069.0,82056,117432,4105.0,rb1901,4333.0,4355.0,4266.0,4280.0,2383595.0,1186574.0,4313.0
2018-08-24,4358.393784573131,2126127.0,1935571.0,rb1809,4417,4492,4402,4492.0,414,1244,4438.0,rb1810,4423,4488,4403,4479.0,228848,515342,4437.0,rb1811,4399,4461,4386,4451.0,523,1551,4416.0,rb1812,4337,4395,4337,4395.0,11,435,4359.0,rb1901,4276,4345,4258,4334.0,1848378,1289750,4294.0,rb1902,4190,4265,4184,4265.0,29,2742,4216.0,rb1903,4125,4190,4122,4166.0,58,1957,4167.0,rb1904,4121,4152,4118,4145.0,10,534,4144.0,rb1905,4063,4118,4045,4111.0,47537,120779,4074.0,rb1901,4276.0,4345.0,4258.0,4334.0,1848378.0,1289750.0,4294.0
2018-08-27,4239.6398976093415,2732097.0,1749769.0,rb1809,4500,4500,4400,4463.0,395,1094,4442.0,rb1810,4495,4495,4389,4391.0,345293,474337,4430.0,rb1811,4481,4481,4373,4375.0,708,1724,4395.0,rb1812,4370,4370,4282,4286.0,60,453,4320.0,rb1901,4332,4341,4196,4204.0,2321759,1142159,4261.0,rb1902,4197,4197,4121,4121.0,33,2744,4145.0,rb1903,4180,4184,4067,4067.0,80,1904,4156.0,rb1904,4147,4151,4079,4079.0,99,537,4123.0,rb1905,4109,4115,3990,3993.0,63399,123582,4044.0,rb1901,4332.0,4341.0,4196.0,4204.0,2321759.0,1142159.0,4261.0
2018-08-28,4268.167023286181,1808111.0,1723125.0,rb1809,4465,4499,4465,4486.0,143,1032,4478.0,rb1810,4398,4443,4387,4427.0,193638,459905,4415.0,rb1811,4381,4422,4363,4401.0,104,1718,4399.0,rb1812,4281,4334,4281,4308.0,31,450,4307.0,rb1901,4205,4250,4190,4232.0,1572932,1128428,4222.0,rb1902,4135,4165,4106,4156.0,54,2774,4143.0,rb1903,4072,4098,4053,4084.0,64,1903,4071.0,rb1904,4036,4079,4036,4069.0,62,530,4046.0,rb1905,4005,4035,3980,4016.0,40883,125152,4011.0,rb1901,4205.0,4250.0,4190.0,4232.0,1572932.0,1128428.0,4222.0
2018-08-29,4198.892748807201,2987459.0,1743589.0,rb1809,4488,4532,4473,4481.0,575,958,4501.0,rb1810,4430,4480,4385,4390.0,276030,429766,4433.0,rb1811,4413,4448,4361,4365.0,183,1670,4418.0,rb1812,4335,4362,4248,4248.0,44,461,4295.0,rb1901,4237,4278,4157,4160.0,2631638,1163948,4224.0,rb1902,4174,4177,4080,4081.0,62,2745,4117.0,rb1903,4096,4114,4028,4036.0,47,1866,4089.0,rb1904,4075,4085,4048,4057.0,76,478,4072.0,rb1905,4017,4035,3935,3940.0,78605,140420,3999.0,rb1901,4237.0,4278.0,4157.0,4160.0,2631638.0,1163948.0,4224.0
2018-08-30,4151.1914648435095,2819114.0,1707807.0,rb1809,4485,4557,4473,4527.0,179,933,4498.0,rb1810,4399,4406,4355,4375.0,269187,375481,4378.0,rb1811,4352,4374,4336,4351.0,432,1853,4349.0,rb1812,4249,4266,4200,4220.0,113,516,4249.0,rb1901,4167,4171,4086,4118.0,2444388,1160391,4131.0,rb1902,4079,4081,4020,4032.0,261,2575,4055.0,rb1903,4006,4014,3944,3944.0,88,1806,3993.0,rb1904,3982,3983,3933,3933.0,98,434,3969.0,rb1905,3938,3946,3852,3874.0,103896,162484,3891.0,rb1901,4167.0,4171.0,4086.0,4118.0,2444388.0,1160391.0,4131.0
2018-08-31,4109.094270946691,2442122.0,1695411.0,rb1809,4509,4797,4497,4797.0,523,724,4579.0,rb1810,4371,4409,4323,4350.0,218371,333505,4362.0,rb1811,4351,4367,4288,4300.0,343,1864,4334.0,rb1812,4177,4248,4177,4201.0,36,511,4218.0,rb1901,4103,4142,4057,4086.0,2121947,1169546,4096.0,rb1902,4032,4060,3994,4020.0,42,2560,4010.0,rb1903,3949,3949,3898,3918.0,39,1811,3918.0,rb1904,3917,3917,3866,3895.0,44,437,3887.0,rb1905,3869,3887,3799,3819.0,100420,183028,3840.0,rb1901,4103.0,4142.0,4057.0,4086.0,2121947.0,1169546.0,4096.0
2018-09-03,4111.307553433569,2303387.0,1790775.0,rb1809,4670,4737,4670,4690.0,214,630,4694.0,rb1810,4350,4397,4348,4382.0,156982,323916,4377.0,rb1811,4325,4349,4307,4338.0,472,1915,4331.0,rb1812,4256,4256,4201,4235.0,38,513,4231.0,rb1901,4080,4118,4050,4087.0,2067442,1261920,4086.0,rb1902,4013,4032,3961,3992.0,106,2632,4005.0,rb1903,3910,3940,3891,3904.0,88,1826,3920.0,rb1904,3899,3908,3866,3887.0,14,438,3897.0,rb1905,3815,3850,3788,3822.0,77857,195504,3820.0,rb1901,4080.0,4118.0,4050.0,4087.0,2067442.0,1261920.0,4086.0
2018-09-04,4130.290328079804,2036942.0,1818460.0,rb1809,4690,4690,4690,4690.0,420,210,4690.0,rb1810,4385,4450,4372,4400.0,145091,308767,4412.0,rb1811,4335,4396,4325,4371.0,733,2014,4370.0,rb1812,4233,4283,4218,4256.0,84,509,4261.0,rb1901,4094,4136,4071,4115.0,1808435,1294282,4108.0,rb1902,3990,4046,3983,4046.0,113,2710,4018.0,rb1903,3906,3942,3906,3942.0,60,1860,3933.0,rb1904,3902,3936,3877,3916.0,45,440,3909.0,rb1905,3823,3855,3800,3825.0,81747,206148,3829.0,rb1901,4094.0,4136.0,4071.0,4115.0,1808435.0,1294282.0,4108.0
2018-09-05,4106.120891272237,2580907.0,1809593.0,rb1809,4600,4770,4600,4770.0,60,180,4685.0,rb1810,4405,4411,4356,4380.0,146464,290341,4379.0,rb1811,4377,4380,4325,4351.0,378,2109,4345.0,rb1812,4258,4258,4208,4235.0,52,508,4235.0,rb1901,4115,4127,4050,4093.0,2358274,1298923,4087.0,rb1902,4018,4029,3978,4004.0,49,2685,3989.0,rb1903,3899,3899,3890,3890.0,4,1860,3894.0,rb1904,3871,3874,3856,3856.0,8,439,3862.0,rb1905,3828,3836,3780,3813.0,75415,211004,3808.0,rb1901,4115.0,4127.0,4050.0,4093.0,2358274.0,1298923.0,4087.0
2018-09-06,4150.693230379948,2230474.0,1862202.0,rb1809,0,0,0,4685.0,0,180,4685.0,rb1810,4390,4430,4380,4429.0,97696,275820,4401.0,rb1811,4356,4399,4350,4398.0,195,2090,4378.0,rb1812,4279,4288,4250,4278.0,92,466,4273.0,rb1901,4101,4150,4092,4148.0,2045234,1349711,4123.0,rb1902,4031,4051,4009,4050.0,213,2748,4032.0,rb1903,3926,3945,3926,3943.0,23,1861,3938.0,rb1904,3901,3925,3900,3916.0,46,470,3911.0,rb1905,3818,3845,3811,3832.0,86849,227287,3826.0,rb1901,4101.0,4150.0,4092.0,4148.0,2045234.0,1349711.0,4123.0
2018-09-07,4183.381480600164,2929218.0,1861691.0,rb1809,4775,4780,4775,4780.0,60,120,4777.0,rb1810,4436,4490,4436,4459.0,143418,251876,4466.0,rb1811,4430,4466,4422,4432.0,230,2080,4442.0,rb1812,4313,4389,4313,4343.0,113,459,4358.0,rb1901,4158,4253,4158,4186.0,2677156,1368364,4210.0,rb1902,4083,4135,4083,4135.0,39,2768,4128.0,rb1903,3966,4039,3966,4015.0,73,1882,3996.0,rb1904,3937,3995,3927,3937.0,166,420,3964.0,rb1905,3840,3924,3840,3871.0,107687,232129,3887.0,rb1901,4158.0,4253.0,4158.0,4186.0,2677156.0,1368364.0,4210.0
2018-09-10,4273.854148971018,2068095.0,1920199.0,rb1809,4780,4780,4780,4780.0,30,120,4780.0,rb1810,4460,4596,4460,4591.0,155403,240291,4549.0,rb1811,4449,4558,4449,4552.0,470,2050,4526.0,rb1812,4363,4436,4363,4413.0,146,432,4418.0,rb1901,4185,4299,4184,4284.0,1794033,1416903,4254.0,rb1902,4160,4211,4154,4174.0,97,2793,4172.0,rb1903,4050,4057,4035,4047.0,27,1883,4045.0,rb1904,3961,4015,3961,3997.0,67,400,3990.0,rb1905,3871,3958,3868,3920.0,117449,253678,3915.0,rb1901,4185.0,4299.0,4184.0,4284.0,1794033.0,1416903.0,4254.0
2018-09-11,4069.594173203868,3423060.0,1839982.0,rb1809,4850,4850,4555,4580.0,90,90,4661.0,rb1810,4553,4581,4441,4442.0,201083,222425,4512.0,rb1811,4522,4540,4403,4416.0,770,2024,4481.0,rb1812,4350,4351,4199,4199.0,376,345,4318.0,rb1901,4270,4270,4063,4071.0,3067298,1336973,4163.0,rb1902,4090,4095,3955,3955.0,308,2861,4051.0,rb1903,4002,4007,3834,3834.0,182,1871,3905.0,rb1904,3950,3950,3794,3794.0,88,391,3864.0,rb1905,3910,3911,3755,3760.0,152355,271173,3827.0,rb1901,4270.0,4270.0,4063.0,4071.0,3067298.0,1336973.0,4163.0
2018-09-12,4047.047591605911,3407989.0,1822044.0,rb1809,0,0,0,4661.0,0,90,4661.0,rb1810,4500,4500,4371,4413.0,167847,203695,4426.0,rb1811,4331,4458,4331,4377.0,612,2175,4379.0,rb1812,4224,4273,4135,4181.0,205,310,4194.0,rb1901,4099,4143,3993,4050.0,3106051,1344888,4061.0,rb1902,3992,4026,3914,3952.0,91,2862,3980.0,rb1903,3885,3915,3799,3825.0,107,1882,3839.0,rb1904,3835,3852,3763,3808.0,133,394,3819.0,rb1905,3788,3824,3706,3752.0,132483,263749,3759.0,rb1901,4099.0,4143.0,3993.0,4050.0,3106051.0,1344888.0,4061.0
2018-09-13,4072.345581604663,2463685.0,1748791.0,rb1809,0,0,0,4661.0,0,90,4661.0,rb1810,4401,4410,4335,4409.0,132337,187380,4379.0,rb1811,4389,4389,4324,4383.0,344,2170,4357.0,rb1812,4175,4202,4165,4172.0,72,337,4180.0,rb1901,4034,4087,4015,4071.0,2189569,1317851,4053.0,rb1902,3911,3977,3911,3960.0,176,2917,3950.0,rb1903,3857,3880,3826,3879.0,196,1962,3868.0,rb1904,3834,3868,3810,3846.0,29,393,3849.0,rb1905,3741,3818,3725,3813.0,140694,233636,3785.0,rb1901,4034.0,4087.0,4015.0,4071.0,2189569.0,1317851.0,4053.0
2018-09-14,4097.732883379106,2158468.0,1761957.0,rb1809,0,0,0,4661.0,0,90,4661.0,rb1810,4411,4479,4370,4463.0,101565,192126,4425.0,rb1811,4362,4441,4353,4427.0,409,2028,4402.0,rb1812,4194,4222,4180,4214.0,244,416,4211.0,rb1901,4068,4111,4041,4090.0,1934768,1347430,4075.0,rb1902,3942,4004,3942,3986.0,48,2889,3989.0,rb1903,3895,3934,3870,3907.0,11,1961,3895.0,rb1904,3900,3900,3863,3863.0,5,394,3875.0,rb1905,3810,3855,3796,3820.0,121158,212544,3825.0,rb1901,4068.0,4111.0,4041.0,4090.0,1934768.0,1347430.0,4075.0
2018-09-17,4109.252629315524,2139760.0,1739331.0,rb1809,0,0,0,4661.0,0,90,4661.0,rb1810,4471,4522,4471,4492.0,90196,194701,4494.0,rb1811,4437,4471,4422,4429.0,338,1951,4440.0,rb1812,4230,4265,4209,4235.0,116,414,4236.0,rb1901,4096,4156,4080,4100.0,1950687,1320052,4110.0,rb1902,4010,4046,3990,3999.0,149,2914,4016.0,rb1903,3926,3945,3894,3895.0,102,1923,3915.0,rb1904,3885,3927,3860,3904.0,55,390,3889.0,rb1905,3823,3851,3805,3823.0,97930,214820,3826.0,rb1901,4096.0,4156.0,4080.0,4100.0,1950687.0,1320052.0,4110.0
2018-09-18,4167.648588579451,2289945.0,1794327.0,rb1810,4496,4544,4490,4541.0,85033,192028,4524.0,rb1811,4429,4473,4417,4454.0,774,1465,4447.0,rb1812,4239,4280,4239,4270.0,122,478,4259.0,rb1901,4100,4167,4092,4166.0,2101695,1369840,4131.0,rb1902,4019,4069,3994,4059.0,886,2999,4025.0,rb1903,3922,3927,3919,3926.0,4,1923,3923.0,rb1904,3894,3920,3890,3920.0,19,379,3903.0,rb1905,3823,3866,3812,3862.0,100893,222957,3839.0,rb1906,3804,3818,3772,3812.0,35,590,3797.0,rb1901,4100.0,4167.0,4092.0,4166.0,2101695.0,1369840.0,4131.0
2018-09-19,4150.918205878256,2113359.0,1758855.0,rb1810,4549,4560,4530,4543.0,66534,181749,4549.0,rb1811,4472,4472,4421,4432.0,539,1224,4450.0,rb1812,4305,4305,4250,4261.0,98,470,4290.0,rb1901,4180,4205,4136,4144.0,1927766,1355307,4174.0,rb1902,4090,4099,4058,4065.0,242,3145,4077.0,rb1903,3978,3991,3950,3950.0,109,1996,3980.0,rb1904,0,0,0,3903.0,0,379,3903.0,rb1905,3870,3912,3860,3865.0,117426,212191,3890.0,rb1906,3845,3864,3822,3829.0,52,608,3854.0,rb1901,4180.0,4205.0,4136.0,4144.0,1927766.0,1355307.0,4174.0
2018-09-20,4137.054395028602,2061323.0,1743413.0,rb1810,4543,4568,4539,4553.0,58439,176338,4551.0,rb1811,4445,4458,4435,4458.0,638,1731,4448.0,rb1812,4264,4281,4215,4235.0,61,472,4244.0,rb1901,4153,4177,4111,4124.0,1906059,1351468,4143.0,rb1902,4062,4079,4021,4031.0,92,3085,4038.0,rb1903,3964,3984,3932,3949.0,6,1999,3952.0,rb1904,3956,3956,3917,3923.0,14,384,3940.0,rb1905,3870,3908,3854,3871.0,95497,205346,3877.0,rb1906,3849,3868,3818,3840.0,38,621,3840.0,rb1901,4153.0,4177.0,4111.0,4124.0,1906059.0,1351468.0,4143.0
2018-09-21,4158.175318142602,1846704.0,1660969.0,rb1810,4549,4576,4536,4572.0,54230,163029,4564.0,rb1811,4454,4480,4454,4478.0,254,1822,4463.0,rb1812,4235,4275,4227,4275.0,50,480,4252.0,rb1901,4116,4162,4106,4149.0,1718137,1287050,4136.0,rb1902,4018,4055,4018,4053.0,49,3094,4045.0,rb1903,3939,3955,3927,3955.0,26,2016,3948.0,rb1904,3948,3950,3920,3950.0,6,382,3935.0,rb1905,3870,3899,3850,3886.0,73711,200450,3873.0,rb1906,3836,3856,3825,3856.0,24,632,3835.0,rb1901,4116.0,4162.0,4106.0,4149.0,1718137.0,1287050.0,4136.0
2018-09-25,4069.5622827197535,1521546.0,1692227.0,rb1810,4585,4585,4527,4536.0,48279,148456,4550.0,rb1811,4454,4460,4421,4442.0,440,2065,4439.0,rb1812,4240,4242,4190,4196.0,120,526,4212.0,rb1901,4150,4156,4052,4060.0,1386574,1330456,4090.0,rb1902,4053,4053,3966,3966.0,133,2973,3996.0,rb1903,3940,3940,3883,3883.0,29,1997,3897.0,rb1904,3900,3900,3843,3843.0,4,381,3857.0,rb1905,3885,3893,3791,3795.0,85463,202543,3830.0,rb1906,3828,3829,3760,3760.0,26,643,3788.0,rb1901,4150.0,4156.0,4052.0,4060.0,1386574.0,1330456.0,4090.0
2018-09-26,4067.317458999253,1641587.0,1673750.0,rb1810,4536,4568,4525,4566.0,52594,125296,4541.0,rb1811,4446,4460,4421,4450.0,572,2339,4439.0,rb1812,4189,4220,4184,4218.0,95,530,4204.0,rb1901,4065,4078,4027,4064.0,1509408,1330825,4055.0,rb1902,3978,3994,3933,3973.0,48,2954,3956.0,rb1903,3883,3884,3851,3870.0,14,1990,3873.0,rb1904,3844,3858,3844,3855.0,11,374,3854.0,rb1905,3798,3811,3768,3790.0,78274,206326,3787.0,rb1906,3756,3775,3742,3759.0,44,669,3750.0,rb1901,4065.0,4078.0,4027.0,4064.0,1509408.0,1330825.0,4055.0
2018-09-27,4009.4076623806895,1722144.0,1584625.0,rb1810,4566,4580,4550,4564.0,50782,97974,4569.0,rb1811,4441,4478,4425,4433.0,468,2444,4446.0,rb1812,4242,4244,4182,4182.0,101,506,4216.0,rb1901,4078,4094,3998,4008.0,1580098,1270290,4054.0,rb1902,3969,3988,3912,3913.0,82,2925,3949.0,rb1903,3879,3903,3837,3850.0,17,1988,3875.0,rb1904,3824,3824,3807,3810.0,6,377,3810.0,rb1905,3794,3811,3732,3756.0,89958,204773,3773.0,rb1906,3777,3777,3705,3715.0,39,674,3736.0,rb1901,4078.0,4094.0,3998.0,4008.0,1580098.0,1270290.0,4054.0
2018-09-28,3932.868000355468,2192281.0,1462860.0,rb1810,4559,4580,4434,4567.0,96294,47586,4527.0,rb1811,4420,4420,4333,4383.0,1006,2919,4372.0,rb1812,4158,4209,4098,4183.0,198,538,4143.0,rb1901,3996,3998,3907,3944.0,1956308,1199842,3942.0,rb1902,3901,3901,3826,3853.0,145,2888,3843.0,rb1903,3808,3815,3753,3800.0,204,2104,3786.0,rb1904,3781,3784,3745,3767.0,85,391,3762.0,rb1905,3748,3748,3685,3719.0,137170,203050,3711.0,rb1906,3687,3690,3650,3688.0,46,681,3673.0,rb1901,3996.0,3998.0,3907.0,3944.0,1956308.0,1199842.0,3942.0
2018-10-08,3947.324011824121,1473153.0,1494572.0,rb1810,4581,4639,4551,4626.0,12156,39270,4600.0,rb1811,4399,4420,4355,4411.0,440,3087,4390.0,rb1812,4150,4209,4123,4196.0,119,535,4163.0,rb1901,3947,3985,3904,3971.0,1349779,1215702,3941.0,rb1902,3846,3883,3817,3866.0,37,2888,3847.0,rb1903,3786,3792,3752,3792.0,87,2071,3775.0,rb1904,3748,3768,3731,3740.0,14,388,3740.0,rb1905,3712,3732,3668,3704.0,109689,226825,3689.0,rb1906,3689,3689,3634,3675.0,36,694,3651.0,rb1901,3947.0,3985.0,3904.0,3971.0,1349779.0,1215702.0,3941.0
2018-10-09,4002.313411855179,2026885.0,1518813.0,rb1810,4624,4656,4616,4656.0,13680,27450,4645.0,rb1811,4418,4485,4418,4480.0,302,3078,4448.0,rb1812,4226,4252,4204,4249.0,134,564,4236.0,rb1901,3979,4047,3970,4039.0,1849085,1227107,4012.0,rb1902,3857,3930,3857,3930.0,299,2971,3896.0,rb1903,3797,3839,3794,3827.0,110,2116,3812.0,rb1904,3773,3773,3773,3773.0,1,389,3773.0,rb1905,3702,3760,3695,3753.0,161948,251018,3725.0,rb1906,3678,3724,3672,3724.0,21,698,3694.0,rb1901,3979.0,4047.0,3970.0,4039.0,1849085.0,1227107.0,4012.0
2018-10-10,4013.509180857584,2134316.0,1515817.0,rb1810,4661,4755,4661,4755.0,26730,4380,4708.0,rb1811,4518,4533,4480,4517.0,254,3121,4507.0,rb1812,4278,4304,4242,4302.0,159,549,4279.0,rb1901,4043,4080,4001,4055.0,1975801,1255234,4043.0,rb1902,3945,3965,3898,3947.0,70,2961,3922.0,rb1903,3841,3860,3820,3860.0,45,2124,3836.0,rb1904,3822,3857,3822,3850.0,46,388,3837.0,rb1905,3756,3798,3726,3786.0,129904,242704,3762.0,rb1906,3741,3768,3711,3761.0,46,725,3748.0,rb1901,4043.0,4080.0,4001.0,4055.0,1975801.0,1255234.0,4043.0
2018-10-11,4013.531376761746,2754901.0,1533635.0,rb1810,4748,4780,4680,4680.0,3180,1380,4729.0,rb1811,4500,4536,4450,4528.0,336,3126,4498.0,rb1812,4255,4304,4206,4290.0,124,540,4234.0,rb1901,4045,4074,3958,4056.0,2568419,1278610,4022.0,rb1902,3921,3961,3861,3952.0,118,2949,3902.0,rb1903,3853,3869,3791,3853.0,76,2147,3840.0,rb1904,3808,3838,3777,3838.0,116,410,3831.0,rb1905,3780,3795,3716,3784.0,181006,240009,3759.0,rb1906,3734,3771,3698,3760.0,92,771,3746.0,rb1901,4045.0,4074.0,3958.0,4056.0,2568419.0,1278610.0,4022.0
2018-10-12,4059.749185905832,2239897.0,1559709.0,rb1810,4670,4750,4640,4660.0,240,1140,4684.0,rb1811,4529,4587,4526,4576.0,570,2787,4563.0,rb1812,4301,4346,4274,4317.0,97,560,4312.0,rb1901,4068,4134,4041,4106.0,2091206,1300262,4085.0,rb1902,3963,4016,3933,3981.0,147,2969,3988.0,rb1903,3890,3930,3844,3930.0,38,2143,3882.0,rb1904,3846,3846,3843,3845.0,5,408,3844.0,rb1905,3785,3850,3774,3813.0,146526,245124,3811.0,rb1906,3765,3813,3756,3799.0,38,760,3788.0,rb1901,4068.0,4134.0,4041.0,4106.0,2091206.0,1300262.0,4085.0
2018-10-15,4097.406248584014,2119418.0,1633138.0,rb1810,4960,4960,4700,4700.0,180,1020,4743.0,rb1811,4563,4584,4543,4543.0,1043,1965,4562.0,rb1812,4268,4349,4268,4349.0,174,589,4320.0,rb1901,4108,4166,4093,4150.0,1970959,1352613,4131.0,rb1902,3988,4021,3988,4005.0,296,3148,4007.0,rb1903,3914,3934,3912,3920.0,188,2302,3923.0,rb1904,3886,3896,3872,3896.0,16,403,3884.0,rb1905,3820,3844,3807,3833.0,145459,266617,3825.0,rb1906,3797,3801,3777,3800.0,30,764,3791.0,rb1901,4108.0,4166.0,4093.0,4150.0,1970959.0,1352613.0,4131.0
2018-10-16,4058.87559019288,1807515.0,1648190.0,rb1811,4555,4555,4511,4511.0,714,1812,4532.0,rb1812,4327,4337,4304,4315.0,94,542,4324.0,rb1901,4160,4167,4105,4117.0,1679292,1346163,4137.0,rb1902,4030,4113,3980,3996.0,1410,3309,4050.0,rb1903,3930,3933,3890,3894.0,117,2378,3918.0,rb1904,3899,3899,3882,3890.0,7,401,3885.0,rb1905,3836,3841,3795,3797.0,113604,280089,3823.0,rb1906,3804,3804,3772,3777.0,20,766,3791.0,rb1907,3780,3793,3750,3750.0,33,1007,3770.0,rb1901,4160.0,4167.0,4105.0,4117.0,1679292.0,1346163.0,4137.0
2018-10-17,4128.6045460362,2111288.0,1750492.0,rb1811,4501,4560,4500,4560.0,381,1538,4546.0,rb1812,4310,4369,4295,4360.0,78,549,4330.0,rb1901,4117,4198,4105,4197.0,1940565,1416604,4156.0,rb1902,3976,4041,3976,4028.0,116,3346,4022.0,rb1903,3905,3935,3882,3935.0,110,2415,3915.0,rb1904,3860,3860,3852,3852.0,3,401,3854.0,rb1905,3800,3840,3779,3838.0,161393,310502,3813.0,rb1906,3772,3808,3756,3808.0,77,802,3773.0,rb1907,3749,3800,3737,3800.0,156,1114,3753.0,rb1901,4117.0,4198.0,4105.0,4197.0,1940565.0,1416604.0,4156.0
2018-10-18,4045.704640240596,2662173.0,1726376.0,rb1811,4574,4575,4515,4523.0,189,1472,4536.0,rb1812,4376,4378,4293,4293.0,72,548,4326.0,rb1901,4205,4220,4091,4108.0,2484268,1386194,4153.0,rb1902,4065,4074,3957,3957.0,49,3325,3998.0,rb1903,3932,3938,3883,3890.0,87,2418,3897.0,rb1904,3900,3900,3874,3874.0,9,399,3890.0,rb1905,3847,3853,3783,3793.0,167470,313991,3825.0,rb1906,3812,3819,3781,3788.0,39,788,3803.0,rb1907,3793,3794,3734,3750.0,31,1099,3776.0,rb1901,4205.0,4220.0,4091.0,4108.0,2484268.0,1386194.0,4153.0
2018-10-19,3992.481492596281,2371943.0,1716097.0,rb1811,4482,4532,4482,4505.0,304,1296,4508.0,rb1812,4284,4318,4258,4283.0,149,562,4290.0,rb1901,4099,4126,4054,4055.0,2219736,1370224,4093.0,rb1902,3969,3988,3915,3922.0,115,3245,3953.0,rb1903,3838,3891,3830,3864.0,56,2397,3856.0,rb1904,3844,3873,3841,3846.0,20,396,3848.0,rb1905,3793,3806,3740,3747.0,141416,315891,3780.0,rb1906,3743,3769,3717,3717.0,40,805,3747.0,rb1907,3726,3751,3699,3699.0,44,1098,3730.0,rb1901,4099.0,4126.0,4054.0,4055.0,2219736.0,1370224.0,4093.0
2018-10-22,4085.1832878464697,2251398.0,1727605.0,rb1811,4511,4582,4511,4560.0,231,1158,4567.0,rb1812,4276,4355,4276,4337.0,112,546,4318.0,rb1901,4055,4187,4055,4154.0,2117908,1383974,4134.0,rb1902,3962,4037,3962,4005.0,76,3214,3994.0,rb1903,3846,3935,3846,3913.0,52,2380,3886.0,rb1904,3815,3965,3815,3887.0,7,392,3880.0,rb1905,3750,3831,3743,3811.0,124920,314529,3801.0,rb1906,3731,3792,3722,3781.0,35,810,3745.0,rb1907,3705,3780,3705,3777.0,51,1114,3737.0,rb1901,4055.0,4187.0,4055.0,4154.0,2117908.0,1383974.0,4134.0
2018-10-23,4075.609109239437,1626103.0,1735820.0,rb1811,4553,4570,4553,4567.0,153,1105,4563.0,rb1812,4337,4350,4326,4331.0,18,542,4338.0,rb1901,4156,4175,4134,4142.0,1527638,1391070,4154.0,rb1902,4013,4034,3980,3980.0,61,3195,4007.0,rb1903,3923,3935,3901,3908.0,16,2380,3920.0,rb1904,3897,3897,3870,3876.0,14,388,3883.0,rb1905,3812,3838,3805,3812.0,92481,314962,3820.0,rb1906,3782,3785,3771,3773.0,17,800,3779.0,rb1907,3772,3789,3770,3780.0,14,1113,3774.0,rb1901,4156.0,4175.0,4134.0,4142.0,1527638.0,1391070.0,4154.0
2018-10-24,4120.090685879289,1821071.0,1804647.0,rb1811,4555,4580,4554,4570.0,538,668,4572.0,rb1812,4330,4363,4302,4348.0,57,528,4340.0,rb1901,4128,4193,4112,4190.0,1696890,1451762,4157.0,rb1902,3983,4037,3965,4030.0,75,3181,4010.0,rb1903,3892,3939,3881,3935.0,42,2385,3917.0,rb1904,3874,3903,3874,3903.0,6,386,3883.0,rb1905,3806,3840,3785,3838.0,115503,324064,3824.0,rb1906,3787,3794,3779,3794.0,6,798,3787.0,rb1907,3791,3791,3782,3782.0,18,1114,3787.0,rb1901,4128.0,4193.0,4112.0,4190.0,1696890.0,1451762.0,4157.0
2018-10-25,4116.897467163308,2320768.0,1814053.0,rb1811,4577,4577,4556,4565.0,216,557,4566.0,rb1812,4326,4368,4323,4362.0,73,526,4347.0,rb1901,4194,4209,4142,4192.0,2151226,1455053,4180.0,rb1902,4040,4040,3984,4021.0,157,3157,4019.0,rb1903,3919,3937,3913,3921.0,49,2389,3924.0,rb1904,3902,3902,3870,3870.0,31,386,3889.0,rb1905,3842,3843,3792,3819.0,158911,327756,3813.0,rb1906,3796,3802,3758,3758.0,15,801,3782.0,rb1907,3780,3785,3749,3759.0,31,1112,3770.0,rb1901,4194.0,4209.0,4142.0,4192.0,2151226.0,1455053.0,4180.0
2018-10-26,4148.867396515711,1998676.0,1841294.0,rb1811,4567,4575,4566,4575.0,278,571,4570.0,rb1812,4362,4393,4357,4375.0,211,541,4374.0,rb1901,4184,4244,4180,4228.0,1876095,1478472,4219.0,rb1902,4034,4050,4022,4039.0,543,3008,4035.0,rb1903,3926,3963,3926,3947.0,35,2390,3945.0,rb1904,3899,3913,3892,3902.0,7,385,3901.0,rb1905,3820,3848,3815,3834.0,113913,331193,3833.0,rb1906,3795,3818,3793,3800.0,23,804,3804.0,rb1907,3772,3791,3772,3787.0,16,1107,3783.0,rb1901,4184.0,4244.0,4180.0,4228.0,1876095.0,1478472.0,4219.0
2018-10-29,4070.1284683368735,2281180.0,1790916.0,rb1811,4578,4595,4560,4571.0,264,554,4574.0,rb1812,4466,4466,4342,4377.0,229,541,4364.0,rb1901,4230,4242,4144,4150.0,2088520,1413719,4191.0,rb1902,4047,4055,3982,3982.0,217,2997,4015.0,rb1903,3944,3970,3888,3893.0,78,2378,3925.0,rb1904,3858,3858,3857,3857.0,2,386,3857.0,rb1905,3830,3876,3775,3778.0,181647,342810,3824.0,rb1906,3804,3837,3745,3755.0,133,801,3778.0,rb1907,3784,3797,3750,3751.0,15,1105,3772.0,rb1901,4230.0,4242.0,4144.0,4150.0,2088520.0,1413719.0,4191.0
2018-10-30,4079.2028227048568,1605783.0,1769225.0,rb1811,4606,4606,4501,4501.0,212,440,4561.0,rb1812,4364,4410,4364,4382.0,153,557,4387.0,rb1901,4159,4206,4154,4172.0,1450903,1373472,4179.0,rb1902,3996,4023,3986,3999.0,64,3007,4007.0,rb1903,3888,3936,3888,3916.0,20,2379,3905.0,rb1904,3860,3871,3843,3853.0,50,403,3851.0,rb1905,3785,3805,3758,3765.0,144530,359621,3783.0,rb1906,3753,3765,3746,3746.0,11,802,3756.0,rb1907,3733,3752,3721,3721.0,23,1104,3744.0,rb1901,4159.0,4206.0,4154.0,4172.0,1450903.0,1373472.0,4179.0
2018-10-31,4028.164253788996,2210904.0,1779825.0,rb1811,4510,4765,4477,4477.0,241,392,4612.0,rb1812,4378,4399,4345,4379.0,244,633,4369.0,rb1901,4170,4178,4113,4127.0,1991941,1358366,4135.0,rb1902,3990,3996,3928,3936.0,270,3084,3950.0,rb1903,3855,3890,3836,3846.0,87,2375,3856.0,rb1904,3805,3834,3796,3797.0,9,402,3806.0,rb1905,3762,3768,3706,3720.0,200095,378517,3731.0,rb1906,3689,3690,3689,3689.0,7,803,3689.0,rb1907,3700,3700,3674,3675.0,7,1108,3680.0,rb1901,4170.0,4178.0,4113.0,4127.0,1991941.0,1358366.0,4135.0
2018-11-01,3955.168687839895,2338069.0,1772238.0,rb1811,4477,4580,4477,4580.0,62,330,4546.0,rb1812,4391,4415,4322,4354.0,412,679,4375.0,rb1901,4135,4152,4029,4057.0,2103074,1334897,4099.0,rb1902,3955,3962,3844,3860.0,251,3027,3892.0,rb1903,3863,3866,3770,3777.0,96,2382,3805.0,rb1904,3730,3730,3730,3730.0,1,402,3730.0,rb1905,3740,3745,3652,3656.0,213337,386803,3708.0,rb1906,3701,3705,3630,3630.0,32,804,3677.0,rb1907,3681,3688,3606,3620.0,25,1118,3642.0,rb1901,4135.0,4152.0,4029.0,4057.0,2103074.0,1334897.0,4099.0
2018-11-02,3957.987032291133,2059600.0,1755900.0,rb1811,4560,4560,4520,4520.0,60,300,4540.0,rb1812,4350,4381,4334,4370.0,138,702,4355.0,rb1901,4050,4077,4020,4064.0,1820201,1298844,4050.0,rb1902,3851,3892,3840,3889.0,254,3035,3866.0,rb1903,3771,3808,3761,3808.0,179,2429,3791.0,rb1904,3736,3747,3720,3745.0,89,411,3739.0,rb1905,3652,3681,3637,3669.0,217898,402024,3659.0,rb1906,3624,3634,3622,3624.0,16,808,3625.0,rb1907,3622,3634,3595,3631.0,25,1131,3615.0,rb1901,4050.0,4077.0,4020.0,4064.0,1820201.0,1298844.0,4050.0
2018-11-05,3971.608513753156,2176385.0,1810130.0,rb1811,0,0,0,4540.0,0,300,4540.0,rb1812,4383,4383,4300,4360.0,144,655,4336.0,rb1901,4065,4076,4002,4072.0,1908554,1347401,4037.0,rb1902,3889,3898,3815,3889.0,172,3024,3861.0,rb1903,3797,3817,3759,3808.0,214,2394,3782.0,rb1904,3747,3750,3706,3709.0,38,404,3725.0,rb1905,3665,3702,3625,3693.0,242725,405680,3663.0,rb1906,3650,3670,3617,3670.0,415,837,3626.0,rb1907,3621,3638,3589,3638.0,20,1127,3610.0,rb1901,4065.0,4076.0,4002.0,4072.0,1908554.0,1347401.0,4037.0
2018-11-06,3869.378816563938,2623520.0,1929517.0,rb1811,4510,4510,4509,4509.0,60,240,4509.0,rb1812,4340,4348,4311,4326.0,383,800,4332.0,rb1901,4057,4068,3953,3962.0,2277035,1416426,3997.0,rb1902,3859,3887,3791,3791.0,341,2994,3825.0,rb1903,3811,3811,3731,3737.0,185,2396,3757.0,rb1904,3750,3757,3708,3708.0,29,423,3729.0,rb1905,3691,3696,3620,3627.0,320015,449500,3657.0,rb1906,3618,3634,3605,3605.0,4,839,3618.0,rb1907,3636,3636,3588,3590.0,20,1138,3612.0,rb1901,4057.0,4068.0,3953.0,3962.0,2277035.0,1416426.0,3997.0
2018-11-07,3816.36370130048,1915224.0,1934747.0,rb1811,0,0,0,4490.0,0,240,4490.0,rb1812,4324,4329,4308,4320.0,199,958,4314.0,rb1901,3956,3968,3914,3930.0,1547530,1364647,3939.0,rb1902,3751,3794,3721,3731.0,198,3004,3748.0,rb1903,3708,3728,3660,3666.0,119,2399,3691.0,rb1904,3666,3666,3631,3631.0,2,424,3648.0,rb1905,3625,3632,3543,3559.0,333623,494325,3577.0,rb1906,3553,3553,3519,3536.0,24,848,3528.0,rb1907,3550,3550,3515,3520.0,27,1152,3527.0,rb1901,3956.0,3968.0,3914.0,3930.0,1547530.0,1364647.0,3939.0
2018-11-08,3856.172477998065,3128350.0,1909832.0,rb1811,0,0,0,4490.0,0,240,4490.0,rb1812,4397,4397,4284,4377.0,90,946,4322.0,rb1901,3941,3995,3878,3986.0,2655088,1316317,3940.0,rb1902,3778,3798,3694,3798.0,433,2958,3747.0,rb1903,3696,3700,3624,3700.0,291,2321,3665.0,rb1904,3636,3636,3573,3618.0,52,405,3610.0,rb1905,3564,3592,3503,3584.0,436066,512647,3545.0,rb1906,3539,3548,3480,3548.0,92,818,3511.0,rb1907,3514,3523,3462,3520.0,81,1159,3496.0,rb1901,3941.0,3995.0,3878.0,3986.0,2655088.0,1316317.0,3940.0
2018-11-09,3789.749440521932,1924765.0,1914731.0,rb1811,0,0,0,4490.0,0,240,4490.0,rb1812,4371,4372,4331,4335.0,40,941,4347.0,rb1901,3982,4003,3932,3933.0,1651807,1284050,3967.0,rb1902,3773,3793,3715,3723.0,325,3020,3764.0,rb1903,3698,3700,3647,3647.0,243,2330,3678.0,rb1904,3618,3648,3613,3613.0,120,505,3640.0,rb1905,3583,3586,3513,3513.0,247947,542453,3552.0,rb1906,3554,3554,3519,3527.0,18,810,3533.0,rb1907,3527,3527,3485,3485.0,45,1144,3514.0,rb1901,3982.0,4003.0,3932.0,3933.0,1651807.0,1284050.0,3967.0
2018-11-12,3713.7403089191967,2658236.0,1934098.0,rb1811,4490,4490,4210,4370.0,90,210,4356.0,rb1812,4329,4342,4269,4290.0,178,927,4301.0,rb1901,3922,3925,3818,3848.0,2211747,1250040,3869.0,rb1902,3698,3711,3600,3658.0,375,3100,3661.0,rb1903,3833,3833,3560,3616.0,302,2346,3597.0,rb1904,3605,3605,3539,3559.0,133,478,3557.0,rb1905,3512,3527,3434,3484.0,406357,588061,3487.0,rb1906,3489,3489,3418,3461.0,20,815,3462.0,rb1907,3467,3477,3414,3447.0,27,1149,3448.0,rb1901,3922.0,3925.0,3818.0,3848.0,2211747.0,1250040.0,3869.0
2018-11-13,3723.259765023001,1667408.0,1897973.0,rb1811,4280,4280,4280,4280.0,30,180,4280.0,rb1812,4256,4334,4256,4295.0,114,871,4302.0,rb1901,3850,3895,3835,3868.0,1374059,1202513,3867.0,rb1902,3644,3696,3642,3656.0,158,3160,3667.0,rb1903,3590,3610,3582,3585.0,52,2348,3594.0,rb1904,3557,3576,3552,3552.0,49,462,3561.0,rb1905,3480,3509,3469,3489.0,272311,596580,3489.0,rb1906,3471,3478,3453,3462.0,18,820,3460.0,rb1907,3438,3465,3437,3442.0,14,1155,3442.0,rb1901,3850.0,3895.0,3835.0,3868.0,1374059.0,1202513.0,3867.0
2018-11-14,3789.10001807355,2172303.0,1892268.0,rb1811,0,0,0,4280.0,0,180,4280.0,rb1812,4329,4335,4300,4335.0,318,709,4322.0,rb1901,3850,3940,3846,3937.0,1742446,1214910,3897.0,rb1902,3641,3716,3641,3702.0,199,3209,3690.0,rb1903,3587,3634,3587,3634.0,353,2606,3611.0,rb1904,3570,3613,3566,3613.0,29,461,3582.0,rb1905,3478,3545,3470,3542.0,399965,582009,3513.0,rb1906,3478,3490,3475,3488.0,9,822,3484.0,rb1907,3440,3500,3430,3490.0,14,1154,3473.0,rb1901,3850.0,3940.0,3846.0,3937.0,1742446.0,1214910.0,3897.0
2018-11-15,3742.3096868760094,2153239.0,1887048.0,rb1811,0,0,0,4280.0,0,180,4280.0,rb1812,4321,4331,4280,4287.0,186,720,4308.0,rb1901,3941,3946,3859,3889.0,1788855,1189062,3901.0,rb1902,3711,3715,3650,3660.0,207,3245,3680.0,rb1903,3645,3645,3568,3600.0,91,2565,3605.0,rb1904,3618,3618,3556,3572.0,33,472,3592.0,rb1905,3547,3560,3474,3510.0,338092,599001,3514.0,rb1906,3521,3524,3446,3446.0,21,828,3507.0,rb1907,3484,3495,3436,3436.0,15,1153,3475.0,rb1901,3941.0,3946.0,3859.0,3889.0,1788855.0,1189062.0,3901.0
2018-11-16,3733.6697046591457,2306504.0,1858903.0,rb1812,4283,4340,4283,4297.0,253,637,4317.0,rb1901,3889,3952,3869,3884.0,1905077,1139905,3911.0,rb1902,3687,3726,3658,3664.0,483,3266,3691.0,rb1903,3600,3646,3600,3601.0,82,2580,3627.0,rb1904,3568,3616,3568,3587.0,48,487,3593.0,rb1905,3501,3551,3493,3512.0,372399,621372,3523.0,rb1906,3481,3518,3468,3486.0,28,822,3493.0,rb1907,3481,3490,3470,3476.0,11,1156,3476.0,rb1908,3484,3484,3456,3456.0,4,792,3474.0,rb1901,3889.0,3952.0,3869.0,3884.0,1905077.0,1139905.0,3911.0
2018-11-19,3708.566576813188,2437777.0,1820371.0,rb1812,4285,4303,4158,4171.0,357,569,4227.0,rb1901,3870,3885,3813,3838.0,1868111,1104310,3852.0,rb1902,3656,3698,3622,3627.0,633,3639,3645.0,rb1903,3589,3634,3580,3600.0,695,3078,3605.0,rb1904,3616,3617,3566,3586.0,89,479,3596.0,rb1905,3503,3571,3480,3526.0,526881,619316,3527.0,rb1906,3481,3544,3461,3494.0,40,821,3495.0,rb1907,3504,3504,3490,3490.0,3,1156,3498.0,rb1908,3438,3484,3438,3471.0,6,789,3470.0,rb1901,3870.0,3885.0,3813.0,3838.0,1868111.0,1104310.0,3852.0
2018-11-20,3623.804413928658,2224302.0,1872255.0,rb1812,4150,4164,4014,4029.0,269,525,4074.0,rb1901,3833,3859,3735,3742.0,1699395,1110886,3800.0,rb1902,3627,3652,3567,3572.0,790,3718,3613.0,rb1903,3610,3616,3542,3542.0,336,3239,3595.0,rb1904,3584,3587,3538,3545.0,45,508,3564.0,rb1905,3513,3550,3465,3468.0,482065,654374,3509.0,rb1906,3517,3520,3440,3440.0,44,822,3453.0,rb1907,3474,3474,3439,3439.0,4,1155,3459.0,rb1908,3436,3442,3426,3426.0,6,792,3430.0,rb1901,3833.0,3859.0,3735.0,3742.0,1699395.0,1110886.0,3800.0
2018-11-21,3622.451577024328,3266959.0,1725338.0,rb1812,3995,4009,3889,4003.0,321,371,3948.0,rb1901,3728,3735,3586,3724.0,2552332,993621,3682.0,rb1902,3542,3585,3463,3583.0,804,3850,3520.0,rb1903,3535,3565,3459,3565.0,431,3406,3512.0,rb1904,3511,3565,3473,3565.0,65,534,3518.0,rb1905,3452,3516,3400,3502.0,653665,626747,3457.0,rb1906,3440,3470,3386,3470.0,23,822,3440.0,rb1907,3406,3436,3382,3431.0,87,1168,3404.0,rb1908,3389,3430,3365,3430.0,123,774,3391.0,rb1901,3728.0,3735.0,3586.0,3724.0,2552332.0,993621.0,3682.0
2018-11-22,3594.567718242788,2228861.0,1716059.0,rb1812,4032,4048,3960,3966.0,144,371,3987.0,rb1901,3723,3746,3690,3729.0,1569772,942636,3720.0,rb1902,3566,3570,3528,3540.0,449,3991,3546.0,rb1903,3544,3549,3513,3528.0,226,3500,3537.0,rb1904,3553,3553,3503,3517.0,164,607,3524.0,rb1905,3506,3517,3438,3448.0,615963,656971,3463.0,rb1906,3478,3478,3432,3453.0,29,817,3462.0,rb1907,3460,3460,3404,3419.0,22,1178,3439.0,rb1908,3449,3449,3398,3406.0,80,806,3414.0,rb1901,3723.0,3746.0,3690.0,3729.0,1569772.0,942636.0,3720.0
2018-11-23,3485.8285358514536,2659213.0,1741087.0,rb1812,3978,3978,3811,3811.0,233,308,3909.0,rb1901,3730,3750,3620,3623.0,1999141,911796,3693.0,rb1902,3544,3554,3438,3460.0,1480,4879,3511.0,rb1903,3534,3536,3419,3425.0,1291,3852,3499.0,rb1904,3527,3531,3424,3424.0,226,691,3482.0,rb1905,3449,3469,3349,3350.0,593316,694827,3419.0,rb1906,3434,3440,3340,3340.0,58,825,3379.0,rb1907,3418,3430,3338,3338.0,79,1236,3390.0,rb1908,3415,3415,3326,3326.0,197,908,3379.0,rb1901,3730.0,3750.0,3620.0,3623.0,1999141.0,911796.0,3693.0
2018-11-26,3375.48126685155,3784382.0,1714234.0,rb1812,3781,3845,3635,3666.0,221,238,3723.0,rb1901,3600,3658,3496,3553.0,2667969,810534,3586.0,rb1902,3400,3503,3304,3371.0,388,4804,3398.0,rb1903,3394,3439,3270,3326.0,1069,3664,3382.0,rb1904,3382,3426,3250,3285.0,216,675,3345.0,rb1905,3330,3355,3179,3232.0,999995,749494,3270.0,rb1906,3310,3339,3155,3210.0,203,800,3235.0,rb1907,3307,3330,3155,3162.0,243,1272,3224.0,rb1908,3289,3315,3146,3192.0,240,952,3255.0,rb1901,3600.0,3658.0,3496.0,3553.0,2667969.0,810534.0,3586.0
2018-11-27,3387.057670810191,3047632.0,1701450.0,rb1812,3665,3723,3650,3650.0,44,210,3686.0,rb1901,3545,3672,3540,3579.0,2034812,765790,3589.0,rb1902,3333,3455,3333,3382.0,355,4834,3404.0,rb1903,3309,3400,3309,3342.0,195,3633,3356.0,rb1904,3326,3374,3305,3305.0,85,675,3356.0,rb1905,3234,3319,3218,3246.0,945824,777583,3262.0,rb1906,3204,3278,3204,3225.0,48,824,3240.0,rb1907,3207,3278,3205,3210.0,105,1304,3236.0,rb1908,3199,3280,3196,3216.0,131,990,3224.0,rb1901,3545.0,3672.0,3540.0,3579.0,2034812.0,765790.0,3589.0
2018-11-28,3430.5837255396177,2814097.0,1745680.0,rb1812,3654,3691,3506,3659.0,82,187,3658.0,rb1901,3560,3668,3557,3644.0,1728894,722988,3611.0,rb1902,3353,3455,3353,3428.0,457,4790,3407.0,rb1903,3313,3421,3313,3380.0,791,4233,3337.0,rb1904,3313,3387,3306,3365.0,45,658,3373.0,rb1905,3230,3338,3225,3295.0,1024299,865885,3275.0,rb1906,3250,3319,3218,3279.0,120,812,3279.0,rb1907,3230,3300,3211,3276.0,108,1350,3233.0,rb1908,3221,3291,3200,3289.0,57,1002,3225.0,rb1901,3560.0,3668.0,3557.0,3644.0,1728894.0,722988.0,3611.0
2018-11-29,3415.156125090298,2515578.0,1770529.0,rb1812,3700,3700,3551,3580.0,41,175,3621.0,rb1901,3649,3665,3565,3605.0,1445098,697741,3617.0,rb1902,3442,3466,3394,3423.0,262,4835,3432.0,rb1903,3400,3428,3352,3383.0,678,4529,3386.0,rb1904,3387,3420,3353,3365.0,24,654,3384.0,rb1905,3293,3352,3279,3307.0,1022409,912854,3313.0,rb1906,3296,3333,3271,3304.0,66,837,3299.0,rb1907,3291,3291,3261,3263.0,11,1358,3273.0,rb1908,3272,3286,3265,3265.0,5,1005,3279.0,rb1901,3649.0,3665.0,3565.0,3605.0,1445098.0,697741.0,3617.0
2018-11-30,3357.775307527367,2729154.0,1798783.0,rb1812,3609,3609,3407,3537.0,164,150,3512.0,rb1901,3595,3627,3560,3587.0,1194831,607200,3591.0,rb1902,3411,3447,3348,3378.0,219,4779,3388.0,rb1903,3370,3401,3288,3318.0,241,4590,3328.0,rb1904,3361,3388,3289,3289.0,71,648,3323.0,rb1905,3306,3327,3210,3256.0,1474895,1021232,3269.0,rb1906,3284,3302,3200,3228.0,110,859,3247.0,rb1907,3270,3285,3210,3210.0,50,1363,3260.0,rb1908,3245,3246,3202,3214.0,17,1014,3230.0,rb1905,3306.0,3327.0,3210.0,3256.0,1474895.0,1021232.0,3269.0
2018-12-03,3421.728988006514,3661273.0,1667155.0,rb1812,3700,3700,3700,3700.0,30,180,3700.0,rb1901,3590,3842,3562,3695.0,972140,463689,3685.0,rb1902,3367,3625,3355,3457.0,738,4771,3473.0,rb1903,3321,3550,3291,3410.0,287,4611,3422.0,rb1904,3306,3555,3290,3367.0,120,636,3430.0,rb1905,3250,3495,3208,3333.0,2546035,1036820,3330.0,rb1906,3210,3446,3203,3310.0,211,861,3297.0,rb1907,3209,3439,3200,3293.0,133,1384,3290.0,rb1908,3221,3425,3191,3283.0,170,1034,3309.0,rb1905,3250.0,3495.0,3208.0,3333.0,2546035.0,1036820.0,3330.0
2018-12-04,3457.034057883551,3050436.0,1690152.0,rb1812,3720,3720,3720,3720.0,30,150,3720.0,rb1901,3709,3788,3674,3765.0,568390,413870,3722.0,rb1902,3474,3538,3445,3514.0,368,4850,3488.0,rb1903,3392,3477,3380,3451.0,370,4613,3412.0,rb1904,3398,3453,3367,3441.0,67,633,3408.0,rb1905,3306,3388,3283,3374.0,2403848,1112086,3328.0,rb1906,3310,3355,3270,3355.0,81,838,3313.0,rb1907,3296,3317,3267,3317.0,15,1383,3298.0,rb1908,3293,3333,3248,3321.0,27,1025,3299.0,rb1905,3306.0,3388.0,3283.0,3374.0,2403848.0,1112086.0,3328.0
2018-12-05,3523.5386108193147,3291100.0,1622136.0,rb1812,0,0,0,3720.0,0,150,3720.0,rb1901,3789,3805,3723,3798.0,503487,358507,3765.0,rb1902,3544,3597,3507,3583.0,395,4973,3541.0,rb1903,3480,3541,3453,3539.0,378,4736,3489.0,rb1904,3468,3514,3444,3514.0,41,624,3471.0,rb1905,3389,3466,3362,3463.0,2700445,1113660,3408.0,rb1906,3369,3432,3361,3416.0,82,831,3376.0,rb1907,3364,3420,3335,3413.0,54,1396,3376.0,rb1908,3340,3388,3319,3388.0,39,1018,3356.0,rb1905,3389.0,3466.0,3362.0,3463.0,2700445.0,1113660.0,3408.0
2018-12-06,3437.3584369256846,2631695.0,1623672.0,rb1812,0,0,0,3699.0,0,150,3699.0,rb1901,3796,3797,3724,3728.0,332285,341319,3754.0,rb1902,3593,3593,3498,3502.0,158,4971,3537.0,rb1903,3541,3541,3443,3456.0,318,4729,3492.0,rb1904,3539,3539,3437,3454.0,21,620,3487.0,rb1905,3470,3473,3371,3375.0,2250461,1128966,3412.0,rb1906,3426,3447,3353,3361.0,89,820,3400.0,rb1907,3415,3415,3340,3340.0,32,1393,3393.0,rb1908,3394,3395,3331,3332.0,20,1019,3370.0,rb1905,3470.0,3473.0,3371.0,3375.0,2250461.0,1128966.0,3412.0
2018-12-07,3450.824984487979,2985471.0,1603595.0,rb1812,3680,3680,3459,3650.0,150,150,3592.0,rb1901,3715,3763,3676,3732.0,359218,315879,3717.0,rb1902,3481,3535,3464,3489.0,122,5008,3494.0,rb1903,3426,3501,3410,3470.0,165,4791,3453.0,rb1904,3420,3496,3410,3485.0,21,620,3465.0,rb1905,3360,3426,3334,3397.0,2563887,1133603,3372.0,rb1906,3340,3405,3318,3393.0,240,825,3357.0,rb1907,3313,3395,3311,3378.0,46,1384,3344.0,rb1908,3305,3385,3305,3363.0,29,1022,3343.0,rb1905,3360.0,3426.0,3334.0,3397.0,2563887.0,1133603.0,3372.0
2018-12-10,3360.321753738925,2701999.0,1712524.0,rb1812,3504,3620,3503,3620.0,90,150,3542.0,rb1901,3717,3728,3648,3654.0,263847,303027,3678.0,rb1902,3488,3504,3414,3414.0,194,5046,3448.0,rb1903,3468,3468,3379,3380.0,112,4826,3426.0,rb1904,3469,3469,3395,3404.0,42,628,3415.0,rb1905,3388,3398,3303,3312.0,2370683,1238138,3342.0,rb1906,3351,3351,3288,3288.0,245,839,3309.0,rb1907,3340,3364,3278,3283.0,18,1392,3319.0,rb1908,3312,3339,3281,3296.0,28,1038,3303.0,rb1905,3388.0,3398.0,3303.0,3312.0,2370683.0,1238138.0,3342.0
2018-12-11,3372.5846613651693,2008539.0,1693358.0,rb1812,0,0,0,3542.0,0,150,3542.0,rb1901,3646,3675,3620,3670.0,164105,286413,3646.0,rb1902,3393,3429,3380,3429.0,138,5081,3414.0,rb1903,3346,3401,3346,3401.0,56,4854,3385.0,rb1904,3366,3381,3366,3381.0,7,631,3371.0,rb1905,3306,3341,3284,3327.0,1797992,1233237,3306.0,rb1906,3287,3312,3269,3312.0,183,880,3275.0,rb1907,3266,3295,3261,3286.0,10,1390,3280.0,rb1908,3256,3291,3248,3291.0,17,1035,3270.0,rb1905,3306.0,3341.0,3284.0,3327.0,1797992.0,1233237.0,3306.0
2018-12-12,3356.507933643539,2292256.0,1701236.0,rb1812,0,0,0,3542.0,0,150,3542.0,rb1901,3680,3697,3630,3631.0,147034,279642,3668.0,rb1902,3459,3480,3415,3424.0,191,5084,3453.0,rb1903,3434,3454,3391,3394.0,127,4863,3428.0,rb1904,3411,3443,3386,3386.0,61,636,3417.0,rb1905,3340,3379,3317,3317.0,2097388,1244564,3349.0,rb1906,3340,3351,3295,3304.0,213,893,3328.0,rb1907,3321,3342,3302,3302.0,16,1388,3325.0,rb1908,3306,3328,3290,3290.0,12,1033,3310.0,rb1905,3340.0,3379.0,3317.0,3317.0,2097388.0,1244564.0,3349.0
2018-12-13,3448.0730643897814,2951605.0,1628892.0,rb1812,0,0,0,3542.0,0,150,3542.0,rb1901,3640,3746,3635,3721.0,225418,231833,3698.0,rb1902,3452,3530,3449,3513.0,268,4946,3497.0,rb1903,3404,3514,3400,3474.0,114,4903,3469.0,rb1904,3407,3479,3407,3469.0,45,642,3448.0,rb1905,3325,3431,3321,3419.0,2663629,1226761,3389.0,rb1906,3304,3400,3304,3381.0,23,886,3370.0,rb1907,3355,3394,3355,3388.0,11,1384,3379.0,rb1908,3330,3373,3330,3373.0,39,1032,3354.0,rb1905,3325.0,3431.0,3321.0,3419.0,2663629.0,1226761.0,3389.0
2018-12-14,3469.001302326389,2226146.0,1612499.0,rb1812,0,0,0,3542.0,0,150,3542.0,rb1901,3717,3750,3702,3740.0,116074,209538,3733.0,rb1902,3516,3547,3513,3543.0,233,4932,3529.0,rb1903,3478,3523,3478,3514.0,70,4918,3504.0,rb1904,3481,3519,3471,3518.0,49,628,3493.0,rb1905,3416,3450,3405,3445.0,2062103,1232369,3427.0,rb1906,3390,3428,3387,3428.0,62,888,3400.0,rb1907,3378,3409,3371,3386.0,48,1393,3385.0,rb1908,3369,3399,3365,3390.0,45,1026,3374.0,rb1905,3416.0,3450.0,3405.0,3445.0,2062103.0,1232369.0,3427.0
2018-12-17,3456.790266493432,2118315.0,1546267.0,rb1812,0,0,0,3542.0,0,150,3542.0,rb1901,3738,3776,3735,3760.0,109011,180716,3755.0,rb1902,3535,3577,3526,3526.0,191,4947,3539.0,rb1903,3511,3533,3492,3512.0,132,4946,3514.0,rb1904,3504,3533,3483,3500.0,60,614,3511.0,rb1905,3448,3470,3414,3435.0,1957841,1192530,3437.0,rb1906,3418,3431,3395,3401.0,113,910,3417.0,rb1907,3408,3423,3388,3406.0,25,1389,3403.0,rb1908,3399,3407,3372,3374.0,16,1028,3390.0,rb1905,3448.0,3470.0,3414.0,3435.0,1957841.0,1192530.0,3437.0
2018-12-18,3451.9946594457106,1973872.0,1503402.0,rb1901,3768,3768,3735,3762.0,78072,163363,3752.0,rb1902,3531,3554,3505,3526.0,101,4952,3520.0,rb1903,3494,3514,3476,3514.0,108,4931,3489.0,rb1904,3500,3501,3470,3472.0,50,614,3479.0,rb1905,3430,3443,3391,3435.0,1835607,1161493,3418.0,rb1906,3396,3415,3358,3385.0,283,966,3391.0,rb1907,3382,3399,3367,3395.0,95,1395,3387.0,rb1908,3379,3386,3353,3386.0,2097,2998,3371.0,rb1909,3333,3342,3289,3325.0,453,2424,3319.0,rb1905,3430.0,3443.0,3391.0,3435.0,1835607.0,1161493.0,3418.0
2018-12-19,3440.817031764144,2050191.0,1507360.0,rb1901,3762,3793,3758,3763.0,62597,150771,3769.0,rb1902,3551,3558,3523,3531.0,81,4947,3540.0,rb1903,3516,3523,3496,3503.0,181,4876,3507.0,rb1904,3494,3510,3490,3490.0,21,615,3498.0,rb1905,3432,3450,3411,3425.0,1935506,1178820,3431.0,rb1906,3385,3411,3381,3389.0,183,965,3399.0,rb1907,3391,3416,3375,3398.0,40,1398,3394.0,rb1908,3383,3398,3369,3385.0,79,2965,3381.0,rb1909,3324,3334,3300,3320.0,231,2390,3321.0,rb1905,3432.0,3450.0,3411.0,3425.0,1935506.0,1178820.0,3431.0
2018-12-20,3487.97980480434,2293364.0,1614790.0,rb1901,3765,3808,3762,3796.0,70602,129412,3782.0,rb1902,3544,3588,3529,3584.0,124,4917,3557.0,rb1903,3523,3564,3501,3551.0,360,5055,3531.0,rb1904,3518,3563,3500,3551.0,135,700,3524.0,rb1905,3433,3492,3427,3481.0,2153354,1308331,3455.0,rb1906,3399,3450,3392,3442.0,158,977,3424.0,rb1907,3396,3444,3394,3440.0,56,1395,3421.0,rb1908,3391,3427,3375,3422.0,96,2931,3409.0,rb1909,3330,3362,3315,3359.0,322,2353,3338.0,rb1905,3433.0,3492.0,3427.0,3481.0,2153354.0,1308331.0,3455.0
2018-12-21,3511.144312936954,2302534.0,1572534.0,rb1901,3805,3845,3805,3841.0,72545,106779,3829.0,rb1902,3608,3632,3589,3606.0,412,4657,3609.0,rb1903,3578,3607,3548,3587.0,373,5282,3584.0,rb1904,3582,3601,3542,3562.0,69,695,3576.0,rb1905,3500,3535,3471,3508.0,2156629,1290216,3503.0,rb1906,3461,3497,3442,3465.0,86,971,3468.0,rb1907,3455,3485,3433,3456.0,39,1402,3459.0,rb1908,3437,3470,3415,3416.0,24,2937,3438.0,rb1909,3371,3400,3354,3380.0,809,2324,3385.0,rb1905,3500.0,3535.0,3471.0,3508.0,2156629.0,1290216.0,3503.0
2018-12-24,3452.832516128016,1888041.0,1523281.0,rb1901,3845,3850,3789,3809.0,57762,91519,3816.0,rb1902,3594,3602,3543,3570.0,96,4685,3570.0,rb1903,3597,3597,3521,3532.0,141,5313,3548.0,rb1904,3570,3570,3528,3532.0,31,702,3544.0,rb1905,3515,3516,3435,3451.0,1771345,1257311,3465.0,rb1906,3472,3472,3401,3415.0,52,955,3442.0,rb1907,3453,3461,3402,3411.0,41,1425,3421.0,rb1908,3386,3403,3383,3386.0,12,2937,3387.0,rb1909,3381,3381,3321,3329.0,194,2372,3342.0,rb1905,3515.0,3516.0,3435.0,3451.0,1771345.0,1257311.0,3465.0
2018-12-25,3398.267947230932,2289272.0,1452745.0,rb1901,3802,3818,3794,3808.0,46390,74189,3805.0,rb1902,3545,3566,3501,3544.0,249,4643,3531.0,rb1903,3510,3519,3451,3505.0,293,5369,3489.0,rb1904,3514,3514,3454,3495.0,124,774,3487.0,rb1905,3442,3448,3357,3398.0,2166700,1201517,3401.0,rb1906,3403,3404,3336,3369.0,36,954,3378.0,rb1907,3380,3398,3314,3354.0,63,1424,3346.0,rb1908,3379,3379,3300,3321.0,18,2933,3337.0,rb1909,3315,3319,3251,3285.0,308,2446,3281.0,rb1905,3442.0,3448.0,3357.0,3398.0,2166700.0,1201517.0,3401.0
2018-12-26,3403.288134244132,1749051.0,1469919.0,rb1901,3800,3873,3800,3855.0,38591,59025,3836.0,rb1902,3547,3579,3518,3559.0,137,4655,3551.0,rb1903,3498,3523,3483,3506.0,350,5302,3506.0,rb1904,3494,3523,3494,3498.0,122,796,3510.0,rb1905,3393,3430,3387,3409.0,1642528,1227066,3409.0,rb1906,3359,3392,3359,3377.0,54,940,3376.0,rb1907,3350,3369,3342,3359.0,70,1428,3357.0,rb1908,3322,3353,3322,3341.0,22,2942,3341.0,rb1909,3303,3303,3267,3281.0,169,2490,3284.0,rb1905,3393.0,3430.0,3387.0,3409.0,1642528.0,1227066.0,3409.0
2018-12-27,3384.007203799017,2223808.0,1481857.0,rb1901,3855,3923,3854,3886.0,43353,40675,3893.0,rb1902,3557,3603,3548,3561.0,151,4640,3580.0,rb1903,3510,3558,3502,3505.0,440,5313,3524.0,rb1904,3494,3553,3491,3504.0,36,793,3514.0,rb1905,3418,3471,3395,3396.0,2086284,1248464,3422.0,rb1906,3390,3421,3353,3360.0,105,991,3391.0,rb1907,3401,3401,3344,3344.0,18,1440,3369.0,rb1908,3337,3376,3328,3333.0,41,2943,3347.0,rb1909,3282,3313,3261,3261.0,208,2484,3287.0,rb1905,3418.0,3471.0,3395.0,3396.0,2086284.0,1248464.0,3422.0
2018-12-28,3384.415489901519,1537678.0,1407885.0,rb1901,3881,3889,3852,3852.0,26122,24756,3870.0,rb1902,3526,3566,3526,3543.0,124,4610,3554.0,rb1903,3490,3515,3478,3509.0,181,5356,3499.0,rb1904,3488,3496,3458,3473.0,196,750,3471.0,rb1905,3387,3420,3382,3404.0,1457968,1187171,3400.0,rb1906,3338,3361,3338,3352.0,95,1026,3349.0,rb1907,3333,3357,3326,3345.0,64,1439,3339.0,rb1908,3309,3351,3308,3327.0,30,2942,3325.0,rb1909,3254,3278,3254,3269.0,154,2491,3268.0,rb1905,3387.0,3420.0,3382.0,3404.0,1457968.0,1187171.0,3400.0
2019-01-02,3360.420731267898,1129528.0,1429271.0,rb1901,3842,3873,3810,3834.0,7236,19680,3832.0,rb1902,3530,3563,3521,3530.0,118,4599,3530.0,rb1903,3491,3519,3471,3479.0,361,5351,3495.0,rb1904,3479,3498,3463,3478.0,118,822,3483.0,rb1905,3398,3439,3371,3382.0,1074968,1210821,3389.0,rb1906,3356,3373,3322,3332.0,174,1066,3337.0,rb1907,3345,3352,3310,3325.0,44,1453,3336.0,rb1908,3352,3352,3300,3317.0,43,2946,3326.0,rb1909,3256,3280,3235,3247.0,121,2510,3254.0,rb1905,3398.0,3439.0,3371.0,3382.0,1074968.0,1210821.0,3389.0
2019-01-03,3429.589421118602,1933032.0,1450418.0,rb1901,3834,3875,3826,3863.0,5010,16110,3851.0,rb1902,3513,3582,3513,3580.0,50,4602,3565.0,rb1903,3472,3548,3470,3547.0,647,5385,3522.0,rb1904,3450,3550,3450,3550.0,162,915,3535.0,rb1905,3378,3456,3366,3455.0,1859514,1237016,3420.0,rb1906,3316,3396,3316,3396.0,70,1065,3369.0,rb1907,3315,3379,3312,3372.0,42,1454,3342.0,rb1908,3324,3364,3324,3364.0,52,2964,3349.0,rb1909,3242,3300,3238,3300.0,319,2482,3278.0,rb1905,3378.0,3456.0,3366.0,3455.0,1859514.0,1237016.0,3420.0
2019-01-04,3461.079071393811,1735113.0,1452801.0,rb1901,3860,3872,3851,3866.0,3810,13290,3863.0,rb1902,3565,3609,3560,3600.0,55,4597,3589.0,rb1903,3558,3587,3528,3578.0,127,5395,3554.0,rb1904,3544,3583,3511,3583.0,271,960,3539.0,rb1905,3460,3493,3430,3486.0,1661661,1245193,3459.0,rb1906,3400,3433,3379,3433.0,153,1136,3404.0,rb1907,3386,3414,3368,3412.0,231,1491,3386.0,rb1908,3380,3409,3362,3402.0,36,2963,3381.0,rb1909,3294,3339,3291,3339.0,282,2424,3318.0,rb1905,3460.0,3493.0,3430.0,3486.0,1661661.0,1245193.0,3459.0
2019-01-07,3495.4933221889964,1609752.0,1478778.0,rb1901,3868,3868,3851,3856.0,3540,10320,3856.0,rb1902,3598,3635,3573,3634.0,382,4460,3618.0,rb1903,3569,3617,3562,3607.0,160,5412,3600.0,rb1904,3572,3626,3570,3620.0,182,1019,3599.0,rb1905,3490,3526,3466,3520.0,1526521,1273373,3498.0,rb1906,3435,3456,3426,3451.0,107,1138,3442.0,rb1907,3401,3455,3401,3454.0,58,1495,3432.0,rb1908,3395,3441,3395,3440.0,55,2949,3418.0,rb1909,3344,3382,3324,3379.0,307,2422,3357.0,rb1905,3490.0,3526.0,3466.0,3520.0,1526521.0,1273373.0,3498.0
2019-01-08,3479.0007204134545,1436042.0,1436675.0,rb1901,3861,3868,3856,3866.0,2460,8040,3862.0,rb1902,3631,3631,3590,3620.0,265,4411,3607.0,rb1903,3612,3613,3577,3599.0,254,5393,3599.0,rb1904,3617,3617,3589,3600.0,58,1025,3606.0,rb1905,3521,3523,3483,3505.0,1370453,1229443,3503.0,rb1906,3461,3462,3429,3450.0,28,1140,3448.0,rb1907,3448,3453,3419,3453.0,34,1503,3437.0,rb1908,3436,3436,3411,3411.0,12,2950,3415.0,rb1909,3374,3374,3348,3368.0,159,2412,3362.0,rb1905,3521.0,3523.0,3483.0,3505.0,1370453.0,1229443.0,3503.0
2019-01-09,3483.3318031905183,1815803.0,1435378.0,rb1901,3861,3861,3720,3745.0,3450,5370,3814.0,rb1902,3605,3650,3605,3620.0,281,4270,3635.0,rb1903,3589,3640,3588,3605.0,474,5413,3620.0,rb1904,3610,3648,3601,3615.0,226,1151,3629.0,rb1905,3505,3550,3494,3507.0,1689299,1219667,3524.0,rb1906,3448,3496,3448,3463.0,126,1179,3481.0,rb1907,3440,3484,3439,3463.0,105,1568,3472.0,rb1908,3414,3479,3414,3456.0,86,2972,3456.0,rb1909,3367,3418,3359,3393.0,424,2262,3393.0,rb1905,3505.0,3550.0,3494.0,3507.0,1689299.0,1219667.0,3524.0
2019-01-10,3488.232012218992,1664646.0,1507162.0,rb1901,3714,3727,3620,3640.0,3930,3540,3656.0,rb1902,3613,3629,3597,3615.0,1474,3832,3615.0,rb1903,3594,3609,3580,3581.0,950,5524,3593.0,rb1904,3604,3629,3599,3606.0,225,1294,3616.0,rb1905,3512,3543,3502,3514.0,1567334,1281960,3524.0,rb1906,3464,3490,3460,3485.0,411,1424,3479.0,rb1907,3452,3483,3452,3468.0,50,1574,3466.0,rb1908,3449,3462,3448,3448.0,12,2971,3455.0,rb1909,3390,3415,3384,3396.0,187,2256,3401.0,rb1905,3512.0,3543.0,3502.0,3514.0,1567334.0,1281960.0,3524.0
2019-01-11,3512.19377507991,1842817.0,1518895.0,rb1901,3640,3670,3626,3631.0,510,3450,3644.0,rb1902,3622,3640,3599,3640.0,453,3909,3613.0,rb1903,3577,3620,3574,3620.0,846,5639,3598.0,rb1904,3612,3628,3586,3628.0,368,1420,3609.0,rb1905,3517,3540,3492,3539.0,1720481,1280425,3518.0,rb1906,3483,3487,3457,3486.0,612,1768,3470.0,rb1907,3473,3484,3453,3482.0,278,1768,3457.0,rb1908,3459,3480,3441,3475.0,58,2961,3463.0,rb1909,3398,3430,3389,3426.0,471,2296,3414.0,rb1905,3517.0,3540.0,3492.0,3539.0,1720481.0,1280425.0,3518.0
2019-01-14,3548.685046344992,1391046.0,1560147.0,rb1901,3725,3725,3634,3650.0,720,3450,3656.0,rb1902,3625,3660,3625,3653.0,465,3846,3650.0,rb1903,3619,3650,3608,3644.0,1148,5881,3641.0,rb1904,3648,3663,3640,3663.0,36,1412,3650.0,rb1905,3535,3576,3520,3575.0,1312125,1314897,3553.0,rb1906,3486,3534,3484,3533.0,174,1833,3512.0,rb1907,3503,3516,3503,3516.0,25,1769,3510.0,rb1908,3466,3505,3466,3505.0,64,2966,3494.0,rb1909,3422,3468,3419,3468.0,330,2400,3441.0,rb1905,3535.0,3576.0,3520.0,3575.0,1312125.0,1314897.0,3553.0
2019-01-15,3493.46674413902,1686861.0,1542916.0,rb1901,3640,3640,3601,3615.0,810,3510,3611.0,rb1902,3632,3635,3588,3597.0,449,3594,3607.0,rb1903,3645,3645,3579,3580.0,1321,5996,3597.0,rb1904,3645,3655,3600,3608.0,253,1527,3620.0,rb1905,3576,3576,3508,3519.0,1564490,1298679,3534.0,rb1906,3532,3532,3467,3484.0,240,1976,3493.0,rb1907,3504,3506,3461,3476.0,58,1790,3486.0,rb1908,3495,3495,3439,3455.0,63,2966,3463.0,rb1909,3461,3461,3400,3416.0,410,2562,3432.0,rb1905,3576.0,3576.0,3508.0,3519.0,1564490.0,1298679.0,3534.0
2019-01-16,3507.5539089085705,1398268.0,1553055.0,rb1902,3599,3619,3594,3603.0,329,3344,3601.0,rb1903,3583,3606,3577,3599.0,662,5917,3594.0,rb1904,3596,3629,3596,3620.0,167,1556,3610.0,rb1905,3519,3545,3510,3534.0,1316013,1304377,3526.0,rb1906,3476,3489,3466,3489.0,768,2603,3477.0,rb1907,3475,3482,3452,3482.0,448,1905,3466.0,rb1908,3461,3474,3452,3473.0,37,2991,3462.0,rb1909,3419,3441,3412,3440.0,373,2654,3429.0,rb1910,3338,3363,3333,3357.0,72027,221546,3349.0,rb1905,3519.0,3545.0,3510.0,3534.0,1316013.0,1304377.0,3526.0
2019-01-17,3523.852824554347,1189700.0,1581276.0,rb1902,3610,3640,3610,3630.0,158,3208,3631.0,rb1903,3610,3630,3605,3622.0,390,6052,3616.0,rb1904,3629,3648,3628,3643.0,200,1617,3633.0,rb1905,3529,3565,3525,3551.0,1129409,1334555,3551.0,rb1906,3496,3508,3486,3508.0,99,2633,3497.0,rb1907,3481,3506,3477,3498.0,140,1926,3490.0,rb1908,3482,3496,3482,3496.0,12,2986,3488.0,rb1909,3433,3455,3433,3443.0,259,2683,3445.0,rb1910,3358,3378,3354,3365.0,54722,217154,3369.0,rb1905,3529.0,3565.0,3525.0,3551.0,1129409.0,1334555.0,3551.0
2019-01-18,3606.549123700755,1916835.0,1650863.0,rb1902,3639,3709,3639,3705.0,330,3213,3679.0,rb1903,3624,3706,3614,3700.0,1377,6313,3661.0,rb1904,3631,3716,3631,3716.0,202,1703,3686.0,rb1905,3552,3636,3540,3633.0,1799835,1398909,3596.0,rb1906,3541,3575,3531,3571.0,38,2631,3557.0,rb1907,3512,3566,3512,3566.0,254,2025,3547.0,rb1908,3482,3558,3478,3555.0,38,2993,3535.0,rb1909,3442,3528,3417,3528.0,475,2645,3494.0,rb1910,3362,3450,3348,3450.0,107868,220359,3411.0,rb1905,3552.0,3636.0,3540.0,3633.0,1799835.0,1398909.0,3596.0
2019-01-21,3618.454994689127,1894890.0,1640973.0,rb1902,3720,3738,3683,3713.0,500,3096,3702.0,rb1903,3710,3738,3695,3704.0,779,6522,3716.0,rb1904,3710,3748,3710,3733.0,171,1696,3728.0,rb1905,3636,3675,3619,3645.0,1763170,1385930,3646.0,rb1906,3606,3610,3570,3596.0,216,2707,3591.0,rb1907,3575,3602,3552,3572.0,153,2065,3573.0,rb1908,3570,3586,3558,3573.0,40,3000,3575.0,rb1909,3536,3550,3520,3542.0,553,2529,3539.0,rb1910,3450,3474,3445,3465.0,122278,222623,3460.0,rb1905,3636.0,3675.0,3619.0,3645.0,1763170.0,1385930.0,3646.0
2019-01-22,3605.2810650247966,2126308.0,1618967.0,rb1902,3716,3750,3683,3683.0,248,2975,3724.0,rb1903,3701,3751,3676,3676.0,356,6570,3714.0,rb1904,3744,3779,3714,3714.0,201,1746,3753.0,rb1905,3650,3700,3630,3633.0,1985126,1371942,3666.0,rb1906,3587,3636,3583,3590.0,32,2711,3610.0,rb1907,3575,3609,3568,3568.0,24,2079,3578.0,rb1908,3581,3617,3558,3558.0,62,2988,3589.0,rb1909,3534,3576,3522,3522.0,372,2499,3551.0,rb1910,3469,3499,3442,3444.0,130726,211229,3471.0,rb1905,3650.0,3700.0,3630.0,3633.0,1985126.0,1371942.0,3666.0
2019-01-23,3609.679181613946,1464888.0,1639373.0,rb1902,3723,3724,3686,3693.0,224,2773,3695.0,rb1903,3692,3716,3691,3698.0,380,6443,3700.0,rb1904,3735,3738,3709,3723.0,100,1735,3725.0,rb1905,3639,3658,3625,3644.0,1315997,1366117,3643.0,rb1906,3590,3598,3567,3580.0,110,2712,3582.0,rb1907,3578,3587,3547,3571.0,32,2085,3571.0,rb1908,3579,3586,3541,3569.0,151,3039,3566.0,rb1909,3529,3546,3501,3516.0,779,2523,3518.0,rb1910,3440,3471,3427,3431.0,141632,236033,3442.0,rb1905,3639.0,3658.0,3625.0,3644.0,1315997.0,1366117.0,3643.0
2019-01-24,3645.2675017578185,1696913.0,1700972.0,rb1902,3725,3740,3698,3740.0,266,2657,3716.0,rb1903,3716,3741,3699,3731.0,749,6627,3718.0,rb1904,3735,3757,3726,3756.0,233,1821,3740.0,rb1905,3647,3684,3639,3680.0,1600225,1423427,3660.0,rb1906,3593,3609,3584,3609.0,92,2775,3602.0,rb1907,3580,3589,3577,3589.0,83,2105,3583.0,rb1908,3576,3595,3569,3590.0,61,3051,3584.0,rb1909,3525,3558,3517,3552.0,595,2494,3534.0,rb1910,3442,3465,3432,3460.0,88518,240136,3448.0,rb1905,3647.0,3684.0,3639.0,3680.0,1600225.0,1423427.0,3660.0
2019-01-25,3673.991714362123,1683675.0,1712602.0,rb1902,3740,3790,3740,3762.0,262,2487,3766.0,rb1903,3741,3787,3733,3764.0,551,6583,3769.0,rb1904,3761,3821,3753,3797.0,104,1850,3798.0,rb1905,3684,3740,3675,3710.0,1549776,1425312,3712.0,rb1906,3622,3670,3621,3648.0,86,2748,3642.0,rb1907,3595,3643,3595,3630.0,30,2102,3625.0,rb1908,3598,3649,3598,3635.0,96,3029,3625.0,rb1909,3560,3603,3549,3574.0,296,2462,3581.0,rb1910,3460,3519,3458,3489.0,125353,250195,3493.0,rb1905,3684.0,3740.0,3675.0,3710.0,1549776.0,1425312.0,3712.0
2019-01-28,3642.888811704057,1781404.0,1661236.0,rb1902,3753,3790,3748,3751.0,410,2187,3772.0,rb1903,3755,3798,3736,3736.0,361,6431,3758.0,rb1904,3790,3842,3767,3771.0,279,1898,3798.0,rb1905,3712,3757,3680,3681.0,1668855,1358673,3711.0,rb1906,3630,3664,3621,3627.0,97,2751,3637.0,rb1907,3627,3658,3616,3619.0,42,2100,3639.0,rb1908,3623,3655,3603,3606.0,31,3029,3623.0,rb1909,3576,3622,3560,3562.0,289,2482,3580.0,rb1910,3491,3518,3465,3466.0,104758,264802,3488.0,rb1905,3712.0,3757.0,3680.0,3681.0,1668855.0,1358673.0,3711.0
2019-01-29,3634.010951832157,1348038.0,1632147.0,rb1902,3798,3798,3731,3760.0,39,2156,3759.0,rb1903,3745,3755,3715,3728.0,601,6346,3730.0,rb1904,3781,3781,3742,3754.0,49,1884,3764.0,rb1905,3680,3694,3653,3675.0,1254114,1320934,3673.0,rb1906,3609,3629,3591,3615.0,49,2733,3614.0,rb1907,3600,3609,3587,3597.0,17,2102,3594.0,rb1908,3596,3602,3588,3602.0,11,3022,3598.0,rb1909,3571,3572,3534,3546.0,214,2451,3547.0,rb1910,3470,3478,3438,3455.0,87748,272610,3455.0,rb1905,3680.0,3694.0,3653.0,3675.0,1254114.0,1320934.0,3673.0
2019-01-30,3635.3567780027215,2400656.0,1594961.0,rb1902,3732,3815,3703,3703.0,472,2139,3781.0,rb1903,3750,3819,3721,3732.0,1095,6227,3797.0,rb1904,3766,3841,3743,3775.0,79,1883,3812.0,rb1905,3683,3767,3667,3677.0,2245189,1280926,3721.0,rb1906,3615,3685,3586,3622.0,82,2726,3652.0,rb1907,3619,3677,3603,3603.0,30,2095,3651.0,rb1908,3643,3677,3613,3613.0,32,3022,3654.0,rb1909,3537,3618,3534,3554.0,660,2415,3576.0,rb1910,3462,3531,3447,3461.0,140682,275298,3496.0,rb1905,3683.0,3767.0,3667.0,3677.0,2245189.0,1280926.0,3721.0
2019-01-31,3662.6796706275786,1468753.0,1538198.0,rb1902,3700,3989,3669,3878.0,190,2041,3821.0,rb1903,3741,3789,3734,3765.0,405,5947,3751.0,rb1904,3783,3947,3767,3814.0,345,1897,3795.0,rb1905,3682,3718,3673,3707.0,1362181,1226881,3696.0,rb1906,3622,3648,3607,3634.0,57,2723,3624.0,rb1907,3615,3628,3606,3627.0,21,2103,3619.0,rb1908,3613,3628,3595,3617.0,82,3027,3617.0,rb1909,3561,3586,3550,3570.0,269,2397,3568.0,rb1910,3470,3495,3456,3483.0,98607,272968,3477.0,rb1905,3682.0,3718.0,3673.0,3707.0,1362181.0,1226881.0,3696.0
2019-02-01,3704.606198235083,1378747.0,1479163.0,rb1902,3878,3878,3825,3825.0,31,2040,3826.0,rb1903,3787,3833,3778,3820.0,391,6087,3793.0,rb1904,3814,3867,3814,3857.0,41,1889,3834.0,rb1905,3696,3770,3696,3754.0,1253423,1167188,3735.0,rb1906,3658,3665,3630,3665.0,248,2705,3639.0,rb1907,3644,3674,3633,3659.0,63,2109,3645.0,rb1908,3636,3665,3636,3665.0,59,3021,3643.0,rb1909,3583,3612,3563,3612.0,255,2327,3590.0,rb1910,3479,3516,3478,3516.0,116389,272969,3497.0,rb1905,3696.0,3770.0,3696.0,3754.0,1253423.0,1167188.0,3735.0
2019-02-11,3770.163193988672,1929815.0,1615084.0,rb1902,3885,3940,3880,3880.0,240,2010,3906.0,rb1903,3899,3961,3870,3886.0,762,6207,3909.0,rb1904,3941,3985,3909,3917.0,431,1909,3953.0,rb1905,3850,3908,3816,3825.0,1740180,1283442,3856.0,rb1906,3620,3809,3620,3742.0,437,2437,3769.0,rb1907,3748,3804,3718,3725.0,100,2105,3756.0,rb1908,3723,3793,3716,3734.0,92,2993,3758.0,rb1909,3680,3739,3648,3650.0,482,2297,3689.0,rb1910,3600,3629,3553,3555.0,172504,289290,3590.0,rb1905,3850.0,3908.0,3816.0,3825.0,1740180.0,1283442.0,3856.0
2019-02-12,3730.075827369068,1696719.0,1627750.0,rb1902,3816,3822,3816,3822.0,90,2010,3818.0,rb1903,3877,3886,3833,3837.0,360,5980,3852.0,rb1904,3916,3927,3869,3869.0,246,1932,3896.0,rb1905,3818,3830,3771,3785.0,1554714,1267465,3796.0,rb1906,3742,3747,3683,3688.0,168,2440,3709.0,rb1907,3714,3725,3677,3688.0,46,2105,3704.0,rb1908,3712,3729,3684,3690.0,61,3009,3706.0,rb1909,3646,3672,3633,3639.0,524,2545,3649.0,rb1910,3554,3573,3530,3537.0,128125,313906,3549.0,rb1905,3818.0,3830.0,3771.0,3785.0,1554714.0,1267465.0,3796.0
2019-02-13,3653.4550380955575,2092980.0,1639955.0,rb1902,0,0,0,3818.0,0,2010,3818.0,rb1903,3827,3893,3780,3780.0,858,5321,3827.0,rb1904,3875,3885,3800,3808.0,249,1960,3847.0,rb1905,3780,3796,3692,3702.0,1907247,1268219,3738.0,rb1906,3684,3705,3616,3631.0,120,2462,3648.0,rb1907,3691,3702,3620,3626.0,44,2124,3660.0,rb1908,3698,3706,3626,3632.0,42,3029,3656.0,rb1909,3615,3668,3573,3589.0,704,2551,3625.0,rb1910,3540,3558,3482,3490.0,170149,322016,3517.0,rb1905,3780.0,3796.0,3692.0,3702.0,1907247.0,1268219.0,3738.0
2019-02-14,3635.40476861016,1798197.0,1732790.0,rb1902,3828,3830,3794,3810.0,240,2130,3821.0,rb1903,3780,3786,3753,3754.0,147,5239,3762.0,rb1904,3801,3807,3762,3775.0,263,1967,3786.0,rb1905,3711,3717,3668,3684.0,1633174,1346979,3690.0,rb1906,3629,3633,3587,3611.0,837,3105,3598.0,rb1907,3631,3638,3587,3593.0,494,2482,3597.0,rb1908,3639,3639,3594,3600.0,186,3078,3615.0,rb1909,3594,3600,3556,3566.0,318,2615,3575.0,rb1910,3497,3504,3460,3469.0,147280,331451,3478.0,rb1905,3711.0,3717.0,3668.0,3684.0,1633174.0,1346979.0,3690.0
2019-02-15,3550.132060276158,2159218.0,1807879.0,rb1902,3723,3725,3700,3725.0,360,1980,3721.0,rb1903,3750,3760,3683,3693.0,706,4825,3701.0,rb1904,3783,3783,3691,3702.0,129,1965,3736.0,rb1905,3680,3696,3593,3599.0,1958158,1385994,3635.0,rb1906,3598,3621,3520,3533.0,255,3220,3553.0,rb1907,3597,3597,3525,3527.0,52,2506,3550.0,rb1908,3606,3610,3513,3522.0,132,3151,3557.0,rb1909,3563,3576,3483,3483.0,805,2840,3522.0,rb1910,3470,3477,3388,3394.0,178422,361106,3426.0,rb1905,3680.0,3696.0,3593.0,3599.0,1958158.0,1385994.0,3635.0
2019-02-18,3605.576951730631,1956149.0,1750344.0,rb1903,3706,3933,3706,3751.0,692,4595,3767.0,rb1904,3720,3760,3720,3740.0,81,1944,3735.0,rb1905,3615,3675,3611,3659.0,1766172,1321813,3645.0,rb1906,3576,3592,3550,3578.0,328,3255,3573.0,rb1907,3558,3599,3555,3570.0,64,2509,3568.0,rb1908,3553,3589,3540,3574.0,56,3186,3566.0,rb1909,3519,3554,3458,3540.0,671,2782,3528.0,rb1910,3411,3464,3408,3449.0,168530,365557,3441.0,rb1911,3344,3389,3338,3375.0,72,290,3366.0,rb1905,3615.0,3675.0,3611.0,3659.0,1766172.0,1321813.0,3645.0
2019-02-19,3607.402862112993,1561956.0,1750455.0,rb1903,3755,3798,3744,3750.0,876,4141,3756.0,rb1904,3760,3788,3753,3765.0,311,2151,3771.0,rb1905,3670,3698,3647,3655.0,1380295,1324428,3673.0,rb1906,3655,3655,3577,3577.0,206,3314,3596.0,rb1907,3594,3621,3574,3574.0,26,2501,3600.0,rb1908,3576,3615,3576,3584.0,141,3170,3597.0,rb1909,3556,3576,3549,3558.0,634,2833,3564.0,rb1910,3462,3488,3457,3469.0,162545,360946,3471.0,rb1911,3413,3413,3391,3391.0,10,284,3400.0,rb1905,3670.0,3698.0,3647.0,3655.0,1380295.0,1324428.0,3673.0
2019-02-20,3590.431985889617,2178330.0,1811999.0,rb1903,3750,3768,3706,3734.0,980,3666,3737.0,rb1904,3756,3789,3720,3770.0,347,2264,3746.0,rb1905,3650,3669,3578,3641.0,1959272,1359965,3619.0,rb1906,3576,3593,3510,3567.0,203,3368,3537.0,rb1907,3580,3594,3516,3565.0,72,2513,3546.0,rb1908,3578,3603,3523,3571.0,199,3250,3548.0,rb1909,3551,3564,3494,3539.0,964,2894,3518.0,rb1910,3468,3474,3402,3448.0,195154,382029,3433.0,rb1911,3390,3400,3336,3376.0,42,287,3361.0,rb1905,3650.0,3669.0,3578.0,3641.0,1959272.0,1359965.0,3619.0
2019-02-21,3623.7042544471046,2170750.0,1764013.0,rb1903,3769,3797,3752,3780.0,720,3528,3771.0,rb1904,3766,3837,3761,3794.0,162,2252,3795.0,rb1905,3640,3695,3635,3677.0,1964486,1319376,3672.0,rb1906,3577,3636,3577,3613.0,163,3362,3602.0,rb1907,3578,3614,3578,3603.0,21,2502,3594.0,rb1908,3576,3619,3576,3611.0,62,3230,3603.0,rb1909,3545,3583,3545,3568.0,625,2728,3567.0,rb1910,3448,3494,3446,3475.0,189527,376073,3476.0,rb1911,3389,3413,3389,3398.0,36,272,3406.0,rb1905,3640.0,3695.0,3635.0,3677.0,1964486.0,1319376.0,3672.0
2019-02-22,3678.126985164777,1830008.0,1758922.0,rb1903,3771,3800,3765,3786.0,318,3468,3783.0,rb1904,3789,3836,3784,3811.0,299,2279,3815.0,rb1905,3669,3735,3663,3731.0,1639072,1326006,3709.0,rb1906,3593,3659,3593,3652.0,122,3344,3642.0,rb1907,3595,3655,3595,3651.0,65,2497,3635.0,rb1908,3608,3660,3608,3654.0,72,3205,3638.0,rb1909,3564,3623,3563,3622.0,579,2606,3604.0,rb1910,3470,3533,3455,3527.0,172475,366364,3507.0,rb1911,3413,3457,3411,3450.0,29,258,3434.0,rb1905,3669.0,3735.0,3663.0,3731.0,1639072.0,1326006.0,3709.0
2019-02-25,3632.7477297828295,2043725.0,1801810.0,rb1903,3791,3814,3722,3722.0,573,3116,3800.0,rb1904,3829,3838,3780,3780.0,180,2258,3823.0,rb1905,3736,3766,3681,3682.0,1829538,1342399,3725.0,rb1906,3666,3690,3627,3627.0,203,3262,3667.0,rb1907,3658,3677,3616,3618.0,27,2501,3643.0,rb1908,3669,3680,3627,3627.0,37,3200,3659.0,rb1909,3626,3652,3589,3595.0,660,2644,3617.0,rb1910,3535,3567,3500,3501.0,194530,389360,3528.0,rb1911,3460,3480,3426,3427.0,23,247,3453.0,rb1905,3736.0,3766.0,3681.0,3682.0,1829538.0,1342399.0,3725.0
2019-02-26,3680.572123867298,2206343.0,1769442.0,rb1903,3704,3777,3704,3776.0,83,3127,3744.0,rb1904,3781,3815,3722,3815.0,120,2263,3784.0,rb1905,3677,3745,3672,3736.0,1999101,1303839,3708.0,rb1906,3617,3688,3617,3675.0,86,3264,3644.0,rb1907,3612,3692,3610,3678.0,38,2495,3636.0,rb1908,3626,3680,3620,3680.0,12,3201,3634.0,rb1909,3586,3635,3581,3625.0,744,2611,3602.0,rb1910,3490,3546,3488,3537.0,190751,397143,3516.0,rb1911,3419,3476,3413,3476.0,30,242,3436.0,rb1905,3677.0,3745.0,3672.0,3736.0,1999101.0,1303839.0,3708.0
2019-02-27,3660.2311177225183,1606684.0,1787483.0,rb1903,3744,3807,3744,3769.0,540,2704,3787.0,rb1904,3791,3816,3791,3791.0,30,2260,3806.0,rb1905,3737,3750,3697,3715.0,1474041,1309915,3727.0,rb1906,3684,3685,3647,3663.0,22,3255,3669.0,rb1907,3667,3679,3632,3664.0,41,2469,3657.0,rb1908,3670,3680,3643,3651.0,35,3177,3672.0,rb1909,3628,3636,3604,3612.0,537,2641,3622.0,rb1910,3537,3548,3507,3522.0,120811,408488,3530.0,rb1911,3458,3462,3428,3440.0,20,237,3443.0,rb1905,3737.0,3750.0,3697.0,3715.0,1474041.0,1309915.0,3727.0
2019-02-28,3688.8159565921983,1907997.0,1798755.0,rb1903,3787,3866,3740,3805.0,597,2611,3797.0,rb1904,3800,3825,3791,3819.0,76,2222,3810.0,rb1905,3728,3755,3705,3750.0,1730579,1315961,3733.0,rb1906,3686,3688,3641,3676.0,63,3227,3673.0,rb1907,3668,3677,3648,3677.0,29,2448,3670.0,rb1908,3679,3681,3656,3679.0,14,3169,3667.0,rb1909,3625,3639,3605,3628.0,500,2719,3621.0,rb1910,3529,3549,3506,3534.0,160982,414699,3527.0,rb1911,3452,3471,3445,3452.0,21,231,3455.0,rb1905,3728.0,3755.0,3705.0,3750.0,1730579.0,1315961.0,3733.0
2019-03-01,3750.466636905558,1687875.0,1794288.0,rb1903,3805,3839,3805,3839.0,31,2640,3837.0,rb1904,3831,3874,3825,3866.0,218,2238,3842.0,rb1905,3756,3816,3751,3815.0,1493208,1326315,3777.0,rb1906,3692,3740,3684,3740.0,235,3216,3702.0,rb1907,3687,3729,3683,3729.0,65,2403,3698.0,rb1908,3687,3732,3682,3732.0,214,3065,3696.0,rb1909,3638,3677,3622,3668.0,583,2552,3648.0,rb1910,3534,3584,3532,3581.0,175909,399200,3551.0,rb1911,3456,3511,3456,3511.0,127,321,3480.0,rb1905,3756.0,3816.0,3751.0,3815.0,1493208.0,1326315.0,3777.0
2019-03-04,3750.563380978838,2174833.0,1798071.0,rb1903,3940,3940,3855,3855.0,720,2280,3905.0,rb1904,3889,3915,3872,3882.0,242,2152,3895.0,rb1905,3815,3849,3787,3811.0,1914437,1325611,3821.0,rb1906,3730,3777,3730,3746.0,356,3196,3753.0,rb1907,3738,3774,3724,3750.0,61,2393,3746.0,rb1908,3732,3768,3713,3731.0,153,2959,3721.0,rb1909,3650,3717,3650,3688.0,1255,2698,3694.0,rb1910,3585,3626,3575,3594.0,236850,406277,3602.0,rb1911,3520,3549,3520,3524.0,23,320,3535.0,rb1905,3815.0,3849.0,3787.0,3811.0,1914437.0,1325611.0,3821.0
2019-03-05,3723.826553718492,2031641.0,1664008.0,rb1903,0,0,0,3860.0,0,2280,3860.0,rb1904,3869,3889,3840,3861.0,281,2055,3857.0,rb1905,3822,3825,3755,3793.0,1799059,1178932,3782.0,rb1906,3741,3743,3700,3732.0,121,3250,3720.0,rb1907,3728,3728,3682,3717.0,27,2391,3707.0,rb1908,3720,3720,3693,3715.0,19,2948,3706.0,rb1909,3700,3700,3640,3668.0,925,3062,3658.0,rb1910,3601,3607,3539,3568.0,209804,417854,3566.0,rb1911,3520,3520,3485,3516.0,15,320,3507.0,rb1905,3822.0,3825.0,3755.0,3793.0,1799059.0,1178932.0,3782.0
2019-03-06,3672.177760028296,2074264.0,1718986.0,rb1903,3810,3835,3790,3790.0,180,2310,3807.0,rb1904,3857,3862,3840,3840.0,27,2032,3858.0,rb1905,3790,3810,3736,3737.0,1879603,1210521,3778.0,rb1906,3737,3743,3680,3680.0,109,3269,3723.0,rb1907,3728,3730,3672,3674.0,24,2397,3710.0,rb1908,3722,3722,3686,3686.0,27,2938,3706.0,rb1909,3681,3682,3632,3632.0,649,3244,3655.0,rb1910,3567,3583,3528,3530.0,178963,438426,3559.0,rb1911,3511,3513,3468,3468.0,23,330,3499.0,rb1905,3790.0,3810.0,3736.0,3737.0,1879603.0,1210521.0,3778.0
2019-03-07,3746.736810101544,2179980.0,1690593.0,rb1903,3824,3845,3824,3845.0,60,2370,3834.0,rb1904,3814,3893,3807,3873.0,107,1985,3828.0,rb1905,3748,3837,3734,3821.0,1951489,1187853,3774.0,rb1906,3683,3770,3676,3753.0,167,3210,3721.0,rb1907,3676,3769,3670,3747.0,91,2377,3714.0,rb1908,3682,3756,3676,3745.0,54,2931,3727.0,rb1909,3637,3691,3630,3685.0,702,3277,3649.0,rb1910,3535,3592,3527,3584.0,213089,433860,3554.0,rb1911,3467,3530,3465,3530.0,28,332,3487.0,rb1905,3748.0,3837.0,3734.0,3821.0,1951489.0,1187853.0,3774.0
2019-03-08,3697.044348835387,2071311.0,1633504.0,rb1903,3850,3850,3820,3820.0,240,2340,3825.0,rb1904,3853,3872,3820,3829.0,100,1961,3837.0,rb1905,3821,3824,3756,3772.0,1856164,1128537,3783.0,rb1906,3755,3780,3698,3712.0,614,3187,3730.0,rb1907,3703,3722,3701,3716.0,13,2376,3715.0,rb1908,3742,3742,3699,3700.0,253,2783,3712.0,rb1909,3688,3690,3639,3644.0,723,3239,3663.0,rb1910,3585,3589,3535,3542.0,196613,435266,3556.0,rb1911,3520,3530,3478,3478.0,201,360,3499.0,rb1905,3821.0,3824.0,3756.0,3772.0,1856164.0,1128537.0,3783.0
2019-03-11,3631.137039496976,2061628.0,1708865.0,rb1903,0,0,0,3795.0,0,2340,3795.0,rb1904,3803,3809,3760,3789.0,279,1865,3774.0,rb1905,3710,3754,3680,3723.0,1693623,1127738,3727.0,rb1906,3691,3691,3650,3664.0,185,3178,3671.0,rb1907,3646,3679,3632,3661.0,49,2358,3659.0,rb1908,3666,3669,3640,3648.0,89,2782,3653.0,rb1909,3616,3616,3558,3581.0,996,3327,3596.0,rb1910,3502,3507,3451,3466.0,333285,500198,3481.0,rb1911,3421,3436,3395,3410.0,72,378,3410.0,rb1905,3710.0,3754.0,3680.0,3723.0,1693623.0,1127738.0,3727.0
2019-03-12,3716.415076863258,2043184.0,1702569.0,rb1903,3781,3824,3781,3805.0,120,2340,3802.0,rb1904,3793,3848,3782,3846.0,167,1869,3819.0,rb1905,3729,3820,3728,3815.0,1718603,1125083,3781.0,rb1906,3669,3735,3669,3727.0,202,3140,3709.0,rb1907,3668,3732,3668,3702.0,135,2343,3693.0,rb1908,3660,3723,3660,3723.0,113,2712,3685.0,rb1909,3591,3657,3582,3657.0,1118,3234,3619.0,rb1910,3471,3542,3470,3538.0,298821,501076,3509.0,rb1911,3419,3471,3414,3456.0,182,336,3431.0,rb1905,3729.0,3820.0,3728.0,3815.0,1718603.0,1125083.0,3781.0
2019-03-13,3693.6090830769945,1770908.0,1729480.0,rb1903,3850,3850,3830,3850.0,150,2190,3846.0,rb1904,3847,3876,3832,3850.0,514,1449,3864.0,rb1905,3825,3842,3784,3790.0,1499394,1140407,3817.0,rb1906,3740,3752,3702,3702.0,158,3109,3738.0,rb1907,3741,3744,3709,3709.0,117,2347,3730.0,rb1908,3730,3740,3696,3696.0,263,2607,3725.0,rb1909,3657,3672,3634,3634.0,541,3207,3657.0,rb1910,3545,3555,3515,3520.0,254475,514138,3537.0,rb1911,3474,3482,3448,3448.0,56,304,3461.0,rb1905,3825.0,3842.0,3784.0,3790.0,1499394.0,1140407.0,3817.0
2019-03-14,3688.3425216752025,2200692.0,1776454.0,rb1903,3830,3830,3802,3802.0,330,1890,3819.0,rb1904,3831,3864,3803,3830.0,31,1458,3831.0,rb1905,3772,3829,3762,3795.0,1793414,1150086,3794.0,rb1906,3700,3733,3690,3705.0,153,3111,3707.0,rb1907,3697,3723,3677,3690.0,71,2315,3701.0,rb1908,3666,3730,3666,3706.0,223,2521,3705.0,rb1909,3650,3653,3610,3625.0,683,3187,3630.0,rb1910,3513,3536,3491,3506.0,376874,549574,3511.0,rb1911,3427,3452,3427,3437.0,9,302,3439.0,rb1905,3772.0,3829.0,3762.0,3795.0,1793414.0,1150086.0,3794.0
2019-03-15,3654.305298812869,2223495.0,1778153.0,rb1903,3800,3845,3800,3845.0,360,1710,3837.0,rb1904,3813,3837,3761,3761.0,211,1334,3796.0,rb1905,3796,3805,3737,3763.0,1857545,1118771,3765.0,rb1906,3724,3724,3662,3662.0,411,3031,3673.0,rb1907,3708,3708,3649,3665.0,81,2341,3665.0,rb1908,3701,3701,3654,3675.0,139,2532,3676.0,rb1909,3624,3636,3585,3595.0,792,3297,3602.0,rb1910,3513,3518,3468,3484.0,338498,576054,3486.0,rb1911,3431,3431,3406,3408.0,69,351,3416.0,rb1905,3796.0,3805.0,3737.0,3763.0,1857545.0,1118771.0,3765.0
2019-03-18,3660.6728543270992,1986376.0,1739699.0,rb1904,3787,3808,3770,3773.0,31,1334,3783.0,rb1905,3758,3804,3754,3781.0,1640379,1052582,3776.0,rb1906,3689,3715,3674,3683.0,440,2916,3692.0,rb1907,3708,3708,3512,3695.0,83,2357,3677.0,rb1908,3683,3704,3664,3694.0,126,2529,3677.0,rb1909,3591,3626,3586,3603.0,812,3416,3609.0,rb1910,3482,3508,3465,3491.0,321498,604239,3490.0,rb1911,3427,3438,3408,3438.0,20,346,3424.0,rb1912,3401,3417,3384,3400.0,18,354,3398.0,rb1905,3758.0,3804.0,3754.0,3781.0,1640379.0,1052582.0,3776.0
2019-03-19,3667.570813723554,1711829.0,1761876.0,rb1904,3792,3813,3792,3794.0,178,1403,3807.0,rb1905,3785,3821,3772,3788.0,1416403,1069993,3794.0,rb1906,3714,3723,3692,3707.0,203,2896,3704.0,rb1907,3697,3712,3686,3692.0,31,2359,3695.0,rb1908,3702,3715,3693,3697.0,18,2525,3705.0,rb1909,3610,3640,3607,3617.0,500,3464,3619.0,rb1910,3496,3526,3486,3496.0,277801,608659,3504.0,rb1911,3424,3439,3424,3439.0,15,341,3429.0,rb1912,3416,3428,3416,3420.0,13,353,3422.0,rb1905,3785.0,3821.0,3772.0,3788.0,1416403.0,1069993.0,3794.0
2019-03-20,3659.9757641643646,1963679.0,1713702.0,rb1904,3808,3815,3785,3803.0,130,1325,3802.0,rb1905,3800,3814,3753,3777.0,1582670,1032052,3782.0,rb1906,3714,3722,3673,3694.0,64,2899,3701.0,rb1907,3701,3708,3668,3688.0,33,2357,3692.0,rb1908,3715,3715,3678,3692.0,21,2525,3692.0,rb1909,3629,3635,3600,3608.0,1040,3253,3614.0,rb1910,3510,3521,3482,3498.0,361241,598302,3501.0,rb1911,3447,3447,3423,3434.0,35,344,3434.0,rb1912,3426,3426,3400,3407.0,8,355,3412.0,rb1905,3800.0,3814.0,3753.0,3777.0,1582670.0,1032052.0,3782.0
2019-03-21,3657.546330402228,2015960.0,1708457.0,rb1904,3804,3823,3790,3790.0,60,1323,3812.0,rb1905,3780,3826,3770,3772.0,1617499,1023227,3797.0,rb1906,3722,3738,3691,3695.0,61,2894,3720.0,rb1907,3672,3728,3672,3691.0,60,2362,3705.0,rb1908,3701,3725,3696,3696.0,29,2523,3710.0,rb1909,3620,3649,3582,3615.0,596,3212,3628.0,rb1910,3490,3538,3490,3502.0,378757,601618,3516.0,rb1911,3454,3468,3439,3440.0,113,300,3452.0,rb1912,3421,3438,3407,3412.0,47,358,3425.0,rb1905,3780.0,3826.0,3770.0,3772.0,1617499.0,1023227.0,3797.0
2019-03-22,3657.1132162174376,1773387.0,1725698.0,rb1904,3746,3791,3746,3781.0,31,1311,3778.0,rb1905,3765,3779,3742,3768.0,1441019,1020407,3761.0,rb1906,3682,3708,3675,3698.0,68,2899,3689.0,rb1907,3677,3704,3672,3691.0,93,2400,3683.0,rb1908,3682,3701,3680,3691.0,507,3006,3692.0,rb1909,3620,3628,3604,3622.0,557,3284,3617.0,rb1910,3492,3519,3485,3512.0,315781,621242,3505.0,rb1911,3454,3454,3440,3452.0,15,299,3450.0,rb1912,3409,3433,3401,3409.0,25,360,3416.0,rb1905,3765.0,3779.0,3742.0,3768.0,1441019.0,1020407.0,3761.0
2019-03-25,3594.684410772374,1853123.0,1901345.0,rb1904,3822,3822,3702,3702.0,152,1257,3749.0,rb1905,3763,3772,3692,3692.0,1502637,1148111,3731.0,rb1906,3708,3708,3643,3643.0,222,2889,3665.0,rb1907,3682,3687,3617,3617.0,85,2443,3657.0,rb1908,3694,3698,3632,3632.0,70,3022,3665.0,rb1909,3622,3623,3573,3573.0,932,3401,3595.0,rb1910,3508,3521,3461,3461.0,330957,661903,3490.0,rb1911,3451,3451,3410,3410.0,31,298,3417.0,rb1912,3421,3428,3399,3399.0,61,404,3422.0,rb1905,3763.0,3772.0,3692.0,3692.0,1502637.0,1148111.0,3731.0
2019-03-26,3578.4212322647604,1529553.0,1897141.0,rb1904,3726,3726,3700,3718.0,123,1254,3702.0,rb1905,3699,3718,3682,3705.0,1044284,1056980,3700.0,rb1906,3646,3646,3618,3623.0,256,2875,3628.0,rb1907,3626,3633,3595,3613.0,93,2455,3616.0,rb1908,3639,3644,3605,3617.0,93,3011,3625.0,rb1909,3569,3583,3533,3546.0,957,3567,3557.0,rb1910,3461,3473,3418,3434.0,451839,737747,3442.0,rb1911,3410,3411,3363,3367.0,35,305,3388.0,rb1912,3300,3388,3300,3355.0,71,421,3365.0,rb1905,3699.0,3718.0,3682.0,3705.0,1044284.0,1056980.0,3700.0
2019-03-27,3566.3894427747264,1318841.0,1881555.0,rb1904,3725,3747,3701,3720.0,48,1222,3724.0,rb1905,3707,3720,3696,3711.0,937825,974529,3709.0,rb1906,3647,3651,3618,3631.0,2226,4847,3625.0,rb1907,3623,3626,3610,3623.0,63,2454,3620.0,rb1908,3626,3640,3616,3626.0,65,3008,3630.0,rb1909,3545,3559,3532,3535.0,707,3642,3544.0,rb1910,3435,3447,3420,3425.0,362507,798810,3430.0,rb1911,3399,3399,3355,3372.0,13,311,3377.0,rb1912,3368,3378,3353,3357.0,38,427,3360.0,rb1905,3707.0,3720.0,3696.0,3711.0,937825.0,974529.0,3709.0
2019-03-28,3534.060911699137,2131686.0,1869608.0,rb1904,3724,3737,3682,3715.0,436,880,3721.0,rb1905,3709,3734,3676,3690.0,1492528,895455,3704.0,rb1906,3630,3641,3597,3609.0,109,4852,3616.0,rb1907,3606,3635,3600,3604.0,19,2450,3610.0,rb1908,3614,3650,3605,3617.0,72,3006,3618.0,rb1909,3535,3549,3510,3523.0,1269,3697,3524.0,rb1910,3430,3437,3394,3405.0,613586,858945,3415.0,rb1911,3364,3376,3354,3376.0,13,304,3358.0,rb1912,3349,3353,3334,3337.0,48,437,3343.0,rb1905,3709.0,3734.0,3676.0,3690.0,1492528.0,895455.0,3704.0
2019-03-29,3584.21069713761,2192977.0,1725097.0,rb1904,3715,3800,3705,3800.0,127,810,3732.0,rb1905,3690,3774,3673,3758.0,1304131,744699,3727.0,rb1906,3592,3677,3592,3662.0,320,4804,3630.0,rb1907,3604,3659,3588,3651.0,168,2447,3630.0,rb1908,3601,3677,3598,3670.0,71,3009,3638.0,rb1909,3523,3584,3494,3578.0,1301,3584,3543.0,rb1910,3400,3479,3380,3468.0,849635,863477,3432.0,rb1911,3335,3414,3335,3410.0,43,326,3403.0,rb1912,3321,3384,3321,3376.0,108,405,3364.0,rb1905,3690.0,3774.0,3673.0,3758.0,1304131.0,744699.0,3727.0
2019-04-01,3612.5527768264888,1552398.0,1725729.0,rb1904,3800,3800,3800,3800.0,30,840,3800.0,rb1905,3760,3811,3740,3806.0,821276,699678,3777.0,rb1906,3666,3714,3648,3713.0,160,4769,3685.0,rb1907,3662,3702,3654,3702.0,88,2403,3687.0,rb1908,3660,3710,3660,3710.0,82,3005,3694.0,rb1909,3602,3615,3565,3612.0,2266,3595,3593.0,rb1910,3470,3498,3451,3497.0,687702,903893,3479.0,rb1911,3401,3440,3401,3431.0,46,314,3430.0,rb1912,3379,3400,3363,3395.0,42,392,3382.0,rb1905,3760.0,3811.0,3740.0,3806.0,821276.0,699678.0,3777.0
2019-04-02,3658.535523326905,1871833.0,1632364.0,rb1904,0,0,0,3813.0,0,840,3813.0,rb1905,3805,3850,3789,3838.0,722353,642386,3819.0,rb1906,3703,3750,3691,3738.0,220,4791,3721.0,rb1907,3697,3752,3692,3751.0,80,2404,3726.0,rb1908,3713,3758,3695,3752.0,179,2984,3728.0,rb1909,3618,3687,3591,3671.0,2078,3354,3648.0,rb1910,3492,3575,3480,3560.0,1100511,873758,3530.0,rb1911,3433,3505,3433,3497.0,136,281,3472.0,rb1912,3397,3460,3397,3460.0,50,371,3435.0,rb1910,3492.0,3575.0,3480.0,3560.0,1100511.0,873758.0,3530.0
2019-04-03,3679.191478181175,2118906.0,1606136.0,rb1904,3869,3870,3869,3870.0,150,780,3869.0,rb1905,3835,3892,3821,3879.0,628068,566209,3859.0,rb1906,3726,3820,3726,3820.0,1464,3835,3793.0,rb1907,3738,3793,3733,3790.0,161,2387,3769.0,rb1908,3746,3806,3737,3792.0,286,2987,3778.0,rb1909,3667,3735,3660,3696.0,1829,3298,3688.0,rb1910,3560,3596,3546,3587.0,1434940,921998,3573.0,rb1911,3712,3712,3490,3523.0,55,270,3538.0,rb1912,3457,3477,3426,3464.0,100,356,3463.0,rb1910,3560.0,3596.0,3546.0,3587.0,1434940.0,921998.0,3573.0
2019-04-04,3678.989855017672,1606513.0,1639924.0,rb1904,3841,3841,3841,3841.0,30,810,3841.0,rb1905,3891,3896,3854,3890.0,388099,533054,3877.0,rb1906,3810,3830,3771,3830.0,1216,3093,3809.0,rb1907,3787,3817,3771,3792.0,130,2412,3791.0,rb1908,3807,3814,3775,3806.0,150,2946,3790.0,rb1909,3698,3716,3676,3700.0,1818,3549,3692.0,rb1910,3590,3606,3561,3594.0,1185215,986467,3582.0,rb1911,3532,3538,3515,3524.0,48,273,3524.0,rb1912,3474,3486,3453,3469.0,69,352,3472.0,rb1910,3590.0,3606.0,3561.0,3594.0,1185215.0,986467.0,3582.0
2019-04-08,3809.234210670693,2304003.0,1622219.0,rb1904,4007,4007,4007,4007.0,30,810,4007.0,rb1905,3909,4038,3908,4030.0,458442,495529,3979.0,rb1906,3878,3960,3860,3957.0,921,3009,3906.0,rb1907,3868,3940,3804,3936.0,158,2412,3894.0,rb1908,3838,3951,3838,3944.0,327,2924,3893.0,rb1909,3682,3849,3682,3831.0,3055,3682,3790.0,rb1910,3614,3755,3613,3730.0,1784582,1009599,3687.0,rb1911,3572,3692,3572,3669.0,44,251,3629.0,rb1912,3509,3599,3509,3599.0,52,345,3551.0,rb1910,3614.0,3755.0,3613.0,3730.0,1784582.0,1009599.0,3687.0
2019-04-09,3826.1749938578105,2431252.0,1648435.0,rb1904,0,0,0,4007.0,0,810,4007.0,rb1905,4030,4087,4026,4055.0,401322,456728,4052.0,rb1906,3950,3998,3941,3960.0,333,3196,3963.0,rb1907,3936,3971,3920,3950.0,247,2521,3946.0,rb1908,3943,3998,3940,3960.0,368,2928,3961.0,rb1909,3833,3888,3822,3848.0,4193,3617,3853.0,rb1910,3735,3795,3728,3757.0,1969060,1071587,3758.0,rb1911,3688,3710,3680,3705.0,28,233,3690.0,rb1912,3594,3632,3583,3584.0,102,359,3600.0,rb1910,3735.0,3795.0,3728.0,3757.0,1969060.0,1071587.0,3758.0
2019-04-10,3837.315335334547,1764583.0,1650665.0,rb1904,4010,4028,4010,4028.0,60,870,4019.0,rb1905,4047,4075,4033,4068.0,221639,436503,4052.0,rb1906,3935,3982,3935,3959.0,240,3221,3949.0,rb1907,3951,3975,3925,3969.0,60,2523,3960.0,rb1908,3947,3974,3939,3964.0,206,2912,3954.0,rb1909,3860,3868,3831,3865.0,1533,3658,3849.0,rb1910,3760,3776,3735,3774.0,1506780,1091368,3754.0,rb1911,3685,3706,3674,3701.0,30,219,3689.0,rb1912,3582,3604,3574,3602.0,329,366,3585.0,rb1910,3760.0,3776.0,3735.0,3774.0,1506780.0,1091368.0,3754.0
2019-04-11,3865.685227313481,1999043.0,1673020.0,rb1904,0,0,0,4019.0,0,870,4019.0,rb1905,4078,4109,4060,4107.0,228964,409418,4080.0,rb1906,3988,4016,3965,4010.0,622,3001,3982.0,rb1907,3992,3992,3900,3990.0,625,2772,3971.0,rb1908,3975,4005,3950,3995.0,637,2915,3967.0,rb1909,3880,3904,3842,3904.0,2326,3884,3869.0,rb1910,3776,3814,3744,3808.0,1728302,1138316,3773.0,rb1911,3688,3735,3680,3735.0,9,220,3713.0,rb1912,3600,3627,3600,3627.0,9,370,3612.0,rb1910,3776.0,3814.0,3744.0,3808.0,1728302.0,1138316.0,3773.0
2019-04-12,3852.1271953387272,2966785.0,1615696.0,rb1904,4120,4120,4120,4120.0,60,810,4120.0,rb1905,4115,4144,4061,4128.0,301091,362848,4108.0,rb1906,4038,4039,3965,4002.0,262,3010,4002.0,rb1907,4016,4029,3941,3982.0,125,2743,3987.0,rb1908,4007,4029,3949,3988.0,357,2905,3979.0,rb1909,3890,3919,3834,3888.0,5086,3970,3869.0,rb1910,3810,3829,3734,3794.0,2592328,1120214,3777.0,rb1911,3743,3758,3665,3705.0,81,218,3708.0,rb1912,3647,3649,3585,3619.0,45,360,3616.0,rb1910,3810.0,3829.0,3734.0,3794.0,2592328.0,1120214.0,3777.0
2019-04-15,3882.5069930696513,2297802.0,1674086.0,rb1904,0,0,0,4120.0,0,810,4120.0,rb1905,4144,4172,4108,4169.0,237328,342060,4144.0,rb1906,4031,4045,3989,4034.0,360,3005,4019.0,rb1907,4012,4024,3990,4020.0,145,2795,4013.0,rb1908,4035,4035,3995,4024.0,154,2901,4015.0,rb1909,3905,3935,3886,3922.0,3850,4473,3912.0,rb1910,3820,3843,3795,3829.0,1999417,1199531,3821.0,rb1911,3754,3759,3737,3759.0,28,205,3745.0,rb1912,3656,3668,3636,3668.0,31,362,3648.0,rb1910,3820.0,3843.0,3795.0,3829.0,1999417.0,1199531.0,3821.0
2019-04-16,3835.045487010201,2023418.0,1584936.0,rb1905,4163,4168,4130,4144.0,164147,309014,4150.0,rb1906,4027,4041,3989,3990.0,206,3016,4015.0,rb1907,4011,4021,3981,3990.0,47,2802,4002.0,rb1908,4021,4026,3976,3981.0,195,2912,4000.0,rb1909,3904,3924,3870,3879.0,3071,3954,3893.0,rb1910,3832,3832,3773,3780.0,1816915,1148157,3802.0,rb1911,3743,3752,3710,3711.0,25,198,3737.0,rb1912,3668,3668,3603,3617.0,13,364,3618.0,rb2001,3576,3587,3536,3542.0,38412,112807,3560.0,rb1910,3832.0,3832.0,3773.0,3780.0,1816915.0,1148157.0,3802.0
2019-04-17,3844.294064267362,1919000.0,1574734.0,rb1905,4137,4168,4136,4163.0,157794,283345,4152.0,rb1906,3995,4017,3994,4002.0,372,2996,4007.0,rb1907,3975,3998,3968,3998.0,50,2814,3984.0,rb1908,3976,3999,3955,3998.0,674,3029,3987.0,rb1909,3870,3894,3851,3888.0,2791,4129,3876.0,rb1910,3779,3804,3757,3795.0,1719751,1161091,3781.0,rb1911,3696,3717,3680,3713.0,53,178,3699.0,rb1912,3608,3621,3605,3621.0,8,369,3611.0,rb2001,3550,3558,3520,3550.0,37175,114958,3538.0,rb1910,3779.0,3804.0,3757.0,3795.0,1719751.0,1161091.0,3781.0
2019-04-18,3751.6715526123103,2341866.0,1543270.0,rb1905,4160,4160,4093,4102.0,169330,235713,4122.0,rb1906,4000,4001,3953,3969.0,186,2959,3981.0,rb1907,3970,3970,3937,3938.0,64,2826,3951.0,rb1908,3998,3998,3936,3943.0,343,3206,3951.0,rb1909,3877,3880,3810,3815.0,4752,4268,3841.0,rb1910,3789,3789,3706,3710.0,2115564,1169265,3739.0,rb1911,3658,3666,3640,3640.0,28,182,3642.0,rb1912,3603,3603,3546,3546.0,44,380,3557.0,rb2001,3549,3549,3462,3465.0,51063,122349,3494.0,rb1910,3789.0,3789.0,3706.0,3710.0,2115564.0,1169265.0,3739.0
2019-04-19,3774.7033661707815,1908459.0,1554526.0,rb1905,4094,4135,4081,4134.0,106958,217553,4108.0,rb1906,3961,4020,3947,4000.0,315,2892,3987.0,rb1907,3933,3969,3926,3966.0,62,2841,3940.0,rb1908,3935,3960,3920,3956.0,229,3200,3938.0,rb1909,3803,3859,3790,3844.0,2788,4218,3817.0,rb1910,3699,3746,3682,3738.0,1747257,1194487,3713.0,rb1911,3625,3658,3623,3650.0,54,192,3640.0,rb1912,3526,3555,3521,3555.0,16,381,3544.0,rb2001,3460,3499,3446,3494.0,50373,126549,3473.0,rb1910,3699.0,3746.0,3682.0,3738.0,1747257.0,1194487.0,3713.0
2019-04-22,3800.098542769953,2790406.0,1513282.0,rb1905,4135,4181,4127,4150.0,139366,189336,4156.0,rb1906,3995,4029,3995,3999.0,264,2918,4016.0,rb1907,3983,4023,3967,3981.0,186,2906,3999.0,rb1908,3961,4020,3957,3981.0,316,3192,3995.0,rb1909,3858,3916,3843,3875.0,6024,4101,3884.0,rb1910,3744,3819,3739,3773.0,2566463,1182794,3783.0,rb1911,3691,3738,3684,3690.0,94,205,3718.0,rb1912,3611,3626,3582,3595.0,25,383,3615.0,rb2001,3495,3569,3495,3518.0,77021,125351,3536.0,rb1910,3744.0,3819.0,3739.0,3773.0,2566463.0,1182794.0,3783.0
2019-04-23,3782.659180521337,1535350.0,1575221.0,rb1905,4143,4173,4143,4147.0,56687,178467,4157.0,rb1906,3991,4026,3991,4002.0,126,2875,4008.0,rb1907,3985,4007,3978,3978.0,48,2890,3997.0,rb1908,3985,4001,3968,3968.0,104,3196,3986.0,rb1909,3872,3891,3860,3863.0,3226,4409,3878.0,rb1910,3776,3794,3755,3757.0,1435379,1254903,3777.0,rb1911,3709,3721,3691,3691.0,58,215,3705.0,rb1912,3597,3615,3596,3605.0,30,373,3605.0,rb2001,3517,3544,3510,3511.0,39492,125740,3530.0,rb1910,3776.0,3794.0,3755.0,3757.0,1435379.0,1254903.0,3777.0
2019-04-24,3751.49441812724,1866509.0,1574382.0,rb1905,4140,4148,4124,4133.0,65106,160890,4135.0,rb1906,3991,4000,3963,3984.0,192,2869,3982.0,rb1907,3954,3965,3943,3949.0,28,2886,3952.0,rb1908,3951,3963,3936,3943.0,138,3197,3947.0,rb1909,3850,3859,3827,3839.0,3350,4469,3839.0,rb1910,3750,3751,3718,3730.0,1751543,1265266,3733.0,rb1911,3667,3670,3650,3650.0,60,236,3656.0,rb1912,3564,3583,3553,3553.0,33,390,3558.0,rb2001,3506,3506,3475,3482.0,45671,131872,3488.0,rb1910,3750.0,3751.0,3718.0,3730.0,1751543.0,1265266.0,3733.0
2019-04-25,3730.6966914442073,1999760.0,1544813.0,rb1905,4132,4160,4124,4133.0,48114,143078,4143.0,rb1906,3973,3999,3962,3962.0,124,2864,3983.0,rb1907,3952,3986,3952,3952.0,28,2872,3969.0,rb1908,3955,3986,3940,3940.0,140,3220,3958.0,rb1909,3841,3881,3817,3817.0,3640,4190,3851.0,rb1910,3727,3780,3712,3712.0,1889997,1250385,3744.0,rb1911,3658,3708,3639,3642.0,116,230,3675.0,rb1912,3565,3598,3548,3548.0,49,375,3565.0,rb2001,3480,3524,3466,3467.0,57287,135180,3493.0,rb1910,3727.0,3780.0,3712.0,3712.0,1889997.0,1250385.0,3744.0
2019-04-26,3749.719434902448,1879853.0,1535027.0,rb1905,4133,4151,4130,4151.0,39319,120898,4145.0,rb1906,3981,3985,3966,3973.0,408,2659,3977.0,rb1907,3933,3968,3933,3950.0,24,2870,3950.0,rb1908,3942,3962,3940,3949.0,83,3224,3949.0,rb1909,3825,3855,3824,3841.0,2979,4001,3838.0,rb1910,3712,3755,3712,3739.0,1785744,1261904,3733.0,rb1911,3657,3677,3645,3669.0,31,231,3660.0,rb1912,3565,3576,3544,3558.0,107,334,3563.0,rb2001,3461,3501,3461,3484.0,50857,136407,3484.0,rb1910,3712.0,3755.0,3712.0,3739.0,1785744.0,1261904.0,3733.0
2019-04-29,3778.077361187087,1626571.0,1509982.0,rb1905,4179,4195,4152,4194.0,43382,96463,4179.0,rb1906,3975,4009,3973,4006.0,377,2764,3994.0,rb1907,3973,3981,3956,3977.0,56,2884,3972.0,rb1908,3963,3985,3950,3977.0,86,3227,3971.0,rb1909,3855,3883,3841,3883.0,2247,3922,3860.0,rb1910,3743,3779,3735,3777.0,1522311,1251964,3760.0,rb1911,3686,3692,3665,3679.0,24,235,3678.0,rb1912,3578,3591,3564,3588.0,58,314,3579.0,rb2001,3479,3508,3476,3503.0,57879,145724,3495.0,rb1910,3743.0,3779.0,3735.0,3777.0,1522311.0,1251964.0,3760.0
2019-04-30,3809.0394654869183,1858430.0,1378825.0,rb1905,4192,4198,4181,4191.0,71955,41301,4192.0,rb1906,4028,4057,4028,4039.0,469,2916,4041.0,rb1907,3983,4024,3983,4020.0,92,2884,4009.0,rb1908,4001,4028,3996,4026.0,197,3223,4013.0,rb1909,3883,3929,3883,3925.0,4087,4028,3911.0,rb1910,3783,3833,3783,3828.0,1697647,1172911,3811.0,rb1911,3712,3749,3703,3734.0,156,189,3723.0,rb1912,3604,3637,3603,3620.0,52,299,3618.0,rb2001,3516,3550,3508,3543.0,83333,148646,3529.0,rb1910,3783.0,3833.0,3783.0,3828.0,1697647.0,1172911.0,3811.0
2019-05-06,3734.882440708178,1605472.0,1359884.0,rb1905,4164,4170,4138,4159.0,11211,32490,4151.0,rb1906,4033,4033,3981,4002.0,329,2801,3997.0,rb1907,4008,4008,3949,3973.0,56,2884,3970.0,rb1908,3961,3997,3944,3975.0,107,3227,3974.0,rb1909,3917,3917,3821,3862.0,3516,3998,3860.0,rb1910,3760,3783,3725,3756.0,1520084,1152878,3758.0,rb1911,3682,3682,3634,3652.0,44,200,3670.0,rb1912,3574,3589,3546,3561.0,28,300,3571.0,rb2001,3465,3500,3446,3483.0,69627,158501,3484.0,rb1910,3760.0,3783.0,3725.0,3756.0,1520084.0,1152878.0,3758.0
2019-05-07,3740.089677161923,1834055.0,1360837.0,rb1905,4158,4172,4150,4150.0,9060,24540,4162.0,rb1906,4009,4032,3990,3990.0,242,2751,4014.0,rb1907,3979,4020,3964,3989.0,127,2862,4002.0,rb1908,3981,4019,3970,3983.0,192,3228,4001.0,rb1909,3871,3917,3860,3875.0,2710,3916,3886.0,rb1910,3756,3814,3753,3767.0,1731035,1151186,3785.0,rb1911,3683,3714,3671,3693.0,19,192,3694.0,rb1912,3601,3629,3584,3584.0,10,298,3602.0,rb2001,3484,3523,3479,3487.0,90077,169219,3503.0,rb1910,3756.0,3814.0,3753.0,3767.0,1731035.0,1151186.0,3785.0
2019-05-08,3702.2525072338144,1825445.0,1432854.0,rb1905,4153,4160,4130,4135.0,8970,18960,4139.0,rb1906,3983,3985,3955,3960.0,212,2714,3971.0,rb1907,3989,3989,3946,3959.0,143,2836,3963.0,rb1908,3973,3973,3942,3950.0,129,3229,3958.0,rb1909,3873,3877,3829,3834.0,3221,4262,3848.0,rb1910,3757,3764,3721,3731.0,1743580,1212343,3742.0,rb1911,3652,3663,3626,3644.0,54,211,3650.0,rb1912,3548,3562,3543,3544.0,12,301,3550.0,rb2001,3485,3486,3452,3460.0,68539,184963,3469.0,rb1910,3757.0,3764.0,3721.0,3731.0,1743580.0,1212343.0,3742.0
2019-05-09,3704.16051940304,1837228.0,1401301.0,rb1905,4124,4139,4115,4137.0,6960,13380,4130.0,rb1906,3935,3974,3866,3951.0,747,2571,3934.0,rb1907,3952,3954,3919,3943.0,85,2855,3941.0,rb1908,3937,3957,3924,3948.0,145,3242,3940.0,rb1909,3846,3846,3813,3837.0,2678,4043,3831.0,rb1910,3721,3744,3705,3737.0,1747139,1178162,3726.0,rb1911,3641,3654,3632,3632.0,111,219,3641.0,rb1912,3542,3547,3533,3545.0,9,304,3541.0,rb2001,3450,3468,3438,3466.0,78984,193404,3455.0,rb1910,3721.0,3744.0,3705.0,3737.0,1747139.0,1178162.0,3726.0
2019-05-10,3708.444961896391,1668020.0,1380053.0,rb1905,4132,4149,4125,4149.0,9930,4740,4139.0,rb1906,3980,3980,3933,3955.0,204,2510,3964.0,rb1907,3941,3959,3936,3953.0,121,2934,3941.0,rb1908,3933,3958,3923,3953.0,320,3046,3948.0,rb1909,3824,3865,3819,3847.0,2459,4014,3840.0,rb1910,3711,3753,3711,3746.0,1579951,1158745,3736.0,rb1911,3660,3662,3651,3655.0,8,216,3656.0,rb1912,3550,3565,3542,3550.0,15,299,3555.0,rb2001,3456,3480,3447,3473.0,74692,200454,3468.0,rb1910,3711.0,3753.0,3711.0,3746.0,1579951.0,1158745.0,3736.0
2019-05-13,3656.048038398656,1810582.0,1447134.0,rb1905,4149,4198,4136,4196.0,1650,3810,4151.0,rb1906,3940,4015,3940,3956.0,463,2155,3965.0,rb1907,3947,3947,3923,3926.0,126,2860,3926.0,rb1908,3956,3961,3918,3918.0,189,2984,3940.0,rb1909,3847,3862,3799,3800.0,3417,4121,3825.0,rb1910,3747,3760,3690,3691.0,1720455,1221624,3721.0,rb1911,3673,3678,3601,3601.0,75,204,3646.0,rb1912,3570,3570,3519,3519.0,30,289,3541.0,rb2001,3473,3486,3430,3430.0,83698,205816,3453.0,rb1910,3747.0,3760.0,3690.0,3691.0,1720455.0,1221624.0,3721.0
2019-05-14,3627.605137292112,1823290.0,1502854.0,rb1905,4249,4250,4172,4172.0,1080,2850,4190.0,rb1906,3953,3960,3933,3936.0,355,1892,3944.0,rb1907,3920,3922,3910,3911.0,52,2837,3915.0,rb1908,3914,3928,3900,3900.0,215,2996,3907.0,rb1909,3790,3807,3763,3769.0,4927,4648,3781.0,rb1910,3680,3699,3655,3663.0,1701704,1266405,3672.0,rb1911,3606,3606,3556,3585.0,50,210,3586.0,rb1912,3523,3523,3484,3492.0,30,287,3498.0,rb2001,3429,3451,3400,3406.0,114330,217229,3413.0,rb1910,3680.0,3699.0,3655.0,3663.0,1701704.0,1266405.0,3672.0
2019-05-15,3664.104261308599,1434238.0,1517562.0,rb1905,4177,4400,4135,4400.0,300,2670,4186.0,rb1906,3901,3956,3901,3945.0,94,1850,3932.0,rb1907,3921,3933,3893,3922.0,37,2841,3908.0,rb1908,3911,3925,3891,3918.0,98,3014,3910.0,rb1909,3757,3814,3755,3807.0,4498,4328,3782.0,rb1910,3659,3709,3650,3704.0,1304284,1273599,3676.0,rb1911,3574,3628,3574,3628.0,583,562,3585.0,rb1912,3288,3510,3288,3510.0,202,359,3485.0,rb2001,3405,3429,3380,3423.0,123642,224713,3400.0,rb1910,3659.0,3709.0,3650.0,3704.0,1304284.0,1273599.0,3676.0
2019-05-16,3686.353832745151,1973672.0,1540906.0,rb1906,3945,3972,3910,3947.0,235,1798,3941.0,rb1907,3923,3960,3921,3945.0,69,2837,3944.0,rb1908,3922,3961,3917,3948.0,180,2985,3941.0,rb1909,3810,3853,3803,3847.0,3553,4111,3831.0,rb1910,3701,3749,3694,3742.0,1755540,1233995,3723.0,rb1911,3601,3645,3598,3635.0,163,652,3626.0,rb1912,3513,3569,3508,3550.0,59,380,3525.0,rb2001,3430,3478,3418,3470.0,150372,244896,3450.0,rb2002,3351,3378,3351,3366.0,717,1145,3365.0,rb1910,3701.0,3749.0,3694.0,3742.0,1755540.0,1233995.0,3723.0
2019-05-17,3710.241182962055,2094632.0,1496988.0,rb1906,3980,3980,3933,3936.0,154,1827,3951.0,rb1907,3963,3983,3957,3965.0,89,2868,3973.0,rb1908,3969,4005,3966,3984.0,241,2970,3985.0,rb1909,3861,3899,3852,3876.0,3204,3853,3880.0,rb1910,3750,3794,3746,3771.0,1923637,1182191,3772.0,rb1911,3641,3686,3630,3677.0,90,660,3663.0,rb1912,3575,3600,3560,3568.0,65,377,3586.0,rb2001,3472,3516,3471,3493.0,134317,243363,3498.0,rb2002,3382,3407,3375,3375.0,310,1309,3395.0,rb1910,3750.0,3794.0,3746.0,3771.0,1923637.0,1182191.0,3772.0
2019-05-20,3716.237145132749,1502051.0,1500385.0,rb1906,3932,3942,3921,3930.0,72,1817,3928.0,rb1907,3970,3971,3924,3930.0,85,2923,3938.0,rb1908,3993,3993,3963,3970.0,175,2951,3975.0,rb1909,3878,3899,3868,3884.0,1938,3745,3882.0,rb1910,3770,3792,3760,3780.0,1376213,1178883,3775.0,rb1911,3659,3678,3655,3660.0,37,661,3668.0,rb1912,3588,3589,3563,3563.0,26,372,3576.0,rb2001,3489,3508,3476,3498.0,100409,242138,3494.0,rb2002,3389,3395,3372,3383.0,95,1309,3383.0,rb1910,3770.0,3792.0,3760.0,3780.0,1376213.0,1178883.0,3775.0
2019-05-21,3857.049584245372,2702886.0,1632333.0,rb1906,3950,4017,3931,4007.0,447,2000,3957.0,rb1907,3968,4014,3951,4014.0,154,2962,3970.0,rb1908,3989,4082,3989,4080.0,314,2985,4027.0,rb1909,3856,4018,3856,4013.0,5881,3985,3951.0,rb1910,3780,3920,3777,3919.0,2516016,1316243,3845.0,rb1911,3699,3802,3695,3781.0,70,660,3739.0,rb1912,3602,3708,3602,3708.0,63,375,3663.0,rb2001,3490,3622,3490,3618.0,144625,238641,3553.0,rb2002,3409,3479,3391,3477.0,284,1309,3439.0,rb1910,3780.0,3920.0,3777.0,3919.0,2516016.0,1316243.0,3845.0
2019-05-22,3844.333186844353,2401172.0,1565533.0,rb1906,4000,4015,3986,4006.0,165,2001,4006.0,rb1907,4012,4039,3992,4020.0,345,2913,4012.0,rb1908,4072,4090,4051,4083.0,592,2981,4075.0,rb1909,4020,4046,3967,4023.0,4111,4136,4006.0,rb1910,3913,3947,3867,3910.0,2231266,1240881,3905.0,rb1911,3802,3822,3756,3776.0,15,662,3788.0,rb1912,3725,3725,3673,3701.0,35,372,3704.0,rb2001,3617,3651,3582,3614.0,128661,241625,3614.0,rb2002,3480,3507,3450,3478.0,361,1262,3479.0,rb1910,3913.0,3947.0,3867.0,3910.0,2231266.0,1240881.0,3905.0
2019-05-23,3812.3715246011966,1699123.0,1521552.0,rb1906,3962,3985,3959,3961.0,65,1995,3968.0,rb1907,4022,4022,3984,3993.0,83,2948,4000.0,rb1908,4067,4088,4049,4061.0,148,2943,4062.0,rb1909,4013,4025,3970,3986.0,2992,3722,3995.0,rb1910,3910,3928,3879,3881.0,1587302,1190595,3899.0,rb1911,3731,3786,3731,3780.0,36,661,3767.0,rb1912,3702,3719,3679,3682.0,61,362,3691.0,rb2001,3602,3626,3585,3586.0,86525,245612,3602.0,rb2002,3466,3484,3456,3459.0,106,1265,3463.0,rb1910,3910.0,3928.0,3879.0,3881.0,1587302.0,1190595.0,3899.0
2019-05-24,3817.981050957211,2025625.0,1506303.0,rb1906,3941,3986,3936,3978.0,51,1964,3963.0,rb1907,3990,3997,3956,3985.0,109,2983,3969.0,rb1908,4044,4066,4013,4055.0,114,2947,4037.0,rb1909,3968,3988,3927,3985.0,3378,3799,3963.0,rb1910,3879,3894,3826,3889.0,1875009,1170176,3863.0,rb1911,3729,3755,3692,3752.0,69,661,3729.0,rb1912,3664,3667,3638,3662.0,33,366,3659.0,rb2001,3585,3593,3537,3593.0,118135,248680,3571.0,rb2002,3443,3458,3404,3458.0,95,1264,3434.0,rb1910,3879.0,3894.0,3826.0,3889.0,1875009.0,1170176.0,3863.0
2019-05-27,3770.19641711028,2371730.0,1536246.0,rb1906,3990,3999,3945,3945.0,56,1927,3961.0,rb1907,4030,4030,3954,3954.0,188,2956,3991.0,rb1908,4080,4084,4030,4030.0,229,2952,4057.0,rb1909,3972,4025,3937,3937.0,3983,3809,3977.0,rb1910,3893,3926,3835,3842.0,2210867,1177813,3876.0,rb1911,3775,3785,3700,3700.0,99,699,3732.0,rb1912,3710,3719,3637,3637.0,90,372,3674.0,rb2001,3597,3631,3555,3555.0,121996,264742,3587.0,rb2002,3468,3491,3432,3432.0,151,1277,3446.0,rb1910,3893.0,3926.0,3835.0,3842.0,2210867.0,1177813.0,3876.0
2019-05-28,3772.107457098365,1742763.0,1540559.0,rb1906,3939,3955,3930,3939.0,56,1887,3942.0,rb1907,3948,3980,3941,3958.0,71,2962,3967.0,rb1908,4039,4053,4010,4033.0,99,2968,4032.0,rb1909,3949,3973,3923,3952.0,2698,3893,3948.0,rb1910,3835,3870,3815,3845.0,1610054,1164433,3844.0,rb1911,3718,3735,3700,3717.0,89,665,3726.0,rb1912,3655,3679,3627,3663.0,31,376,3657.0,rb2001,3554,3591,3545,3569.0,102353,278530,3569.0,rb2002,3457,3458,3422,3436.0,65,1272,3441.0,rb1910,3835.0,3870.0,3815.0,3845.0,1610054.0,1164433.0,3844.0
2019-05-29,3751.08532933092,1686151.0,1583711.0,rb1906,3892,3964,3850,3910.0,88,1835,3913.0,rb1907,3938,3959,3915,3937.0,98,2924,3941.0,rb1908,4009,4033,3988,3997.0,829,2671,4005.0,rb1909,3973,3973,3906,3924.0,3390,3827,3927.0,rb1910,3835,3839,3796,3825.0,1544025,1187804,3818.0,rb1911,3711,3711,3689,3708.0,128,666,3692.0,rb1912,3644,3665,3626,3633.0,47,376,3641.0,rb2001,3560,3567,3532,3553.0,107070,295200,3548.0,rb2002,3430,3430,3413,3418.0,27,1275,3422.0,rb1910,3835.0,3839.0,3796.0,3825.0,1544025.0,1187804.0,3818.0
2019-05-30,3704.7684644207416,1736457.0,1656808.0,rb1906,3916,3958,3869,3881.0,109,1792,3888.0,rb1907,3932,3937,3893,3893.0,192,2879,3912.0,rb1908,4006,4017,3966,3982.0,346,2548,3995.0,rb1909,3926,3938,3881,3892.0,3203,3774,3915.0,rb1910,3820,3835,3773,3777.0,1614377,1231050,3806.0,rb1911,3725,3725,3683,3683.0,23,659,3702.0,rb1912,3674,3674,3609,3624.0,83,366,3636.0,rb2001,3552,3563,3515,3518.0,90366,317506,3541.0,rb2002,3420,3441,3401,3401.0,145,1194,3416.0,rb1910,3820.0,3835.0,3773.0,3777.0,1614377.0,1231050.0,3806.0
2019-05-31,3676.113589091012,1473764.0,1724523.0,rb1906,3856,3873,3779,3779.0,292,1770,3834.0,rb1907,3859,3892,3829,3832.0,138,2905,3863.0,rb1908,3969,3969,3931,3935.0,519,2353,3950.0,rb1909,3901,3901,3847,3853.0,3255,3743,3877.0,rb1910,3775,3789,3744,3750.0,1365849,1270405,3769.0,rb1911,3668,3679,3649,3649.0,84,648,3659.0,rb1912,3604,3609,3579,3579.0,46,364,3594.0,rb2001,3518,3530,3489,3493.0,80805,337215,3511.0,rb2002,3399,3415,3382,3390.0,60,1200,3397.0,rb1910,3775.0,3789.0,3744.0,3750.0,1365849.0,1270405.0,3769.0
2019-06-03,3633.260519712712,1699243.0,1760742.0,rb1906,3780,3780,3760,3760.0,240,1650,3768.0,rb1907,3808,3826,3793,3797.0,734,2358,3812.0,rb1908,3933,3943,3903,3911.0,389,2303,3921.0,rb1909,3858,3861,3807,3815.0,2402,3634,3839.0,rb1910,3740,3763,3699,3707.0,1531925,1285350,3734.0,rb1911,3638,3654,3591,3596.0,17,645,3617.0,rb1912,3576,3603,3549,3549.0,64,372,3576.0,rb2001,3487,3595,3450,3457.0,121919,349287,3488.0,rb2002,3381,3399,3353,3353.0,120,1196,3379.0,rb1910,3740.0,3763.0,3699.0,3707.0,1531925.0,1285350.0,3734.0
2019-06-04,3669.245734036544,1383412.0,1787990.0,rb1906,3765,3765,3765,3765.0,30,1650,3765.0,rb1907,3799,3819,3786,3812.0,135,2318,3802.0,rb1908,3923,3937,3904,3932.0,90,2310,3923.0,rb1909,3823,3849,3799,3849.0,2460,3253,3824.0,rb1910,3716,3747,3691,3745.0,1245867,1296379,3721.0,rb1911,3615,3635,3596,3624.0,43,645,3613.0,rb1912,3558,3574,3537,3574.0,31,362,3549.0,rb2001,3470,3497,3446,3496.0,95123,359165,3469.0,rb2002,3353,3395,3351,3384.0,70,1187,3363.0,rb1910,3716.0,3747.0,3691.0,3745.0,1245867.0,1296379.0,3721.0
2019-06-05,3670.645157315874,1189594.0,1793716.0,rb1906,0,0,0,3765.0,0,1650,3765.0,rb1907,3812,3826,3794,3794.0,114,2327,3808.0,rb1908,3951,3951,3919,3932.0,151,2280,3938.0,rb1909,3854,3871,3829,3841.0,1783,3278,3847.0,rb1910,3752,3758,3726,3747.0,1094203,1301980,3743.0,rb1911,3644,3649,3630,3648.0,20,646,3639.0,rb1912,3574,3617,3571,3573.0,70,367,3586.0,rb2001,3500,3510,3477,3496.0,72017,358732,3492.0,rb2002,3391,3400,3385,3392.0,34,1191,3388.0,rb1910,3752.0,3758.0,3726.0,3747.0,1094203.0,1301980.0,3743.0
2019-06-06,3659.3822767269135,2165134.0,1792547.0,rb1906,3700,3710,3599,3710.0,240,1620,3648.0,rb1907,3782,3785,3704,3765.0,158,2319,3748.0,rb1908,3922,3933,3880,3923.0,291,2253,3902.0,rb1909,3845,3852,3776,3850.0,3495,3212,3817.0,rb1910,3741,3746,3670,3737.0,1987842,1295817,3713.0,rb1911,3625,3628,3582,3612.0,52,633,3607.0,rb1912,3561,3580,3517,3580.0,76,368,3546.0,rb2001,3493,3494,3430,3485.0,132715,356879,3462.0,rb2002,3380,3394,3338,3386.0,129,1190,3369.0,rb1910,3741.0,3746.0,3670.0,3737.0,1987842.0,1295817.0,3713.0
2019-06-10,3638.3952076627606,1209067.0,1863767.0,rb1906,0,0,0,3680.0,0,1620,3680.0,rb1907,3674,3750,3674,3734.0,148,2231,3722.0,rb1908,3918,3918,3878,3892.0,278,2229,3890.0,rb1909,3826,3839,3780,3823.0,1968,3232,3812.0,rb1910,3716,3733,3680,3717.0,1097401,1352639,3703.0,rb1911,3632,3632,3586,3600.0,30,626,3605.0,rb1912,3561,3561,3512,3518.0,137,339,3530.0,rb2001,3470,3479,3433,3457.0,85132,366353,3453.0,rb2002,3377,3381,3343,3367.0,56,1199,3365.0,rb1910,3716.0,3733.0,3680.0,3717.0,1097401.0,1352639.0,3703.0
2019-06-11,3750.4318621959496,2714401.0,1793329.0,rb1906,3750,3750,3750,3750.0,30,1590,3750.0,rb1907,3757,3789,3720,3778.0,647,2015,3757.0,rb1908,3899,3950,3895,3945.0,897,1729,3924.0,rb1909,3838,3929,3816,3923.0,4656,2780,3877.0,rb1910,3718,3834,3712,3833.0,2500488,1312134,3783.0,rb1911,3618,3748,3618,3717.0,125,603,3680.0,rb1912,3538,3663,3538,3631.0,113,347,3570.0,rb2001,3456,3562,3453,3560.0,160838,345691,3513.0,rb2002,3374,3443,3374,3443.0,191,1257,3420.0,rb1910,3718.0,3834.0,3712.0,3833.0,2500488.0,1312134.0,3783.0
2019-06-12,3695.2063295695457,1899241.0,1741951.0,rb1906,3750,3770,3750,3770.0,60,1530,3760.0,rb1907,3781,3794,3768,3768.0,456,1690,3775.0,rb1908,3949,3949,3919,3927.0,149,1727,3935.0,rb1909,3902,3933,3871,3873.0,3425,2806,3900.0,rb1910,3836,3844,3772,3776.0,1694132,1258584,3805.0,rb1911,3710,3710,3673,3674.0,34,603,3689.0,rb1912,3647,3651,3599,3604.0,24,350,3620.0,rb2001,3561,3577,3513,3516.0,166734,349915,3540.0,rb2002,3445,3458,3406,3410.0,108,1262,3432.0,rb1910,3836.0,3844.0,3772.0,3776.0,1694132.0,1258584.0,3805.0
2019-06-13,3707.420273592146,1896233.0,1748442.0,rb1906,0,0,0,3760.0,0,1530,3760.0,rb1907,3770,3776,3743,3765.0,36,1677,3762.0,rb1908,3930,3930,3865,3908.0,251,1579,3900.0,rb1909,3854,3896,3846,3889.0,2259,2673,3871.0,rb1910,3768,3800,3744,3792.0,1751001,1252125,3774.0,rb1911,3667,3671,3644,3666.0,28,604,3660.0,rb1912,3600,3610,3577,3608.0,25,349,3595.0,rb2001,3516,3533,3492,3526.0,116833,360291,3513.0,rb2002,3404,3427,3390,3415.0,58,1255,3411.0,rb1910,3768.0,3800.0,3744.0,3792.0,1751001.0,1252125.0,3774.0
2019-06-14,3677.486464411331,1699343.0,1763019.0,rb1906,3730,3730,3730,3730.0,30,1530,3730.0,rb1907,3777,3778,3764,3764.0,88,1602,3769.0,rb1908,3907,3910,3881,3898.0,161,1438,3901.0,rb1909,3880,3906,3856,3856.0,2295,2518,3883.0,rb1910,3800,3813,3753,3755.0,1551191,1266031,3785.0,rb1911,3685,3689,3646,3646.0,54,601,3678.0,rb1912,3620,3620,3594,3601.0,80,390,3612.0,rb2001,3537,3547,3507,3510.0,119453,363527,3527.0,rb2002,3417,3430,3407,3410.0,33,1268,3418.0,rb1910,3800.0,3813.0,3753.0,3755.0,1551191.0,1266031.0,3785.0
2019-06-17,3626.556079109949,1661557.0,1880522.0,rb1906,3710,3732,3705,3730.0,180,1440,3719.0,rb1907,3759,3759,3705,3716.0,14,1598,3726.0,rb1908,3880,3890,3823,3823.0,220,1339,3854.0,rb1909,3840,3852,3768,3808.0,3247,2619,3827.0,rb1910,3750,3754,3700,3704.0,1484071,1340117,3722.0,rb1911,3639,3639,3601,3611.0,253,488,3611.0,rb1912,3584,3696,3542,3542.0,115,395,3583.0,rb2001,3498,3510,3459,3462.0,135196,398675,3480.0,rb2002,3396,3399,3365,3365.0,68,1263,3383.0,rb1910,3750.0,3754.0,3700.0,3704.0,1484071.0,1340117.0,3722.0
2019-06-18,3655.229295858885,1460319.0,1919459.0,rb1907,3700,3733,3698,3702.0,110,1534,3703.0,rb1908,3793,3848,3793,3836.0,174,1301,3831.0,rb1909,3822,3836,3786,3827.0,2468,2597,3807.0,rb1910,3700,3737,3683,3732.0,1311572,1360801,3710.0,rb1911,3596,3677,3594,3629.0,150,526,3626.0,rb1912,3531,3587,3531,3564.0,74,398,3547.0,rb2001,3455,3500,3451,3498.0,114473,414886,3472.0,rb2002,3369,3390,3355,3386.0,152,1382,3376.0,rb2003,3353,3377,3353,3376.0,601,2277,3363.0,rb1910,3700.0,3737.0,3683.0,3732.0,1311572.0,1360801.0,3710.0
2019-06-19,3689.8538787206016,2134603.0,1844023.0,rb1907,3719,3730,3719,3730.0,233,1516,3727.0,rb1908,3837,3878,3821,3868.0,422,964,3854.0,rb1909,3835,3886,3819,3860.0,2697,2353,3852.0,rb1910,3740,3797,3723,3770.0,1912369,1297647,3762.0,rb1911,3630,3699,3628,3671.0,60,526,3672.0,rb1912,3564,3616,3564,3591.0,26,406,3593.0,rb2001,3504,3547,3483,3530.0,164401,405052,3517.0,rb2002,3390,3430,3373,3409.0,194,1497,3412.0,rb2003,3357,3413,3357,3383.0,415,2578,3391.0,rb1910,3740.0,3797.0,3723.0,3770.0,1912369.0,1297647.0,3762.0
2019-06-20,3742.6342094309966,2077942.0,1869198.0,rb1907,3695,3779,3695,3761.0,348,1386,3760.0,rb1908,3839,3904,3839,3881.0,410,754,3879.0,rb1909,3850,3893,3830,3887.0,1964,2325,3868.0,rb1910,3750,3836,3740,3825.0,1885378,1333089,3800.0,rb1911,3671,3718,3670,3714.0,40,525,3693.0,rb1912,3559,3648,3559,3628.0,64,397,3623.0,rb2001,3519,3578,3501,3572.0,144147,399404,3554.0,rb2002,3404,3443,3404,3437.0,232,1574,3431.0,rb2003,3392,3425,3392,3425.0,346,2708,3416.0,rb1910,3750.0,3836.0,3740.0,3825.0,1885378.0,1333089.0,3800.0
2019-06-21,3775.268048771188,1959952.0,1888328.0,rb1907,3787,3787,3733,3750.0,115,1403,3751.0,rb1908,3870,3883,3856,3883.0,336,654,3876.0,rb1909,3868,3890,3847,3884.0,1773,2485,3866.0,rb1910,3825,3860,3795,3859.0,1792388,1352016,3816.0,rb1911,3711,3736,3682,3735.0,116,525,3712.0,rb1912,3637,3657,3627,3634.0,33,399,3636.0,rb2001,3572,3600,3547,3600.0,132654,403385,3566.0,rb2002,3434,3455,3418,3455.0,105,1576,3437.0,rb2003,3443,3443,3410,3427.0,27,2696,3420.0,rb1910,3825.0,3860.0,3795.0,3859.0,1792388.0,1352016.0,3816.0
2019-06-24,3819.396786059714,2773400.0,1776262.0,rb1907,3770,3834,3735,3801.0,164,1407,3791.0,rb1908,3907,3990,3878,3976.0,174,703,3948.0,rb1909,3885,3989,3870,3959.0,3880,3324,3942.0,rb1910,3857,3966,3835,3904.0,2430059,1272257,3908.0,rb1911,3735,3830,3724,3790.0,89,525,3775.0,rb1912,3655,3766,3655,3701.0,156,385,3731.0,rb2001,3604,3698,3578,3641.0,268255,374438,3649.0,rb2002,3446,3534,3444,3488.0,447,1578,3493.0,rb2003,3449,3523,3438,3479.0,300,2717,3491.0,rb1910,3857.0,3966.0,3835.0,3904.0,2430059.0,1272257.0,3908.0
2019-06-25,3905.065018707845,2541374.0,1829981.0,rb1907,3830,3841,3809,3828.0,223,1377,3829.0,rb1908,3977,4030,3970,4027.0,292,843,4007.0,rb1909,3970,4029,3959,4019.0,2923,4095,4003.0,rb1910,3920,3999,3915,3994.0,2256701,1342592,3964.0,rb1911,3812,3858,3804,3840.0,91,529,3833.0,rb1912,3737,3776,3735,3774.0,75,390,3752.0,rb2001,3660,3708,3651,3702.0,229524,359491,3678.0,rb2002,3502,3531,3500,3530.0,110,1569,3517.0,rb2003,3500,3525,3498,3524.0,193,2698,3516.0,rb1910,3920.0,3999.0,3915.0,3994.0,2256701.0,1342592.0,3964.0
2019-06-26,3908.360762646281,1820475.0,1740571.0,rb1907,3831,3831,3801,3816.0,89,1344,3811.0,rb1908,4031,4054,4008,4025.0,143,912,4024.0,rb1909,4026,4057,4007,4024.0,2237,4176,4022.0,rb1910,3995,4013,3966,3998.0,1644784,1265017,3985.0,rb1911,3855,3863,3821,3831.0,29,542,3834.0,rb1912,3762,3782,3761,3782.0,20,401,3772.0,rb2001,3700,3713,3678,3711.0,136684,351963,3697.0,rb2002,3538,3540,3503,3536.0,176,1568,3517.0,rb2003,3525,3529,3501,3528.0,146,2671,3519.0,rb1910,3995.0,4013.0,3966.0,3998.0,1644784.0,1265017.0,3985.0
2019-06-27,3911.461160225666,2856852.0,1703048.0,rb1907,3828,3864,3801,3818.0,291,1398,3830.0,rb1908,3997,4124,3996,4046.0,258,888,4077.0,rb1909,4024,4120,4019,4041.0,4213,4611,4068.0,rb1910,4008,4095,3987,4001.0,2496977,1235468,4035.0,rb1911,3948,3956,3853,3853.0,357,527,3907.0,rb1912,3781,3872,3781,3800.0,62,397,3827.0,rb2001,3708,3795,3703,3715.0,297128,342950,3750.0,rb2002,3538,3601,3536,3536.0,163,1569,3562.0,rb2003,3529,3607,3528,3528.0,112,2673,3563.0,rb1910,4008.0,4095.0,3987.0,4001.0,2496977.0,1235468.0,4035.0
2019-06-28,3971.631662901341,1949868.0,1767886.0,rb1907,3811,3828,3636,3828.0,222,1350,3780.0,rb1908,4023,4106,4023,4106.0,223,912,4080.0,rb1909,4056,4113,4045,4113.0,2482,4840,4083.0,rb1910,4004,4071,4002,4065.0,1712464,1281322,4044.0,rb1911,3896,3916,3875,3911.0,32,527,3905.0,rb1912,3822,3849,3822,3835.0,15,400,3834.0,rb2001,3716,3771,3711,3765.0,177183,357870,3752.0,rb2002,3542,3589,3542,3584.0,156,1569,3572.0,rb2003,3550,3598,3550,3575.0,84,2664,3582.0,rb1910,4004.0,4071.0,4002.0,4065.0,1712464.0,1281322.0,4044.0
2019-07-01,4006.639520867862,2326025.0,1765442.0,rb1907,3858,3870,3652,3850.0,390,1230,3835.0,rb1908,4115,4181,4094,4147.0,155,957,4149.0,rb1909,4095,4186,4094,4150.0,3322,4962,4156.0,rb1910,4070,4148,4061,4107.0,2029968,1263559,4108.0,rb1911,3882,3970,3882,3938.0,22,529,3946.0,rb1912,3854,3905,3843,3866.0,28,410,3876.0,rb2001,3770,3834,3757,3794.0,241414,368157,3800.0,rb2002,3600,3653,3580,3609.0,137,1581,3619.0,rb2003,3587,3639,3586,3616.0,66,2670,3625.0,rb1910,4070.0,4148.0,4061.0,4107.0,2029968.0,1263559.0,4108.0
2019-07-02,3961.689441965851,2049938.0,1725217.0,rb1907,3813,3855,3813,3829.0,150,1170,3830.0,rb1908,4140,4165,4111,4123.0,132,1003,4144.0,rb1909,4190,4190,4088,4105.0,2869,4573,4118.0,rb1910,4102,4117,4023,4053.0,1790594,1227663,4063.0,rb1911,3935,3951,3881,3902.0,81,530,3914.0,rb1912,3869,3898,3833,3851.0,18,407,3860.0,rb2001,3799,3820,3751,3776.0,218207,362883,3781.0,rb2002,3625,3631,3578,3599.0,226,1586,3594.0,rb2003,3612,3635,3591,3602.0,153,2641,3605.0,rb1910,4102.0,4117.0,4023.0,4053.0,1790594.0,1227663.0,4063.0
2019-07-03,3939.210409422772,1954291.0,1744285.0,rb1907,3830,3850,3780,3850.0,300,1140,3825.0,rb1908,4120,4151,4085,4085.0,94,976,4110.0,rb1909,4107,4139,4061,4078.0,1660,4435,4088.0,rb1910,4045,4098,4001,4030.0,1745630,1240545,4042.0,rb1911,3915,3918,3853,3886.0,94,529,3873.0,rb1912,3858,3868,3801,3826.0,39,401,3829.0,rb2001,3772,3815,3724,3755.0,170326,368720,3762.0,rb2002,3588,3630,3560,3584.0,150,1574,3589.0,rb2003,3611,3629,3570,3588.0,49,2623,3591.0,rb1910,4045.0,4098.0,4001.0,4030.0,1745630.0,1240545.0,4042.0
2019-07-04,3936.539021046141,2310671.0,1733667.0,rb1907,3850,3850,3850,3850.0,30,1110,3850.0,rb1908,4100,4126,4058,4088.0,132,954,4092.0,rb1909,4056,4115,4037,4074.0,2703,4453,4072.0,rb1910,4027,4077,3996,4024.0,2090850,1238419,4033.0,rb1911,3861,3915,3861,3886.0,18,529,3892.0,rb1912,3821,3880,3780,3843.0,31,412,3830.0,rb2001,3748,3795,3728,3756.0,171087,361408,3762.0,rb2002,3575,3615,3561,3590.0,73,1573,3584.0,rb2003,3565,3620,3564,3595.0,53,2627,3584.0,rb1910,4027.0,4077.0,3996.0,4024.0,2090850.0,1238419.0,4033.0
2019-07-05,3903.132501428626,2173799.0,1756932.0,rb1907,0,0,0,3849.0,0,1110,3849.0,rb1908,4117,4117,4051,4051.0,47,930,4078.0,rb1909,4055,4096,4020,4020.0,2267,4367,4059.0,rb1910,4020,4057,3967,3984.0,1924520,1253011,4014.0,rb1911,3889,3909,3835,3846.0,29,530,3877.0,rb1912,3790,3860,3790,3818.0,75,417,3823.0,rb2001,3755,3794,3724,3741.0,205290,367269,3761.0,rb2002,3600,3617,3564,3576.0,145,1578,3598.0,rb2003,3593,3616,3571,3571.0,44,2618,3593.0,rb1910,4020.0,4057.0,3967.0,3984.0,1924520.0,1253011.0,4014.0
2019-07-08,3902.7267261879633,1905265.0,1705608.0,rb1907,3777,3777,3777,3777.0,30,1110,3777.0,rb1908,4100,4100,4052,4052.0,68,877,4075.0,rb1909,4034,4078,4030,4042.0,1687,4167,4053.0,rb1910,3980,4025,3976,3992.0,1676435,1200482,4002.0,rb1911,3861,3861,3861,3861.0,1,530,3861.0,rb1912,3841,3841,3800,3806.0,49,418,3815.0,rb2001,3735,3765,3721,3737.0,174604,358171,3742.0,rb2002,3600,3603,3560,3562.0,100,1570,3579.0,rb2003,3589,3599,3555,3561.0,43,2587,3570.0,rb1910,3980.0,4025.0,3976.0,3992.0,1676435.0,1200482.0,4002.0
2019-07-09,3948.88920909942,2072171.0,1715538.0,rb1907,3810,3829,3800,3829.0,120,1080,3814.0,rb1908,4061,4140,4061,4111.0,204,777,4112.0,rb1909,4037,4125,4037,4094.0,2084,4261,4100.0,rb1910,3990,4085,3989,4042.0,1832113,1212248,4048.0,rb1911,3872,3920,3872,3892.0,1535,1984,3895.0,rb1912,3810,3880,3810,3844.0,42,434,3853.0,rb2001,3737,3815,3735,3770.0,190508,360272,3783.0,rb2002,3594,3636,3580,3588.0,164,1614,3600.0,rb2003,3598,3619,3594,3600.0,112,2676,3600.0,rb1910,3990.0,4085.0,3989.0,4042.0,1832113.0,1212248.0,4048.0
2019-07-10,3931.108037108885,1422317.0,1714522.0,rb1907,3800,3810,3760,3760.0,300,1050,3792.0,rb1908,4097,4097,4085,4091.0,17,780,4089.0,rb1909,4094,4109,4064,4082.0,1187,4098,4081.0,rb1910,4040,4052,4004,4021.0,1283002,1207781,4025.0,rb1911,3863,3875,3855,3875.0,20,1982,3861.0,rb1912,3854,3854,3820,3820.0,19,430,3834.0,rb2001,3770,3782,3744,3761.0,116360,365374,3758.0,rb2002,3587,3595,3573,3585.0,44,1616,3582.0,rb2003,3539,3583,3539,3579.0,22,2687,3579.0,rb1910,4040.0,4052.0,4004.0,4021.0,1283002.0,1207781.0,4025.0
2019-07-11,3928.440512997401,2107829.0,1745272.0,rb1907,3750,3750,3750,3750.0,30,1050,3750.0,rb1908,4091,4091,4048,4090.0,10,773,4073.0,rb1909,4071,4091,4032,4065.0,2151,3952,4056.0,rb1910,4020,4046,3974,4017.0,1903791,1238701,4004.0,rb1911,3859,3886,3832,3875.0,143,1991,3858.0,rb1912,3820,3850,3796,3825.0,97,405,3818.0,rb2001,3758,3780,3725,3755.0,169033,364189,3746.0,rb2002,3569,3600,3555,3600.0,57,1609,3569.0,rb2003,3579,3592,3564,3578.0,86,2660,3580.0,rb1910,4020.0,4046.0,3974.0,4017.0,1903791.0,1238701.0,4004.0
2019-07-12,3882.636641279711,1596596.0,1805783.0,rb1907,0,0,0,3760.0,0,1050,3760.0,rb1908,4075,4079,4035,4035.0,61,748,4065.0,rb1909,4063,4081,4017,4021.0,1289,3529,4044.0,rb1910,4020,4030,3958,3965.0,1435942,1279643,3992.0,rb1911,3856,3865,3819,3827.0,52,1988,3848.0,rb1912,3832,3833,3790,3790.0,36,400,3814.0,rb2001,3755,3768,3710,3724.0,133931,377851,3739.0,rb2002,3585,3592,3558,3558.0,52,1622,3580.0,rb2003,3579,3585,3553,3555.0,68,2662,3570.0,rb1910,4020.0,4030.0,3958.0,3965.0,1435942.0,1279643.0,3992.0
2019-07-15,3942.267038781998,2126035.0,1795859.0,rb1907,3750,3750,3735,3750.0,300,1080,3742.0,rb1908,4013,4097,4013,4097.0,161,677,4047.0,rb1909,4005,4080,3996,4080.0,2209,3321,4019.0,rb1910,3957,4031,3921,4030.0,1843028,1260404,3964.0,rb1911,3814,3889,3798,3889.0,77,1995,3829.0,rb1912,3780,3840,3775,3840.0,29,396,3799.0,rb2001,3723,3784,3689,3782.0,232783,386002,3728.0,rb2002,3547,3607,3531,3607.0,69,1616,3553.0,rb2003,3553,3578,3514,3578.0,81,2657,3545.0,rb1910,3957.0,4031.0,3921.0,4030.0,1843028.0,1260404.0,3964.0
2019-07-16,3949.2125504088,1682911.0,1754158.0,rb1908,4129,4129,4105,4115.0,27,667,4122.0,rb1909,4057,4110,4056,4077.0,2216,3526,4085.0,rb1910,4029,4064,4019,4037.0,1436334,1240442,4039.0,rb1911,3891,3909,3881,3895.0,57,1994,3896.0,rb1912,3851,3866,3847,3857.0,15,397,3856.0,rb2001,3784,3809,3768,3785.0,195819,374808,3786.0,rb2002,3613,3626,3603,3603.0,134,1640,3616.0,rb2003,3603,3617,3583,3589.0,34,2653,3603.0,rb2004,3649,3660,3642,3642.0,10,376,3654.0,rb1910,4029.0,4064.0,4019.0,4037.0,1436334.0,1240442.0,4039.0
2019-07-17,3963.814040286498,1678657.0,1773696.0,rb1908,4054,4120,4054,4120.0,15,663,4104.0,rb1909,4067,4121,4061,4112.0,1335,3450,4084.0,rb1910,4026,4068,4009,4052.0,1438059,1247777,4035.0,rb1911,3873,3918,3872,3905.0,120,1998,3890.0,rb1912,3861,3880,3844,3880.0,27,406,3858.0,rb2001,3781,3813,3771,3801.0,202208,387131,3788.0,rb2002,3604,3630,3597,3615.0,35,1620,3617.0,rb2003,3591,3607,3579,3595.0,23,2655,3596.0,rb2004,3661,3661,3661,3661.0,1,375,3661.0,rb1910,4026.0,4068.0,4009.0,4052.0,1438059.0,1247777.0,4035.0
2019-07-18,3883.294066518797,1542766.0,1774085.0,rb1908,4128,4128,4070,4070.0,24,643,4089.0,rb1909,4095,4105,4031,4031.0,873,3353,4064.0,rb1910,4038,4050,3966,3968.0,1341575,1227975,4014.0,rb1911,3895,3901,3843,3847.0,34,1995,3867.0,rb1912,3868,3870,3818,3826.0,17,408,3847.0,rb2001,3798,3804,3731,3733.0,167209,400858,3769.0,rb2002,3621,3621,3569,3569.0,45,1626,3590.0,rb2003,3605,3618,3577,3577.0,33,2676,3594.0,rb2004,3659,3659,3618,3626.0,36,406,3624.0,rb1910,4038.0,4050.0,3966.0,3968.0,1341575.0,1227975.0,4014.0
2019-07-19,3914.961549341896,1646763.0,1749801.0,rb1908,4053,4089,4029,4080.0,37,621,4060.0,rb1909,4008,4063,4007,4063.0,1369,3249,4036.0,rb1910,3958,4006,3942,4001.0,1404417,1187284,3970.0,rb1911,3827,3878,3815,3878.0,120,2036,3841.0,rb1912,3804,3840,3787,3840.0,31,398,3802.0,rb2001,3726,3780,3712,3776.0,191610,412750,3738.0,rb2002,3564,3600,3548,3600.0,44,1613,3558.0,rb2003,3562,3571,3557,3570.0,18,2673,3564.0,rb2004,3602,3645,3593,3645.0,10,411,3610.0,rb1910,3958.0,4006.0,3942.0,4001.0,1404417.0,1187284.0,3970.0
2019-07-22,3866.192795308949,2220164.0,1784504.0,rb1908,4031,4075,4031,4062.0,84,568,4060.0,rb1909,4049,4050,4001,4009.0,1450,3012,4020.0,rb1910,3999,4007,3930,3948.0,1937598,1229643,3963.0,rb1911,3879,3942,3828,3837.0,209,2011,3859.0,rb1912,3849,3849,3790,3801.0,45,400,3820.0,rb2001,3785,3786,3722,3726.0,230850,406564,3747.0,rb2002,3565,3593,3562,3570.0,45,1614,3582.0,rb2003,3588,3588,3564,3578.0,19,2668,3573.0,rb2004,3632,3632,3607,3623.0,23,408,3622.0,rb1910,3999.0,4007.0,3930.0,3948.0,1937598.0,1229643.0,3963.0
2019-07-23,3859.239513746333,1518158.0,1800953.0,rb1908,4022,4053,4021,4049.0,19,562,4037.0,rb1909,3972,4034,3972,4008.0,1147,2924,4007.0,rb1910,3943,3980,3924,3941.0,1320977,1233039,3949.0,rb1911,3822,3859,3822,3833.0,25,2008,3838.0,rb1912,3795,3820,3783,3813.0,30,401,3799.0,rb2001,3726,3758,3710,3721.0,158827,414763,3730.0,rb2002,3566,3580,3553,3560.0,39,1602,3564.0,rb2003,3556,3581,3555,3556.0,8,2668,3560.0,rb2004,3603,3603,3603,3603.0,1,408,3603.0,rb1910,3943.0,3980.0,3924.0,3941.0,1320977.0,1233039.0,3949.0
2019-07-24,3817.29087881688,1854245.0,1871391.0,rb1908,4026,4039,4026,4035.0,56,548,4031.0,rb1909,4007,4007,3954,3962.0,1074,2893,3971.0,rb1910,3930,3930,3878,3899.0,1582894,1273960,3901.0,rb1911,3801,3817,3780,3794.0,168,2007,3794.0,rb1912,3764,3774,3742,3742.0,14,400,3756.0,rb2001,3714,3720,3666,3684.0,221127,430690,3689.0,rb2002,3538,3545,3520,3532.0,42,1600,3529.0,rb2003,3533,3539,3527,3535.0,30,2679,3533.0,rb2004,3589,3589,3568,3580.0,22,409,3580.0,rb1910,3930.0,3930.0,3878.0,3899.0,1582894.0,1273960.0,3901.0
2019-07-25,3853.623177857678,1729772.0,1880959.0,rb1908,4018,4199,3907,4060.0,337,499,4063.0,rb1909,3959,4015,3951,4003.0,583,2882,3981.0,rb1910,3890,3948,3885,3940.0,1518906,1268915,3918.0,rb1911,3786,3823,3780,3817.0,53,2007,3806.0,rb1912,3770,3771,3768,3768.0,10,404,3769.0,rb2001,3680,3723,3672,3716.0,173162,446839,3699.0,rb2002,3538,3556,3538,3553.0,30,1596,3544.0,rb2003,3531,3559,3530,3559.0,27,2663,3544.0,rb2004,3572,3598,3572,3598.0,28,398,3582.0,rb1910,3890.0,3948.0,3885.0,3940.0,1518906.0,1268915.0,3918.0
2019-07-26,3835.135041725154,1739274.0,1863624.0,rb1908,4125,4125,4078,4078.0,7,498,4085.0,rb1909,4027,4109,3968,3999.0,1504,2934,4016.0,rb1910,3950,3974,3926,3940.0,1371931,1202041,3950.0,rb1911,3848,3848,3789,3796.0,112,2004,3814.0,rb1912,3800,3811,3748,3766.0,62,394,3782.0,rb2001,3724,3746,3670,3685.0,307221,489381,3709.0,rb2002,3563,3576,3527,3530.0,62,1596,3553.0,rb2003,3569,3569,3515,3515.0,34,2658,3558.0,rb2004,3612,3617,3580,3580.0,9,393,3605.0,rb1910,3950.0,3974.0,3926.0,3940.0,1371931.0,1202041.0,3950.0
2019-07-29,3785.036562261276,1574809.0,2004143.0,rb1908,4082,4108,4051,4070.0,164,441,4069.0,rb1909,4002,4002,3950,3950.0,850,2855,3970.0,rb1910,3930,3945,3875,3877.0,1287507,1304316,3907.0,rb1911,3798,3798,3750,3763.0,85,2004,3780.0,rb1912,3763,3763,3725,3725.0,33,389,3743.0,rb2001,3681,3695,3649,3650.0,248460,520347,3671.0,rb2002,3513,3532,3501,3501.0,64,1599,3513.0,rb2003,3513,3522,3501,3503.0,15,2658,3507.0,rb2004,3565,3565,3551,3551.0,4,393,3555.0,rb1910,3930.0,3945.0,3875.0,3877.0,1287507.0,1304316.0,3907.0
2019-07-30,3789.713286980459,1683522.0,2015409.0,rb1908,4096,4099,4020,4051.0,199,318,4063.0,rb1909,3951,3990,3941,3955.0,692,2879,3962.0,rb1910,3880,3925,3866,3886.0,1401983,1298126,3895.0,rb1911,3745,3788,3745,3763.0,178,1901,3759.0,rb1912,3713,3758,3706,3727.0,15,390,3728.0,rb2001,3646,3688,3635,3651.0,240674,535745,3661.0,rb2002,3486,3522,3486,3504.0,61,1600,3507.0,rb2003,3494,3528,3491,3503.0,24,2660,3506.0,rb2004,3542,3572,3542,3572.0,22,386,3547.0,rb1910,3880.0,3925.0,3866.0,3886.0,1401983.0,1298126.0,3895.0
2019-07-31,3794.0135338594,1749101.0,1999873.0,rb1908,4019,4176,4019,4084.0,162,240,4064.0,rb1909,3955,4003,3944,3963.0,533,2867,3981.0,rb1910,3871,3932,3867,3891.0,1469454,1280450,3907.0,rb1911,3745,3799,3745,3761.0,71,1903,3784.0,rb1912,3754,3762,3725,3730.0,22,389,3748.0,rb2001,3634,3695,3633,3657.0,236767,539823,3671.0,rb2002,3523,3537,3501,3507.0,45,1597,3522.0,rb2003,3500,3533,3498,3505.0,33,2651,3519.0,rb2004,3569,3582,3557,3557.0,15,387,3573.0,rb1910,3871.0,3932.0,3867.0,3891.0,1469454.0,1280450.0,3907.0
2019-08-01,3759.880138063091,1749147.0,2121349.0,rb1908,0,0,0,4064.0,0,240,4064.0,rb1909,3963,3979,3928,3928.0,608,2874,3954.0,rb1910,3888,3904,3846,3846.0,1414658,1372679,3878.0,rb1911,3763,3779,3735,3737.0,358,1624,3770.0,rb1912,3746,3756,3705,3711.0,70,388,3728.0,rb2001,3656,3683,3634,3635.0,285321,560217,3659.0,rb2002,3513,3520,3490,3490.0,51,1608,3503.0,rb2003,3521,3523,3493,3493.0,33,2660,3507.0,rb2004,3562,3566,3555,3558.0,7,386,3559.0,rb1910,3888.0,3904.0,3846.0,3846.0,1414658.0,1372679.0,3878.0
2019-08-02,3723.468214874345,2563228.0,2036204.0,rb1908,4057,4057,4057,4057.0,60,210,4057.0,rb1909,3926,3930,3816,3904.0,1251,2758,3894.0,rb1910,3839,3845,3724,3816.0,2055566,1291089,3805.0,rb1911,3725,3727,3640,3698.0,152,1613,3702.0,rb1912,3691,3700,3603,3654.0,65,388,3665.0,rb2001,3628,3630,3522,3590.0,405408,553413,3594.0,rb2002,3478,3482,3416,3467.0,227,1610,3467.0,rb2003,3484,3517,3430,3458.0,105,2657,3464.0,rb2004,3526,3535,3472,3522.0,57,417,3504.0,rb1910,3839.0,3845.0,3724.0,3816.0,2055566.0,1291089.0,3805.0
2019-08-05,3659.390862579237,2164384.0,2072598.0,rb1908,4057,4057,3950,3950.0,60,150,4003.0,rb1909,3916,3924,3825,3846.0,1080,2652,3865.0,rb1910,3817,3834,3736,3753.0,1712273,1309071,3778.0,rb1911,3709,3709,3627,3627.0,138,1597,3668.0,rb1912,3640,3641,3545,3596.0,119,375,3605.0,rb2001,3590,3603,3515,3525.0,387087,558253,3553.0,rb2002,3472,3472,3419,3429.0,161,1608,3456.0,rb2003,3462,3462,3422,3422.0,25,2655,3448.0,rb2004,3526,3526,3463,3463.0,75,462,3499.0,rb1910,3817.0,3834.0,3736.0,3753.0,1712273.0,1309071.0,3778.0
2019-08-06,3621.200788680401,1801937.0,2151949.0,rb1908,0,0,0,3990.0,0,150,3990.0,rb1909,3828,3863,3801,3802.0,995,2593,3833.0,rb1910,3753,3773,3707,3707.0,1423901,1346758,3744.0,rb1911,3633,3645,3599,3602.0,251,1408,3623.0,rb1912,3601,3626,3558,3571.0,60,371,3587.0,rb2001,3520,3550,3494,3497.0,319975,599161,3521.0,rb2002,3416,3434,3398,3405.0,69,1607,3412.0,rb2003,3420,3420,3400,3404.0,16,2656,3406.0,rb2004,3453,3453,3445,3448.0,27,486,3447.0,rb1910,3753.0,3773.0,3707.0,3707.0,1423901.0,1346758.0,3744.0
2019-08-07,3621.191015190697,2250491.0,2110963.0,rb1908,0,0,0,3990.0,0,150,3990.0,rb1909,3790,3827,3787,3802.0,739,2522,3804.0,rb1910,3700,3737,3686,3711.0,1708646,1269853,3711.0,rb1911,3599,3620,3585,3596.0,163,1297,3595.0,rb1912,3571,3599,3555,3575.0,58,382,3574.0,rb2001,3498,3535,3480,3500.0,457549,634097,3505.0,rb2002,3409,3434,3396,3415.0,897,2373,3413.0,rb2003,3410,3437,3398,3416.0,1210,3726,3414.0,rb2004,3459,3493,3455,3471.0,16,480,3474.0,rb1910,3700.0,3737.0,3686.0,3711.0,1708646.0,1269853.0,3711.0
2019-08-08,3581.863840533046,2188535.0,2254812.0,rb1908,0,0,0,3990.0,0,150,3990.0,rb1909,3816,3851,3752,3766.0,1258,2431,3798.0,rb1910,3707,3751,3662,3672.0,1684497,1305734,3714.0,rb1911,3614,3639,3560,3570.0,52,1279,3603.0,rb1912,3570,3597,3524,3548.0,75,378,3562.0,rb2001,3505,3542,3468,3477.0,425557,717741,3507.0,rb2002,3467,3467,3374,3386.0,161,2404,3416.0,rb2003,3408,3441,3391,3391.0,132,3727,3427.0,rb2004,3473,3478,3441,3441.0,9,477,3464.0,rb1910,3707.0,3751.0,3662.0,3672.0,1684497.0,1305734.0,3714.0
2019-08-09,3503.917561502238,2960812.0,2229553.0,rb1908,0,0,0,3990.0,0,150,3990.0,rb1909,3780,3780,3655,3687.0,1591,2271,3715.0,rb1910,3688,3690,3538,3591.0,2252615,1259319,3618.0,rb1911,3572,3584,3439,3477.0,136,1302,3513.0,rb1912,3548,3548,3434,3463.0,130,403,3491.0,rb2001,3482,3505,3369,3405.0,608939,727820,3442.0,rb2002,3400,3404,3321,3349.0,180,2396,3370.0,rb2003,3395,3422,3305,3340.0,58,3725,3364.0,rb2004,3443,3443,3354,3394.0,39,485,3401.0,rb1910,3688.0,3690.0,3538.0,3591.0,2252615.0,1259319.0,3618.0
2019-08-12,3562.699290355827,2807815.0,2169538.0,rb1908,0,0,0,3990.0,0,150,3990.0,rb1909,3676,3803,3645,3779.0,3044,2258,3684.0,rb1910,3584,3683,3546,3677.0,2094180,1154165,3600.0,rb1911,3464,3539,3442,3535.0,161,1284,3473.0,rb1912,3438,3514,3438,3513.0,84,391,3479.0,rb2001,3397,3457,3368,3451.0,618938,771374,3405.0,rb2002,3341,3383,3328,3380.0,96,2395,3349.0,rb2003,3318,3363,3311,3363.0,86,3720,3333.0,rb2004,3362,3432,3361,3409.0,73,486,3382.0,rb1910,3584.0,3683.0,3546.0,3677.0,2094180.0,1154165.0,3600.0
2019-08-13,3552.7809192683144,2160068.0,2190503.0,rb1908,0,0,0,3990.0,0,150,3990.0,rb1909,3777,3803,3750,3784.0,1512,2251,3782.0,rb1910,3678,3705,3643,3677.0,1525229,1114736,3674.0,rb1911,3547,3626,3456,3533.0,64,1288,3530.0,rb1912,3524,3543,3498,3516.0,131,401,3521.0,rb2001,3448,3471,3430,3440.0,569343,830885,3450.0,rb2002,3374,3390,3347,3354.0,326,2606,3364.0,rb2003,3370,3379,3347,3352.0,332,3938,3362.0,rb2004,3415,3415,3398,3398.0,229,695,3404.0,rb1910,3678.0,3705.0,3643.0,3677.0,1525229.0,1114736.0,3674.0
2019-08-14,3552.593250551376,2412546.0,2184534.0,rb1908,0,0,0,3990.0,0,150,3990.0,rb1909,3784,3846,3757,3766.0,1544,2236,3805.0,rb1910,3683,3740,3658,3670.0,1733463,1100120,3695.0,rb1911,3520,3570,3518,3524.0,30,1298,3551.0,rb1912,3583,3583,3492,3514.0,68,398,3538.0,rb2001,3451,3496,3424,3451.0,605275,838081,3463.0,rb2002,3342,3400,3342,3370.0,107,2594,3380.0,rb2003,3369,3391,3361,3361.0,29,3939,3378.0,rb2004,3402,3418,3397,3408.0,10,691,3405.0,rb1910,3683.0,3740.0,3658.0,3670.0,1733463.0,1100120.0,3695.0
2019-08-15,3578.781215538734,2487504.0,2110159.0,rb1908,0,0,0,3990.0,0,150,3990.0,rb1909,3763,3807,3751,3780.0,849,2246,3783.0,rb1910,3676,3733,3668,3715.0,1789814,1035485,3700.0,rb1911,3547,3575,3531,3552.0,36,1300,3548.0,rb1912,3517,3550,3509,3518.0,92,394,3534.0,rb2001,3448,3486,3438,3470.0,635010,824820,3462.0,rb2002,3371,3387,3352,3376.0,56,2590,3371.0,rb2003,3361,3382,3350,3368.0,33,3936,3369.0,rb2004,3408,3424,3393,3404.0,45,691,3408.0,rb1910,3676.0,3733.0,3668.0,3715.0,1789814.0,1035485.0,3700.0
2019-08-16,3570.4399804367526,1470896.0,2128481.0,rb1909,3795,3802,3768,3776.0,490,2425,3785.0,rb1910,3711,3733,3692,3715.0,1048926,1027540,3714.0,rb1911,3559,3581,3541,3569.0,29,1289,3561.0,rb1912,3539,3547,3524,3533.0,52,415,3534.0,rb2001,3465,3479,3447,3459.0,372291,843469,3464.0,rb2002,3406,3406,3350,3352.0,135,2688,3370.0,rb2003,3360,3368,3360,3368.0,13,3937,3363.0,rb2004,3399,3405,3399,3405.0,125,768,3401.0,rb2005,3370,3375,3352,3353.0,48664,244192,3363.0,rb1910,3711.0,3733.0,3692.0,3715.0,1048926.0,1027540.0,3714.0
2019-08-19,3584.296641772273,1657027.0,2087083.0,rb1909,3785,3819,3755,3790.0,394,2512,3785.0,rb1910,3707,3753,3698,3747.0,1208784,968293,3729.0,rb1911,3545,3649,3545,3575.0,110,1289,3577.0,rb1912,3526,3559,3523,3540.0,62,400,3545.0,rb2001,3458,3486,3443,3470.0,405171,855133,3465.0,rb2002,3349,3372,3348,3356.0,47,2691,3364.0,rb2003,3354,3364,3331,3350.0,22,3940,3354.0,rb2004,0,0,0,3401.0,0,768,3401.0,rb2005,3354,3365,3341,3352.0,42097,250184,3353.0,rb1910,3707.0,3753.0,3698.0,3747.0,1208784.0,968293.0,3729.0
2019-08-20,3540.495572925128,1531888.0,2123637.0,rb1909,3809,3809,3756,3756.0,295,2564,3786.0,rb1910,3755,3766,3695,3699.0,1012310,953466,3726.0,rb1911,3588,3588,3533,3533.0,37,1287,3565.0,rb1912,3553,3563,3519,3521.0,78,386,3534.0,rb2001,3485,3495,3432,3435.0,474079,894911,3463.0,rb2002,3368,3379,3337,3346.0,31,2692,3355.0,rb2003,3363,3365,3331,3338.0,45,3938,3350.0,rb2004,3380,3380,3380,3380.0,1,768,3380.0,rb2005,3360,3367,3326,3329.0,44563,261495,3343.0,rb1910,3755.0,3766.0,3695.0,3699.0,1012310.0,953466.0,3726.0
2019-08-21,3512.4684718081817,2241454.0,2139149.0,rb1909,3745,3780,3703,3749.0,255,2520,3726.0,rb1910,3701,3712,3633,3686.0,1323352,851279,3667.0,rb1911,3531,3539,3471,3525.0,94,1292,3507.0,rb1912,3501,3506,3439,3493.0,430,573,3485.0,rb2001,3427,3437,3366,3426.0,824249,996301,3402.0,rb2002,3327,3334,3281,3313.0,62,2683,3303.0,rb2003,3320,3320,3272,3309.0,158,3940,3302.0,rb2004,3310,3343,3310,3337.0,19,772,3330.0,rb2005,3326,3330,3263,3296.0,91526,277156,3288.0,rb1910,3701.0,3712.0,3633.0,3686.0,1323352.0,851279.0,3667.0
2019-08-22,3510.7084271789577,2184449.0,2213742.0,rb1909,3741,3773,3709,3752.0,204,2523,3744.0,rb1910,3678,3718,3657,3715.0,1059484,826031,3687.0,rb1911,3517,3533,3478,3529.0,105,1299,3501.0,rb1912,3503,3575,3452,3502.0,109,561,3490.0,rb2001,3420,3438,3360,3418.0,1027749,1082584,3406.0,rb2002,3306,3328,3267,3310.0,109,2713,3295.0,rb2003,3303,3414,3270,3305.0,408,3946,3286.0,rb2004,3344,3347,3304,3326.0,17,770,3321.0,rb2005,3295,3301,3248,3281.0,95763,290504,3278.0,rb1910,3678.0,3718.0,3657.0,3715.0,1059484.0,826031.0,3687.0
2019-08-23,3521.410251151623,1775891.0,2199070.0,rb1909,3769,3780,3752,3778.0,246,2590,3770.0,rb1910,3718,3735,3708,3715.0,717418,764718,3720.0,rb1911,3527,3565,3524,3545.0,117,1297,3542.0,rb1912,3509,3541,3500,3519.0,99,560,3519.0,rb2001,3432,3462,3410,3446.0,972324,1135448,3437.0,rb2002,3310,3345,3306,3331.0,112,2755,3330.0,rb2003,3302,3368,3294,3331.0,335,4113,3316.0,rb2004,3318,3352,3318,3351.0,35,746,3339.0,rb2005,3276,3314,3275,3307.0,84771,283906,3296.0,rb2001,3432.0,3462.0,3410.0,3446.0,972324.0,1135448.0,3437.0
2019-08-26,3440.832635107688,2148514.0,2193417.0,rb1909,3777,3777,3703,3720.0,428,2290,3728.0,rb1910,3710,3726,3651,3663.0,651728,651405,3686.0,rb1911,3552,3561,3480,3490.0,116,1287,3516.0,rb1912,3530,3530,3458,3461.0,95,554,3483.0,rb2001,3430,3467,3367,3372.0,1401984,1228130,3407.0,rb2002,3494,3494,3274,3277.0,82,2764,3294.0,rb2003,3310,3311,3259,3259.0,172,4111,3278.0,rb2004,3357,3367,3303,3303.0,37,730,3344.0,rb2005,3295,3317,3243,3244.0,93195,298864,3275.0,rb2001,3430.0,3467.0,3367.0,3372.0,1401984.0,1228130.0,3407.0
2019-08-27,3339.8052354258416,2328018.0,2346705.0,rb1909,3743,3743,3620,3626.0,203,2199,3682.0,rb1910,3652,3667,3574,3575.0,585206,586443,3617.0,rb1911,3468,3486,3393,3393.0,360,1253,3422.0,rb1912,3450,3470,3379,3381.0,189,564,3418.0,rb2001,3362,3377,3281,3281.0,1634237,1415825,3326.0,rb2002,3263,3272,3200,3202.0,143,2781,3247.0,rb2003,3309,3309,3180,3180.0,144,4113,3215.0,rb2004,3284,3291,3240,3240.0,31,739,3259.0,rb2005,3245,3248,3177,3177.0,107095,329205,3209.0,rb2001,3362.0,3377.0,3281.0,3281.0,1634237.0,1415825.0,3326.0
2019-08-28,3367.478506448282,2221891.0,2308832.0,rb1909,3626,3648,3590,3645.0,144,2127,3629.0,rb1910,3570,3622,3540,3611.0,447222,535083,3584.0,rb1911,3384,3430,3368,3430.0,70,1282,3385.0,rb1912,3360,3439,3290,3408.0,613,696,3354.0,rb2001,3281,3323,3244,3317.0,1672173,1425354,3286.0,rb2002,3201,3225,3169,3215.0,130,2769,3195.0,rb2003,3169,3208,3157,3207.0,25,4110,3176.0,rb2004,3190,3244,3190,3241.0,30,753,3222.0,rb2005,3176,3199,3140,3196.0,100763,333102,3169.0,rb2001,3281.0,3323.0,3244.0,3317.0,1672173.0,1425354.0,3286.0
2019-08-29,3317.4960681578864,2065962.0,2350425.0,rb1909,3630,3652,3604,3604.0,109,2072,3632.0,rb1910,3612,3628,3579,3587.0,297777,497559,3607.0,rb1911,3440,3440,3396,3397.0,70,1282,3418.0,rb1912,3416,3420,3355,3361.0,96,691,3393.0,rb2001,3315,3340,3259,3266.0,1686690,1497811,3304.0,rb2002,3225,3228,3172,3176.0,155,2771,3203.0,rb2003,3209,3223,3169,3169.0,50,4104,3210.0,rb2004,3241,3255,3210,3210.0,18,746,3236.0,rb2005,3194,3209,3147,3153.0,80412,339642,3183.0,rb2001,3315.0,3340.0,3259.0,3266.0,1686690.0,1497811.0,3304.0
2019-08-30,3388.377662086132,2164351.0,2249082.0,rb1909,3609,3646,3582,3612.0,163,1980,3625.0,rb1910,3591,3647,3586,3644.0,275449,449955,3621.0,rb1911,3396,3448,3396,3448.0,54,1290,3427.0,rb1912,3376,3426,3376,3426.0,120,742,3409.0,rb2001,3283,3350,3278,3350.0,1799439,1449489,3318.0,rb2002,3216,3234,3201,3227.0,98,2767,3215.0,rb2003,3201,3231,3195,3231.0,99,4101,3217.0,rb2004,3209,3260,3209,3260.0,16,739,3234.0,rb2005,3158,3215,3158,3215.0,88618,334359,3191.0,rb2001,3283.0,3350.0,3278.0,3350.0,1799439.0,1449489.0,3318.0
2019-09-02,3440.645588344464,2272082.0,2182242.0,rb1909,3700,3700,3700,3700.0,30,2010,3700.0,rb1910,3640,3704,3628,3702.0,244886,404730,3667.0,rb1911,3444,3512,3431,3512.0,159,1292,3462.0,rb1912,3418,3493,3404,3489.0,163,799,3459.0,rb2001,3341,3413,3325,3407.0,1921188,1438915,3369.0,rb2002,3220,3299,3219,3299.0,136,2774,3253.0,rb2003,3217,3291,3217,3291.0,202,4102,3259.0,rb2004,3254,3300,3254,3290.0,23,733,3284.0,rb2005,3213,3270,3197,3267.0,104968,323318,3231.0,rb2001,3341.0,3413.0,3325.0,3407.0,1921188.0,1438915.0,3369.0
2019-09-03,3433.0731882066857,1524345.0,2132666.0,rb1909,3696,3699,3693,3693.0,180,1890,3696.0,rb1910,3715,3721,3690,3714.0,145212,375280,3705.0,rb1911,3497,3516,3484,3510.0,192,1163,3500.0,rb1912,3487,3498,3463,3479.0,59,811,3478.0,rb2001,3407,3415,3383,3403.0,1310236,1414996,3398.0,rb2002,3296,3296,3270,3280.0,74,2793,3285.0,rb2003,3280,3299,3272,3285.0,582,4105,3285.0,rb2004,3315,3316,3298,3300.0,50,729,3308.0,rb2005,3267,3268,3238,3245.0,67394,327268,3253.0,rb2001,3407.0,3415.0,3383.0,3403.0,1310236.0,1414996.0,3398.0
2019-09-04,3450.3764346387334,1852323.0,2059752.0,rb1909,0,0,0,3696.0,0,1890,3696.0,rb1910,3705,3750,3696,3746.0,161553,344333,3728.0,rb1911,3494,3547,3494,3538.0,63,1157,3529.0,rb1912,3484,3518,3455,3490.0,139,834,3488.0,rb2001,3395,3443,3380,3423.0,1582421,1371901,3415.0,rb2002,3268,3318,3261,3301.0,79,2784,3291.0,rb2003,3261,3316,3261,3298.0,82,4110,3286.0,rb2004,3291,3329,3290,3321.0,36,715,3314.0,rb2005,3245,3278,3226,3259.0,107558,328443,3254.0,rb2001,3395.0,3443.0,3380.0,3423.0,1582421.0,1371901.0,3415.0
2019-09-05,3459.922439004132,2147390.0,2070796.0,rb1909,3785,3785,3785,3785.0,90,1890,3785.0,rb1910,3751,3788,3742,3767.0,178911,312369,3771.0,rb1911,3546,3573,3544,3554.0,52,1157,3555.0,rb1912,3497,3541,3490,3513.0,145,785,3524.0,rb2001,3429,3474,3418,3439.0,1845313,1411937,3450.0,rb2002,3307,3346,3303,3324.0,103,2820,3335.0,rb2003,3305,3340,3302,3320.0,133,4119,3328.0,rb2004,3325,3369,3325,3356.0,63,686,3350.0,rb2005,3265,3295,3250,3263.0,122348,331472,3276.0,rb2001,3429.0,3474.0,3418.0,3439.0,1845313.0,1411937.0,3450.0
2019-09-06,3407.2404710491014,1601441.0,1988073.0,rb1909,0,0,0,3770.0,0,1890,3770.0,rb1910,3762,3773,3729,3730.0,132585,287868,3752.0,rb1911,3540,3547,3508,3509.0,63,1157,3522.0,rb1912,3517,3521,3460,3460.0,129,768,3491.0,rb2001,3430,3448,3384,3387.0,1401348,1344691,3420.0,rb2002,3322,3322,3277,3277.0,41,2826,3308.0,rb2003,3321,3321,3276,3276.0,19,4112,3296.0,rb2004,3340,3340,3318,3331.0,5,687,3328.0,rb2005,3258,3272,3217,3217.0,66954,340324,3247.0,rb2001,3430.0,3448.0,3384.0,3387.0,1401348.0,1344691.0,3420.0
2019-09-09,3501.525283736085,2879839.0,2025650.0,rb1909,3770,3770,3765,3765.0,60,1860,3767.0,rb1910,3751,3810,3727,3804.0,191268,254758,3773.0,rb1911,3536,3603,3507,3596.0,238,1176,3556.0,rb1912,3476,3567,3471,3567.0,144,751,3522.0,rb2001,3411,3502,3398,3497.0,2517605,1417121,3447.0,rb2002,3304,3367,3279,3367.0,73,2824,3324.0,rb2003,3293,3354,3272,3354.0,155,4114,3341.0,rb2004,3314,3383,3298,3383.0,71,672,3342.0,rb2005,3231,3302,3218,3297.0,169459,338716,3263.0,rb2001,3411.0,3502.0,3398.0,3497.0,2517605.0,1417121.0,3447.0
2019-09-10,3483.442311394562,1432983.0,1953072.0,rb1909,3780,3785,3780,3785.0,330,1770,3781.0,rb1910,3810,3816,3798,3809.0,96425,235122,3806.0,rb1911,3595,3616,3593,3615.0,379,889,3603.0,rb1912,3558,3562,3530,3548.0,124,722,3552.0,rb2001,3500,3509,3465,3479.0,1238792,1356417,3485.0,rb2002,3365,3365,3343,3343.0,36,2826,3355.0,rb2003,3347,3355,3326,3335.0,112,4099,3345.0,rb2004,3368,3375,3349,3353.0,27,659,3365.0,rb2005,3301,3306,3270,3284.0,96455,346882,3290.0,rb2001,3500.0,3509.0,3465.0,3479.0,1238792.0,1356417.0,3485.0
2019-09-11,3479.348053031441,1622272.0,1944356.0,rb1909,3770,3770,3770,3770.0,60,1710,3770.0,rb1910,3800,3810,3782,3795.0,76198,219066,3799.0,rb1911,3592,3610,3592,3601.0,167,750,3603.0,rb1912,3526,3553,3526,3544.0,54,723,3543.0,rb2001,3479,3499,3458,3481.0,1465157,1361341,3476.0,rb2002,3345,3356,3333,3344.0,32,2824,3343.0,rb2003,3337,3342,3330,3330.0,20,4092,3333.0,rb2004,3363,3368,3354,3363.0,11,659,3362.0,rb2005,3288,3292,3265,3279.0,80455,349463,3278.0,rb2001,3479.0,3499.0,3458.0,3481.0,1465157.0,1361341.0,3476.0
2019-09-12,3540.122841393688,1732795.0,1947495.0,rb1909,3780,3799,3780,3799.0,120,1680,3789.0,rb1910,3805,3843,3796,3841.0,79739,197045,3816.0,rb1911,3610,3645,3599,3642.0,33,752,3624.0,rb1912,3539,3600,3539,3600.0,31,721,3587.0,rb2001,3486,3549,3467,3549.0,1538752,1394102,3502.0,rb2002,3340,3403,3340,3402.0,55,2829,3360.0,rb2003,3330,3394,3330,3394.0,187,4115,3359.0,rb2004,3371,3406,3370,3403.0,154,578,3383.0,rb2005,3290,3337,3271,3335.0,113389,342051,3298.0,rb2001,3486.0,3549.0,3467.0,3549.0,1538752.0,1394102.0,3502.0
2019-09-16,3553.60839138624,1240840.0,1951668.0,rb1909,3761,3820,3761,3820.0,180,1770,3803.0,rb1910,3848,3854,3825,3840.0,52614,179861,3838.0,rb1911,3657,3688,3651,3680.0,150,772,3656.0,rb1912,3625,3641,3591,3630.0,83,677,3622.0,rb2001,3561,3575,3531,3564.0,1080812,1425595,3553.0,rb2002,3420,3420,3394,3414.0,253,2998,3405.0,rb2003,3397,3411,3381,3407.0,220,4235,3403.0,rb2004,3418,3429,3418,3429.0,8,575,3424.0,rb2005,3342,3368,3325,3358.0,105791,331552,3345.0,rb2001,3561.0,3575.0,3531.0,3564.0,1080812.0,1425595.0,3553.0
2019-09-17,3521.6373745102323,1521645.0,1902944.0,rb1910,3829,3844,3804,3823.0,54735,160542,3827.0,rb1911,3675,3682,3654,3679.0,210,677,3663.0,rb1912,3637,3637,3590,3605.0,63,678,3619.0,rb2001,3568,3571,3511,3533.0,1318165,1391544,3540.0,rb2002,3407,3427,3375,3397.0,137,3033,3398.0,rb2003,3417,3421,3370,3390.0,153,4300,3398.0,rb2004,3431,3450,3409,3411.0,11,570,3428.0,rb2005,3360,3384,3324,3337.0,147443,337745,3354.0,rb2006,3277,3300,3252,3265.0,92,1517,3279.0,rb2001,3568.0,3571.0,3511.0,3533.0,1318165.0,1391544.0,3540.0
2019-09-18,3481.644296047366,1627842.0,1872903.0,rb1910,3829,3829,3805,3810.0,50488,142433,3817.0,rb1911,3640,3669,3631,3650.0,83,671,3642.0,rb1912,3573,3601,3556,3556.0,49,673,3583.0,rb2001,3529,3535,3487,3493.0,1477268,1366683,3513.0,rb2002,3386,3386,3357,3362.0,193,3165,3366.0,rb2003,3361,3382,3351,3355.0,39,4309,3367.0,rb2004,3392,3403,3391,3391.0,17,562,3393.0,rb2005,3338,3342,3307,3309.0,98709,350011,3324.0,rb2006,3245,3266,3240,3241.0,145,1528,3250.0,rb2001,3529.0,3535.0,3487.0,3493.0,1477268.0,1366683.0,3513.0
2019-09-19,3385.337349980817,2412496.0,1941835.0,rb1910,3810,3810,3729,3741.0,76208,120650,3777.0,rb1911,3638,3641,3607,3607.0,265,728,3628.0,rb1912,3522,3550,3458,3478.0,167,709,3497.0,rb2001,3487,3492,3389,3397.0,2184075,1431630,3447.0,rb2002,3340,3544,3164,3271.0,1035,3160,3317.0,rb2003,3340,3340,3250,3277.0,71,4318,3304.0,rb2004,3352,3359,3299,3299.0,22,565,3341.0,rb2005,3309,3311,3224,3231.0,148350,374215,3270.0,rb2006,3231,3231,3159,3170.0,605,1849,3205.0,rb2001,3487.0,3492.0,3389.0,3397.0,2184075.0,1431630.0,3447.0
2019-09-20,3369.417399067777,1613139.0,1947817.0,rb1910,3735,3735,3685,3691.0,61945,102624,3706.0,rb1911,3608,3608,3543,3551.0,322,544,3554.0,rb1912,3469,3473,3457,3463.0,111,663,3462.0,rb2001,3392,3403,3371,3388.0,1454087,1445027,3388.0,rb2002,3256,3268,3248,3253.0,69,3160,3256.0,rb2003,3265,3273,3246,3260.0,8,4317,3261.0,rb2004,3287,3290,3273,3290.0,57,609,3285.0,rb2005,3230,3236,3208,3219.0,95234,384326,3222.0,rb2006,3192,3192,3155,3165.0,168,1911,3162.0,rb2001,3392.0,3403.0,3371.0,3388.0,1454087.0,1445027.0,3388.0
2019-09-23,3482.297552242351,2504252.0,1886257.0,rb1910,3692,3780,3671,3774.0,57766,85315,3722.0,rb1911,3571,3654,3549,3654.0,108,587,3621.0,rb1912,3473,3575,3462,3567.0,290,618,3537.0,rb2001,3388,3513,3381,3510.0,2267711,1414978,3454.0,rb2002,3255,3356,3247,3356.0,1011,3758,3323.0,rb2003,3272,3352,3260,3352.0,457,4687,3322.0,rb2004,3289,3378,3289,3376.0,180,606,3351.0,rb2005,3218,3317,3215,3316.0,174661,369066,3268.0,rb2006,3167,3225,3163,3220.0,526,2140,3191.0,rb2001,3388.0,3513.0,3381.0,3510.0,2267711.0,1414978.0,3454.0
2019-09-24,3452.8192226243327,2690142.0,1920976.0,rb1910,3780,3810,3755,3759.0,34380,75415,3785.0,rb1911,3650,3677,3618,3626.0,170,525,3641.0,rb1912,3596,3620,3543,3552.0,355,490,3588.0,rb2001,3518,3548,3467,3477.0,2445519,1478574,3516.0,rb2002,3356,3385,3320,3320.0,200,3829,3363.0,rb2003,3356,3383,3347,3347.0,153,4765,3367.0,rb2004,3384,3407,3371,3371.0,34,582,3393.0,rb2005,3320,3345,3285,3292.0,207475,350335,3323.0,rb2006,3232,3243,3185,3197.0,279,2186,3228.0,rb2001,3518.0,3548.0,3467.0,3477.0,2445519.0,1478574.0,3516.0
2019-09-25,3471.136329640686,1639690.0,1877244.0,rb1910,3761,3783,3759,3769.0,15233,70977,3771.0,rb1911,3621,3640,3621,3636.0,10,522,3631.0,rb1912,3555,3581,3555,3566.0,40,489,3563.0,rb2001,3490,3513,3480,3498.0,1533737,1440879,3495.0,rb2002,3348,3351,3333,3348.0,60,3804,3346.0,rb2003,3354,3358,3337,3343.0,109,4708,3350.0,rb2004,0,0,0,3393.0,0,582,3393.0,rb2005,3300,3320,3291,3307.0,89727,348488,3305.0,rb2006,3215,3218,3202,3217.0,49,2191,3209.0,rb2001,3490.0,3513.0,3480.0,3498.0,1533737.0,1440879.0,3495.0
2019-09-26,3416.4935679830933,2593791.0,1820813.0,rb1910,3766,3777,3711,3715.0,32693,59688,3745.0,rb1911,3649,3649,3601,3612.0,51,538,3618.0,rb1912,3572,3578,3514,3521.0,56,474,3546.0,rb2001,3500,3511,3433,3445.0,2401870,1391817,3474.0,rb2002,3355,3355,3284,3310.0,155,3804,3318.0,rb2003,3340,3348,3300,3305.0,60,4720,3328.0,rb2004,3380,3380,3333,3333.0,17,581,3356.0,rb2005,3310,3319,3254,3260.0,157897,352243,3288.0,rb2006,3218,3226,3175,3184.0,139,2187,3197.0,rb2001,3500.0,3511.0,3433.0,3445.0,2401870.0,1391817.0,3474.0
2019-09-27,3403.127721993987,1368993.0,1742840.0,rb1910,3708,3719,3665,3672.0,28150,46418,3692.0,rb1911,3597,3607,3592,3593.0,21,541,3599.0,rb1912,3521,3522,3494,3501.0,41,469,3507.0,rb2001,3447,3454,3415,3437.0,1243205,1321694,3434.0,rb2002,3295,3300,3273,3287.0,73,3802,3289.0,rb2003,3302,3302,3280,3295.0,38,4713,3289.0,rb2004,3321,3321,3305,3305.0,4,579,3313.0,rb2005,3269,3270,3232,3250.0,96413,357294,3251.0,rb2006,3178,3187,3151,3164.0,162,2267,3171.0,rb2001,3447.0,3454.0,3415.0,3437.0,1243205.0,1321694.0,3434.0
2019-09-30,3430.5564617579817,1764180.0,1610506.0,rb1910,3679,3743,3653,3653.0,31264,30838,3691.0,rb1911,3600,3648,3578,3603.0,60,529,3613.0,rb1912,3509,3598,3509,3541.0,66,474,3555.0,rb2001,3434,3580,3434,3470.0,1613043,1213789,3485.0,rb2002,3284,3370,3284,3324.0,158,3819,3326.0,rb2003,3334,3378,3052,3297.0,128,4692,3318.0,rb2004,3342,3387,3340,3350.0,13,575,3362.0,rb2005,3251,3338,3250,3281.0,118471,348574,3296.0,rb2006,3180,3233,3179,3197.0,123,2266,3203.0,rb2001,3434.0,3580.0,3434.0,3470.0,1613043.0,1213789.0,3485.0
2019-10-08,3370.5140997780945,1390705.0,1740382.0,rb1910,3671,3682,3636,3649.0,5308,26580,3660.0,rb1911,3637,3637,3564,3588.0,81,535,3600.0,rb1912,3510,3521,3477,3477.0,72,441,3489.0,rb2001,3458,3458,3402,3404.0,1284011,1336181,3427.0,rb2002,3302,3304,3266,3266.0,151,3863,3283.0,rb2003,3286,3290,3252,3271.0,24,4705,3274.0,rb2004,3295,3319,3295,3319.0,3,577,3305.0,rb2005,3255,3267,3223,3232.0,99711,359503,3245.0,rb2006,3158,3177,3141,3164.0,78,2280,3158.0,rb2001,3458.0,3458.0,3402.0,3404.0,1284011.0,1336181.0,3427.0
2019-10-09,3377.461898693766,1828004.0,1863755.0,rb1910,3645,3662,3630,3632.0,8610,21600,3642.0,rb1911,3598,3611,3565,3579.0,51,521,3582.0,rb1912,3489,3528,3466,3489.0,56,440,3479.0,rb2001,3405,3432,3390,3413.0,1680208,1442856,3411.0,rb2002,3274,3285,3253,3272.0,158,3832,3265.0,rb2003,3270,3288,3257,3280.0,56,4723,3274.0,rb2004,3293,3307,3286,3305.0,43,612,3295.0,rb2005,3239,3253,3220,3235.0,137436,380613,3236.0,rb2006,3159,3176,3143,3148.0,250,2385,3152.0,rb2001,3405.0,3432.0,3390.0,3413.0,1680208.0,1442856.0,3411.0
2019-10-10,3378.778687069573,1893011.0,1881562.0,rb1910,3650,3658,3581,3585.0,16320,16650,3607.0,rb1911,3588,3592,3512,3534.0,82,527,3543.0,rb1912,3492,3494,3458,3490.0,50,442,3475.0,rb2001,3426,3430,3385,3415.0,1735953,1461273,3412.0,rb2002,3272,3280,3248,3279.0,61,3847,3271.0,rb2003,3271,3282,3259,3279.0,125,4752,3268.0,rb2004,3275,3300,3274,3300.0,3,612,3283.0,rb2005,3245,3254,3217,3239.0,139246,384662,3236.0,rb2006,3151,3165,3136,3152.0,92,2387,3154.0,rb2001,3426.0,3430.0,3385.0,3415.0,1735953.0,1461273.0,3412.0
2019-10-11,3370.368630352738,1799071.0,1924459.0,rb1910,3599,3626,3595,3603.0,4020,16380,3605.0,rb1911,3514,3514,3503,3503.0,5,526,3509.0,rb1912,3470,3488,3450,3481.0,76,447,3466.0,rb2001,3415,3417,3372,3407.0,1671996,1489335,3397.0,rb2002,3263,3277,3239,3263.0,149,3890,3254.0,rb2003,3275,3279,3247,3266.0,209,4800,3258.0,rb2004,3265,3304,3265,3288.0,5,613,3281.0,rb2005,3240,3240,3211,3231.0,121122,399086,3227.0,rb2006,3153,3160,3135,3150.0,230,2470,3145.0,rb2001,3415.0,3417.0,3372.0,3407.0,1671996.0,1489335.0,3397.0
2019-10-14,3322.007629700718,1975446.0,2026685.0,rb1910,3625,3646,3599,3645.0,5160,15180,3620.0,rb1911,3492,3556,3492,3500.0,157,431,3522.0,rb1912,3487,3499,3440,3446.0,195,395,3477.0,rb2001,3407,3439,3351,3352.0,1830088,1578847,3403.0,rb2002,3271,3297,3232,3239.0,164,3926,3272.0,rb2003,3275,3299,3240,3240.0,83,4790,3271.0,rb2004,3301,3301,3279,3279.0,2,614,3290.0,rb2005,3237,3265,3201,3201.0,138187,412809,3237.0,rb2006,3155,3170,3131,3131.0,160,2465,3152.0,rb2001,3407.0,3439.0,3351.0,3352.0,1830088.0,1578847.0,3403.0
2019-10-15,3316.848635455809,1893571.0,2085898.0,rb1910,3610,3650,3550,3650.0,3630,13710,3612.0,rb1911,3513,3513,3483,3483.0,11,428,3498.0,rb1912,3428,3429,3410,3410.0,108,383,3422.0,rb2001,3352,3365,3315,3346.0,1730464,1618814,3339.0,rb2002,3235,3250,3212,3236.0,127,3902,3231.0,rb2003,3224,3239,3212,3239.0,49,4794,3224.0,rb2004,3275,3275,3234,3234.0,5,615,3256.0,rb2005,3201,3219,3180,3203.0,157135,432679,3196.0,rb2006,3131,3137,3107,3119.0,500,2765,3121.0,rb2001,3352.0,3365.0,3315.0,3346.0,1730464.0,1618814.0,3339.0
2019-10-16,3267.3069256940707,2117373.0,2121217.0,rb1911,3444,3500,3441,3452.0,34,423,3480.0,rb1912,3418,3436,3393,3393.0,128,414,3420.0,rb2001,3343,3357,3281,3291.0,1880533,1649977,3323.0,rb2002,3230,3237,3185,3198.0,304,4048,3216.0,rb2003,3227,3239,3183,3183.0,262,5009,3211.0,rb2004,3260,3262,3243,3246.0,22,628,3249.0,rb2005,3197,3220,3182,3189.0,209837,432343,3199.0,rb2006,3112,3135,3099,3105.0,405,2907,3114.0,rb2007,3117,3130,3103,3103.0,205,2746,3113.0,rb2001,3343.0,3357.0,3281.0,3291.0,1880533.0,1649977.0,3323.0
2019-10-17,3294.8440723141266,1808747.0,2142320.0,rb1911,0,0,0,3477.0,0,423,3477.0,rb1912,3383,3414,3382,3403.0,111,421,3397.0,rb2001,3291,3330,3278,3324.0,1593642,1650368,3304.0,rb2002,3190,3205,3177,3205.0,300,4291,3198.0,rb2003,3187,3206,3187,3202.0,175,5123,3199.0,rb2004,3239,3250,3236,3250.0,44,661,3248.0,rb2005,3189,3205,3177,3203.0,200412,447751,3190.0,rb2006,3113,3113,3094,3107.0,874,3610,3100.0,rb2007,3105,3111,3092,3102.0,532,3103,3098.0,rb2001,3291.0,3330.0,3278.0,3324.0,1593642.0,1650368.0,3304.0
2019-10-18,3279.938129600533,2330337.0,2197028.0,rb1911,3447,3460,3411,3435.0,95,397,3440.0,rb1912,3397,3410,3355,3386.0,34,407,3385.0,rb2001,3325,3331,3256,3310.0,2097615,1681977,3293.0,rb2002,3200,3204,3149,3185.0,586,4450,3181.0,rb2003,3205,3209,3152,3192.0,400,5407,3177.0,rb2004,3250,3250,3206,3222.0,122,752,3226.0,rb2005,3208,3208,3157,3189.0,211271,461498,3180.0,rb2006,3106,3110,3066,3085.0,1123,4439,3084.0,rb2007,3106,3110,3060,3088.0,734,3639,3079.0,rb2001,3325.0,3331.0,3256.0,3310.0,2097615.0,1681977.0,3293.0
2019-10-21,3260.820868672578,1659808.0,2199632.0,rb1911,3404,3460,3402,3444.0,55,380,3437.0,rb1912,3385,3405,3366,3371.0,82,392,3377.0,rb2001,3314,3321,3276,3290.0,1536661,1679978,3296.0,rb2002,3190,3198,3161,3170.0,202,4608,3174.0,rb2003,3183,3191,3167,3177.0,256,5615,3173.0,rb2004,3221,3221,3190,3209.0,216,879,3204.0,rb2005,3190,3194,3165,3174.0,113336,462946,3177.0,rb2006,3086,3092,3069,3079.0,479,4770,3078.0,rb2007,3084,3089,3063,3077.0,239,3770,3078.0,rb2001,3314.0,3321.0,3276.0,3290.0,1536661.0,1679978.0,3296.0
2019-10-22,3286.1460374789467,1914947.0,2228291.0,rb1911,3448,3481,3437,3478.0,417,423,3449.0,rb1912,3402,3421,3381,3421.0,79,379,3394.0,rb2001,3298,3325,3280,3318.0,1751428,1700953,3304.0,rb2002,3179,3196,3162,3190.0,1063,4985,3175.0,rb2003,3183,3192,3165,3187.0,63,5640,3176.0,rb2004,3216,3229,3201,3214.0,68,891,3214.0,rb2005,3184,3199,3167,3192.0,152201,468355,3185.0,rb2006,3088,3092,3072,3089.0,485,5047,3080.0,rb2007,3077,3091,3069,3087.0,276,3840,3080.0,rb2001,3298.0,3325.0,3280.0,3318.0,1751428.0,1700953.0,3304.0
2019-10-23,3280.1234567845813,2095109.0,2227654.0,rb1911,3487,3506,3487,3487.0,86,485,3488.0,rb1912,3406,3434,3360,3412.0,849,369,3398.0,rb2001,3325,3351,3299,3312.0,1929776,1686768,3323.0,rb2002,3198,3218,3171,3187.0,234,5072,3189.0,rb2003,3195,3215,3175,3182.0,88,5657,3196.0,rb2004,3231,3231,3212,3216.0,12,894,3218.0,rb2005,3195,3215,3179,3189.0,150616,479306,3196.0,rb2006,3106,3106,3080,3094.0,470,5163,3090.0,rb2007,3087,3104,3082,3086.0,135,3862,3091.0,rb2001,3325.0,3351.0,3299.0,3312.0,1929776.0,1686768.0,3323.0
2019-10-24,3286.158123075147,2008695.0,2234911.0,rb1911,3461,3481,3457,3481.0,36,482,3466.0,rb1912,3422,3422,3313,3422.0,516,443,3380.0,rb2001,3310,3327,3285,3318.0,1855084,1706585,3304.0,rb2002,3192,3200,3179,3197.0,229,5102,3191.0,rb2003,3180,3201,3172,3183.0,71,5664,3178.0,rb2004,3120,3218,3120,3207.0,134,926,3212.0,rb2005,3190,3198,3174,3192.0,142874,464395,3185.0,rb2006,3094,3097,3083,3096.0,250,5171,3089.0,rb2007,3088,3091,3081,3091.0,114,3909,3087.0,rb2001,3310.0,3327.0,3285.0,3318.0,1855084.0,1706585.0,3304.0
2019-10-25,3308.86434903358,1702633.0,2200751.0,rb1911,3558,3558,3466,3487.0,22,479,3485.0,rb1912,3421,3436,3403,3428.0,285,360,3415.0,rb2001,3320,3345,3300,3344.0,1571876,1663327,3320.0,rb2002,3201,3215,3190,3206.0,170,5107,3201.0,rb2003,3196,3209,3185,3209.0,131,5659,3195.0,rb2004,3217,3217,3217,3217.0,1,926,3217.0,rb2005,3191,3210,3184,3210.0,113247,469213,3196.0,rb2006,3095,3113,3086,3105.0,168,5163,3103.0,rb2007,3091,3112,3090,3105.0,129,3924,3102.0,rb2001,3320.0,3345.0,3300.0,3344.0,1571876.0,1663327.0,3320.0
2019-10-28,3293.4675003016787,1647069.0,2162897.0,rb1911,3460,3505,3457,3487.0,85,477,3470.0,rb1912,3440,3467,3428,3441.0,57,362,3444.0,rb2001,3347,3366,3322,3327.0,1521811,1624413,3341.0,rb2002,3218,3235,3201,3204.0,190,5168,3217.0,rb2003,3217,3230,3198,3200.0,300,5874,3209.0,rb2004,3244,3258,3225,3225.0,20,922,3246.0,rb2005,3215,3228,3196,3202.0,113843,469496,3210.0,rb2006,3113,3125,3100,3102.0,138,5161,3112.0,rb2007,3115,3124,3097,3100.0,134,3943,3105.0,rb2001,3347.0,3366.0,3322.0,3327.0,1521811.0,1624413.0,3341.0
2019-10-29,3312.5776829093693,1457179.0,2151284.0,rb1911,3487,3505,3469,3501.0,43,454,3484.0,rb1912,3435,3461,3422,3441.0,57,373,3434.0,rb2001,3331,3359,3316,3348.0,1355299,1615186,3339.0,rb2002,3210,3230,3201,3226.0,99,5164,3217.0,rb2003,3205,3226,3205,3225.0,70,5870,3218.0,rb2004,3225,3252,3225,3251.0,9,915,3248.0,rb2005,3201,3220,3191,3216.0,92486,466802,3207.0,rb2006,3109,3118,3095,3112.0,329,5148,3100.0,rb2007,3102,3114,3093,3105.0,82,3966,3104.0,rb2001,3331.0,3359.0,3316.0,3348.0,1355299.0,1615186.0,3339.0
2019-10-30,3333.748428034889,1852300.0,2172122.0,rb1911,3453,3484,3453,3484.0,60,457,3468.0,rb1912,3446,3446,3425,3445.0,61,370,3438.0,rb2001,3351,3376,3330,3373.0,1707244,1626129,3351.0,rb2002,3225,3245,3210,3245.0,215,5169,3226.0,rb2003,3225,3243,3204,3243.0,184,5914,3227.0,rb2004,3235,3262,3235,3261.0,29,908,3248.0,rb2005,3217,3229,3199,3228.0,133843,474352,3213.0,rb2006,3111,3125,3099,3119.0,218,5287,3105.0,rb2007,3107,3118,3092,3118.0,178,4009,3101.0,rb2001,3351.0,3376.0,3330.0,3373.0,1707244.0,1626129.0,3351.0
2019-10-31,3326.1114721476765,1625104.0,2147828.0,rb1911,3478,3589,3403,3435.0,177,360,3494.0,rb1912,3445,3471,3442,3460.0,121,353,3459.0,rb2001,3380,3390,3357,3367.0,1498908,1597712,3374.0,rb2002,3246,3259,3235,3249.0,216,5153,3247.0,rb2003,3237,3256,3236,3240.0,113,5910,3243.0,rb2004,3269,3276,3259,3261.0,7,907,3270.0,rb2005,3235,3239,3214,3218.0,114602,478168,3227.0,rb2006,3129,3129,3108,3113.0,355,5285,3126.0,rb2007,3116,3123,3103,3115.0,129,4020,3114.0,rb2001,3380.0,3390.0,3357.0,3367.0,1498908.0,1597712.0,3374.0
2019-11-01,3337.9519264271566,1493810.0,2115237.0,rb1911,0,0,0,3494.0,0,360,3494.0,rb1912,3437,3474,3434,3471.0,53,335,3447.0,rb2001,3363,3381,3343,3380.0,1374198,1561342,3364.0,rb2002,3232,3256,3226,3255.0,130,5157,3243.0,rb2003,3233,3253,3226,3253.0,47,5898,3239.0,rb2004,3251,3258,3251,3258.0,4,903,3254.0,rb2005,3215,3233,3206,3231.0,105325,480293,3220.0,rb2006,3109,3130,3109,3120.0,125,5307,3115.0,rb2007,3109,3115,3103,3114.0,52,4031,3108.0,rb2001,3363.0,3381.0,3343.0,3380.0,1374198.0,1561342.0,3364.0
2019-11-04,3338.088495809673,1489990.0,2151503.0,rb1911,0,0,0,3509.0,0,360,3509.0,rb1912,3470,3470,3450,3470.0,36,330,3459.0,rb2001,3375,3387,3359,3382.0,1362610,1588306,3375.0,rb2002,3256,3256,3240,3252.0,120,5173,3248.0,rb2003,3242,3256,3238,3243.0,141,5871,3248.0,rb2004,3273,3275,3265,3265.0,10,895,3272.0,rb2005,3232,3235,3218,3226.0,116333,487853,3226.0,rb2006,3130,3132,3118,3125.0,57,5296,3124.0,rb2007,3118,3118,3108,3116.0,51,4035,3113.0,rb2001,3375.0,3387.0,3359.0,3382.0,1362610.0,1588306.0,3375.0
2019-11-05,3384.453120527725,1926682.0,2242986.0,rb1911,3600,3600,3600,3600.0,30,360,3600.0,rb1912,3472,3508,3461,3508.0,56,329,3489.0,rb2001,3383,3435,3368,3434.0,1739070,1666645,3398.0,rb2002,3261,3288,3246,3288.0,256,5225,3269.0,rb2003,3246,3296,3240,3286.0,309,5888,3268.0,rb2004,3268,3298,3262,3298.0,25,877,3285.0,rb2005,3224,3255,3217,3254.0,172074,500058,3235.0,rb2006,3125,3141,3119,3141.0,136,5310,3132.0,rb2007,3115,3135,3110,3135.0,185,4035,3122.0,rb2001,3383.0,3435.0,3368.0,3434.0,1739070.0,1666645.0,3398.0
2019-11-06,3387.2791073870203,1904388.0,2213098.0,rb1911,3600,3600,3600,3600.0,30,330,3600.0,rb1912,3490,3532,3490,3530.0,82,331,3518.0,rb2001,3430,3467,3426,3441.0,1679434,1621861,3444.0,rb2002,3289,3316,3281,3288.0,217,5265,3300.0,rb2003,3280,3308,3280,3294.0,171,5912,3294.0,rb2004,3299,3312,3294,3297.0,98,908,3300.0,rb2005,3255,3277,3248,3252.0,205471,515118,3258.0,rb2006,3148,3162,3140,3144.0,129,5297,3148.0,rb2007,3138,3160,3138,3147.0,378,4066,3147.0,rb2001,3430.0,3467.0,3426.0,3441.0,1679434.0,1621861.0,3444.0
2019-11-07,3365.9199868696965,1612891.0,2190353.0,rb1911,3700,3700,3700,3700.0,90,420,3700.0,rb1912,3520,3531,3504,3509.0,56,304,3518.0,rb2001,3443,3458,3416,3418.0,1446060,1600918,3440.0,rb2002,3295,3306,3275,3277.0,224,5253,3294.0,rb2003,3293,3293,3271,3271.0,9,5909,3282.0,rb2004,3294,3304,3285,3286.0,11,907,3295.0,rb2005,3251,3266,3235,3237.0,151458,511495,3253.0,rb2006,3146,3152,3136,3141.0,101,5298,3144.0,rb2007,3146,3155,3131,3131.0,60,4078,3143.0,rb2001,3443.0,3458.0,3416.0,3418.0,1446060.0,1600918.0,3440.0
2019-11-08,3359.6461611279174,1386414.0,2169804.0,rb1911,0,0,0,3700.0,0,420,3700.0,rb1912,3499,3520,3499,3520.0,11,304,3515.0,rb2001,3421,3425,3401,3412.0,1211297,1576695,3412.0,rb2002,3299,3299,3272,3273.0,87,5268,3284.0,rb2003,3267,3267,3254,3265.0,30,5906,3265.0,rb2004,3273,3275,3273,3273.0,6,907,3273.0,rb2005,3235,3247,3225,3233.0,158074,513193,3234.0,rb2006,3133,3140,3121,3131.0,111,5298,3130.0,rb2007,3134,3139,3126,3132.0,58,4091,3131.0,rb2001,3421.0,3425.0,3401.0,3412.0,1211297.0,1576695.0,3412.0
2019-11-11,3321.5868266980283,2132643.0,2151245.0,rb1911,0,0,0,3690.0,0,420,3690.0,rb1912,3502,3502,3457,3481.0,16,294,3480.0,rb2001,3402,3407,3346,3373.0,1861866,1511511,3368.0,rb2002,3260,3263,3231,3246.0,115,5257,3246.0,rb2003,3228,3251,3211,3240.0,249,5925,3232.0,rb2004,3267,3267,3238,3253.0,61,940,3248.0,rb2005,3230,3231,3197,3215.0,230135,545964,3210.0,rb2006,3124,3133,3101,3116.0,571,5322,3120.0,rb2007,3124,3128,3102,3115.0,833,4104,3117.0,rb2001,3402.0,3407.0,3346.0,3373.0,1861866.0,1511511.0,3368.0
2019-11-12,3390.299928595962,2224696.0,2212760.0,rb1911,0,0,0,3690.0,0,420,3690.0,rb1912,3485,3544,3476,3539.0,95,250,3520.0,rb2001,3373,3452,3362,3449.0,2002477,1568937,3409.0,rb2002,3260,3304,3250,3304.0,169,5258,3270.0,rb2003,3258,3298,3237,3298.0,151,5914,3276.0,rb2004,3262,3298,3256,3298.0,29,942,3281.0,rb2005,3210,3265,3207,3263.0,195692,552601,3237.0,rb2006,3126,3159,3114,3155.0,171,5309,3136.0,rb2007,3122,3148,3115,3147.0,173,4106,3133.0,rb2001,3373.0,3452.0,3362.0,3449.0,2002477.0,1568937.0,3409.0
2019-11-13,3383.4103077054665,1365631.0,2162945.0,rb1911,0,0,0,3690.0,0,420,3690.0,rb1912,3530,3559,3518,3544.0,11,248,3530.0,rb2001,3448,3460,3427,3442.0,1208495,1517401,3442.0,rb2002,3297,3308,3290,3292.0,107,5267,3296.0,rb2003,3298,3300,3281,3294.0,10,5910,3294.0,rb2004,3295,3302,3295,3296.0,3,942,3297.0,rb2005,3263,3272,3250,3261.0,139314,555634,3260.0,rb2006,3159,3159,3144,3151.0,180,5309,3152.0,rb2007,3136,3157,3136,3149.0,85,4114,3152.0,rb2001,3448.0,3460.0,3427.0,3442.0,1208495.0,1517401.0,3442.0
2019-11-14,3450.053938251223,2589641.0,2259899.0,rb1911,0,0,0,3690.0,0,420,3690.0,rb1912,3583,3599,3528,3599.0,66,246,3566.0,rb2001,3447,3520,3435,3511.0,2104232,1549103,3476.0,rb2002,3300,3370,3297,3369.0,746,5458,3346.0,rb2003,3300,3373,3295,3363.0,306,6063,3347.0,rb2004,3307,3391,3306,3381.0,69,942,3341.0,rb2005,3280,3348,3262,3335.0,427115,613126,3312.0,rb2006,3155,3211,3153,3207.0,332,5315,3183.0,rb2007,3151,3210,3147,3210.0,399,4133,3186.0,rb2001,3447.0,3520.0,3435.0,3511.0,2104232.0,1549103.0,3476.0
2019-11-15,3477.404741399489,2067877.0,2264226.0,rb1911,0,0,0,3700.0,0,420,3700.0,rb1912,3622,3649,3618,3648.0,103,219,3635.0,rb2001,3511,3554,3506,3545.0,1668857,1507529,3535.0,rb2002,3373,3405,3359,3393.0,462,5538,3392.0,rb2003,3368,3402,3368,3397.0,162,6074,3390.0,rb2004,3383,3410,3383,3398.0,71,945,3403.0,rb2005,3337,3380,3332,3360.0,363978,657934,3362.0,rb2006,3210,3242,3208,3226.0,405,5312,3220.0,rb2007,3206,3240,3206,3225.0,436,4152,3225.0,rb2001,3511.0,3554.0,3506.0,3545.0,1668857.0,1507529.0,3535.0
2019-11-18,3476.7673648458526,2132760.0,2263841.0,rb1912,3674,3691,3636,3690.0,65,202,3674.0,rb2001,3548,3576,3535,3556.0,1703238,1516925,3553.0,rb2002,3388,3410,3380,3400.0,407,5586,3399.0,rb2003,3375,3407,3371,3390.0,291,6111,3395.0,rb2004,3382,3404,3366,3388.0,65,916,3391.0,rb2005,3369,3370,3320,3334.0,389536,643877,3344.0,rb2006,3213,3229,3186,3201.0,131,5306,3209.0,rb2007,3214,3230,3192,3201.0,93,4147,3210.0,rb2008,3259,3260,3231,3231.0,34,1102,3248.0,rb2001,3548.0,3576.0,3535.0,3556.0,1703238.0,1516925.0,3553.0
2019-11-19,3540.390791133341,3005681.0,2290423.0,rb1912,3704,3751,3675,3704.0,45,199,3720.0,rb2001,3559,3639,3548,3635.0,2521211,1532284,3590.0,rb2002,3430,3456,3388,3456.0,483,5713,3425.0,rb2003,3414,3438,3378,3438.0,981,6242,3411.0,rb2004,3411,3415,3361,3398.0,55,916,3385.0,rb2005,3340,3370,3313,3369.0,423551,653165,3340.0,rb2006,3211,3235,3185,3222.0,303,5294,3204.0,rb2007,3218,3223,3183,3223.0,125,4145,3200.0,rb2008,3251,3259,3216,3231.0,69,1089,3233.0,rb2001,3559.0,3639.0,3548.0,3635.0,2521211.0,1532284.0,3590.0
2019-11-20,3574.0893640695363,2618129.0,2291760.0,rb1912,3763,3838,3747,3831.0,83,214,3804.0,rb2001,3637,3691,3624,3676.0,2162040,1517402,3660.0,rb2002,3456,3505,3456,3495.0,958,5974,3479.0,rb2003,3439,3480,3432,3469.0,288,6391,3456.0,rb2004,3422,3452,3419,3447.0,77,965,3429.0,rb2005,3382,3408,3366,3395.0,405508,664890,3389.0,rb2006,3229,3256,3224,3248.0,308,5301,3239.0,rb2007,3221,3257,3221,3252.0,209,4168,3239.0,rb2008,3256,3286,3256,3278.0,61,1074,3268.0,rb2001,3637.0,3691.0,3624.0,3676.0,2162040.0,1517402.0,3660.0
2019-11-21,3524.4497975717554,2537376.0,2236595.0,rb1912,3811,3825,3788,3795.0,48,198,3807.0,rb2001,3691,3691,3610,3619.0,2108641,1457649,3643.0,rb2002,3493,3501,3447,3447.0,331,5836,3481.0,rb2003,3481,3481,3428,3430.0,204,6501,3446.0,rb2004,3423,3448,3400,3400.0,56,962,3421.0,rb2005,3400,3405,3355,3366.0,387058,666069,3382.0,rb2006,3238,3259,3224,3235.0,348,5309,3244.0,rb2007,3228,3256,3227,3229.0,201,4243,3243.0,rb2008,3279,3280,3257,3272.0,52,1082,3271.0,rb2001,3691.0,3691.0,3610.0,3619.0,2108641.0,1457649.0,3643.0
2019-11-22,3554.3236011988747,2099739.0,2264457.0,rb1912,3774,3831,3774,3831.0,31,206,3810.0,rb2001,3621,3659,3618,3655.0,1699225,1457648,3642.0,rb2002,3459,3499,3459,3494.0,148,5846,3481.0,rb2003,3457,3477,3449,3468.0,96,6510,3461.0,rb2004,3457,3457,3425,3441.0,22,960,3443.0,rb2005,3369,3410,3361,3390.0,360610,694273,3389.0,rb2006,3244,3267,3243,3257.0,352,5310,3252.0,rb2007,3240,3265,3240,3256.0,108,4254,3253.0,rb2008,3274,3295,3271,3295.0,18,1081,3279.0,rb2001,3621.0,3659.0,3618.0,3655.0,1699225.0,1457648.0,3642.0
2019-11-25,3587.6064652353275,2611992.0,2242981.0,rb1912,3813,3927,3805,3900.0,59,172,3886.0,rb2001,3656,3720,3631,3697.0,2083859,1420483,3683.0,rb2002,3485,3547,3465,3539.0,250,5880,3525.0,rb2003,3470,3523,3441,3510.0,314,6579,3499.0,rb2004,3423,3468,3423,3464.0,23,964,3458.0,rb2005,3399,3429,3366,3417.0,471018,706019,3400.0,rb2006,3257,3290,3240,3283.0,189,5298,3273.0,rb2007,3255,3298,3241,3284.0,170,4256,3275.0,rb2008,3280,3314,3280,3311.0,16,1083,3304.0,rb2001,3656.0,3720.0,3631.0,3697.0,2083859.0,1420483.0,3683.0
2019-11-26,3501.701052908697,2473756.0,2149949.0,rb1912,3856,3937,3856,3891.0,58,166,3892.0,rb2001,3689,3690,3603,3611.0,1925400,1291490,3641.0,rb2002,3521,3521,3468,3495.0,149,5854,3485.0,rb2003,3482,3483,3450,3450.0,105,6589,3467.0,rb2004,3440,3450,3402,3412.0,29,961,3426.0,rb2005,3409,3409,3350,3354.0,483135,730532,3374.0,rb2006,3271,3271,3243,3246.0,393,5307,3256.0,rb2007,3272,3272,3236,3250.0,179,4255,3253.0,rb2008,3297,3299,3266,3271.0,68,1107,3287.0,rb2001,3689.0,3690.0,3603.0,3611.0,1925400.0,1291490.0,3641.0
2019-11-27,3491.03237730144,1924495.0,2136435.0,rb1912,3871,3943,3861,3919.0,71,177,3913.0,rb2001,3605,3622,3588,3596.0,1506088,1249815,3605.0,rb2002,3443,3494,3443,3485.0,497,5936,3474.0,rb2003,3447,3476,3439,3473.0,108,6666,3452.0,rb2004,3400,3403,3390,3399.0,23,960,3399.0,rb2005,3353,3377,3334,3360.0,377505,754797,3355.0,rb2006,3240,3263,3231,3250.0,292,5299,3247.0,rb2007,3247,3258,3228,3247.0,70,4255,3244.0,rb2008,3265,3281,3260,3281.0,17,1097,3263.0,rb2001,3605.0,3622.0,3588.0,3596.0,1506088.0,1249815.0,3605.0
2019-11-28,3520.9868148645382,2681693.0,2106463.0,rb1912,3925,3973,3901,3950.0,92,158,3939.0,rb2001,3589,3625,3563,3618.0,1902479,1166587,3587.0,rb2002,3456,3530,3445,3510.0,642,6051,3478.0,rb2003,3453,3511,3441,3486.0,726,7019,3460.0,rb2004,3398,3470,3396,3470.0,54,967,3410.0,rb2005,3360,3432,3350,3418.0,710453,811474,3386.0,rb2006,3249,3310,3246,3292.0,332,5296,3279.0,rb2007,3247,3298,3247,3282.0,153,4256,3275.0,rb2008,3270,3326,3270,3326.0,30,1088,3301.0,rb2001,3589.0,3625.0,3563.0,3618.0,1902479.0,1166587.0,3587.0
2019-11-29,3518.031043821425,2602867.0,2091785.0,rb1912,3990,3990,3778,3980.0,173,90,3938.0,rb2001,3616,3644,3587,3620.0,1721792,1071543,3618.0,rb2002,3497,3539,3483,3527.0,411,6083,3521.0,rb2003,3485,3525,3483,3505.0,232,7138,3510.0,rb2004,3455,3484,3452,3466.0,35,972,3466.0,rb2005,3420,3451,3392,3427.0,808219,885063,3424.0,rb2006,3305,3329,3288,3318.0,353,5302,3312.0,rb2007,3288,3328,3281,3309.0,483,4207,3314.0,rb2008,3316,3359,3316,3344.0,100,1043,3340.0,rb2001,3616.0,3644.0,3587.0,3620.0,1721792.0,1071543.0,3618.0
2019-12-02,3520.530683813164,2364924.0,2081358.0,rb1912,3900,4078,3716,3716.0,180,30,3952.0,rb2001,3601,3645,3566,3634.0,1550935,1011282,3607.0,rb2002,3504,3535,3477,3522.0,949,6541,3496.0,rb2003,3491,3520,3475,3507.0,168,7195,3492.0,rb2004,3503,3503,3440,3479.0,35,979,3467.0,rb2005,3423,3445,3393,3429.0,745898,925165,3419.0,rb2006,3304,3331,3290,3323.0,308,5316,3309.0,rb2007,3306,3326,3289,3320.0,111,4195,3312.0,rb2008,3331,3358,3308,3342.0,25,1043,3324.0,rb2001,3601.0,3645.0,3566.0,3634.0,1550935.0,1011282.0,3607.0
2019-12-03,3486.5835788755744,1560901.0,2070248.0,rb1912,3760,3760,3760,3760.0,30,60,3760.0,rb2001,3631,3649,3596,3599.0,1028680,971996,3619.0,rb2002,3516,3530,3501,3503.0,162,6564,3517.0,rb2003,3508,3520,3488,3488.0,79,7241,3507.0,rb2004,3477,3480,3455,3455.0,37,979,3468.0,rb2005,3433,3443,3401,3403.0,494976,945504,3423.0,rb2006,3322,3330,3299,3301.0,169,5318,3313.0,rb2007,3324,3328,3298,3298.0,100,4199,3310.0,rb2008,3345,3345,3329,3329.0,14,1033,3333.0,rb2001,3631.0,3649.0,3596.0,3599.0,1028680.0,971996.0,3619.0
2019-12-04,3490.597395321489,1970674.0,2054457.0,rb1912,0,0,0,3760.0,0,60,3760.0,rb2001,3586,3640,3578,3603.0,1149345,941269,3608.0,rb2002,3478,3533,3478,3504.0,1231,6935,3516.0,rb2003,3481,3518,3471,3485.0,91,7279,3496.0,rb2004,3450,3477,3428,3458.0,56,976,3441.0,rb2005,3398,3436,3377,3413.0,769903,954330,3409.0,rb2006,3292,3322,3280,3293.0,343,5304,3299.0,rb2007,3273,3313,3271,3305.0,48,4201,3298.0,rb2008,3317,3341,3317,3341.0,6,1033,3323.0,rb2001,3586.0,3640.0,3578.0,3603.0,1149345.0,941269.0,3608.0
2019-12-05,3473.058080829044,1854605.0,2047853.0,rb1912,3800,3800,3800,3800.0,30,60,3800.0,rb2001,3603,3629,3583,3585.0,817440,889802,3609.0,rb2002,3510,3535,3494,3494.0,719,7118,3516.0,rb2003,3508,3537,3488,3490.0,239,7406,3506.0,rb2004,3480,3485,3469,3476.0,43,980,3484.0,rb2005,3417,3458,3401,3404.0,984221,993674,3429.0,rb2006,3305,3335,3288,3288.0,237,5277,3316.0,rb2007,3308,3327,3295,3298.0,125,4214,3312.0,rb2008,3343,3362,3321,3321.0,20,1020,3350.0,rb2005,3417.0,3458.0,3401.0,3404.0,984221.0,993674.0,3429.0
2019-12-06,3493.7352394756813,1722861.0,2054551.0,rb1912,0,0,0,3800.0,0,60,3800.0,rb2001,3580,3619,3573,3609.0,530912,803003,3599.0,rb2002,3495,3522,3485,3518.0,304,7296,3510.0,rb2003,3474,3517,3474,3512.0,270,7600,3506.0,rb2004,3454,3463,3454,3463.0,239,1137,3459.0,rb2005,3399,3439,3387,3437.0,1144106,1083803,3417.0,rb2006,3288,3329,3285,3321.0,671,5256,3315.0,rb2007,3277,3317,3277,3316.0,76,4200,3300.0,rb2008,3328,3347,3318,3347.0,27,1013,3331.0,rb2005,3399.0,3439.0,3387.0,3437.0,1144106.0,1083803.0,3417.0
2019-12-09,3554.17662631028,2798738.0,2021324.0,rb1912,4000,4000,4000,4000.0,30,30,4000.0,rb2001,3613,3695,3594,3668.0,733024,680453,3643.0,rb2002,3539,3590,3506,3560.0,1906,8420,3537.0,rb2003,3509,3570,3508,3545.0,1311,8362,3539.0,rb2004,3487,3575,3471,3563.0,301,1352,3498.0,rb2005,3441,3535,3432,3511.0,1948362,1176167,3492.0,rb2006,3330,3420,3312,3397.0,409,5272,3374.0,rb2007,3317,3412,3313,3390.0,392,4217,3371.0,rb2008,3352,3441,3350,3426.0,50,1010,3408.0,rb2005,3441.0,3535.0,3432.0,3511.0,1948362.0,1176167.0,3492.0
2019-12-10,3551.617946376166,1499178.0,1991689.0,rb1912,0,0,0,4000.0,0,30,4000.0,rb2001,3668,3698,3661,3683.0,281912,637598,3681.0,rb2002,3586,3587,3560,3572.0,44,8419,3576.0,rb2003,3555,3584,3538,3551.0,434,8447,3571.0,rb2004,3558,3570,3541,3543.0,318,1478,3556.0,rb2005,3511,3537,3496,3505.0,1157322,1181052,3513.0,rb2006,3418,3423,3395,3407.0,418,5261,3413.0,rb2007,3397,3414,3388,3388.0,74,4209,3401.0,rb2008,3425,3439,3421,3421.0,24,1007,3429.0,rb2005,3511.0,3537.0,3496.0,3505.0,1157322.0,1181052.0,3513.0
2019-12-11,3587.034939729492,1798071.0,1998241.0,rb1912,0,0,0,4000.0,0,30,4000.0,rb2001,3680,3745,3680,3743.0,387178,589703,3721.0,rb2002,3572,3638,3571,3627.0,353,8439,3617.0,rb2003,3560,3615,3556,3605.0,130,8476,3590.0,rb2004,3553,3580,3553,3580.0,26,1488,3567.0,rb2005,3505,3545,3505,3537.0,1356782,1231060,3528.0,rb2006,3405,3439,3403,3437.0,152,5270,3423.0,rb2007,3404,3425,3400,3415.0,118,4202,3412.0,rb2008,3430,3457,3430,3453.0,15,1004,3445.0,rb2005,3505.0,3545.0,3505.0,3537.0,1356782.0,1231060.0,3528.0
2019-12-12,3574.297727424836,1963770.0,1987217.0,rb1912,4240,4240,4240,4240.0,30,30,4240.0,rb2001,3746,3772,3722,3749.0,308213,543491,3745.0,rb2002,3645,3657,3605,3617.0,86,8411,3619.0,rb2003,3602,3636,3592,3614.0,222,8497,3607.0,rb2004,3590,3610,3553,3560.0,75,1494,3574.0,rb2005,3534,3570,3508,3524.0,1584661,1255640,3533.0,rb2006,3430,3460,3403,3426.0,336,5260,3428.0,rb2007,3420,3445,3400,3408.0,220,4094,3417.0,rb2008,3464,3464,3433,3439.0,23,997,3443.0,rb2005,3534.0,3570.0,3508.0,3524.0,1584661.0,1255640.0,3533.0
2019-12-13,3564.0271484528125,1687958.0,1964274.0,rb1912,0,0,0,4240.0,0,30,4240.0,rb2001,3752,3765,3713,3726.0,206904,509130,3733.0,rb2002,3608,3647,3595,3606.0,81,8385,3615.0,rb2003,3589,3619,3588,3602.0,96,8490,3595.0,rb2004,3584,3584,3550,3550.0,15,1492,3564.0,rb2005,3530,3548,3502,3523.0,1418949,1263377,3524.0,rb2006,3418,3434,3400,3419.0,116,5255,3416.0,rb2007,3405,3425,3393,3407.0,32,4088,3408.0,rb2008,3426,3449,3426,3449.0,13,993,3438.0,rb2005,3530.0,3548.0,3502.0,3523.0,1418949.0,1263377.0,3524.0
2019-12-16,3518.034348827689,2438768.0,1961639.0,rb1912,0,0,0,3985.0,0,30,3985.0,rb2001,3714,3757,3690,3697.0,257884,457610,3717.0,rb2002,3600,3637,3576,3576.0,343,8159,3597.0,rb2003,3597,3629,3553,3553.0,758,8343,3572.0,rb2004,3576,3593,3520,3520.0,83,1518,3559.0,rb2005,3525,3558,3472,3480.0,2077510,1293144,3512.0,rb2006,3411,3445,3376,3376.0,252,5255,3406.0,rb2007,3405,3433,3370,3370.0,366,3984,3388.0,rb2008,3447,3477,3415,3422.0,135,1032,3441.0,rb2005,3525.0,3558.0,3472.0,3480.0,2077510.0,1293144.0,3512.0
2019-12-17,3515.8869820513587,1367431.0,1938754.0,rb2001,3692,3697,3680,3687.0,123541,426415,3689.0,rb2002,3580,3580,3557,3576.0,56,8149,3569.0,rb2003,3567,3570,3536,3570.0,230,8435,3554.0,rb2004,3515,3539,3505,3533.0,108,1502,3518.0,rb2005,3482,3495,3456,3484.0,1196888,1297955,3478.0,rb2006,3375,3396,3365,3381.0,213,5233,3373.0,rb2007,3370,3379,3353,3372.0,53,3984,3368.0,rb2008,3398,3407,3390,3407.0,38,1060,3395.0,rb2009,3378,3400,3375,3400.0,187,2231,3386.0,rb2005,3482.0,3495.0,3456.0,3484.0,1196888.0,1297955.0,3478.0
2019-12-18,3506.013047965778,1117958.0,1896081.0,rb2001,3690,3700,3683,3688.0,95827,390588,3692.0,rb2002,3609,3633,3555,3568.0,75,8138,3577.0,rb2003,3560,3582,3556,3556.0,48,8452,3568.0,rb2004,3531,3531,3531,3531.0,1,1502,3531.0,rb2005,3489,3503,3469,3476.0,978176,1286978,3483.0,rb2006,3384,3403,3378,3378.0,76,5222,3385.0,rb2007,3372,3380,3365,3365.0,61,3943,3373.0,rb2008,3407,3424,3407,3410.0,6,1056,3411.0,rb2009,3392,3426,3382,3382.0,361,2243,3392.0,rb2005,3489.0,3503.0,3469.0,3476.0,978176.0,1286978.0,3483.0
2019-12-19,3539.8862135346308,1564260.0,1880997.0,rb2001,3690,3722,3682,3716.0,120376,343707,3703.0,rb2002,3577,3610,3554,3600.0,58,8122,3584.0,rb2003,3563,3600,3550,3589.0,50,8457,3575.0,rb2004,3526,3564,3520,3557.0,12,1498,3528.0,rb2005,3486,3529,3465,3518.0,1380527,1322634,3498.0,rb2006,3384,3424,3374,3419.0,429,5370,3405.0,rb2007,3370,3405,3358,3400.0,106,3949,3381.0,rb2008,3409,3442,3403,3437.0,36,1032,3424.0,rb2009,3388,3426,3383,3424.0,507,2163,3409.0,rb2005,3486.0,3529.0,3465.0,3518.0,1380527.0,1322634.0,3498.0
2019-12-20,3528.948794061658,1372758.0,1827581.0,rb2001,3720,3735,3711,3719.0,96469,315246,3722.0,rb2002,3590,3615,3590,3598.0,649,8014,3599.0,rb2003,3590,3610,3581,3581.0,558,8375,3597.0,rb2004,3552,3574,3552,3574.0,59,1485,3558.0,rb2005,3518,3537,3498,3507.0,1228251,1296699,3515.0,rb2006,3409,3434,3398,3413.0,302,5181,3402.0,rb2007,3381,3415,3381,3397.0,47,3948,3403.0,rb2008,3427,3444,3425,3432.0,25,1028,3433.0,rb2009,3412,3433,3400,3404.0,194,2129,3419.0,rb2005,3518.0,3537.0,3498.0,3507.0,1228251.0,1296699.0,3515.0
2019-12-23,3554.148823342828,1442546.0,1856913.0,rb2001,3719,3749,3719,3741.0,105369,286728,3739.0,rb2002,3616,3637,3615,3626.0,89,7965,3622.0,rb2003,3581,3621,3581,3600.0,48,8375,3610.0,rb2004,3580,3585,3575,3577.0,10,1481,3580.0,rb2005,3510,3549,3508,3538.0,1279002,1352725,3534.0,rb2006,3408,3438,3408,3435.0,75,5176,3429.0,rb2007,3404,3426,3404,3409.0,50,3938,3415.0,rb2008,3459,3462,3449,3457.0,22,1027,3457.0,rb2009,3413,3445,3396,3440.0,328,2130,3435.0,rb2005,3510.0,3549.0,3508.0,3538.0,1279002.0,1352725.0,3534.0
2019-12-24,3525.32329361894,1382362.0,1867417.0,rb2001,3741,3754,3718,3725.0,83294,262725,3730.0,rb2002,3617,3633,3593,3609.0,85,7928,3609.0,rb2003,3598,3628,3587,3593.0,144,8324,3599.0,rb2004,3591,3593,3574,3574.0,15,1471,3580.0,rb2005,3543,3555,3502,3510.0,1249680,1379288,3522.0,rb2006,3436,3436,3403,3411.0,111,5189,3419.0,rb2007,3424,3424,3390,3394.0,90,3922,3405.0,rb2008,3448,3456,3423,3429.0,26,1022,3433.0,rb2009,3438,3448,3409,3415.0,354,2252,3425.0,rb2005,3543.0,3555.0,3502.0,3510.0,1249680.0,1379288.0,3522.0
2019-12-25,3497.117572488388,1061305.0,1861643.0,rb2001,3725,3729,3695,3695.0,61789,245488,3714.0,rb2002,3676,3692,3572,3572.0,267,7817,3599.0,rb2003,3592,3602,3562,3562.0,146,8264,3583.0,rb2004,3567,3568,3528,3535.0,5,1472,3551.0,rb2005,3510,3522,3483,3485.0,960599,1381284,3504.0,rb2006,3437,3437,3385,3387.0,233,5301,3404.0,rb2007,3401,3407,3372,3372.0,174,3803,3397.0,rb2008,3437,3439,3410,3410.0,12,1020,3432.0,rb2009,3422,3424,3392,3395.0,167,2281,3407.0,rb2005,3510.0,3522.0,3483.0,3485.0,960599.0,1381284.0,3504.0
2019-12-26,3536.73014589314,1397643.0,1867120.0,rb2001,3695,3741,3683,3734.0,74580,221481,3710.0,rb2002,3585,3600,3555,3600.0,241,7739,3583.0,rb2003,3569,3625,3558,3599.0,235,8286,3586.0,rb2004,3537,3581,3523,3577.0,39,1477,3568.0,rb2005,3482,3534,3470,3529.0,1263934,1410621,3501.0,rb2006,3372,3420,3371,3420.0,131,5325,3398.0,rb2007,3370,3410,3360,3410.0,172,3809,3395.0,rb2008,3410,3448,3410,3447.0,8,1020,3439.0,rb2009,3386,3430,3377,3427.0,280,2314,3414.0,rb2005,3482.0,3534.0,3470.0,3529.0,1263934.0,1410621.0,3501.0
2019-12-27,3545.425836064174,1209154.0,1873660.0,rb2001,3731,3763,3726,3757.0,70049,187960,3748.0,rb2002,3608,3620,3602,3609.0,658,7818,3614.0,rb2003,3594,3617,3594,3610.0,875,8167,3609.0,rb2004,3571,3599,3571,3587.0,12,1471,3581.0,rb2005,3527,3554,3522,3541.0,1073887,1451869,3537.0,rb2006,3419,3449,3414,3439.0,1037,4885,3439.0,rb2007,3413,3432,3406,3417.0,794,3274,3424.0,rb2008,3454,3473,3450,3453.0,31,998,3461.0,rb2009,3422,3444,3422,3436.0,386,2203,3432.0,rb2005,3527.0,3554.0,3522.0,3541.0,1073887.0,1451869.0,3537.0
2019-12-30,3548.906484735384,1079946.0,1856745.0,rb2001,3742,3791,3742,3788.0,72199,162066,3774.0,rb2002,3607,3640,3600,3623.0,92,7820,3621.0,rb2003,3683,3683,3578,3617.0,122,8179,3621.0,rb2004,3578,3614,3578,3609.0,16,1471,3602.0,rb2005,3541,3563,3530,3545.0,956166,1458086,3543.0,rb2006,3434,3466,3434,3458.0,433,4601,3453.0,rb2007,3417,3437,3415,3421.0,132,3202,3423.0,rb2008,3455,3474,3446,3465.0,58,997,3461.0,rb2009,3430,3450,3428,3440.0,250,2170,3440.0,rb2005,3541.0,3563.0,3530.0,3545.0,956166.0,1458086.0,3543.0
2019-12-31,3560.865970910148,1456430.0,1788940.0,rb2001,3794,3800,3781,3782.0,112298,84858,3796.0,rb2002,3625,3656,3624,3652.0,689,7402,3643.0,rb2003,3648,3648,3612,3643.0,274,8231,3632.0,rb2004,3600,3615,3577,3615.0,47,1473,3601.0,rb2005,3545,3577,3535,3569.0,1259779,1474179,3558.0,rb2006,3462,3477,3451,3477.0,229,4611,3464.0,rb2007,3423,3450,3422,3443.0,158,3135,3437.0,rb2008,3463,3483,3463,3479.0,47,1004,3475.0,rb2009,3440,3459,3433,3458.0,276,2146,3447.0,rb2005,3545.0,3577.0,3535.0,3569.0,1259779.0,1474179.0,3558.0
2020-01-02,3534.4367251471367,1087440.0,1745654.0,rb2001,3764,3780,3741,3742.0,33918,63120,3760.0,rb2002,3660,3669,3605,3619.0,393,7423,3649.0,rb2003,3645,3645,3602,3602.0,333,8372,3624.0,rb2004,3619,3632,3585,3597.0,38,1468,3613.0,rb2005,3584,3593,3540,3547.0,976947,1443715,3563.0,rb2006,3480,3490,3443,3452.0,117,4586,3465.0,rb2007,3455,3465,3408,3430.0,87,3130,3442.0,rb2008,3495,3495,3465,3465.0,14,992,3479.0,rb2009,3488,3488,3434,3438.0,155,2136,3453.0,rb2005,3584.0,3593.0,3540.0,3547.0,976947.0,1443715.0,3563.0
2020-01-03,3528.329892339623,842964.0,1688272.0,rb2001,3748,3752,3739,3750.0,17550,47670,3747.0,rb2002,3603,3638,3582,3614.0,443,7416,3616.0,rb2003,3596,3632,3596,3611.0,61,8399,3614.0,rb2004,3591,3602,3588,3588.0,75,1433,3589.0,rb2005,3547,3567,3542,3543.0,778292,1398669,3552.0,rb2006,3479,3479,3450,3452.0,122,4589,3455.0,rb2007,3430,3445,3424,3429.0,93,3112,3432.0,rb2008,3467,3477,3461,3461.0,24,1005,3465.0,rb2009,3434,3450,3433,3433.0,185,2152,3440.0,rb2005,3547.0,3567.0,3542.0,3543.0,778292.0,1398669.0,3552.0
2020-01-06,3540.893364536865,1051174.0,1662205.0,rb2001,3750,3766,3748,3750.0,18570,31680,3755.0,rb2002,3587,3651,3586,3651.0,1598,5942,3629.0,rb2003,3603,3627,3598,3626.0,220,8377,3616.0,rb2004,3596,3605,3584,3599.0,100,1410,3596.0,rb2005,3540,3566,3526,3559.0,966449,1381265,3549.0,rb2006,3441,3466,3441,3460.0,204,4623,3454.0,rb2007,3421,3444,3411,3444.0,71,3099,3435.0,rb2008,3458,3475,3458,3469.0,25,1018,3466.0,rb2009,3416,3447,3403,3441.0,154,2165,3436.0,rb2005,3540.0,3566.0,3526.0,3559.0,966449.0,1381265.0,3549.0
2020-01-07,3554.7422674668014,762582.0,1669052.0,rb2001,3747,3758,3743,3748.0,9090,24270,3748.0,rb2002,3660,3679,3655,3679.0,1702,4325,3672.0,rb2003,3632,3645,3622,3640.0,223,8234,3637.0,rb2004,3568,3629,3568,3612.0,62,1420,3606.0,rb2005,3558,3580,3556,3574.0,708368,1400763,3569.0,rb2006,3465,3476,3458,3476.0,290,4558,3466.0,rb2007,3451,3459,3434,3458.0,53,3098,3454.0,rb2008,3484,3484,3478,3481.0,6,1017,3481.0,rb2009,3445,3459,3445,3456.0,134,2177,3454.0,rb2005,3558.0,3580.0,3556.0,3574.0,708368.0,1400763.0,3569.0
2020-01-08,3595.8981921208688,1130560.0,1679703.0,rb2001,3750,3767,3748,3761.0,7800,17790,3759.0,rb2002,3689,3718,3685,3690.0,77,4298,3698.0,rb2003,3651,3699,3642,3669.0,425,8039,3670.0,rb2004,3640,3669,3640,3653.0,38,1407,3652.0,rb2005,3574,3621,3571,3617.0,1051293,1419374,3602.0,rb2006,3478,3522,3476,3522.0,492,4575,3510.0,rb2007,3462,3495,3458,3495.0,196,3083,3480.0,rb2008,3494,3516,3494,3514.0,5,1018,3508.0,rb2009,3456,3496,3456,3494.0,446,2061,3485.0,rb2005,3574.0,3621.0,3571.0,3617.0,1051293.0,1419374.0,3602.0
2020-01-09,3533.2174711959915,1239023.0,1607068.0,rb2001,3761,3779,3755,3766.0,7410,13110,3764.0,rb2002,3702,3702,3606,3606.0,173,4254,3675.0,rb2003,3652,3678,3618,3625.0,110,7974,3647.0,rb2004,3652,3656,3608,3608.0,58,1414,3642.0,rb2005,3617,3622,3550,3555.0,1162066,1337536,3587.0,rb2006,3513,3513,3461,3475.0,559,4946,3490.0,rb2007,3499,3500,3458,3460.0,168,3084,3469.0,rb2008,3518,3521,3477,3479.0,53,1001,3500.0,rb2009,3495,3495,3448,3449.0,356,1984,3477.0,rb2005,3617.0,3622.0,3550.0,3555.0,1162066.0,1337536.0,3587.0
2020-01-10,3548.53923760726,701770.0,1619900.0,rb2001,3768,3890,3768,3881.0,12660,4710,3848.0,rb2002,3630,3689,3626,3655.0,60,4266,3654.0,rb2003,3635,3653,3622,3645.0,153,7964,3631.0,rb2004,3615,3635,3614,3630.0,76,1455,3621.0,rb2005,3559,3583,3555,3571.0,641895,1357418,3568.0,rb2006,3475,3490,3470,3488.0,856,4800,3476.0,rb2007,3457,3476,3457,3476.0,134,3031,3466.0,rb2008,3491,3499,3478,3499.0,58,1024,3486.0,rb2009,3440,3469,3440,3459.0,207,1954,3460.0,rb2005,3559.0,3583.0,3555.0,3571.0,641895.0,1357418.0,3568.0
2020-01-13,3506.9280013872685,928590.0,1585850.0,rb2001,3873,3873,3778,3801.0,1470,3600,3837.0,rb2002,3663,3679,3643,3645.0,342,4128,3655.0,rb2003,3634,3647,3620,3620.0,358,7682,3630.0,rb2004,3601,3613,3601,3605.0,139,1359,3610.0,rb2005,3565,3567,3529,3530.0,864329,1305835,3549.0,rb2006,3465,3477,3457,3457.0,488,4754,3464.0,rb2007,3452,3468,3443,3450.0,227,2898,3453.0,rb2008,3474,3493,3466,3466.0,79,1087,3472.0,rb2009,3443,3459,3416,3428.0,268,2079,3443.0,rb2005,3565.0,3567.0,3529.0,3530.0,864329.0,1305835.0,3549.0
2020-01-14,3545.1834520414577,972947.0,1594106.0,rb2001,3802,3925,3785,3925.0,1080,3060,3884.0,rb2002,3649,3696,3649,3683.0,162,3976,3651.0,rb2003,3614,3657,3608,3657.0,177,7629,3632.0,rb2004,3600,3617,3600,3615.0,44,1344,3605.0,rb2005,3528,3572,3518,3570.0,916208,1311222,3546.0,rb2006,3464,3493,3445,3493.0,473,4707,3466.0,rb2007,3438,3476,3438,3476.0,48,2867,3466.0,rb2008,3463,3490,3458,3490.0,29,1087,3467.0,rb2009,3433,3461,3421,3452.0,245,2129,3443.0,rb2005,3528.0,3572.0,3518.0,3570.0,916208.0,1311222.0,3546.0
2020-01-15,3513.101476388351,918526.0,1590232.0,rb2001,3910,3990,3770,3770.0,1290,2520,3875.0,rb2002,3683,3701,3669,3694.0,171,3827,3685.0,rb2003,3634,3650,3630,3630.0,116,7612,3637.0,rb2004,3637,3637,3627,3627.0,3,1345,3633.0,rb2005,3570,3578,3537,3537.0,866185,1301908,3556.0,rb2006,3487,3498,3465,3465.0,238,4748,3480.0,rb2007,3476,3484,3460,3460.0,103,2870,3471.0,rb2008,3503,3503,3467,3467.0,25,1098,3482.0,rb2009,3452,3465,3441,3442.0,208,2095,3455.0,rb2005,3570.0,3578.0,3537.0,3537.0,866185.0,1301908.0,3556.0
2020-01-16,3534.4306462845666,1034246.0,1632609.0,rb2002,3700,3701,3665,3671.0,98,3779,3682.0,rb2003,3626,3649,3626,3641.0,36,7608,3635.0,rb2004,3632,3642,3619,3619.0,9,1343,3630.0,rb2005,3537,3577,3535,3565.0,913755,1313248,3558.0,rb2006,3468,3498,3468,3487.0,436,4936,3483.0,rb2007,3468,3472,3463,3471.0,36,2868,3468.0,rb2008,3476,3495,3476,3480.0,20,1107,3487.0,rb2009,3442,3468,3442,3461.0,106,2090,3458.0,rb2010,3387,3420,3385,3408.0,84258,264864,3404.0,rb2005,3537.0,3577.0,3535.0,3565.0,913755.0,1313248.0,3558.0
2020-01-17,3565.645862633247,989223.0,1712889.0,rb2002,3695,3702,3672,3691.0,151,3778,3686.0,rb2003,3649,3662,3645,3660.0,299,7863,3656.0,rb2004,3640,3670,3632,3660.0,21,1349,3655.0,rb2005,3565,3608,3562,3595.0,919377,1396015,3586.0,rb2006,3489,3527,3489,3518.0,106,4887,3510.0,rb2007,3476,3505,3475,3500.0,81,2860,3494.0,rb2008,3492,3527,3488,3521.0,25,1102,3507.0,rb2009,3454,3495,3454,3491.0,145,2095,3480.0,rb2010,3410,3446,3407,3437.0,55446,259053,3427.0,rb2005,3565.0,3608.0,3562.0,3595.0,919377.0,1396015.0,3586.0
2020-01-20,3574.0244376568544,722340.0,1714567.0,rb2002,3677,3710,3672,3694.0,180,3662,3699.0,rb2003,3653,3687,3645,3660.0,222,8049,3660.0,rb2004,3660,3682,3660,3682.0,4,1348,3673.0,rb2005,3599,3618,3588,3605.0,652366,1394164,3602.0,rb2006,3508,3536,3508,3525.0,77,4870,3523.0,rb2007,3494,3519,3493,3508.0,31,2848,3502.0,rb2008,3518,3532,3517,3527.0,49,1096,3524.0,rb2009,3496,3504,3478,3498.0,129,2086,3493.0,rb2010,3445,3456,3427,3443.0,56722,255935,3442.0,rb2005,3599.0,3618.0,3588.0,3605.0,652366.0,1394164.0,3602.0
2020-01-21,3537.475859907223,965634.0,1652562.0,rb2002,3653,3727,3652,3702.0,99,3581,3685.0,rb2003,3655,3655,3623,3631.0,112,7965,3632.0,rb2004,3660,3660,3628,3628.0,36,1360,3643.0,rb2005,3605,3606,3555,3570.0,887469,1324051,3574.0,rb2006,3525,3525,3481,3499.0,149,4887,3497.0,rb2007,3508,3508,3462,3469.0,39,2846,3477.0,rb2008,3515,3515,3486,3486.0,16,1090,3499.0,rb2009,3498,3498,3453,3469.0,220,1989,3474.0,rb2010,3442,3445,3401,3413.0,60150,253470,3417.0,rb2005,3605.0,3606.0,3555.0,3570.0,887469.0,1324051.0,3574.0
2020-01-22,3522.231159861873,1302468.0,1619667.0,rb2002,3719,3719,3620,3679.0,59,3552,3665.0,rb2003,3625,3625,3576,3610.0,797,8069,3598.0,rb2004,3614,3622,3582,3612.0,794,1915,3610.0,rb2005,3565,3568,3506,3558.0,1161870,1263535,3536.0,rb2006,3481,3493,3436,3493.0,185,4941,3458.0,rb2007,3465,3474,3421,3474.0,107,2848,3453.0,rb2008,3483,3490,3455,3490.0,28,1110,3469.0,rb2009,3456,3463,3418,3462.0,316,1915,3438.0,rb2010,3408,3413,3363,3406.0,106646,265233,3385.0,rb2005,3565.0,3568.0,3506.0,3558.0,1161870.0,1263535.0,3536.0
2020-01-23,3465.6404792074645,1009255.0,1649390.0,rb2002,3668,3668,3586,3620.0,35,3536,3626.0,rb2003,3592,3598,3519,3540.0,429,8133,3579.0,rb2004,3592,3592,3532,3541.0,184,2010,3552.0,rb2005,3551,3552,3491,3500.0,901368,1269146,3515.0,rb2006,3467,3475,3426,3443.0,294,4935,3440.0,rb2007,3457,3457,3418,3419.0,80,2796,3423.0,rb2008,3474,3474,3432,3434.0,185,1031,3440.0,rb2009,3454,3454,3404,3417.0,279,1908,3424.0,rb2010,3400,3403,3355,3363.0,82427,275277,3371.0,rb2005,3551.0,3552.0,3491.0,3500.0,901368.0,1269146.0,3515.0
2020-02-03,3208.0115714536105,1681559.0,1728737.0,rb2002,3390,3440,3335,3335.0,100,3480,3374.0,rb2003,3310,3315,3292,3292.0,748,7639,3294.0,rb2004,3290,3328,3267,3269.0,145,2041,3295.0,rb2005,3233,3294,3233,3233.0,1223078,1260621,3259.0,rb2006,3164,3280,3164,3192.0,1519,5187,3208.0,rb2007,3250,3278,3169,3192.0,472,2862,3230.0,rb2008,3200,3277,3183,3198.0,316,1154,3234.0,rb2009,3220,3285,3168,3206.0,2515,2435,3227.0,rb2010,3110,3263,3106,3158.0,390303,348326,3196.0,rb2005,3233.0,3294.0,3233.0,3233.0,1223078.0,1260621.0,3259.0
2020-02-04,3298.266246088686,1850245.0,1799587.0,rb2002,3300,3390,3300,3350.0,240,3270,3352.0,rb2003,3270,3488,3270,3335.0,268,7584,3350.0,rb2004,3258,3361,3252,3343.0,236,1925,3305.0,rb2005,3209,3333,3207,3312.0,1385797,1243680,3285.0,rb2006,3300,3329,3162,3295.0,744,5153,3276.0,rb2007,3211,3331,3190,3307.0,306,2879,3291.0,rb2008,3203,3365,3203,3327.0,120,1155,3308.0,rb2009,3228,3342,3209,3319.0,2493,2503,3290.0,rb2010,3165,3319,3152,3290.0,399137,430247,3260.0,rb2005,3209.0,3333.0,3207.0,3312.0,1385797.0,1243680.0,3285.0
2020-02-05,3288.429967141931,1346316.0,1921598.0,rb2002,3360,3380,3360,3380.0,150,3180,3372.0,rb2003,3347,3350,3313,3316.0,113,7559,3332.0,rb2004,3347,3347,3325,3325.0,14,1918,3335.0,rb2005,3298,3324,3282,3297.0,1028552,1312971,3300.0,rb2006,3350,3350,3282,3292.0,342,5283,3300.0,rb2007,3300,3325,3278,3289.0,318,3006,3295.0,rb2008,3337,3343,3312,3325.0,178,1229,3321.0,rb2009,3288,3335,3288,3318.0,1236,2559,3321.0,rb2010,3285,3309,3272,3292.0,284212,473921,3292.0,rb2005,3298.0,3324.0,3282.0,3297.0,1028552.0,1312971.0,3300.0
2020-02-06,3301.600917587354,1497229.0,2026837.0,rb2002,3371,3380,3301,3370.0,330,2940,3368.0,rb2003,3302,3330,3294,3304.0,41,7535,3304.0,rb2004,3290,3326,3290,3325.0,39,1911,3305.0,rb2005,3297,3316,3270,3304.0,1139425,1364689,3295.0,rb2006,3277,3317,3272,3298.0,656,5097,3294.0,rb2007,3284,3309,3276,3305.0,324,3061,3290.0,rb2008,3308,3360,3308,3351.0,98,1211,3344.0,rb2009,3321,3355,3303,3349.0,1525,2805,3336.0,rb2010,3292,3336,3278,3319.0,310607,519621,3312.0,rb2005,3297.0,3316.0,3270.0,3304.0,1139425.0,1364689.0,3295.0
2020-02-07,3330.0081760602407,1097230.0,2102235.0,rb2002,0,0,0,3368.0,0,2940,3368.0,rb2003,3301,3313,3296,3313.0,8,7531,3307.0,rb2004,3328,3349,3309,3344.0,28,1899,3334.0,rb2005,3300,3340,3289,3325.0,851755,1400638,3309.0,rb2006,3303,3333,3277,3320.0,1264,5049,3302.0,rb2007,3300,3320,3290,3320.0,190,3176,3311.0,rb2008,3345,3385,3345,3385.0,61,1258,3367.0,rb2009,3350,3388,3337,3381.0,1051,2855,3359.0,rb2010,3315,3370,3311,3363.0,209934,555754,3337.0,rb2005,3300.0,3340.0,3289.0,3325.0,851755.0,1400638.0,3309.0
2020-02-10,3317.278222083061,1185425.0,2133418.0,rb2002,3380,3380,3380,3380.0,90,2940,3380.0,rb2003,3292,3315,3292,3299.0,101,7477,3310.0,rb2004,3310,3317,3300,3306.0,31,1911,3305.0,rb2005,3308,3321,3279,3305.0,889861,1396485,3303.0,rb2006,3302,3318,3280,3300.0,402,5054,3299.0,rb2007,3248,3320,3248,3301.0,194,3195,3300.0,rb2008,3370,3397,3358,3391.0,126,1223,3379.0,rb2009,3363,3410,3352,3402.0,1344,2853,3391.0,rb2010,3350,3382,3340,3366.0,250662,583087,3362.0,rb2005,3308.0,3321.0,3279.0,3305.0,889861.0,1396485.0,3303.0
2020-02-11,3394.405885650011,2799220.0,2101688.0,rb2002,3380,3380,3380,3380.0,30,2970,3380.0,rb2003,3318,3380,3315,3380.0,176,7461,3351.0,rb2004,3329,3456,3329,3394.0,294,2155,3392.0,rb2005,3316,3488,3304,3392.0,2293748,1350758,3393.0,rb2006,3321,3452,3312,3384.0,475,4998,3392.0,rb2007,3307,3441,3307,3373.0,235,3192,3377.0,rb2008,3379,3531,3379,3461.0,214,1173,3462.0,rb2009,3411,3533,3402,3466.0,2500,2832,3464.0,rb2010,3366,3487,3363,3423.0,448600,601647,3424.0,rb2005,3316.0,3488.0,3304.0,3392.0,2293748.0,1350758.0,3393.0
2020-02-12,3403.542375285396,1379798.0,2108033.0,rb2002,3380,3380,3380,3380.0,150,2910,3380.0,rb2003,3438,3438,3344,3380.0,1113,7097,3381.0,rb2004,3403,3410,3380,3404.0,59,2159,3397.0,rb2005,3410,3423,3382,3404.0,1088528,1353006,3404.0,rb2006,3410,3416,3358,3399.0,265,4953,3396.0,rb2007,3384,3405,3371,3393.0,310,3198,3391.0,rb2008,3487,3491,3458,3465.0,115,1182,3473.0,rb2009,3480,3500,3455,3469.0,4393,2993,3481.0,rb2010,3423,3458,3414,3428.0,238299,602772,3434.0,rb2005,3410.0,3423.0,3382.0,3404.0,1088528.0,1353006.0,3404.0
2020-02-13,3400.335916998417,1276724.0,2203717.0,rb2002,0,0,0,3380.0,0,2910,3380.0,rb2003,3388,3390,3364,3366.0,1193,6742,3380.0,rb2004,3391,3417,3372,3399.0,148,2243,3399.0,rb2005,3400,3424,3383,3395.0,1051409,1439345,3399.0,rb2006,3407,3409,3384,3393.0,97,4971,3394.0,rb2007,3406,3407,3383,3394.0,142,3202,3397.0,rb2008,3466,3482,3462,3463.0,31,1185,3468.0,rb2009,3474,3487,3460,3472.0,1147,2870,3473.0,rb2010,3435,3447,3420,3437.0,191334,608720,3433.0,rb2005,3400.0,3424.0,3383.0,3395.0,1051409.0,1439345.0,3399.0
2020-02-14,3408.0502696289377,1234574.0,2252911.0,rb2002,3378,3378,3378,3378.0,30,2880,3378.0,rb2003,3378,3378,3368,3377.0,202,6548,3368.0,rb2004,3371,3404,3371,3404.0,20,2235,3389.0,rb2005,3391,3404,3365,3398.0,988231,1461182,3385.0,rb2006,3386,3401,3368,3396.0,189,5043,3380.0,rb2007,3373,3409,3368,3409.0,183,3292,3386.0,rb2008,3468,3485,3452,3483.0,268,1422,3468.0,rb2009,3458,3495,3458,3493.0,868,2856,3474.0,rb2010,3435,3460,3424,3453.0,208281,630486,3440.0,rb2005,3391.0,3404.0,3365.0,3398.0,988231.0,1461182.0,3385.0
2020-02-17,3444.144274581576,1466306.0,2368054.0,rb2002,0,0,0,3378.0,0,2880,3378.0,rb2003,3366,3398,3366,3394.0,84,6537,3387.0,rb2004,3403,3437,3388,3425.0,640,2679,3411.0,rb2005,3393,3437,3386,3427.0,1125505,1520571,3413.0,rb2006,3388,3434,3382,3429.0,232,5094,3414.0,rb2007,3385,3440,3385,3432.0,147,3378,3419.0,rb2008,3489,3529,3484,3529.0,74,1483,3511.0,rb2009,3522,3530,3485,3528.0,998,2961,3510.0,rb2010,3469,3508,3448,3503.0,296100,682718,3480.0,rb2005,3393.0,3437.0,3386.0,3427.0,1125505.0,1520571.0,3413.0
2020-02-18,3407.131000460391,1489180.0,2365381.0,rb2003,3394,3394,3363,3369.0,527,6363,3385.0,rb2004,3420,3420,3383,3391.0,22,2664,3395.0,rb2005,3426,3434,3386,3390.0,1145614,1513733,3409.0,rb2006,3432,3439,3387,3390.0,487,4927,3417.0,rb2007,3465,3465,3390,3399.0,255,3479,3410.0,rb2008,3529,3529,3491,3491.0,48,1497,3512.0,rb2009,3527,3537,3497,3502.0,1002,3120,3519.0,rb2010,3503,3513,3460,3465.0,301190,682867,3481.0,rb2011,3466,3472,3432,3439.0,176,1061,3452.0,rb2005,3426.0,3434.0,3386.0,3390.0,1145614.0,1513733.0,3409.0
2020-02-19,3404.616917038979,1171625.0,2364279.0,rb2003,3367,3378,3362,3365.0,554,6192,3374.0,rb2004,3385,3396,3385,3396.0,12,2661,3387.0,rb2005,3385,3403,3376,3394.0,842101,1523788,3389.0,rb2006,3381,3393,3377,3385.0,877,4787,3384.0,rb2007,3382,3393,3378,3386.0,462,3496,3385.0,rb2008,3480,3484,3470,3471.0,12,1488,3476.0,rb2009,3495,3500,3475,3483.0,1127,3283,3486.0,rb2010,3459,3466,3437,3452.0,294607,664052,3449.0,rb2011,3420,3428,3411,3421.0,38,1067,3419.0,rb2005,3385.0,3403.0,3376.0,3394.0,842101.0,1523788.0,3389.0
2020-02-20,3464.1861002506475,2315140.0,2365870.0,rb2003,3366,3416,3365,3413.0,934,5500,3399.0,rb2004,3426,3435,3394,3414.0,700,2928,3416.0,rb2005,3395,3479,3394,3460.0,1843584,1521918,3440.0,rb2006,3395,3455,3392,3436.0,583,4689,3415.0,rb2007,3415,3443,3399,3437.0,142,3512,3420.0,rb2008,3493,3531,3487,3525.0,125,1494,3508.0,rb2009,3489,3544,3487,3532.0,2196,3099,3515.0,rb2010,3453,3510,3453,3500.0,417536,671988,3480.0,rb2011,3441,3478,3429,3465.0,50,1055,3455.0,rb2005,3395.0,3479.0,3394.0,3460.0,1843584.0,1521918.0,3440.0
2020-02-21,3480.201281752214,1597317.0,2400620.0,rb2003,3421,3433,3389,3428.0,230,5344,3423.0,rb2004,3419,3448,3416,3434.0,70,2921,3430.0,rb2005,3465,3488,3453,3485.0,1226015,1540040,3470.0,rb2006,3440,3463,3430,3460.0,458,4498,3446.0,rb2007,3429,3460,3429,3458.0,373,3591,3447.0,rb2008,3525,3542,3510,3515.0,266,1576,3519.0,rb2009,3515,3553,3515,3535.0,1022,3088,3535.0,rb2010,3498,3523,3486,3498.0,328888,685858,3499.0,rb2011,3463,3488,3463,3463.0,36,1048,3472.0,rb2005,3465.0,3488.0,3453.0,3485.0,1226015.0,1540040.0,3470.0
2020-02-24,3471.028280074731,1803130.0,2343346.0,rb2003,3486,3486,3342,3460.0,336,5107,3451.0,rb2004,3451,3487,3413,3429.0,58,2924,3440.0,rb2005,3500,3514,3458,3476.0,1392277,1509634,3483.0,rb2006,3459,3487,3428,3454.0,634,4467,3454.0,rb2007,3460,3470,3419,3458.0,190,3614,3456.0,rb2008,3534,3537,3489,3510.0,60,1564,3512.0,rb2009,3548,3548,3501,3520.0,1229,3036,3522.0,rb2010,3496,3508,3457,3487.0,349668,668151,3482.0,rb2011,3465,3472,3431,3460.0,69,1084,3445.0,rb2005,3500.0,3514.0,3458.0,3476.0,1392277.0,1509634.0,3483.0
2020-02-25,3490.2814743213366,1676912.0,2340114.0,rb2003,3449,3485,3449,3485.0,276,4994,3473.0,rb2004,3419,3457,3387,3448.0,168,2878,3422.0,rb2005,3435,3494,3431,3489.0,1269765,1456094,3461.0,rb2006,3422,3483,3413,3482.0,297,4496,3451.0,rb2007,3435,3487,3431,3484.0,242,3639,3459.0,rb2008,3506,3537,3498,3534.0,36,1569,3514.0,rb2009,3515,3548,3490,3544.0,988,3192,3521.0,rb2010,3471,3518,3459,3516.0,358813,719791,3489.0,rb2011,3410,3489,3410,3481.0,17,1082,3460.0,rb2005,3435.0,3494.0,3431.0,3489.0,1269765.0,1456094.0,3461.0
2020-02-26,3453.304508821243,1586705.0,2390026.0,rb2003,3522,3522,3441,3468.0,371,4805,3461.0,rb2004,3434,3456,3408,3409.0,238,3003,3439.0,rb2005,3470,3488,3440,3447.0,1267101,1497764,3464.0,rb2006,3462,3473,3431,3441.0,270,4605,3455.0,rb2007,3463,3476,3437,3453.0,517,3536,3446.0,rb2008,3522,3534,3500,3532.0,50,1558,3520.0,rb2009,3520,3550,3504,3522.0,1296,3277,3526.0,rb2010,3506,3518,3479,3488.0,284200,724260,3498.0,rb2011,3468,3475,3456,3463.0,94,1136,3461.0,rb2005,3470.0,3488.0,3440.0,3447.0,1267101.0,1497764.0,3464.0
2020-02-27,3429.756234447301,1391496.0,2431250.0,rb2003,3517,3517,3400,3400.0,100,4742,3458.0,rb2004,3409,3409,3388,3400.0,55,3027,3400.0,rb2005,3445,3456,3408,3419.0,1111680,1512736,3426.0,rb2006,3352,3449,3352,3411.0,301,4683,3413.0,rb2007,3442,3442,3412,3415.0,286,3584,3423.0,rb2008,3501,3506,3484,3495.0,35,1549,3497.0,rb2009,3503,3520,3494,3506.0,1131,3140,3504.0,rb2010,3480,3490,3461,3471.0,242997,743189,3472.0,rb2011,3455,3455,3436,3441.0,45,1126,3441.0,rb2005,3445.0,3456.0,3408.0,3419.0,1111680.0,1512736.0,3426.0
2020-02-28,3348.709724626086,2524494.0,2449760.0,rb2003,3376,3463,3300,3400.0,239,4560,3390.0,rb2004,3352,3365,3211,3301.0,228,2980,3310.0,rb2005,3388,3393,3324,3335.0,1950824,1490719,3354.0,rb2006,3381,3381,3308,3328.0,504,4882,3341.0,rb2007,3400,3400,3333,3353.0,292,3544,3367.0,rb2008,3453,3485,3408,3413.0,319,1736,3456.0,rb2009,3485,3490,3420,3430.0,1899,3049,3448.0,rb2010,3456,3456,3381,3393.0,494923,766343,3416.0,rb2011,3430,3430,3364,3383.0,185,1201,3393.0,rb2005,3388.0,3393.0,3324.0,3335.0,1950824.0,1490719.0,3354.0
2020-03-02,3433.00302765256,2300850.0,2437532.0,rb2003,3411,3431,3411,3431.0,300,4470,3417.0,rb2004,3252,3415,3252,3410.0,231,3076,3392.0,rb2005,3321,3446,3321,3422.0,1806859,1466679,3399.0,rb2006,3321,3419,3320,3406.0,420,4891,3383.0,rb2007,3353,3424,3352,3417.0,153,3532,3401.0,rb2008,3425,3510,3425,3488.0,191,1776,3478.0,rb2009,3430,3518,3430,3510.0,1887,3110,3477.0,rb2010,3378,3487,3375,3473.0,430907,785303,3447.0,rb2011,3368,3450,3368,3437.0,69,1163,3407.0,rb2005,3321.0,3446.0,3321.0,3422.0,1806859.0,1466679.0,3399.0
2020-03-03,3439.194856123283,1531311.0,2481708.0,rb2003,0,0,0,3431.0,0,4470,3431.0,rb2004,3432,3434,3401,3402.0,45,3077,3420.0,rb2005,3450,3466,3414,3421.0,1178454,1468726,3437.0,rb2006,3432,3444,3406,3416.0,456,5086,3418.0,rb2007,3444,3444,3410,3415.0,118,3538,3431.0,rb2008,3518,3518,3500,3502.0,48,1810,3507.0,rb2009,3530,3571,3508,3523.0,1131,3308,3526.0,rb2010,3488,3507,3475,3488.0,308781,824875,3490.0,rb2011,3460,3474,3453,3455.0,32,1147,3462.0,rb2005,3450.0,3466.0,3414.0,3421.0,1178454.0,1468726.0,3437.0
2020-03-04,3488.980166489547,1839465.0,2504902.0,rb2003,3450,3480,3440,3480.0,540,4140,3457.0,rb2004,3339,3440,3316,3428.0,793,3071,3375.0,rb2005,3411,3479,3410,3477.0,1384581,1456822,3449.0,rb2006,3411,3455,3403,3455.0,907,5185,3414.0,rb2007,3422,3465,3421,3461.0,168,3554,3443.0,rb2008,3517,3545,3513,3545.0,81,1827,3534.0,rb2009,3510,3559,3509,3555.0,1518,3366,3537.0,rb2010,3481,3530,3479,3528.0,407972,865552,3507.0,rb2011,3456,3497,3456,3497.0,40,1131,3485.0,rb2005,3411.0,3479.0,3410.0,3477.0,1384581.0,1456822.0,3449.0
2020-03-05,3477.0642042805225,1449969.0,2528523.0,rb2003,3472,3480,3468,3473.0,570,3780,3471.0,rb2004,3445,3453,3425,3428.0,265,2967,3429.0,rb2005,3478,3496,3461,3469.0,1102747,1463654,3475.0,rb2006,3459,3469,3436,3442.0,147,5125,3456.0,rb2007,3637,3637,3447,3447.0,124,3555,3465.0,rb2008,3543,3559,3530,3538.0,127,1778,3540.0,rb2009,3560,3570,3539,3543.0,1525,3339,3554.0,rb2010,3530,3544,3504,3509.0,307257,875878,3522.0,rb2011,3508,3510,3485,3485.0,54,1112,3495.0,rb2005,3478.0,3496.0,3461.0,3469.0,1102747.0,1463654.0,3475.0
2020-03-06,3452.010302451821,1394947.0,2528039.0,rb2003,3450,3470,3450,3470.0,240,3570,3466.0,rb2004,3409,3418,3405,3412.0,95,2908,3410.0,rb2005,3457,3469,3434,3441.0,1092230,1454168,3449.0,rb2006,3429,3443,3419,3425.0,54,5128,3428.0,rb2007,3430,3445,3426,3439.0,32,3555,3434.0,rb2008,3520,3532,3451,3521.0,43,1771,3506.0,rb2009,3502,3544,3502,3526.0,949,3290,3527.0,rb2010,3498,3509,3483,3488.0,267688,880306,3493.0,rb2011,3468,3484,3460,3466.0,94,1119,3467.0,rb2005,3457.0,3469.0,3434.0,3441.0,1092230.0,1454168.0,3449.0
2020-03-09,3449.4166652054987,2397801.0,2509408.0,rb2003,3450,3450,3401,3401.0,120,3540,3437.0,rb2004,3336,3410,3336,3410.0,161,2880,3374.0,rb2005,3350,3442,3350,3439.0,1885069,1425767,3400.0,rb2006,3238,3418,3235,3416.0,365,5147,3374.0,rb2007,3336,3429,3336,3429.0,114,3539,3387.0,rb2008,3471,3506,3457,3503.0,54,1775,3475.0,rb2009,3490,3520,3420,3518.0,2322,3426,3489.0,rb2010,3402,3486,3401,3484.0,441362,884413,3453.0,rb2011,3430,3462,3400,3462.0,372,1209,3426.0,rb2005,3350.0,3442.0,3350.0,3439.0,1885069.0,1425767.0,3400.0
2020-03-10,3481.3609101535862,1865330.0,2463760.0,rb2003,3460,3470,3460,3470.0,60,3510,3465.0,rb2004,3410,3447,3401,3438.0,72,2854,3417.0,rb2005,3438,3494,3427,3479.0,1469955,1411376,3464.0,rb2006,3408,3466,3407,3460.0,609,4987,3443.0,rb2007,3425,3463,3413,3456.0,218,3462,3446.0,rb2008,3508,3549,3505,3540.0,78,1752,3525.0,rb2009,3540,3552,3498,3545.0,1690,3267,3531.0,rb2010,3475,3518,3471,3505.0,343998,863190,3495.0,rb2011,3471,3494,3463,3489.0,84,1258,3476.0,rb2005,3438.0,3494.0,3427.0,3479.0,1469955.0,1411376.0,3464.0
2020-03-11,3490.87006322186,1941245.0,2456587.0,rb2003,3470,3486,3401,3486.0,90,3510,3452.0,rb2004,3462,3480,3456,3474.0,38,2854,3474.0,rb2005,3496,3528,3484,3497.0,1570594,1425564,3506.0,rb2006,3477,3503,3459,3481.0,289,4842,3485.0,rb2007,3475,3500,3464,3475.0,345,3265,3481.0,rb2008,3540,3574,3534,3537.0,166,1728,3551.0,rb2009,3559,3565,3541,3549.0,2006,3382,3549.0,rb2010,3513,3529,3502,3502.0,327048,844220,3515.0,rb2011,3497,3498,3481,3481.0,25,1251,3490.0,rb2005,3496.0,3528.0,3484.0,3497.0,1570594.0,1425564.0,3506.0
2020-03-12,3502.012708448025,2396039.0,2408634.0,rb2003,3488,3488,3486,3486.0,420,3870,3486.0,rb2004,3470,3470,3435,3457.0,370,2756,3457.0,rb2005,3497,3530,3466,3521.0,1945117,1394189,3504.0,rb2006,3482,3504,3442,3489.0,403,4600,3472.0,rb2007,3489,3500,3446,3481.0,641,2885,3481.0,rb2008,3549,3558,3510,3533.0,148,1663,3532.0,rb2009,3548,3557,3517,3540.0,1591,3323,3535.0,rb2010,3493,3516,3475,3497.0,395675,824931,3496.0,rb2011,3489,3493,3455,3470.0,49,1280,3464.0,rb2005,3497.0,3530.0,3466.0,3521.0,1945117.0,1394189.0,3504.0
2020-03-13,3536.086680680511,3023773.0,2334834.0,rb2003,3450,3460,3440,3450.0,300,3780,3452.0,rb2004,3371,3494,3370,3474.0,361,2566,3435.0,rb2005,3494,3574,3465,3569.0,2353957,1339120,3511.0,rb2006,3471,3524,3435,3524.0,1046,4058,3476.0,rb2007,3450,3516,3433,3505.0,408,2631,3480.0,rb2008,3500,3549,3486,3545.0,97,1640,3515.0,rb2009,3490,3552,3482,3550.0,2342,3374,3514.0,rb2010,3472,3514,3438,3513.0,596272,812985,3471.0,rb2011,3442,3490,3433,3489.0,51,1269,3454.0,rb2005,3494.0,3574.0,3465.0,3569.0,2353957.0,1339120.0,3511.0
2020-03-16,3513.076484834416,1928742.0,2317649.0,rb2003,3550,3550,3500,3500.0,90,3780,3516.0,rb2004,3514,3539,3512,3520.0,404,2573,3526.0,rb2005,3560,3584,3537,3553.0,1468238,1258691,3562.0,rb2006,3504,3539,3499,3514.0,691,3740,3521.0,rb2007,3522,3534,3490,3492.0,576,2488,3512.0,rb2008,3559,3567,3509,3531.0,240,1620,3549.0,rb2009,3548,3568,3508,3520.0,3209,3591,3542.0,rb2010,3515,3525,3474,3485.0,408622,876011,3501.0,rb2011,3488,3500,3457,3470.0,137,1258,3471.0,rb2005,3560.0,3584.0,3537.0,3553.0,1468238.0,1258691.0,3562.0
2020-03-17,3523.6049748384644,1705254.0,2237741.0,rb2004,3544,3546,3483,3496.0,141,2633,3512.0,rb2005,3548,3565,3530,3555.0,1253354,1183732,3546.0,rb2006,3427,3545,3427,3520.0,163,3702,3506.0,rb2007,3494,3506,3481,3500.0,241,2483,3490.0,rb2008,3520,3548,3515,3543.0,28,1623,3535.0,rb2009,3525,3548,3508,3545.0,1242,3537,3529.0,rb2010,3492,3512,3467,3508.0,409457,878424,3490.0,rb2011,3461,3484,3458,3484.0,41,1233,3467.0,rb2012,3420,3454,3417,3451.0,67,614,3435.0,rb2005,3548.0,3565.0,3530.0,3555.0,1253354.0,1183732.0,3546.0
2020-03-18,3507.501290318527,2204529.0,2228132.0,rb2004,3517,3537,3488,3488.0,443,2757,3510.0,rb2005,3545,3592,3531,3548.0,1635325,1131497,3560.0,rb2006,3516,3540,3494,3503.0,475,3496,3519.0,rb2007,3495,3527,3489,3489.0,309,2362,3505.0,rb2008,3540,3568,3525,3531.0,89,1604,3552.0,rb2009,3532,3559,3510,3516.0,2729,3680,3533.0,rb2010,3503,3530,3475,3485.0,520749,920671,3504.0,rb2011,3482,3501,3454,3466.0,38,1223,3473.0,rb2012,3456,3470,3426,3433.0,68,606,3449.0,rb2005,3545.0,3592.0,3531.0,3548.0,1635325.0,1131497.0,3560.0
2020-03-19,3469.372587781978,4616712.0,2137711.0,rb2004,3485,3485,3311,3450.0,442,2649,3432.0,rb2005,3548,3555,3329,3528.0,2993126,979193,3461.0,rb2006,3498,3499,3273,3471.0,1184,3704,3379.0,rb2007,3483,3483,3279,3458.0,356,2364,3394.0,rb2008,3526,3526,3327,3487.0,618,1635,3422.0,rb2009,3505,3518,3291,3471.0,6595,3345,3417.0,rb2010,3489,3489,3259,3437.0,1480143,982845,3379.0,rb2011,3480,3480,3242,3413.0,328,1207,3389.0,rb2012,3422,3422,3207,3386.0,256,573,3316.0,rb2005,3548.0,3555.0,3329.0,3528.0,2993126.0,979193.0,3461.0
2020-03-20,3403.629289991645,2557684.0,2061018.0,rb2004,3524,3524,3417,3438.0,317,2694,3440.0,rb2005,3540,3562,3463,3483.0,1572381,890648,3505.0,rb2006,3465,3480,3404,3435.0,1091,3398,3440.0,rb2007,3479,3482,3397,3415.0,355,2174,3427.0,rb2008,3499,3511,3408,3441.0,263,1610,3456.0,rb2009,3490,3506,3382,3409.0,4198,3379,3436.0,rb2010,3445,3471,3343,3359.0,910757,989541,3395.0,rb2011,3434,3440,3322,3347.0,98,1196,3390.0,rb2012,3411,3412,3300,3315.0,89,560,3362.0,rb2005,3540.0,3562.0,3463.0,3483.0,1572381.0,890648.0,3505.0
2020-03-23,3311.123073040957,2508460.0,2124137.0,rb2004,3380,3422,3350,3379.0,229,2534,3392.0,rb2005,3435,3455,3390,3400.0,1340690,813347,3421.0,rb2006,3360,3398,3299,3332.0,1318,3761,3326.0,rb2007,3337,3364,3303,3316.0,270,2144,3327.0,rb2008,3366,3400,3332,3372.0,151,1583,3370.0,rb2009,3350,3367,3268,3305.0,8912,3994,3324.0,rb2010,3310,3329,3240,3270.0,1071296,1110759,3288.0,rb2011,3300,3300,3232,3253.0,75,1203,3269.0,rb2012,3253,3264,3203,3220.0,154,554,3240.0,rb2005,3435.0,3455.0,3390.0,3400.0,1340690.0,813347.0,3421.0
2020-03-24,3369.0807444961565,2537716.0,2034987.0,rb2004,3417,3433,3361,3397.0,136,2413,3380.0,rb2005,3415,3445,3373,3435.0,1229366,744010,3413.0,rb2006,3370,3400,3336,3398.0,1118,3323,3372.0,rb2007,3345,3393,3323,3392.0,258,2119,3358.0,rb2008,3376,3431,3361,3431.0,153,1658,3393.0,rb2009,3302,3401,3300,3389.0,4444,3697,3349.0,rb2010,3285,3362,3281,3346.0,1219523,1096182,3314.0,rb2011,3277,3310,3265,3310.0,60,1188,3283.0,rb2012,3261,3311,3244,3290.0,160,565,3266.0,rb2005,3415.0,3445.0,3373.0,3435.0,1229366.0,744010.0,3413.0
2020-03-25,3390.500643861339,1916769.0,2033823.0,rb2004,3447,3447,3401,3441.0,31,2409,3422.0,rb2005,3461,3475,3434,3463.0,874411,721047,3452.0,rb2006,3421,3434,3390,3414.0,554,3080,3404.0,rb2007,3400,3433,3393,3409.0,488,2015,3411.0,rb2008,3465,3465,3420,3450.0,171,1632,3438.0,rb2009,3410,3424,3375,3402.0,2712,3544,3403.0,rb2010,3368,3391,3333,3365.0,989968,1117582,3364.0,rb2011,3351,3352,3334,3338.0,24,1185,3342.0,rb2012,3333,3339,3305,3318.0,145,540,3319.0,rb2010,3368.0,3391.0,3333.0,3365.0,989968.0,1117582.0,3364.0
2020-03-26,3369.3170767530014,1537297.0,2028963.0,rb2004,3433,3451,3433,3445.0,317,2092,3445.0,rb2005,3460,3475,3443,3455.0,487816,666800,3458.0,rb2006,3400,3417,3388,3403.0,304,2893,3400.0,rb2007,3392,3418,3392,3405.0,138,1957,3404.0,rb2008,3429,3471,3424,3438.0,140,1615,3438.0,rb2009,3425,3440,3375,3388.0,2190,3712,3392.0,rb2010,3360,3377,3335,3341.0,998466,1164251,3351.0,rb2011,3333,3347,3316,3334.0,34,1185,3326.0,rb2012,3300,3321,3299,3308.0,108,548,3306.0,rb2010,3360.0,3377.0,3335.0,3341.0,998466.0,1164251.0,3351.0
2020-03-27,3360.7704668960537,1477830.0,2041675.0,rb2004,3432,3448,3432,3435.0,135,1963,3438.0,rb2005,3457,3471,3440,3459.0,357940,636178,3458.0,rb2006,3410,3424,3401,3411.0,204,2794,3407.0,rb2007,3400,3418,3396,3396.0,151,1891,3401.0,rb2008,3450,3450,3421,3432.0,137,1554,3429.0,rb2009,3394,3415,3372,3382.0,2462,3860,3393.0,rb2010,3351,3362,3321,3329.0,1074451,1208580,3342.0,rb2011,3321,3338,3308,3334.0,25,1185,3317.0,rb2012,3297,3308,3288,3296.0,87,567,3304.0,rb2010,3351.0,3362.0,3321.0,3329.0,1074451.0,1208580.0,3342.0
2020-03-30,3273.5829066056544,2271732.0,2105363.0,rb2004,3400,3420,3380,3410.0,840,1718,3393.0,rb2005,3441,3442,3390,3406.0,536740,521193,3411.0,rb2006,3380,3389,3356,3380.0,1209,2503,3370.0,rb2007,3350,3381,3349,3364.0,511,1751,3365.0,rb2008,3392,3392,3353,3364.0,626,1070,3369.0,rb2009,3350,3361,3285,3297.0,3156,3841,3316.0,rb2010,3306,3308,3224,3242.0,1638094,1371228,3256.0,rb2011,3300,3300,3208,3215.0,158,1205,3227.0,rb2012,3261,3261,3183,3192.0,111,553,3222.0,rb2010,3306.0,3308.0,3224.0,3242.0,1638094.0,1371228.0,3256.0
2020-03-31,3262.446827965586,1455698.0,2107433.0,rb2004,3410,3533,3296,3297.0,30,1711,3431.0,rb2005,3414,3428,3384,3406.0,313474,460440,3405.0,rb2006,3341,3387,3340,3377.0,247,2478,3370.0,rb2007,3364,3390,3360,3366.0,281,1620,3370.0,rb2008,3389,3389,3350,3360.0,81,1075,3372.0,rb2009,3311,3329,3288,3297.0,2367,3955,3307.0,rb2010,3253,3271,3220,3233.0,1073302,1432887,3245.0,rb2011,3233,3239,3204,3210.0,83,1212,3222.0,rb2012,3217,3225,3184,3191.0,127,587,3207.0,rb2010,3253.0,3271.0,3220.0,3233.0,1073302.0,1432887.0,3245.0
2020-04-01,3194.1280777044926,2142040.0,2261182.0,rb2004,3297,3353,3297,3353.0,31,1680,3351.0,rb2005,3410,3414,3344,3352.0,349123,418537,3371.0,rb2006,3377,3377,3326,3337.0,976,2111,3343.0,rb2007,3354,3360,3322,3326.0,799,1374,3342.0,rb2008,3359,3359,3310,3325.0,128,1092,3337.0,rb2009,3300,3300,3239,3251.0,3106,4043,3258.0,rb2010,3245,3245,3154,3169.0,1710110,1611977,3182.0,rb2011,3215,3215,3132,3132.0,70,1190,3151.0,rb2012,3161,3161,3108,3119.0,71,582,3130.0,rb2010,3245.0,3245.0,3154.0,3169.0,1710110.0,1611977.0,3182.0
2020-04-02,3243.83164852783,2877405.0,2135657.0,rb2004,3290,3333,3260,3310.0,390,1350,3300.0,rb2005,3330,3393,3254,3377.0,497937,356196,3320.0,rb2006,3337,3372,3232,3360.0,747,1936,3286.0,rb2007,3293,3369,3244,3351.0,334,1457,3285.0,rb2008,3293,3361,3244,3353.0,188,1069,3301.0,rb2009,3211,3313,3178,3298.0,4084,3994,3238.0,rb2010,3150,3241,3103,3229.0,2280121,1551444,3165.0,rb2011,3103,3226,3080,3226.0,109,1181,3117.0,rb2012,3067,3189,3061,3182.0,67,558,3120.0,rb2010,3150.0,3241.0,3103.0,3229.0,2280121.0,1551444.0,3165.0
2020-04-03,3206.359835228101,1652910.0,2066129.0,rb2004,3300,3300,3292,3292.0,90,1290,3297.0,rb2005,3385,3401,3352,3358.0,197707,339782,3368.0,rb2006,3350,3355,3332,3340.0,100,1951,3345.0,rb2007,3361,3363,3331,3346.0,218,1387,3348.0,rb2008,3337,3352,3322,3343.0,12,1065,3332.0,rb2009,3260,3321,3253,3279.0,2490,3905,3272.0,rb2010,3230,3257,3178,3189.0,1394167,1499548,3203.0,rb2011,3226,3226,3161,3190.0,130,1173,3180.0,rb2012,3188,3188,3126,3151.0,147,566,3152.0,rb2010,3230.0,3257.0,3178.0,3189.0,1394167.0,1499548.0,3203.0
2020-04-07,3215.4317726021063,1644241.0,2079773.0,rb2004,3322,3322,3322,3322.0,30,1290,3322.0,rb2005,3328,3380,3317,3342.0,214067,319197,3359.0,rb2006,3340,3368,3317,3331.0,405,1826,3337.0,rb2007,3337,3374,3331,3331.0,207,1486,3347.0,rb2008,3370,3370,3325,3326.0,99,1092,3345.0,rb2009,3252,3318,3252,3281.0,2336,4044,3288.0,rb2010,3218,3244,3191,3206.0,1364695,1534684,3215.0,rb2011,3189,3215,3170,3188.0,42,1179,3195.0,rb2012,3188,3192,3147,3152.0,38,561,3168.0,rb2010,3218.0,3244.0,3191.0,3206.0,1364695.0,1534684.0,3215.0
2020-04-08,3251.297585962968,1744951.0,2021510.0,rb2004,3322,3325,3322,3325.0,60,1290,3323.0,rb2005,3340,3398,3326,3373.0,192579,304143,3364.0,rb2006,3304,3377,3304,3360.0,186,1741,3348.0,rb2007,3327,3379,3319,3354.0,257,1482,3337.0,rb2008,3320,3367,3319,3356.0,56,1115,3340.0,rb2009,3274,3326,3258,3316.0,1929,4032,3293.0,rb2010,3200,3257,3183,3244.0,1479143,1501120,3227.0,rb2011,3163,3225,3163,3217.0,71,1178,3210.0,rb2012,3140,3202,3140,3181.0,98,559,3166.0,rb2010,3200.0,3257.0,3183.0,3244.0,1479143.0,1501120.0,3227.0
2020-04-09,3309.701237119232,2063949.0,2015893.0,rb2004,0,0,0,3326.0,0,1290,3326.0,rb2005,3380,3458,3378,3440.0,252626,269029,3424.0,rb2006,3369,3434,3364,3426.0,441,1498,3396.0,rb2007,3381,3441,3372,3418.0,324,1350,3404.0,rb2008,3386,3425,3374,3413.0,109,1149,3403.0,rb2009,3329,3387,3326,3373.0,5817,3878,3369.0,rb2010,3257,3322,3253,3306.0,1704182,1535127,3293.0,rb2011,3233,3280,3233,3271.0,68,1181,3248.0,rb2012,3204,3246,3199,3227.0,236,536,3219.0,rb2010,3257.0,3322.0,3253.0,3306.0,1704182.0,1535127.0,3293.0
2020-04-10,3373.5426300669283,1864105.0,1979577.0,rb2004,3450,3450,3450,3450.0,30,1290,3450.0,rb2005,3450,3519,3440,3518.0,198009,244539,3481.0,rb2006,3420,3496,3419,3482.0,237,1428,3451.0,rb2007,3446,3511,3424,3507.0,190,1290,3464.0,rb2008,3414,3483,3414,3483.0,67,1120,3440.0,rb2009,3340,3440,3340,3439.0,5735,3779,3394.0,rb2010,3306,3376,3298,3373.0,1563049,1523575,3330.0,rb2011,3271,3339,3271,3339.0,186,1094,3290.0,rb2012,3236,3298,3221,3277.0,698,576,3256.0,rb2010,3306.0,3376.0,3298.0,3373.0,1563049.0,1523575.0,3330.0
2020-04-13,3388.128313093743,1897698.0,1997076.0,rb2004,3450,3450,3450,3450.0,120,1170,3450.0,rb2005,3518,3543,3493,3541.0,157322,209070,3517.0,rb2006,3482,3519,3471,3516.0,288,1460,3494.0,rb2007,3507,3523,3473,3506.0,262,1294,3502.0,rb2008,3485,3519,3464,3500.0,122,1081,3490.0,rb2009,3420,3477,3420,3447.0,3517,3636,3451.0,rb2010,3378,3417,3356,3387.0,1638618,1584948,3388.0,rb2011,3341,3374,3320,3345.0,53,1086,3347.0,rb2012,3275,3318,3266,3299.0,83,563,3291.0,rb2010,3378.0,3417.0,3356.0,3387.0,1638618.0,1584948.0,3388.0
2020-04-14,3383.37255847797,1687519.0,1965270.0,rb2004,3470,3470,3470,3470.0,60,1170,3470.0,rb2005,3548,3570,3516,3534.0,126845,186754,3546.0,rb2006,3596,3596,3494,3499.0,174,1413,3526.0,rb2007,3558,3558,3496,3521.0,284,1272,3529.0,rb2008,3499,3535,3497,3507.0,166,1026,3519.0,rb2009,3465,3494,3435,3447.0,3892,3367,3462.0,rb2010,3393,3425,3370,3384.0,1488667,1569799,3393.0,rb2011,3350,3390,3333,3341.0,87,1095,3355.0,rb2012,3300,3332,3281,3308.0,135,560,3315.0,rb2010,3393.0,3425.0,3370.0,3384.0,1488667.0,1569799.0,3393.0
2020-04-15,3370.778766524041,1627177.0,1963654.0,rb2004,3420,3420,3420,3420.0,240,930,3420.0,rb2005,3535,3551,3502,3525.0,95691,173065,3528.0,rb2006,3502,3530,3486,3507.0,117,1389,3516.0,rb2007,3446,3531,3446,3507.0,367,1251,3511.0,rb2008,3492,3515,3488,3503.0,50,1040,3503.0,rb2009,3447,3471,3427,3448.0,2986,3518,3445.0,rb2010,3378,3405,3358,3373.0,1449573,1562103,3380.0,rb2011,3346,3364,3330,3343.0,104,1061,3340.0,rb2012,3299,3320,3279,3297.0,22,556,3294.0,rb2010,3378.0,3405.0,3358.0,3373.0,1449573.0,1562103.0,3380.0
2020-04-16,3381.664773096083,1920817.0,1941130.0,rb2005,3518,3557,3509,3540.0,97787,163569,3533.0,rb2006,3515,3531,3490,3511.0,156,1305,3511.0,rb2007,3502,3527,3493,3515.0,62,1230,3507.0,rb2008,3506,3529,3479,3519.0,44,1022,3506.0,rb2009,3448,3476,3415,3448.0,2679,3436,3443.0,rb2010,3363,3408,3348,3385.0,1743734,1546029,3380.0,rb2011,3333,3356,3327,3356.0,17,1056,3340.0,rb2012,3279,3315,3276,3304.0,47,557,3298.0,rb2101,3225,3253,3211,3240.0,76134,220607,3232.0,rb2010,3363.0,3408.0,3348.0,3385.0,1743734.0,1546029.0,3380.0
2020-04-17,3376.468046133756,1837010.0,1903682.0,rb2005,3541,3586,3527,3542.0,98475,145763,3556.0,rb2006,3548,3561,3509,3515.0,161,1248,3534.0,rb2007,3547,3563,3509,3521.0,53,1218,3538.0,rb2008,3550,3560,3504,3506.0,78,1007,3545.0,rb2009,3468,3498,3440,3451.0,2461,3446,3468.0,rb2010,3398,3435,3371,3381.0,1654281,1507800,3400.0,rb2011,3370,3398,3348,3351.0,67,1069,3365.0,rb2012,3340,3344,3297,3305.0,31,559,3318.0,rb2101,3244,3286,3232,3246.0,80741,238957,3255.0,rb2010,3398.0,3435.0,3371.0,3381.0,1654281.0,1507800.0,3400.0
2020-04-20,3356.274946090227,1240019.0,1920802.0,rb2005,3560,3570,3526,3533.0,62450,128902,3541.0,rb2006,3548,3548,3503,3514.0,286,1114,3522.0,rb2007,3527,3540,3508,3517.0,102,1174,3521.0,rb2008,3519,3519,3499,3508.0,36,1029,3503.0,rb2009,3440,3464,3431,3432.0,3156,3306,3448.0,rb2010,3399,3405,3360,3362.0,1123065,1538347,3379.0,rb2011,3350,3358,3337,3338.0,7,1068,3345.0,rb2012,3310,3324,3295,3303.0,22,568,3315.0,rb2101,3300,3300,3225,3225.0,50593,242519,3243.0,rb2010,3399.0,3405.0,3360.0,3362.0,1123065.0,1538347.0,3379.0
2020-04-21,3327.8636888357123,1693385.0,1900578.0,rb2005,3520,3524,3487,3507.0,86234,108499,3503.0,rb2006,3441,3511,3441,3487.0,171,1063,3487.0,rb2007,3502,3502,3480,3494.0,142,1171,3490.0,rb2008,3479,3497,3463,3483.0,65,1077,3470.0,rb2009,3412,3423,3385,3407.0,3915,3569,3403.0,rb2010,3350,3351,3306,3337.0,1529213,1527245,3326.0,rb2011,3311,3311,3281,3303.0,46,1071,3294.0,rb2012,3265,3272,3225,3272.0,39,562,3246.0,rb2101,3220,3220,3173,3195.0,73059,253264,3190.0,rb2010,3350.0,3351.0,3306.0,3337.0,1529213.0,1527245.0,3326.0
2020-04-22,3363.7000963424443,1574262.0,1937879.0,rb2005,3490,3537,3480,3537.0,51709,99152,3506.0,rb2006,3472,3528,3462,3519.0,155,1040,3486.0,rb2007,3471,3536,3471,3511.0,53,1163,3505.0,rb2008,3470,3498,3465,3498.0,32,1101,3470.0,rb2009,3386,3440,3376,3438.0,2822,3320,3406.0,rb2010,3320,3375,3304,3375.0,1455480,1572868,3339.0,rb2011,3272,3341,3272,3341.0,23,1062,3302.0,rb2012,3233,3286,3233,3286.0,34,561,3255.0,rb2101,3180,3226,3165,3226.0,63778,254545,3191.0,rb2010,3320.0,3375.0,3304.0,3375.0,1455480.0,1572868.0,3339.0
2020-04-23,3318.81247591936,1638509.0,1897271.0,rb2005,3537,3550,3500,3503.0,44473,87578,3525.0,rb2006,3576,3576,3490,3491.0,185,1066,3517.0,rb2007,3531,3577,3501,3510.0,134,1166,3539.0,rb2008,3525,3525,3485,3487.0,367,1128,3503.0,rb2009,3440,3447,3405,3407.0,2686,3527,3424.0,rb2010,3376,3388,3325,3330.0,1510335,1538473,3356.0,rb2011,3359,3359,3303,3304.0,11,1067,3329.0,rb2012,3297,3308,3255,3267.0,51,581,3282.0,rb2101,3230,3243,3187,3189.0,79956,259501,3216.0,rb2010,3376.0,3388.0,3325.0,3330.0,1510335.0,1538473.0,3356.0
2020-04-24,3330.4755652492336,1212256.0,1870635.0,rb2005,3482,3526,3482,3517.0,25837,76337,3512.0,rb2006,3494,3505,3492,3498.0,169,975,3500.0,rb2007,3490,3520,3490,3520.0,22,1171,3514.0,rb2008,3492,3516,3486,3509.0,51,1155,3495.0,rb2009,3401,3429,3394,3420.0,2223,3417,3411.0,rb2010,3325,3348,3318,3343.0,1122495,1521265,3334.0,rb2011,3309,3321,3293,3321.0,22,1075,3311.0,rb2012,3259,3278,3244,3264.0,34,592,3262.0,rb2101,3191,3208,3181,3202.0,61184,261439,3195.0,rb2010,3325.0,3348.0,3318.0,3343.0,1122495.0,1521265.0,3334.0
2020-04-27,3303.2895840708684,1294719.0,1850195.0,rb2005,3527,3534,3504,3513.0,32936,58434,3517.0,rb2006,3519,3519,3489,3498.0,81,974,3498.0,rb2007,3500,3527,3497,3509.0,84,1171,3511.0,rb2008,3498,3519,3489,3493.0,27,1163,3498.0,rb2009,3420,3439,3401,3406.0,1932,3481,3413.0,rb2010,3345,3359,3309,3316.0,1200761,1514312,3330.0,rb2011,3328,3328,3290,3298.0,52,1076,3307.0,rb2012,3276,3277,3234,3250.0,29,598,3252.0,rb2101,3202,3216,3176,3183.0,58647,265751,3193.0,rb2010,3345.0,3359.0,3309.0,3316.0,1200761.0,1514312.0,3330.0
2020-04-28,3277.41617538036,1791333.0,1864154.0,rb2005,3510,3518,3473,3492.0,31291,41704,3492.0,rb2006,3491,3496,3456,3465.0,170,971,3478.0,rb2007,3492,3510,3468,3482.0,145,1174,3484.0,rb2008,3472,3496,3457,3491.0,114,1190,3464.0,rb2009,3398,3419,3371,3389.0,3414,3591,3388.0,rb2010,3309,3333,3276,3292.0,1652114,1534322,3303.0,rb2011,3275,3300,3261,3269.0,67,1090,3271.0,rb2012,3311,3311,3217,3258.0,52,602,3239.0,rb2101,3190,3192,3145,3162.0,103191,275825,3166.0,rb2010,3309.0,3333.0,3276.0,3292.0,1652114.0,1534322.0,3303.0
2020-04-29,3284.790384253175,1067822.0,1868872.0,rb2005,3490,3505,3478,3486.0,19165,29901,3490.0,rb2006,3449,3498,3448,3470.0,176,908,3474.0,rb2007,3468,3513,3454,3492.0,198,1218,3490.0,rb2008,3463,3484,3462,3484.0,34,1182,3471.0,rb2009,3389,3408,3380,3398.0,1701,3587,3392.0,rb2010,3292,3315,3286,3302.0,981516,1541709,3297.0,rb2011,3293,3293,3272,3273.0,6,1089,3276.0,rb2012,3212,3239,3212,3223.0,19,610,3227.0,rb2101,3158,3177,3155,3169.0,64904,284970,3164.0,rb2010,3292.0,3315.0,3286.0,3302.0,981516.0,1541709.0,3297.0
2020-04-30,3345.3363347878712,1461830.0,1786134.0,rb2005,3493,3549,3492,3524.0,17091,17384,3506.0,rb2006,3487,3531,3464,3530.0,308,915,3513.0,rb2007,3527,3550,3506,3539.0,97,1186,3530.0,rb2008,3494,3539,3493,3527.0,95,1198,3516.0,rb2009,3407,3458,3407,3458.0,2402,3523,3438.0,rb2010,3312,3368,3311,3367.0,1351155,1478071,3343.0,rb2011,3299,3337,3290,3327.0,57,1095,3307.0,rb2012,3250,3304,3242,3282.0,39,597,3266.0,rb2101,3187,3225,3182,3218.0,90243,278599,3207.0,rb2010,3312.0,3368.0,3311.0,3367.0,1351155.0,1478071.0,3343.0
2020-05-06,3370.479097930105,1174175.0,1760041.0,rb2005,3545,3560,3526,3559.0,3434,14430,3544.0,rb2006,3595,3595,3524,3548.0,133,854,3535.0,rb2007,3556,3558,3542,3557.0,267,1034,3547.0,rb2008,3557,3572,3535,3540.0,159,1216,3539.0,rb2009,3480,3492,3460,3487.0,1644,3475,3477.0,rb2010,3385,3406,3371,3392.0,1091440,1455415,3388.0,rb2011,3363,3374,3350,3372.0,82,1057,3365.0,rb2012,3310,3327,3297,3319.0,41,592,3313.0,rb2101,3218,3257,3218,3247.0,76310,278513,3244.0,rb2010,3385.0,3406.0,3371.0,3392.0,1091440.0,1455415.0,3388.0
2020-05-07,3417.046754570219,1503248.0,1876223.0,rb2005,3560,3588,3560,3587.0,4740,10740,3574.0,rb2006,3552,3562,3521,3553.0,113,843,3548.0,rb2007,3535,3585,3535,3568.0,302,874,3561.0,rb2008,3554,3582,3547,3572.0,158,1190,3568.0,rb2009,3493,3521,3484,3520.0,1728,3477,3507.0,rb2010,3400,3443,3394,3439.0,1421089,1567775,3422.0,rb2011,3382,3419,3375,3419.0,56,1070,3388.0,rb2012,3322,3381,3320,3353.0,90,606,3345.0,rb2101,3250,3293,3248,3290.0,74368,286193,3274.0,rb2010,3400.0,3443.0,3394.0,3439.0,1421089.0,1567775.0,3422.0
2020-05-08,3428.4589952952315,1524356.0,1854714.0,rb2005,3587,3603,3532,3536.0,7830,5070,3575.0,rb2006,3548,3555,3539,3546.0,114,811,3548.0,rb2007,3590,3600,3571,3578.0,141,861,3581.0,rb2008,3568,3598,3568,3575.0,120,1177,3583.0,rb2009,3520,3545,3516,3526.0,1597,3401,3531.0,rb2010,3443,3480,3439,3452.0,1430332,1559451,3457.0,rb2011,3416,3449,3406,3406.0,52,1090,3421.0,rb2012,3382,3394,3363,3370.0,106,615,3379.0,rb2101,3297,3318,3286,3295.0,83672,278649,3301.0,rb2010,3443.0,3480.0,3439.0,3452.0,1430332.0,1559451.0,3457.0
2020-05-11,3427.3785039368368,1360645.0,1841072.0,rb2005,3533,3540,3405,3407.0,3870,2790,3460.0,rb2006,3532,3558,3521,3531.0,214,812,3536.0,rb2007,3573,3599,3573,3583.0,165,845,3582.0,rb2008,3558,3592,3558,3578.0,68,1166,3577.0,rb2009,3526,3545,3512,3530.0,1865,3397,3530.0,rb2010,3460,3474,3432,3452.0,1272924,1542556,3452.0,rb2011,3423,3447,3414,3418.0,44,1110,3422.0,rb2012,3358,3385,3350,3360.0,27,605,3364.0,rb2101,3290,3314,3276,3294.0,80963,284336,3296.0,rb2010,3460.0,3474.0,3432.0,3452.0,1272924.0,1542556.0,3452.0
2020-05-12,3439.637213280902,1086470.0,1865807.0,rb2005,3378,3444,3371,3428.0,3060,1680,3400.0,rb2006,3536,3550,3508,3550.0,161,704,3540.0,rb2007,3577,3588,3573,3580.0,149,862,3580.0,rb2008,3578,3588,3569,3582.0,249,1173,3574.0,rb2009,3529,3540,3521,3534.0,1025,3409,3531.0,rb2010,3448,3467,3441,3464.0,1014702,1571098,3455.0,rb2011,3423,3437,3416,3437.0,45,1150,3417.0,rb2012,3371,3386,3369,3382.0,210,771,3375.0,rb2101,3292,3308,3282,3304.0,66774,281506,3298.0,rb2010,3448.0,3467.0,3441.0,3464.0,1014702.0,1571098.0,3455.0
2020-05-13,3440.0801493992253,1732092.0,1856770.0,rb2005,3425,3438,3402,3419.0,420,1320,3419.0,rb2006,3553,3576,3510,3534.0,266,718,3546.0,rb2007,3590,3595,3573,3580.0,494,1079,3585.0,rb2008,3582,3605,3572,3584.0,281,1042,3592.0,rb2009,3549,3562,3519,3540.0,2180,3468,3537.0,rb2010,3470,3495,3434,3464.0,1638388,1557860,3463.0,rb2011,3400,3466,3400,3427.0,35,1157,3431.0,rb2012,3399,3405,3362,3371.0,41,779,3391.0,rb2101,3310,3330,3282,3310.0,89703,285855,3305.0,rb2010,3470.0,3495.0,3434.0,3464.0,1638388.0,1557860.0,3463.0
2020-05-14,3421.7124331303007,1474449.0,1877532.0,rb2005,3420,3420,3406,3406.0,120,1230,3415.0,rb2006,3517,3533,3512,3513.0,76,709,3523.0,rb2007,3575,3587,3562,3573.0,63,1079,3578.0,rb2008,3575,3593,3574,3574.0,13,1037,3581.0,rb2009,3566,3566,3526,3530.0,2265,3533,3534.0,rb2010,3464,3474,3443,3445.0,1391639,1572719,3457.0,rb2011,3420,3436,3417,3417.0,35,1161,3424.0,rb2012,3375,3393,3374,3374.0,49,791,3379.0,rb2101,3309,3319,3296,3296.0,80057,291791,3304.0,rb2010,3464.0,3474.0,3443.0,3445.0,1391639.0,1572719.0,3457.0
2020-05-15,3440.606912605724,1558713.0,1867834.0,rb2005,3390,3430,3373,3400.0,270,1230,3399.0,rb2006,3510,3519,3504,3505.0,238,693,3507.0,rb2007,3577,3583,3557,3568.0,42,1088,3572.0,rb2008,3561,3594,3561,3580.0,76,1042,3581.0,rb2009,3527,3553,3515,3541.0,2171,3484,3536.0,rb2010,3442,3476,3426,3464.0,1475799,1568331,3453.0,rb2011,3419,3439,3404,3427.0,34,1151,3420.0,rb2012,3367,3407,3366,3374.0,34,793,3383.0,rb2101,3295,3320,3282,3313.0,79834,286550,3303.0,rb2010,3442.0,3476.0,3426.0,3464.0,1475799.0,1568331.0,3453.0
2020-05-18,3500.420263467204,2083050.0,1784966.0,rb2006,3508,3576,3490,3551.0,219,729,3534.0,rb2007,3541,3633,3540,3614.0,104,1058,3601.0,rb2008,3581,3630,3581,3630.0,280,835,3610.0,rb2009,3551,3615,3532,3609.0,2769,3585,3586.0,rb2010,3469,3544,3455,3528.0,1869234,1473769,3512.0,rb2011,3443,3504,3412,3502.0,128,1078,3472.0,rb2012,3408,3458,3393,3455.0,68,772,3438.0,rb2101,3297,3387,3297,3372.0,164615,277821,3357.0,rb2102,3242,3288,3240,3284.0,346,1280,3264.0,rb2010,3469.0,3544.0,3455.0,3528.0,1869234.0,1473769.0,3512.0
2020-05-19,3532.266798639193,1737067.0,1794818.0,rb2006,3591,3591,3500,3577.0,117,669,3552.0,rb2007,3638,3649,3586,3649.0,117,1014,3641.0,rb2008,3629,3657,3603,3644.0,372,710,3640.0,rb2009,3604,3651,3604,3650.0,4399,4642,3637.0,rb2010,3527,3583,3522,3562.0,1586398,1486670,3557.0,rb2011,3575,3575,3472,3524.0,58,1077,3524.0,rb2012,3422,3525,3422,3481.0,100,804,3487.0,rb2101,3380,3414,3370,3392.0,127157,269062,3395.0,rb2102,3289,3316,3282,3300.0,182,1302,3299.0,rb2010,3527.0,3583.0,3522.0,3562.0,1586398.0,1486670.0,3557.0
2020-05-20,3503.2021205032515,1208461.0,1780898.0,rb2006,3533,3555,3512,3530.0,35,670,3530.0,rb2007,3638,3648,3620,3648.0,33,1013,3635.0,rb2008,3680,3681,3564,3631.0,60,703,3639.0,rb2009,3638,3647,3613,3628.0,2977,5707,3631.0,rb2010,3556,3558,3524,3531.0,1111150,1468224,3539.0,rb2011,3508,3513,3500,3503.0,105,1095,3504.0,rb2012,3455,3492,3449,3464.0,132,826,3466.0,rb2101,3395,3395,3353,3376.0,79765,268181,3378.0,rb2102,3291,3294,3275,3292.0,95,1297,3289.0,rb2010,3556.0,3558.0,3524.0,3531.0,1111150.0,1468224.0,3539.0
2020-05-21,3538.7670879236675,1335433.0,1750871.0,rb2006,3555,3599,3533,3570.0,60,650,3553.0,rb2007,3650,3673,3641,3670.0,55,1001,3659.0,rb2008,3667,3667,3636,3653.0,48,690,3647.0,rb2009,3630,3658,3624,3653.0,1673,5567,3642.0,rb2010,3535,3571,3527,3568.0,1233801,1449396,3548.0,rb2011,3509,3530,3501,3519.0,50,1086,3511.0,rb2012,3474,3492,3465,3489.0,26,827,3474.0,rb2101,3370,3407,3370,3403.0,86707,255225,3390.0,rb2102,3288,3302,3288,3302.0,133,1299,3296.0,rb2010,3535.0,3571.0,3527.0,3568.0,1233801.0,1449396.0,3548.0
2020-05-22,3477.7584740837387,2142582.0,1686200.0,rb2006,3602,3653,3549,3613.0,53,644,3599.0,rb2007,3665,3680,3637,3655.0,77,1001,3666.0,rb2008,3670,3680,3622,3635.0,110,646,3660.0,rb2009,3655,3678,3603,3610.0,3761,6322,3638.0,rb2010,3570,3594,3505,3508.0,1957742,1375530,3547.0,rb2011,3542,3554,3464,3471.0,225,1057,3496.0,rb2012,3502,3509,3439,3439.0,175,887,3460.0,rb2101,3405,3423,3346,3349.0,148476,254166,3383.0,rb2102,3302,3319,3261,3262.0,171,1309,3287.0,rb2010,3570.0,3594.0,3505.0,3508.0,1957742.0,1375530.0,3547.0
2020-05-25,3466.781768349857,1542129.0,1675449.0,rb2006,3648,3648,3586,3597.0,22,632,3599.0,rb2007,3633,3662,3621,3658.0,47,995,3633.0,rb2008,3641,3656,3630,3656.0,37,653,3638.0,rb2009,3615,3635,3597,3605.0,2221,6412,3611.0,rb2010,3516,3538,3488,3500.0,1412621,1349237,3510.0,rb2011,3473,3487,3453,3463.0,79,1062,3465.0,rb2012,3458,3490,3418,3428.0,53,898,3441.0,rb2101,3347,3372,3332,3336.0,100911,260704,3348.0,rb2102,3268,3273,3247,3249.0,49,1308,3258.0,rb2010,3516.0,3538.0,3488.0,3500.0,1412621.0,1349237.0,3510.0
2020-05-26,3456.3244677908874,1331848.0,1663256.0,rb2006,3558,3594,3558,3560.0,55,619,3568.0,rb2007,3632,3659,3630,3640.0,17,985,3637.0,rb2008,3640,3658,3625,3639.0,44,657,3639.0,rb2009,3609,3623,3597,3600.0,1341,6560,3609.0,rb2010,3500,3520,3488,3493.0,1211222,1326071,3502.0,rb2011,3486,3490,3463,3463.0,94,1062,3484.0,rb2012,3475,3485,3410,3410.0,372,1082,3431.0,rb2101,3340,3352,3316,3320.0,97901,261786,3335.0,rb2102,3252,3259,3240,3240.0,21,1304,3248.0,rb2010,3500.0,3520.0,3488.0,3493.0,1211222.0,1326071.0,3502.0
2020-05-27,3456.788963041995,1478674.0,1653336.0,rb2006,3511,3540,3500,3504.0,23,605,3504.0,rb2007,3634,3645,3620,3633.0,293,1043,3633.0,rb2008,3605,3646,3600,3645.0,35,651,3631.0,rb2009,3594,3616,3581,3600.0,2016,6541,3594.0,rb2010,3486,3510,3467,3494.0,1366527,1305295,3485.0,rb2011,3441,3470,3435,3448.0,63,1086,3446.0,rb2012,3410,3435,3391,3415.0,139,1154,3418.0,rb2101,3325,3343,3306,3328.0,84875,265427,3322.0,rb2102,3225,3255,3222,3243.0,27,1306,3231.0,rb2010,3486.0,3510.0,3467.0,3494.0,1366527.0,1305295.0,3485.0
2020-05-28,3458.690413924153,1448221.0,1622447.0,rb2006,3480,3505,3401,3430.0,48,582,3428.0,rb2007,3635,3645,3625,3626.0,12,1052,3629.0,rb2008,3644,3645,3630,3630.0,27,653,3637.0,rb2009,3600,3615,3582,3599.0,1534,6349,3599.0,rb2010,3495,3512,3472,3498.0,1335486,1258513,3492.0,rb2011,3455,3470,3440,3457.0,22,1077,3457.0,rb2012,3428,3428,3403,3422.0,63,1184,3411.0,rb2101,3332,3343,3314,3335.0,89342,277335,3329.0,rb2102,3247,3252,3230,3246.0,18,1305,3242.0,rb2010,3495.0,3512.0,3472.0,3498.0,1335486.0,1258513.0,3492.0
2020-05-29,3539.1818756656016,1743329.0,1682688.0,rb2006,3376,3600,3376,3444.0,88,540,3504.0,rb2007,3648,3695,3630,3695.0,136,1034,3669.0,rb2008,3644,3680,3637,3680.0,84,672,3646.0,rb2009,3615,3675,3600,3673.0,2729,5919,3634.0,rb2010,3498,3580,3495,3579.0,1609216,1330273,3533.0,rb2011,3470,3530,3451,3528.0,57,1048,3497.0,rb2012,3432,3489,3424,3484.0,138,1113,3448.0,rb2101,3341,3405,3334,3405.0,102007,271607,3369.0,rb2102,3255,3296,3255,3296.0,54,1295,3272.0,rb2010,3498.0,3580.0,3495.0,3579.0,1609216.0,1330273.0,3533.0
2020-06-01,3536.094937317903,1952197.0,1610747.0,rb2006,0,0,0,3504.0,0,540,3504.0,rb2007,3671,3715,3669,3697.0,215,958,3701.0,rb2008,3666,3700,3666,3681.0,102,638,3688.0,rb2009,3673,3690,3644,3660.0,4526,4099,3671.0,rb2010,3580,3609,3557,3577.0,1786836,1267393,3580.0,rb2011,3531,3560,3521,3538.0,55,1046,3539.0,rb2012,3485,3515,3479,3492.0,125,1143,3493.0,rb2101,3409,3430,3388,3402.0,130359,265954,3410.0,rb2102,3298,3317,3264,3298.0,165,1309,3297.0,rb2010,3580.0,3609.0,3557.0,3577.0,1786836.0,1267393.0,3580.0
2020-06-02,3596.2594466236424,1779945.0,1763646.0,rb2006,3550,3585,3490,3585.0,420,300,3537.0,rb2007,3752,3752,3656,3688.0,193,881,3702.0,rb2008,3676,3711,3676,3699.0,95,574,3705.0,rb2009,3655,3708,3651,3688.0,2825,3197,3688.0,rb2010,3569,3648,3568,3634.0,1639428,1424237,3608.0,rb2011,3539,3600,3538,3600.0,29,1043,3580.0,rb2012,3496,3559,3471,3552.0,131,1090,3528.0,rb2101,3407,3471,3396,3458.0,107927,265868,3433.0,rb2102,3294,3338,3293,3330.0,193,1310,3318.0,rb2010,3569.0,3648.0,3568.0,3634.0,1639428.0,1424237.0,3608.0
2020-06-03,3596.789863713062,1751046.0,1733475.0,rb2006,0,0,0,3537.0,0,300,3537.0,rb2007,3696,3700,3660,3682.0,120,873,3671.0,rb2008,3701,3710,3680,3693.0,23,572,3693.0,rb2009,3694,3715,3675,3691.0,2016,3039,3694.0,rb2010,3641,3663,3622,3634.0,1617332,1405922,3640.0,rb2011,3592,3623,3590,3590.0,32,1052,3609.0,rb2012,3556,3569,3536,3542.0,144,1061,3547.0,rb2101,3460,3479,3439,3459.0,106147,252505,3458.0,rb2102,3330,3371,3326,3355.0,450,1353,3355.0,rb2010,3641.0,3663.0,3622.0,3634.0,1617332.0,1405922.0,3640.0
2020-06-04,3567.9762121393164,2066079.0,1715665.0,rb2006,0,0,0,3537.0,0,300,3537.0,rb2007,3687,3705,3669,3683.0,47,860,3690.0,rb2008,3694,3718,3678,3678.0,50,572,3687.0,rb2009,3677,3720,3661,3663.0,2485,2757,3698.0,rb2010,3633,3679,3605,3606.0,1924866,1383452,3646.0,rb2011,3592,3632,3574,3574.0,34,1057,3610.0,rb2012,3533,3577,3530,3530.0,55,1061,3552.0,rb2101,3450,3496,3430,3430.0,110259,254952,3467.0,rb2102,3358,3377,3328,3329.0,117,1377,3362.0,rb2010,3633.0,3679.0,3605.0,3606.0,1924866.0,1383452.0,3646.0
2020-06-05,3565.0224853353902,1215049.0,1669666.0,rb2006,0,0,0,3537.0,0,300,3537.0,rb2007,3662,3693,3660,3682.0,71,900,3681.0,rb2008,3642,3696,3642,3684.0,77,585,3675.0,rb2009,3660,3669,3645,3657.0,1478,2684,3658.0,rb2010,3607,3615,3591,3604.0,1115833,1325018,3603.0,rb2011,3512,3577,3512,3576.0,35,1070,3563.0,rb2012,3543,3543,3476,3523.0,39,1063,3516.0,rb2101,3429,3448,3423,3436.0,76801,265630,3436.0,rb2102,3328,3348,3328,3331.0,26,1379,3335.0,rb2010,3607.0,3615.0,3591.0,3604.0,1115833.0,1325018.0,3603.0
2020-06-08,3577.437840225673,1916138.0,1654784.0,rb2006,0,0,0,3600.0,0,300,3600.0,rb2007,3679,3721,3675,3709.0,38,901,3703.0,rb2008,3687,3718,3671,3692.0,42,583,3697.0,rb2009,3659,3710,3639,3676.0,1897,2743,3679.0,rb2010,3605,3666,3583,3616.0,1779854,1307324,3628.0,rb2011,3560,3620,3555,3594.0,36,1073,3581.0,rb2012,3520,3599,3507,3535.0,51,1057,3546.0,rb2101,3445,3488,3422,3452.0,103909,268690,3463.0,rb2102,3354,3377,3350,3350.0,52,1404,3364.0,rb2010,3605.0,3666.0,3583.0,3616.0,1779854.0,1307324.0,3628.0
2020-06-09,3579.8507104199484,1375714.0,1681611.0,rb2006,0,0,0,3600.0,0,300,3600.0,rb2007,3694,3716,3679,3716.0,93,893,3687.0,rb2008,3668,3696,3668,3690.0,73,609,3680.0,rb2009,3662,3680,3645,3669.0,1278,2658,3658.0,rb2010,3615,3626,3588,3619.0,1281325,1325030,3603.0,rb2011,3561,3580,3551,3580.0,37,1076,3562.0,rb2012,3522,3549,3514,3541.0,38,1056,3524.0,rb2101,3450,3466,3430,3456.0,71065,271908,3445.0,rb2102,3340,3355,3340,3355.0,3,1405,3348.0,rb2010,3615.0,3626.0,3588.0,3619.0,1281325.0,1325030.0,3603.0
2020-06-10,3549.683569946216,1337358.0,1755892.0,rb2006,0,0,0,3600.0,0,300,3600.0,rb2007,3710,3710,3675,3688.0,81,906,3682.0,rb2008,3668,3698,3668,3677.0,66,579,3689.0,rb2009,3625,3670,3623,3641.0,6732,2605,3639.0,rb2010,3612,3623,3578,3587.0,1246605,1388278,3602.0,rb2011,3569,3581,3550,3550.0,15,1076,3567.0,rb2012,3514,3540,3513,3517.0,36,1081,3518.0,rb2101,3460,3466,3425,3430.0,63388,276958,3445.0,rb2102,3332,3354,3332,3349.0,22,1400,3348.0,rb2010,3612.0,3623.0,3578.0,3587.0,1246605.0,1388278.0,3602.0
2020-06-11,3556.9817895951915,1554221.0,1708364.0,rb2006,0,0,0,3600.0,0,300,3600.0,rb2007,3681,3705,3680,3692.0,34,901,3690.0,rb2008,3681,3721,3678,3692.0,57,589,3688.0,rb2009,3630,3667,3621,3643.0,1297,2612,3640.0,rb2010,3585,3621,3572,3596.0,1440657,1336524,3593.0,rb2011,3540,3580,3540,3556.0,324,1279,3555.0,rb2012,3505,3544,3501,3512.0,77,1091,3514.0,rb2101,3429,3460,3422,3439.0,87060,282112,3439.0,rb2102,3335,3356,3331,3342.0,58,1400,3346.0,rb2010,3585.0,3621.0,3572.0,3596.0,1440657.0,1336524.0,3593.0
2020-06-12,3587.259334964453,1750870.0,1750944.0,rb2006,0,0,0,3600.0,0,300,3600.0,rb2007,3693,3730,3678,3706.0,80,946,3686.0,rb2008,3679,3710,3673,3703.0,120,600,3693.0,rb2009,3640,3673,3618,3673.0,1454,2552,3645.0,rb2010,3589,3627,3560,3626.0,1627885,1383420,3597.0,rb2011,3557,3592,3537,3592.0,192,1432,3550.0,rb2012,3510,3544,3499,3539.0,359,1255,3511.0,rb2101,3432,3467,3412,3464.0,95470,281257,3439.0,rb2102,3337,3359,3313,3359.0,20,1395,3325.0,rb2010,3589.0,3627.0,3560.0,3626.0,1627885.0,1383420.0,3597.0
2020-06-15,3533.4941340519804,1640265.0,1757005.0,rb2006,0,0,0,3600.0,0,300,3600.0,rb2007,3699,3727,3680,3680.0,90,1003,3684.0,rb2008,3706,3719,3678,3678.0,76,591,3702.0,rb2009,3672,3679,3628,3630.0,1289,2368,3648.0,rb2010,3630,3635,3567,3572.0,1490916,1364692,3601.0,rb2011,3604,3608,3544,3544.0,21,1433,3577.0,rb2012,3541,3554,3502,3502.0,43,1266,3519.0,rb2101,3464,3474,3417,3421.0,118489,297059,3443.0,rb2102,3363,3363,3322,3323.0,21,1390,3340.0,rb2010,3630.0,3635.0,3567.0,3572.0,1490916.0,1364692.0,3601.0
2020-06-16,3559.323318467112,1006003.0,1739514.0,rb2007,3724,3727,3662,3693.0,53,1005,3706.0,rb2008,3687,3706,3687,3706.0,6,592,3697.0,rb2009,3620,3664,3620,3660.0,652,2378,3650.0,rb2010,3577,3605,3575,3599.0,935338,1347586,3592.0,rb2011,3565,3579,3550,3574.0,224,1484,3564.0,rb2012,3498,3534,3498,3528.0,29,1252,3524.0,rb2101,3416,3451,3416,3445.0,53733,299019,3439.0,rb2102,3333,3342,3333,3333.0,14,1390,3337.0,rb2103,3324,3330,3323,3330.0,3,1330,3325.0,rb2010,3577.0,3605.0,3575.0,3599.0,935338.0,1347586.0,3592.0
2020-06-17,3546.726287871014,1387465.0,1773586.0,rb2007,3693,3717,3679,3702.0,46,994,3693.0,rb2008,3705,3716,3689,3698.0,41,583,3702.0,rb2009,3658,3671,3634,3641.0,847,2367,3653.0,rb2010,3595,3620,3572,3585.0,1286906,1376871,3594.0,rb2011,3588,3588,3555,3555.0,14,1478,3572.0,rb2012,3521,3541,3510,3521.0,51,1248,3520.0,rb2101,3455,3463,3423,3436.0,78566,300524,3441.0,rb2102,3352,3363,3335,3342.0,46,1390,3341.0,rb2103,3326,3345,3320,3329.0,30,1332,3329.0,rb2010,3595.0,3620.0,3572.0,3585.0,1286906.0,1376871.0,3594.0
2020-06-18,3576.1034213047283,1739924.0,1786073.0,rb2007,3837,3837,3699,3714.0,33,995,3736.0,rb2008,3706,3716,3690,3714.0,41,559,3702.0,rb2009,3645,3674,3645,3668.0,828,2436,3663.0,rb2010,3589,3619,3583,3615.0,1625784,1399007,3604.0,rb2011,3566,3586,3566,3575.0,24,1463,3578.0,rb2012,3518,3556,3518,3523.0,91,1253,3527.0,rb2101,3430,3464,3430,3458.0,86833,295033,3450.0,rb2102,3356,3467,3333,3351.0,112,1389,3381.0,rb2103,3395,3395,3320,3335.0,66,1340,3342.0,rb2010,3589.0,3619.0,3583.0,3615.0,1625784.0,1399007.0,3604.0
2020-06-19,3607.71510990502,1464835.0,1842500.0,rb2007,3718,3740,3706,3712.0,60,985,3720.0,rb2008,3717,3743,3710,3739.0,82,560,3732.0,rb2009,3669,3705,3669,3700.0,704,2503,3686.0,rb2010,3615,3649,3609,3645.0,1332869,1443332,3629.0,rb2011,3590,3614,3563,3613.0,68,1445,3600.0,rb2012,3564,3580,3564,3580.0,30,1251,3571.0,rb2101,3450,3501,3450,3496.0,108282,312058,3481.0,rb2102,3369,3476,3367,3408.0,180,1395,3399.0,rb2103,3349,3370,3349,3366.0,17,1340,3360.0,rb2010,3615.0,3649.0,3609.0,3645.0,1332869.0,1443332.0,3629.0
2020-06-22,3585.045162070752,1486082.0,1851753.0,rb2007,3701,3729,3694,3719.0,89,950,3719.0,rb2008,3741,3741,3716,3723.0,19,561,3730.0,rb2009,3702,3708,3673,3680.0,864,2528,3690.0,rb2010,3645,3658,3615,3620.0,1335426,1440433,3636.0,rb2011,3619,3621,3590,3605.0,46,1438,3612.0,rb2012,3577,3592,3564,3569.0,106,1238,3581.0,rb2101,3499,3513,3479,3484.0,124703,324603,3496.0,rb2102,3400,3408,3382,3389.0,67,1408,3395.0,rb2103,3374,3379,3360,3364.0,66,1340,3366.0,rb2010,3645.0,3658.0,3615.0,3620.0,1335426.0,1440433.0,3636.0
2020-06-23,3573.365945650164,931242.0,1822011.0,rb2007,3720,3746,3719,3746.0,94,901,3724.0,rb2008,3717,3723,3717,3720.0,18,560,3719.0,rb2009,3661,3679,3661,3668.0,722,2569,3669.0,rb2010,3615,3624,3606,3610.0,860391,1403288,3614.0,rb2011,3596,3596,3581,3591.0,15,1440,3587.0,rb2012,3564,3565,3552,3560.0,28,1231,3560.0,rb2101,3489,3489,3470,3472.0,58233,329620,3477.0,rb2102,3386,3390,3375,3379.0,7,1407,3379.0,rb2103,3356,3360,3347,3351.0,29,1340,3357.0,rb2010,3615.0,3624.0,3606.0,3610.0,860391.0,1403288.0,3614.0
2020-06-24,3578.1237101194497,795031.0,1756558.0,rb2007,3740,3750,3715,3725.0,70,911,3733.0,rb2008,3717,3728,3717,3728.0,4,559,3721.0,rb2009,3669,3694,3663,3673.0,1155,2583,3678.0,rb2010,3618,3623,3609,3620.0,710780,1330535,3615.0,rb2011,3587,3589,3580,3589.0,3,1441,3585.0,rb2012,3558,3560,3549,3553.0,28,1233,3555.0,rb2101,3470,3484,3464,3468.0,70856,333341,3469.0,rb2102,3375,3375,3374,3374.0,2,1407,3374.0,rb2103,3351,3359,3344,3356.0,11,1345,3352.0,rb2010,3618.0,3623.0,3609.0,3620.0,710780.0,1330535.0,3615.0
2020-06-29,3512.644669432305,1387333.0,1822123.0,rb2007,3660,3721,3660,3680.0,222,928,3675.0,rb2008,3700,3706,3682,3685.0,193,560,3686.0,rb2009,3660,3660,3614,3620.0,1193,2572,3632.0,rb2010,3609,3609,3551,3552.0,1200046,1376086,3569.0,rb2011,3575,3575,3513,3530.0,38,1446,3542.0,rb2012,3524,3540,3497,3499.0,77,1241,3515.0,rb2101,3459,3462,3413,3413.0,145424,334333,3434.0,rb2102,3364,3364,3325,3325.0,41,1405,3339.0,rb2103,3356,3356,3312,3313.0,2856,4046,3328.0,rb2010,3609.0,3609.0,3551.0,3552.0,1200046.0,1376086.0,3569.0
2020-06-30,3524.057894205174,1065220.0,1831375.0,rb2007,3677,3868,3585,3798.0,148,900,3699.0,rb2008,3639,3717,3639,3666.0,308,646,3677.0,rb2009,3620,3639,3617,3619.0,639,2581,3627.0,rb2010,3551,3584,3551,3565.0,937335,1366053,3568.0,rb2011,3542,3556,3528,3536.0,129,1495,3537.0,rb2012,3495,3518,3494,3509.0,155,1364,3510.0,rb2101,3403,3445,3403,3430.0,92289,334918,3429.0,rb2102,3336,3348,3333,3346.0,22,1397,3339.0,rb2103,3313,3344,3313,3334.0,7986,11230,3331.0,rb2010,3551.0,3584.0,3551.0,3565.0,937335.0,1366053.0,3568.0
2020-07-01,3523.812392560495,1197237.0,1854532.0,rb2007,3670,3670,3640,3640.0,210,930,3655.0,rb2008,3662,3675,3643,3666.0,218,638,3663.0,rb2009,3620,3646,3613,3633.0,1393,3096,3626.0,rb2010,3568,3575,3542,3566.0,1086114,1361885,3561.0,rb2011,3536,3550,3500,3529.0,112,1478,3537.0,rb2012,3509,3522,3491,3516.0,82,1394,3509.0,rb2101,3439,3444,3411,3436.0,69754,338999,3428.0,rb2102,3351,3372,3332,3349.0,32,1398,3355.0,rb2103,3334,3357,3322,3339.0,9877,20068,3334.0,rb2010,3568.0,3575.0,3542.0,3566.0,1086114.0,1361885.0,3561.0
2020-07-02,3528.8331231170664,914419.0,1913902.0,rb2007,0,0,0,3655.0,0,930,3655.0,rb2008,3658,3674,3651,3668.0,36,655,3658.0,rb2009,3636,3653,3630,3642.0,578,3136,3641.0,rb2010,3565,3582,3560,3573.0,809918,1400881,3569.0,rb2011,3553,3555,3553,3555.0,3,1478,3554.0,rb2012,3422,3520,3422,3517.0,16,1392,3504.0,rb2101,3431,3445,3430,3438.0,62817,342422,3436.0,rb2102,3354,3363,3351,3363.0,18,1401,3356.0,rb2103,3339,3370,3331,3338.0,14169,28245,3348.0,rb2010,3565.0,3582.0,3560.0,3573.0,809918.0,1400881.0,3569.0
2020-07-03,3573.1459579742686,1363420.0,1926534.0,rb2007,0,0,0,3655.0,0,930,3655.0,rb2008,3670,3688,3670,3688.0,27,667,3682.0,rb2009,3630,3680,3630,3680.0,673,3006,3664.0,rb2010,3575,3620,3574,3619.0,1234028,1407435,3603.0,rb2011,3559,3590,3559,3590.0,26,1466,3576.0,rb2012,3517,3558,3517,3549.0,15,1385,3544.0,rb2101,3435,3479,3435,3479.0,80984,340842,3466.0,rb2102,3388,3393,3375,3389.0,21,1398,3384.0,rb2103,3347,3407,3290,3403.0,12908,35302,3389.0,rb2010,3575.0,3620.0,3574.0,3619.0,1234028.0,1407435.0,3603.0
2020-07-06,3570.704901295532,1072338.0,1912882.0,rb2007,0,0,0,3655.0,0,930,3655.0,rb2008,3691,3691,3661,3670.0,24,664,3674.0,rb2009,3665,3688,3661,3661.0,627,3050,3673.0,rb2010,3622,3630,3603,3618.0,949955,1372154,3615.0,rb2011,3591,3596,3577,3596.0,28,1469,3584.0,rb2012,3559,3568,3550,3561.0,138,1384,3555.0,rb2101,3482,3497,3466,3480.0,75945,350442,3475.0,rb2102,3389,3399,3380,3394.0,110,1422,3390.0,rb2103,3408,3425,3391,3418.0,17708,41448,3406.0,rb2010,3622.0,3630.0,3603.0,3618.0,949955.0,1372154.0,3615.0
2020-07-07,3587.017110316556,1091763.0,1923927.0,rb2007,0,0,0,3655.0,0,930,3655.0,rb2008,3682,3695,3682,3689.0,3,663,3688.0,rb2009,3676,3702,3669,3691.0,1095,2665,3692.0,rb2010,3618,3654,3618,3634.0,957205,1379963,3636.0,rb2011,3605,3620,3605,3607.0,29,1469,3613.0,rb2012,3560,3589,3560,3580.0,55,1371,3580.0,rb2101,3487,3509,3478,3493.0,72679,350784,3495.0,rb2102,3404,3428,3404,3427.0,96,1440,3418.0,rb2103,3418,3459,3415,3456.0,27509,43939,3433.0,rb2010,3618.0,3654.0,3618.0,3634.0,957205.0,1379963.0,3636.0
2020-07-08,3650.5724971329614,1571840.0,1989858.0,rb2007,3630,3634,3630,3633.0,90,870,3632.0,rb2008,3695,3700,3676,3688.0,164,664,3688.0,rb2009,3691,3724,3685,3720.0,1447,2699,3707.0,rb2010,3638,3706,3636,3702.0,1368067,1459061,3678.0,rb2011,3616,3679,3616,3679.0,118,1413,3656.0,rb2012,3583,3634,3579,3628.0,151,1374,3608.0,rb2101,3499,3545,3492,3541.0,138436,334310,3526.0,rb2102,3423,3464,3423,3464.0,51,1431,3451.0,rb2103,3460,3487,3447,3486.0,19449,45158,3472.0,rb2010,3638.0,3706.0,3636.0,3702.0,1368067.0,1459061.0,3678.0
2020-07-09,3672.656223680117,1359461.0,1973318.0,rb2007,3660,3660,3660,3660.0,180,870,3660.0,rb2008,3738,3738,3681,3699.0,51,641,3711.0,rb2009,3739,3742,3704,3716.0,1656,2817,3721.0,rb2010,3708,3743,3703,3726.0,1172500,1440834,3720.0,rb2011,3703,3714,3677,3694.0,34,1418,3697.0,rb2012,3638,3666,3637,3656.0,154,1427,3647.0,rb2101,3548,3577,3543,3562.0,120698,335345,3560.0,rb2102,3470,3502,3470,3482.0,145,1433,3487.0,rb2103,3488,3531,3487,3499.0,19209,44765,3499.0,rb2010,3708.0,3743.0,3703.0,3726.0,1172500.0,1440834.0,3720.0
2020-07-10,3636.6550309274535,1386321.0,1945844.0,rb2007,3620,3620,3620,3620.0,30,840,3620.0,rb2008,3661,3692,3660,3684.0,5,642,3677.0,rb2009,3711,3720,3682,3694.0,1328,3076,3707.0,rb2010,3724,3724,3680,3690.0,1178742,1392024,3703.0,rb2011,3694,3696,3671,3672.0,15,1418,3680.0,rb2012,3651,3651,3615,3619.0,75,1422,3640.0,rb2101,3570,3570,3528,3535.0,135922,351552,3549.0,rb2102,3483,3483,3462,3481.0,96,1426,3477.0,rb2103,3501,3505,3461,3466.0,21616,45900,3484.0,rb2010,3724.0,3724.0,3680.0,3690.0,1178742.0,1392024.0,3703.0
2020-07-13,3685.823073541916,1611992.0,1942892.0,rb2007,0,0,0,3651.0,0,840,3651.0,rb2008,3715,3715,3715,3715.0,2,643,3715.0,rb2009,3687,3767,3687,3735.0,1593,3340,3739.0,rb2010,3692,3768,3692,3739.0,1377096,1372843,3735.0,rb2011,3693,3732,3675,3719.0,50,1420,3710.0,rb2012,3638,3699,3638,3674.0,171,1467,3664.0,rb2101,3536,3621,3536,3591.0,154418,364764,3582.0,rb2102,3463,3514,3463,3509.0,250,1418,3473.0,rb2103,3472,3533,3470,3523.0,24266,47317,3505.0,rb2010,3692.0,3768.0,3692.0,3739.0,1377096.0,1372843.0,3735.0
2020-07-14,3691.174538925181,1152887.0,1955919.0,rb2007,0,0,0,3651.0,0,840,3651.0,rb2008,3688,3722,3688,3708.0,8,644,3707.0,rb2009,3734,3748,3718,3740.0,683,3350,3734.0,rb2010,3740,3754,3715,3744.0,953888,1358974,3735.0,rb2011,3711,3780,3697,3729.0,41,1433,3712.0,rb2012,3672,3688,3656,3688.0,176,1440,3674.0,rb2101,3591,3613,3576,3603.0,111837,378343,3589.0,rb2102,3501,3518,3487,3516.0,83,1424,3493.0,rb2103,3517,3539,3498,3535.0,22172,49145,3515.0,rb2010,3740.0,3754.0,3715.0,3744.0,953888.0,1358974.0,3735.0
2020-07-15,3692.2052530348255,1012942.0,1978285.0,rb2007,0,0,0,3651.0,0,840,3651.0,rb2008,3689,3719,3689,3716.0,8,642,3706.0,rb2009,3743,3766,3710,3738.0,2266,3249,3741.0,rb2010,3744,3762,3720,3746.0,858734,1370333,3739.0,rb2011,3731,3731,3704,3719.0,34,1422,3717.0,rb2012,3698,3698,3666,3688.0,32,1439,3681.0,rb2101,3601,3618,3581,3605.0,85838,383518,3597.0,rb2102,3521,3521,3505,3506.0,18,1424,3513.0,rb2103,3539,3545,3514,3532.0,20670,49042,3528.0,rb2010,3744.0,3762.0,3720.0,3746.0,858734.0,1370333.0,3739.0
2020-07-16,3650.198955372785,1463205.0,1988652.0,rb2008,3694,3714,3683,3687.0,18,637,3695.0,rb2009,3733,3738,3691,3706.0,699,3224,3720.0,rb2010,3740,3743,3691,3703.0,1255806,1349287,3719.0,rb2011,3707,3720,3680,3682.0,76,1428,3695.0,rb2012,3664,3679,3655,3667.0,109,1417,3665.0,rb2101,3605,3605,3561,3571.0,122001,398206,3583.0,rb2102,3503,3510,3475,3493.0,15,1425,3495.0,rb2103,3527,3540,3495,3503.0,22762,49495,3519.0,rb2104,3528,3535,3497,3507.0,18426,52219,3519.0,rb2010,3740.0,3743.0,3691.0,3703.0,1255806.0,1349287.0,3719.0
2020-07-17,3668.409004175516,1065170.0,1965266.0,rb2008,3687,3688,3660,3688.0,7,632,3675.0,rb2009,3708,3725,3688,3722.0,425,3200,3709.0,rb2010,3705,3734,3685,3726.0,926286,1309818,3711.0,rb2011,3690,3714,3674,3705.0,65,1426,3693.0,rb2012,3644,3680,3644,3673.0,83,1425,3665.0,rb2101,3569,3590,3557,3585.0,81165,407766,3575.0,rb2102,3492,3506,3476,3506.0,10,1424,3493.0,rb2103,3481,3530,3481,3530.0,22421,52040,3509.0,rb2104,3509,3527,3494,3527.0,17806,54852,3510.0,rb2010,3705.0,3734.0,3685.0,3726.0,926286.0,1309818.0,3711.0
2020-07-20,3643.8578635988,1206126.0,1994176.0,rb2008,3712,3728,3686,3698.0,24,636,3707.0,rb2009,3720,3735,3697,3702.0,621,3203,3718.0,rb2010,3721,3749,3696,3701.0,1026160,1321592,3719.0,rb2011,3720,3739,3682,3689.0,152,1470,3703.0,rb2012,3668,3685,3645,3653.0,126,1477,3663.0,rb2101,3585,3600,3560,3564.0,106239,417727,3577.0,rb2102,3514,3522,3486,3489.0,24,1422,3502.0,rb2103,3546,3546,3497,3497.0,30792,53843,3525.0,rb2104,3519,3538,3497,3497.0,18191,56369,3514.0,rb2010,3721.0,3749.0,3696.0,3701.0,1026160.0,1321592.0,3719.0
2020-07-21,3701.92178129778,1235565.0,2019696.0,rb2008,3720,3725,3704,3717.0,11,629,3718.0,rb2009,3701,3759,3700,3751.0,849,3292,3735.0,rb2010,3700,3765,3696,3764.0,1025173,1336180,3733.0,rb2011,3692,3740,3691,3739.0,62,1428,3723.0,rb2012,3655,3697,3654,3697.0,83,1425,3673.0,rb2101,3566,3617,3561,3613.0,140587,429657,3590.0,rb2102,3496,3525,3496,3525.0,7,1420,3512.0,rb2103,3508,3558,3503,3555.0,19613,55881,3526.0,rb2104,3502,3547,3500,3547.0,24351,58794,3520.0,rb2010,3700.0,3765.0,3696.0,3764.0,1025173.0,1336180.0,3733.0
2020-07-22,3722.534687356597,1399415.0,2063677.0,rb2008,3686,3797,3686,3773.0,98,639,3754.0,rb2009,3771,3805,3764,3778.0,1605,3411,3786.0,rb2010,3770,3816,3765,3782.0,1136590,1349404,3789.0,rb2011,3750,3796,3750,3762.0,54,1425,3771.0,rb2012,3711,3750,3696,3731.0,85,1411,3725.0,rb2101,3612,3669,3610,3642.0,177581,455714,3645.0,rb2102,3559,3588,3551,3556.0,32,1416,3567.0,rb2103,3561,3604,3561,3579.0,21246,59069,3583.0,rb2104,3547,3593,3544,3582.0,24846,60548,3571.0,rb2010,3770.0,3816.0,3765.0,3782.0,1136590.0,1349404.0,3789.0
2020-07-23,3743.17967627788,1018070.0,2075978.0,rb2008,3786,3804,3786,3798.0,10,635,3796.0,rb2009,3774,3802,3773,3797.0,943,3427,3785.0,rb2010,3773,3808,3770,3806.0,820694,1365819,3787.0,rb2011,3772,3784,3767,3784.0,5,1424,3773.0,rb2012,3709,3740,3709,3732.0,73,1417,3729.0,rb2101,3660,3660,3621,3655.0,133268,449274,3639.0,rb2102,3556,3570,3556,3569.0,4,1415,3566.0,rb2103,3567,3602,3561,3596.0,21625,60170,3579.0,rb2104,3567,3586,3542,3583.0,17343,62259,3566.0,rb2010,3773.0,3808.0,3770.0,3806.0,820694.0,1365819.0,3787.0
2020-07-24,3680.881070874468,1690069.0,2072848.0,rb2008,3799,3799,3783,3784.0,5,637,3788.0,rb2009,3793,3802,3730,3743.0,1100,3401,3766.0,rb2010,3804,3805,3728,3747.0,1384951,1342172,3769.0,rb2011,3791,3791,3718,3750.0,50,1443,3762.0,rb2012,3772,3772,3675,3680.0,113,1415,3703.0,rb2101,3651,3659,3588,3595.0,227030,459807,3620.0,rb2102,3574,3574,3506,3526.0,38,1418,3541.0,rb2103,3598,3600,3525,3531.0,23752,61796,3574.0,rb2104,3581,3585,3488,3496.0,17578,63481,3551.0,rb2010,3804.0,3805.0,3728.0,3747.0,1384951.0,1342172.0,3769.0
2020-07-27,3657.011210259916,1261857.0,2039471.0,rb2008,3798,3839,3785,3785.0,8,635,3809.0,rb2009,3750,3785,3727,3737.0,1022,3348,3758.0,rb2010,3750,3785,3715,3723.0,1037820,1294974,3752.0,rb2011,3742,3768,3707,3707.0,16,1447,3742.0,rb2012,3685,3695,3654,3668.0,57,1417,3682.0,rb2101,3590,3626,3564,3572.0,153558,472259,3596.0,rb2102,3535,3543,3500,3500.0,9,1418,3524.0,rb2103,3542,3570,3507,3515.0,18965,59487,3542.0,rb2104,3480,3546,3480,3509.0,17169,62981,3518.0,rb2010,3750.0,3785.0,3715.0,3723.0,1037820.0,1294974.0,3752.0
2020-07-28,3657.783432984834,1167502.0,2044291.0,rb2008,3820,3846,3814,3816.0,12,636,3826.0,rb2009,3737,3770,3723,3737.0,858,3444,3745.0,rb2010,3722,3770,3715,3724.0,981517,1291599,3741.0,rb2011,3726,3750,3710,3715.0,43,1453,3733.0,rb2012,3671,3699,3669,3670.0,13,1414,3683.0,rb2101,3580,3610,3565,3576.0,127978,476328,3588.0,rb2102,3506,3506,3505,3505.0,2,1416,3505.0,rb2103,3521,3546,3508,3510.0,16405,58364,3527.0,rb2104,3518,3526,3484,3505.0,15627,63104,3505.0,rb2010,3722.0,3770.0,3715.0,3724.0,981517.0,1291599.0,3741.0
2020-07-29,3696.488152759373,1030939.0,2066937.0,rb2008,3817,3840,3817,3840.0,5,634,3831.0,rb2009,3729,3771,3728,3767.0,861,3503,3749.0,rb2010,3720,3776,3711,3766.0,856356,1318072,3748.0,rb2011,3715,3760,3715,3755.0,38,1450,3746.0,rb2012,3664,3706,3664,3700.0,124,1517,3674.0,rb2101,3576,3616,3566,3607.0,120593,479721,3595.0,rb2102,3508,3535,3508,3528.0,15,1422,3515.0,rb2103,3510,3553,3505,3547.0,15853,56208,3534.0,rb2104,3520,3535,3483,3522.0,17157,59177,3512.0,rb2010,3720.0,3776.0,3711.0,3766.0,856356.0,1318072.0,3748.0
2020-07-30,3696.6936250944095,1009819.0,2056203.0,rb2008,3865,3885,3788,3789.0,53,609,3836.0,rb2009,3761,3782,3753,3770.0,1228,3473,3767.0,rb2010,3768,3783,3750,3767.0,810172,1295074,3765.0,rb2011,3749,3766,3738,3747.0,36,1442,3748.0,rb2012,3695,3705,3686,3690.0,13,1517,3692.0,rb2101,3612,3630,3598,3609.0,141506,489960,3611.0,rb2102,3534,3535,3513,3533.0,14,1420,3529.0,rb2103,3548,3566,3535,3548.0,16051,54911,3547.0,rb2104,3527,3546,3514,3530.0,19332,57564,3527.0,rb2010,3768.0,3783.0,3750.0,3767.0,810172.0,1295074.0,3765.0
2020-07-31,3708.158734464536,1413941.0,2045964.0,rb2008,3811,3967,3660,3660.0,100,601,3802.0,rb2009,3773,3781,3730,3775.0,1439,3358,3763.0,rb2010,3765,3780,3722,3777.0,1159218,1280611,3758.0,rb2011,3721,3757,3718,3757.0,22,1440,3741.0,rb2012,3704,3708,3664,3708.0,14,1517,3694.0,rb2101,3611,3630,3575,3627.0,180636,492345,3608.0,rb2102,3536,3545,3536,3543.0,3,1419,3541.0,rb2103,3551,3565,3512,3563.0,20803,54831,3545.0,rb2104,3534,3543,3489,3538.0,18777,58328,3522.0,rb2010,3765.0,3780.0,3722.0,3777.0,1159218.0,1280611.0,3758.0
2020-08-03,3766.008167876275,1378256.0,2068714.0,rb2008,3780,3780,3780,3780.0,61,540,3780.0,rb2009,3779,3836,3765,3826.0,1443,3391,3810.0,rb2010,3771,3845,3762,3836.0,1105480,1305441,3811.0,rb2011,3751,3831,3750,3818.0,202,1387,3791.0,rb2012,3724,3770,3642,3770.0,96,1503,3743.0,rb2101,3630,3685,3616,3679.0,187704,494567,3658.0,rb2102,3549,3600,3549,3591.0,66,1412,3580.0,rb2103,3557,3619,3552,3613.0,20777,55940,3593.0,rb2104,3536,3599,3528,3599.0,17181,59858,3571.0,rb2010,3771.0,3845.0,3762.0,3836.0,1105480.0,1305441.0,3811.0
2020-08-04,3764.83408872454,913005.0,2075525.0,rb2008,3775,3775,3750,3750.0,570,210,3771.0,rb2009,3833,3843,3819,3825.0,706,3476,3831.0,rb2010,3832,3857,3828,3840.0,704824,1275308,3843.0,rb2011,3834,3836,3815,3833.0,12,1387,3830.0,rb2012,3773,3783,3763,3771.0,81,1538,3771.0,rb2101,3688,3696,3673,3678.0,148121,528799,3683.0,rb2102,3603,3603,3587,3592.0,13,1412,3593.0,rb2103,3635,3635,3604,3612.0,15099,56598,3614.0,rb2104,3600,3604,3581,3589.0,13330,60352,3591.0,rb2010,3832.0,3857.0,3828.0,3840.0,704824.0,1275308.0,3843.0
2020-08-05,3755.089915612453,1026703.0,2048999.0,rb2008,0,0,0,3771.0,0,210,3771.0,rb2009,3821,3822,3792,3806.0,1168,3838,3807.0,rb2010,3835,3847,3804,3832.0,810005,1221511,3828.0,rb2011,3818,3827,3800,3823.0,58,1404,3809.0,rb2012,3755,3810,3730,3755.0,66,1519,3755.0,rb2101,3683,3692,3656,3676.0,153894,550852,3674.0,rb2102,3585,3601,3573,3601.0,8,1413,3588.0,rb2103,3604,3622,3591,3602.0,17117,56165,3606.0,rb2104,3582,3602,3567,3575.0,13071,59997,3584.0,rb2010,3835.0,3847.0,3804.0,3832.0,810005.0,1221511.0,3828.0
2020-08-06,3787.275831811181,1492445.0,2066154.0,rb2008,0,0,0,3771.0,0,210,3771.0,rb2009,3809,3841,3797,3813.0,1932,4953,3808.0,rb2010,3836,3879,3834,3858.0,1050458,1185585,3855.0,rb2011,3813,3893,3813,3839.0,555,1014,3839.0,rb2012,3777,3810,3774,3795.0,832,883,3787.0,rb2101,3686,3750,3682,3728.0,340317,598900,3721.0,rb2102,3602,3649,3602,3627.0,140,1411,3626.0,rb2103,3608,3667,3608,3654.0,21956,56127,3641.0,rb2104,3592,3649,3592,3628.0,17851,61158,3617.0,rb2010,3836.0,3879.0,3834.0,3858.0,1050458.0,1185585.0,3855.0
2020-08-07,3769.6650953296967,1308344.0,2024815.0,rb2008,0,0,0,3771.0,0,210,3771.0,rb2009,3818,3820,3772,3781.0,919,4982,3799.0,rb2010,3888,3888,3812,3832.0,942596,1137326,3844.0,rb2011,3840,3849,3806,3819.0,719,682,3829.0,rb2012,3791,3850,3766,3792.0,64,876,3792.0,rb2101,3733,3748,3698,3727.0,293213,598490,3726.0,rb2102,3630,3650,3628,3639.0,28,1414,3640.0,rb2103,3654,3677,3631,3653.0,17597,56673,3654.0,rb2104,3624,3650,3603,3627.0,13667,61371,3627.0,rb2010,3888.0,3888.0,3812.0,3832.0,942596.0,1137326.0,3844.0
2020-08-10,3762.173523677031,1017550.0,2029942.0,rb2008,0,0,0,3771.0,0,210,3771.0,rb2009,3781,3792,3762,3784.0,685,4773,3779.0,rb2010,3830,3841,3805,3822.0,735550,1114052,3821.0,rb2011,3818,3818,3799,3815.0,90,735,3804.0,rb2012,3793,3800,3772,3792.0,83,854,3789.0,rb2101,3725,3736,3707,3727.0,224621,626137,3720.0,rb2102,3626,3637,3623,3625.0,12,1414,3629.0,rb2103,3655,3657,3631,3632.0,15359,56783,3641.0,rb2104,3626,3634,3606,3623.0,13580,61404,3619.0,rb2010,3830.0,3841.0,3805.0,3822.0,735550.0,1114052.0,3821.0
2020-08-11,3742.254827825757,1253360.0,1990803.0,rb2008,3760,3760,3760,3760.0,30,210,3760.0,rb2009,3785,3794,3746,3760.0,899,4421,3775.0,rb2010,3822,3851,3792,3795.0,881666,1064817,3827.0,rb2011,3828,3833,3790,3791.0,168,796,3803.0,rb2012,3807,3870,3781,3788.0,107,865,3814.0,rb2101,3735,3763,3710,3715.0,293335,633168,3738.0,rb2102,3653,3658,3613,3626.0,43,1410,3630.0,rb2103,3653,3682,3628,3637.0,17731,56650,3656.0,rb2104,3633,3658,3610,3617.0,16055,62654,3637.0,rb2010,3822.0,3851.0,3792.0,3795.0,881666.0,1064817.0,3827.0
2020-08-12,3753.300583548144,1048071.0,2008746.0,rb2008,3718,3718,3718,3718.0,30,210,3718.0,rb2009,3759,3768,3733,3758.0,489,4373,3747.0,rb2010,3795,3809,3780,3805.0,740132,1053986,3794.0,rb2011,3785,3809,3781,3809.0,72,815,3790.0,rb2012,3785,3790,3761,3790.0,85,833,3777.0,rb2101,3710,3730,3698,3729.0,247352,662793,3713.0,rb2102,3622,3624,3606,3624.0,12,1404,3619.0,rb2103,3636,3652,3619,3652.0,15936,57159,3633.0,rb2104,3617,3646,3603,3646.0,14654,61605,3615.0,rb2010,3795.0,3809.0,3780.0,3805.0,740132.0,1053986.0,3794.0
2020-08-13,3740.1072091256897,1179964.0,1985428.0,rb2008,0,0,0,3718.0,0,210,3718.0,rb2009,3753,3756,3728,3749.0,437,4361,3738.0,rb2010,3810,3817,3766,3791.0,820073,1023253,3787.0,rb2011,3809,3809,3774,3790.0,248,912,3785.0,rb2012,3791,3798,3769,3793.0,252,942,3780.0,rb2101,3731,3734,3692,3717.0,301131,668679,3712.0,rb2102,3615,3628,3604,3628.0,75,1406,3616.0,rb2103,3656,3656,3618,3640.0,18008,57399,3634.0,rb2104,3635,3637,3605,3627.0,15327,61255,3618.0,rb2010,3810.0,3817.0,3766.0,3791.0,820073.0,1023253.0,3787.0
2020-08-14,3745.30996900685,961533.0,1972694.0,rb2008,0,0,0,3718.0,0,210,3718.0,rb2009,3762,3762,3730,3758.0,300,4307,3742.0,rb2010,3790,3802,3772,3799.0,682535,1008694,3786.0,rb2011,3790,3809,3781,3805.0,40,909,3796.0,rb2012,3793,3797,3778,3797.0,31,946,3791.0,rb2101,3713,3728,3699,3724.0,221417,667891,3712.0,rb2102,3618,3633,3616,3628.0,108,1405,3622.0,rb2103,3618,3644,3618,3639.0,17794,58085,3634.0,rb2104,3622,3631,3611,3620.0,15129,62301,3621.0,rb2010,3790.0,3802.0,3772.0,3799.0,682535.0,1008694.0,3786.0
2020-08-17,3776.455556044268,1131450.0,2000722.0,rb2008,0,0,0,3718.0,0,210,3718.0,rb2009,3750,3786,3745,3780.0,348,4341,3770.0,rb2010,3792,3840,3786,3832.0,747603,1008394,3821.0,rb2011,3807,3835,3807,3828.0,384,943,3820.0,rb2012,3797,3832,3797,3825.0,88,954,3814.0,rb2101,3719,3761,3710,3756.0,308087,690156,3738.0,rb2102,3637,3660,3631,3653.0,26,1401,3644.0,rb2103,3631,3677,3631,3667.0,18882,57900,3658.0,rb2104,3583,3661,3583,3650.0,17214,62196,3643.0,rb2010,3792.0,3840.0,3786.0,3832.0,747603.0,1008394.0,3821.0
2020-08-18,3799.096327247963,972333.0,1992593.0,rb2009,3780,3800,3777,3796.0,830,4345,3791.0,rb2010,3832,3850,3824,3848.0,601564,973409,3838.0,rb2011,3847,3847,3829,3842.0,24,931,3836.0,rb2012,3836,3850,3832,3850.0,144,884,3840.0,rb2101,3763,3785,3751,3784.0,296874,713130,3771.0,rb2102,3665,3686,3665,3686.0,27,1404,3679.0,rb2103,3674,3728,3669,3714.0,16864,58436,3688.0,rb2104,3657,3690,3654,3686.0,13025,62901,3673.0,rb2105,3616,3661,3616,3660.0,42859,176594,3643.0,rb2010,3832.0,3850.0,3824.0,3848.0,601564.0,973409.0,3838.0
2020-08-19,3770.2360875734553,1376365.0,1943694.0,rb2009,3785,3806,3750,3750.0,588,4105,3772.0,rb2010,3840,3856,3792,3794.0,827835,909520,3824.0,rb2011,3842,3842,3810,3810.0,39,922,3821.0,rb2012,3848,3865,3821,3821.0,128,920,3848.0,rb2101,3783,3803,3770,3772.0,427411,738248,3788.0,rb2102,3686,3715,3686,3693.0,132,1335,3700.0,rb2103,3715,3728,3693,3701.0,29086,58278,3715.0,rb2104,3690,3723,3680,3704.0,23217,63573,3713.0,rb2105,3662,3702,3655,3683.0,67748,166233,3688.0,rb2010,3840.0,3856.0,3792.0,3794.0,827835.0,909520.0,3824.0
2020-08-20,3738.014881511056,1504562.0,1901823.0,rb2009,3741,3748,3714,3727.0,866,3880,3728.0,rb2010,3794,3795,3755,3765.0,807143,832444,3772.0,rb2011,3790,3801,3769,3778.0,79,914,3781.0,rb2012,3812,3818,3792,3792.0,175,953,3800.0,rb2101,3768,3773,3726,3735.0,565215,781779,3753.0,rb2102,3680,3694,3651,3651.0,317,1333,3674.0,rb2103,3708,3708,3663,3671.0,29832,57604,3684.0,rb2104,3712,3714,3669,3677.0,21437,62992,3697.0,rb2105,3686,3700,3654,3661.0,79390,159351,3685.0,rb2010,3794.0,3795.0,3755.0,3765.0,807143.0,832444.0,3772.0
2020-08-21,3743.46403087596,1041539.0,1883407.0,rb2009,3748,3748,3721,3729.0,196,3795,3737.0,rb2010,3765,3800,3764,3783.0,550678,779082,3780.0,rb2011,3788,3796,3780,3780.0,121,976,3787.0,rb2012,3808,3812,3782,3790.0,192,870,3795.0,rb2101,3732,3758,3721,3731.0,417991,813453,3739.0,rb2102,3655,3685,3651,3664.0,57,1329,3672.0,rb2103,3669,3705,3660,3684.0,19721,58204,3683.0,rb2104,3678,3705,3672,3680.0,13816,62405,3685.0,rb2105,3665,3684,3653,3663.0,38677,162713,3665.0,rb2010,3765.0,3800.0,3764.0,3783.0,550678.0,779082.0,3780.0
2020-08-24,3741.987222109349,856819.0,1870340.0,rb2009,3745,3759,3732,3752.0,981,3552,3748.0,rb2010,3775,3810,3775,3781.0,474701,740580,3790.0,rb2011,3800,3835,3795,3812.0,386,1197,3818.0,rb2012,3793,3813,3793,3803.0,113,890,3801.0,rb2101,3728,3749,3722,3732.0,327656,835918,3735.0,rb2102,3658,3696,3658,3668.0,29,1332,3666.0,rb2103,3684,3697,3675,3680.0,13654,59034,3684.0,rb2104,3680,3694,3673,3685.0,14755,62890,3683.0,rb2105,3673,3673,3656,3661.0,24517,164362,3663.0,rb2010,3775.0,3810.0,3775.0,3781.0,474701.0,740580.0,3790.0
2020-08-25,3718.6967564264287,1500771.0,1912921.0,rb2009,3760,3770,3730,3733.0,1171,3241,3746.0,rb2010,3781,3819,3770,3773.0,615545,688362,3797.0,rb2011,3756,3826,3756,3795.0,557,951,3801.0,rb2012,3812,3832,3782,3782.0,182,890,3810.0,rb2101,3743,3772,3702,3704.0,801876,919228,3742.0,rb2102,3675,3698,3645,3648.0,56,1334,3674.0,rb2103,3683,3715,3646,3646.0,16861,62695,3692.0,rb2104,3685,3708,3645,3654.0,15496,65400,3686.0,rb2105,3666,3685,3630,3630.0,48842,170161,3659.0,rb2101,3743.0,3772.0,3702.0,3704.0,801876.0,919228.0,3742.0
2020-08-26,3729.7178918064856,1287797.0,1887322.0,rb2009,3738,3741,3730,3737.0,129,3188,3734.0,rb2010,3781,3791,3770,3777.0,394456,581145,3779.0,rb2011,3802,3802,3783,3792.0,70,949,3792.0,rb2012,3794,3810,3773,3800.0,563,1244,3781.0,rb2101,3705,3735,3687,3726.0,827155,994949,3708.0,rb2102,3653,3666,3636,3663.0,25,1331,3648.0,rb2103,3654,3680,3640,3676.0,12574,63233,3657.0,rb2104,3640,3667,3632,3664.0,10690,64904,3646.0,rb2105,3633,3645,3611,3638.0,42023,175698,3624.0,rb2101,3705.0,3735.0,3687.0,3726.0,827155.0,994949.0,3708.0
2020-08-27,3722.305960750613,1117806.0,1889762.0,rb2009,3746,3754,3720,3721.0,407,2800,3735.0,rb2010,3780,3796,3762,3777.0,239370,525460,3781.0,rb2011,3795,3798,3785,3793.0,49,952,3793.0,rb2012,3811,3821,3786,3786.0,136,1252,3801.0,rb2101,3734,3747,3702,3717.0,824348,1049757,3725.0,rb2102,3669,3674,3639,3647.0,20,1327,3650.0,rb2103,3661,3691,3654,3666.0,9934,63316,3674.0,rb2104,3643,3684,3643,3662.0,7500,64744,3665.0,rb2105,3637,3659,3624,3635.0,35981,179503,3642.0,rb2101,3734.0,3747.0,3702.0,3717.0,824348.0,1049757.0,3725.0
2020-08-28,3734.780291151128,1008792.0,1860271.0,rb2009,3730,3746,3710,3746.0,457,2378,3726.0,rb2010,3775,3787,3761,3784.0,186925,484244,3773.0,rb2011,3794,3795,3784,3795.0,11,948,3792.0,rb2012,3794,3808,3770,3805.0,120,1241,3797.0,rb2101,3714,3734,3694,3734.0,772438,1061152,3717.0,rb2102,3644,3664,3644,3664.0,8,1329,3651.0,rb2103,3662,3683,3647,3683.0,9366,62993,3665.0,rb2104,3654,3673,3639,3669.0,7378,64849,3659.0,rb2105,3640,3650,3620,3649.0,32052,180473,3636.0,rb2101,3714.0,3734.0,3694.0,3734.0,772438.0,1061152.0,3717.0
2020-08-31,3775.1217257401454,1365143.0,1867674.0,rb2009,3783,3887,3670,3755.0,372,2222,3773.0,rb2010,3782,3830,3781,3818.0,219295,430762,3809.0,rb2011,3791,3850,3790,3827.0,38,942,3820.0,rb2012,3807,3863,3798,3836.0,399,1041,3828.0,rb2101,3730,3788,3721,3779.0,1012018,1116254,3762.0,rb2102,3666,3746,3660,3709.0,1307,1636,3711.0,rb2103,3682,3884,3673,3736.0,49223,65028,3763.0,rb2104,3674,3826,3667,3725.0,16968,62440,3712.0,rb2105,3649,3695,3645,3684.0,65306,186751,3679.0,rb2101,3730.0,3788.0,3721.0,3779.0,1012018.0,1116254.0,3762.0
2020-09-01,3769.5125707281386,648028.0,1861706.0,rb2009,3760,3760,3760,3760.0,32,2190,3760.0,rb2010,3820,3823,3802,3808.0,101583,408970,3813.0,rb2011,3828,3831,3812,3820.0,32,946,3824.0,rb2012,3844,3844,3831,3834.0,102,1008,3835.0,rb2101,3775,3784,3766,3774.0,511516,1132903,3774.0,rb2102,3716,3718,3698,3709.0,72,1601,3704.0,rb2103,3736,3747,3731,3732.0,6825,65124,3738.0,rb2104,3721,3733,3716,3725.0,5975,62359,3723.0,rb2105,3683,3693,3678,3686.0,21775,186026,3686.0,rb2101,3775.0,3784.0,3766.0,3774.0,511516.0,1132903.0,3774.0
2020-09-02,3774.5459918647175,1010241.0,1846033.0,rb2009,3765,3765,3750,3750.0,60,2130,3757.0,rb2010,3810,3817,3786,3812.0,139414,376479,3801.0,rb2011,3820,3906,3777,3819.0,70,931,3828.0,rb2012,3833,3839,3822,3833.0,290,884,3830.0,rb2101,3774,3787,3754,3778.0,813630,1140413,3771.0,rb2102,3697,3721,3696,3715.0,27,1598,3708.0,rb2103,3744,3775,3728,3775.0,7876,65734,3740.0,rb2104,3725,3736,3715,3735.0,7187,62863,3725.0,rb2105,3673,3700,3673,3695.0,41627,194436,3691.0,rb2101,3774.0,3787.0,3754.0,3778.0,813630.0,1140413.0,3771.0
2020-09-03,3785.0138224967895,1310045.0,1871876.0,rb2009,3815,3815,3815,3815.0,90,2040,3815.0,rb2010,3815,3839,3805,3821.0,143718,343560,3823.0,rb2011,3831,3853,3824,3840.0,76,924,3846.0,rb2012,3842,3867,3839,3848.0,82,883,3853.0,rb2101,3777,3818,3776,3790.0,1087044,1196155,3795.0,rb2102,3728,3748,3720,3723.0,69,1586,3735.0,rb2103,3749,3777,3746,3755.0,10781,65513,3762.0,rb2104,3734,3764,3734,3748.0,10678,62950,3752.0,rb2105,3697,3733,3695,3714.0,57420,197712,3718.0,rb2101,3777.0,3818.0,3776.0,3790.0,1087044.0,1196155.0,3795.0
2020-09-04,3752.050472144839,1237303.0,1805590.0,rb2009,3750,3780,3750,3780.0,150,2010,3765.0,rb2010,3822,3830,3788,3801.0,104518,323627,3805.0,rb2011,3834,3855,3802,3819.0,34,921,3818.0,rb2012,3837,3854,3796,3832.0,631,892,3815.0,rb2101,3792,3800,3730,3754.0,1059478,1143834,3758.0,rb2102,3709,3709,3677,3702.0,38,1581,3694.0,rb2103,3760,3762,3703,3723.0,12402,65454,3729.0,rb2104,3747,3751,3692,3714.0,11468,64212,3718.0,rb2105,3712,3721,3656,3684.0,48505,202471,3686.0,rb2101,3792.0,3800.0,3730.0,3754.0,1059478.0,1143834.0,3758.0
2020-09-07,3734.291635740284,1250526.0,1793237.0,rb2009,3780,3780,3775,3775.0,150,2010,3778.0,rb2010,3801,3813,3787,3793.0,95571,310708,3799.0,rb2011,3824,3839,3816,3818.0,101,995,3822.0,rb2012,3836,3847,3808,3809.0,84,906,3824.0,rb2101,3755,3772,3724,3736.0,1083843,1139801,3751.0,rb2102,3696,3711,3671,3675.0,76,1566,3688.0,rb2103,3730,3738,3691,3699.0,15524,65121,3716.0,rb2104,3716,3729,3678,3678.0,12299,64994,3706.0,rb2105,3685,3698,3655,3665.0,42802,206527,3678.0,rb2101,3755.0,3772.0,3724.0,3736.0,1083843.0,1139801.0,3751.0
2020-09-08,3719.127444327136,926766.0,1797734.0,rb2009,0,0,0,3778.0,0,2010,3778.0,rb2010,3803,3810,3780,3783.0,75427,296962,3795.0,rb2011,3746,3836,3746,3801.0,27,989,3811.0,rb2012,3815,3830,3801,3802.0,60,905,3818.0,rb2101,3741,3760,3718,3719.0,795130,1156745,3741.0,rb2102,3679,3684,3672,3672.0,32,1553,3679.0,rb2103,3705,3720,3678,3696.0,12136,64823,3703.0,rb2104,3695,3711,3673,3678.0,10007,65336,3694.0,rb2105,3670,3684,3648,3648.0,33909,207772,3667.0,rb2101,3741.0,3760.0,3718.0,3719.0,795130.0,1156745.0,3741.0
2020-09-09,3660.486918512776,1631727.0,1787679.0,rb2009,0,0,0,3771.0,0,2010,3771.0,rb2010,3778,3784,3722,3731.0,137036,274391,3760.0,rb2011,3788,3802,3710,3751.0,269,932,3770.0,rb2012,3770,3814,3739,3744.0,645,1072,3783.0,rb2101,3705,3730,3651,3658.0,1387574,1158237,3699.0,rb2102,3646,3663,3600,3600.0,39,1547,3645.0,rb2103,3680,3691,3624,3634.0,18301,64578,3665.0,rb2104,3653,3681,3618,3620.0,17301,65593,3655.0,rb2105,3640,3656,3597,3604.0,70440,218622,3627.0,rb2101,3705.0,3730.0,3651.0,3658.0,1387574.0,1158237.0,3699.0
2020-09-10,3642.315089617109,1250722.0,1811875.0,rb2009,3710,3710,3710,3710.0,30,1980,3710.0,rb2010,3705,3760,3705,3724.0,84339,256675,3737.0,rb2011,3766,3766,3724,3730.0,46,936,3741.0,rb2012,3759,3768,3722,3733.0,158,1168,3747.0,rb2101,3675,3684,3631,3640.0,1060684,1191514,3660.0,rb2102,3621,3621,3582,3582.0,79,1537,3611.0,rb2103,3640,3653,3603,3618.0,16434,64554,3629.0,rb2104,3637,3643,3594,3605.0,17579,66689,3619.0,rb2105,3611,3619,3572,3579.0,71274,226060,3597.0,rb2101,3675.0,3684.0,3631.0,3640.0,1060684.0,1191514.0,3660.0
2020-09-11,3666.376302290369,1019988.0,1804993.0,rb2009,3730,3730,3725,3729.0,540,1740,3728.0,rb2010,3725,3755,3715,3753.0,62993,242668,3733.0,rb2011,3738,3760,3722,3750.0,108,928,3743.0,rb2012,3722,3750,3720,3748.0,88,1169,3735.0,rb2101,3640,3669,3622,3665.0,883769,1197894,3647.0,rb2102,3579,3608,3576,3608.0,30,1526,3591.0,rb2103,3614,3635,3594,3633.0,14622,65142,3617.0,rb2104,3608,3627,3587,3625.0,14330,67456,3610.0,rb2105,3570,3605,3565,3602.0,43458,225688,3585.0,rb2101,3640.0,3669.0,3622.0,3665.0,883769.0,1197894.0,3647.0
2020-09-14,3663.717766763199,996697.0,1795600.0,rb2009,3948,3948,3748,3748.0,60,1710,3848.0,rb2010,3755,3791,3733,3747.0,59011,227978,3750.0,rb2011,3760,3768,3743,3747.0,118,911,3750.0,rb2012,3745,3766,3735,3746.0,522,1178,3749.0,rb2101,3678,3680,3642,3664.0,858379,1203687,3661.0,rb2102,3598,3615,3591,3604.0,14,1518,3607.0,rb2103,3596,3642,3596,3634.0,16608,64974,3626.0,rb2104,3625,3633,3604,3623.0,17721,67825,3618.0,rb2105,3605,3612,3583,3598.0,44236,225023,3597.0,rb2101,3678.0,3680.0,3642.0,3664.0,858379.0,1203687.0,3661.0
2020-09-15,3593.1193370305787,1478497.0,1893662.0,rb2009,3720,3720,3690,3690.0,210,1500,3705.0,rb2010,3742,3757,3690,3690.0,83220,204646,3720.0,rb2011,3738,3740,3706,3709.0,108,907,3716.0,rb2012,3767,3767,3687,3687.0,222,1186,3742.0,rb2101,3658,3686,3591,3592.0,1276034,1313209,3640.0,rb2102,3612,3612,3540,3540.0,55,1519,3572.0,rb2103,3630,3651,3550,3552.0,21625,63050,3604.0,rb2104,3625,3642,3541,3541.0,21097,68561,3600.0,rb2105,3594,3617,3541,3541.0,75812,238215,3573.0,rb2101,3658.0,3686.0,3591.0,3592.0,1276034.0,1313209.0,3640.0
2020-09-16,3575.769155757605,1490684.0,1886887.0,rb2010,3700,3703,3658,3673.0,69411,186638,3680.0,rb2011,3702,3705,3669,3679.0,60,916,3687.0,rb2012,3699,3699,3652,3660.0,339,1148,3678.0,rb2101,3593,3613,3562,3575.0,1283808,1312799,3587.0,rb2102,3535,3546,3510,3530.0,62,1500,3528.0,rb2103,3563,3576,3527,3537.0,22439,62700,3549.0,rb2104,3557,3574,3527,3539.0,19769,70381,3550.0,rb2105,3540,3555,3516,3527.0,94607,249842,3536.0,rb2106,3534,3535,3509,3517.0,64,437,3531.0,rb2101,3593.0,3613.0,3562.0,3575.0,1283808.0,1312799.0,3587.0
2020-09-17,3570.32122440842,1218806.0,1840791.0,rb2010,3687,3687,3635,3647.0,55020,172865,3662.0,rb2011,3635,3688,3635,3662.0,203,968,3668.0,rb2012,3660,3680,3651,3664.0,124,1143,3665.0,rb2101,3575,3598,3564,3577.0,1030993,1269749,3580.0,rb2102,3519,3535,3507,3507.0,41,1498,3522.0,rb2103,3550,3553,3527,3528.0,18802,63365,3538.0,rb2104,3568,3568,3518,3518.0,19382,71901,3536.0,rb2105,3528,3536,3508,3511.0,94064,258231,3521.0,rb2106,3510,3519,3493,3493.0,29,436,3506.0,rb2101,3575.0,3598.0,3564.0,3577.0,1030993.0,1269749.0,3580.0
2020-09-18,3592.872950556056,1160559.0,1803416.0,rb2010,3645,3686,3645,3672.0,42468,161216,3670.0,rb2011,3676,3683,3657,3681.0,285,900,3674.0,rb2012,3660,3693,3656,3682.0,241,1260,3677.0,rb2101,3580,3617,3568,3603.0,994788,1244229,3596.0,rb2102,3520,3543,3513,3529.0,43,1495,3530.0,rb2103,3538,3563,3525,3547.0,16793,62706,3547.0,rb2104,3525,3557,3521,3539.0,18060,70477,3540.0,rb2105,3513,3537,3505,3521.0,87793,260074,3523.0,rb2106,3490,3523,3490,3510.0,16,444,3511.0,rb2101,3580.0,3617.0,3568.0,3603.0,994788.0,1244229.0,3596.0
2020-09-21,3531.1335111495864,1396715.0,1852849.0,rb2010,3672,3675,3597,3608.0,53955,141455,3628.0,rb2011,3680,3680,3607,3610.0,226,960,3625.0,rb2012,3673,3678,3619,3646.0,171,1340,3639.0,rb2101,3596,3604,3524,3539.0,1188490,1290859,3553.0,rb2102,3519,3519,3455,3455.0,53,1491,3477.0,rb2103,3546,3549,3482,3497.0,16983,64290,3505.0,rb2104,3540,3542,3475,3491.0,19975,71324,3499.0,rb2105,3526,3526,3461,3474.0,116654,279952,3485.0,rb2106,3505,3505,3446,3446.0,17,447,3471.0,rb2101,3596.0,3604.0,3524.0,3539.0,1188490.0,1290859.0,3553.0
2020-09-22,3526.794312506653,1160669.0,1803712.0,rb2010,3608,3625,3580,3614.0,38719,126386,3607.0,rb2011,3597,3628,3588,3610.0,157,1004,3611.0,rb2012,3629,3638,3592,3626.0,117,1337,3622.0,rb2101,3541,3554,3503,3537.0,982249,1243030,3536.0,rb2102,3480,3480,3450,3465.0,37,1481,3467.0,rb2103,3495,3505,3459,3485.0,14184,64266,3487.0,rb2104,3491,3499,3454,3482.0,19773,70953,3481.0,rb2105,3480,3485,3440,3466.0,105220,294059,3463.0,rb2106,3470,3476,3435,3451.0,149,442,3441.0,rb2101,3541.0,3554.0,3503.0,3537.0,982249.0,1243030.0,3536.0
2020-09-23,3530.8089026408848,1234579.0,1807576.0,rb2010,3617,3640,3592,3622.0,39259,111470,3618.0,rb2011,3635,3636,3585,3620.0,109,974,3609.0,rb2012,3624,3641,3593,3605.0,333,1167,3626.0,rb2101,3539,3560,3499,3542.0,1082034,1253222,3531.0,rb2102,3479,3489,3440,3470.0,31,1474,3464.0,rb2103,3485,3506,3456,3492.0,18146,66122,3484.0,rb2104,3482,3501,3448,3480.0,20204,71747,3476.0,rb2105,3469,3485,3436,3471.0,74341,300151,3461.0,rb2106,3457,3472,3430,3441.0,29,445,3453.0,rb2101,3539.0,3560.0,3499.0,3542.0,1082034.0,1253222.0,3531.0
2020-09-24,3539.454776740754,1062493.0,1783308.0,rb2010,3617,3639,3617,3628.0,25849,102044,3629.0,rb2011,3624,3639,3600,3625.0,130,1050,3615.0,rb2012,3627,3643,3618,3632.0,305,956,3630.0,rb2101,3545,3563,3527,3552.0,944747,1235303,3547.0,rb2102,3475,3487,3475,3487.0,18,1462,3478.0,rb2103,3494,3511,3480,3501.0,14632,67758,3497.0,rb2104,3485,3503,3471,3492.0,17055,72796,3488.0,rb2105,3471,3487,3458,3478.0,59653,300703,3473.0,rb2106,3465,3466,3442,3466.0,79,447,3449.0,rb2101,3545.0,3563.0,3527.0,3552.0,944747.0,1235303.0,3547.0
2020-09-25,3512.156825500301,1112418.0,1779430.0,rb2010,3635,3637,3611,3611.0,27557,87165,3624.0,rb2011,3610,3619,3595,3595.0,356,940,3601.0,rb2012,3636,3636,3610,3625.0,58,951,3624.0,rb2101,3552,3556,3520,3522.0,989538,1244934,3537.0,rb2102,3475,3482,3460,3467.0,13,1456,3466.0,rb2103,3501,3506,3479,3480.0,16685,66693,3490.0,rb2104,3492,3496,3469,3476.0,17372,71542,3482.0,rb2105,3479,3483,3455,3459.0,60769,304490,3466.0,rb2106,3460,3460,3446,3458.0,9,442,3454.0,rb2101,3552.0,3556.0,3520.0,3522.0,989538.0,1244934.0,3537.0
2020-09-28,3526.9664477601737,1318932.0,1754935.0,rb2010,3610,3633,3596,3627.0,36706,67457,3617.0,rb2011,3583,3608,3582,3600.0,485,1098,3600.0,rb2012,3616,3630,3589,3621.0,304,764,3610.0,rb2101,3518,3551,3505,3540.0,1189331,1240732,3531.0,rb2102,3460,3480,3445,3471.0,1471,2065,3464.0,rb2103,3479,3505,3469,3492.0,15040,65815,3488.0,rb2104,3470,3496,3460,3482.0,13419,69497,3480.0,rb2105,3470,3480,3445,3470.0,61399,306012,3463.0,rb2106,3456,3465,3451,3465.0,711,649,3459.0,rb2101,3518.0,3551.0,3505.0,3540.0,1189331.0,1240732.0,3531.0
2020-09-29,3521.419896420668,1213386.0,1719455.0,rb2010,3627,3630,3605,3620.0,24176,51013,3613.0,rb2011,3583,3600,3553,3563.0,38,1095,3579.0,rb2012,3617,3618,3583,3607.0,61,767,3602.0,rb2101,3546,3548,3501,3536.0,1086275,1222678,3520.0,rb2102,3469,3470,3442,3460.0,1237,2731,3452.0,rb2103,3496,3501,3461,3487.0,13727,64770,3475.0,rb2104,3491,3494,3453,3480.0,16466,66615,3469.0,rb2105,3470,3475,3441,3464.0,70528,308202,3456.0,rb2106,3422,3459,3421,3453.0,724,691,3440.0,rb2101,3546.0,3548.0,3501.0,3536.0,1086275.0,1222678.0,3520.0
2020-09-30,3542.962149983145,1275710.0,1604887.0,rb2010,3621,3628,3591,3607.0,40835,23079,3613.0,rb2011,3566,3597,3566,3580.0,58,1101,3582.0,rb2012,3618,3636,3618,3631.0,106,757,3631.0,rb2101,3536,3570,3526,3560.0,1095792,1144068,3553.0,rb2102,3469,3500,3469,3487.0,1880,3693,3484.0,rb2103,3486,3518,3479,3513.0,18505,63073,3506.0,rb2104,3477,3512,3471,3509.0,16785,63512,3500.0,rb2105,3470,3498,3455,3488.0,101005,303839,3485.0,rb2106,3460,3485,3456,3472.0,666,900,3475.0,rb2101,3536.0,3570.0,3526.0,3560.0,1095792.0,1144068.0,3553.0
2020-10-09,3616.492987950535,950008.0,1571937.0,rb2010,3650,3650,3617,3638.0,12969,12210,3637.0,rb2011,3570,3647,3570,3633.0,97,1107,3621.0,rb2012,3666,3706,3652,3689.0,354,703,3678.0,rb2101,3596,3643,3580,3633.0,807001,1143614,3612.0,rb2102,3516,3581,3508,3568.0,3005,5066,3544.0,rb2103,3737,3737,3365,3585.0,11440,62979,3571.0,rb2104,3779,3779,3361,3579.0,10211,63130,3562.0,rb2105,3517,3567,3504,3565.0,104605,281503,3540.0,rb2106,3476,3555,3476,3546.0,127,853,3542.0,rb2101,3596.0,3643.0,3580.0,3633.0,807001.0,1143614.0,3612.0
2020-10-12,3619.712955139748,831538.0,1596625.0,rb2010,3636,3650,3600,3610.0,10980,6720,3622.0,rb2011,3636,3657,3620,3624.0,147,1145,3630.0,rb2012,3695,3711,3681,3707.0,202,708,3701.0,rb2101,3636,3656,3627,3637.0,708985,1161498,3637.0,rb2102,3564,3589,3563,3574.0,9650,12570,3569.0,rb2103,3589,3607,3580,3591.0,14408,66319,3588.0,rb2104,3579,3605,3575,3587.0,13862,66007,3583.0,rb2105,3560,3581,3560,3565.0,72723,280021,3567.0,rb2106,3561,3566,3544,3547.0,418,878,3553.0,rb2101,3636.0,3656.0,3627.0,3637.0,708985.0,1161498.0,3637.0
2020-10-13,3606.2987349338814,914904.0,1609323.0,rb2010,3610,3635,3595,3630.0,2130,5790,3619.0,rb2011,3611,3633,3611,3633.0,71,1080,3624.0,rb2012,3695,3710,3683,3685.0,167,796,3689.0,rb2101,3637,3646,3614,3628.0,764742,1147934,3628.0,rb2102,3574,3583,3538,3549.0,15907,23888,3554.0,rb2103,3591,3600,3555,3565.0,21899,69409,3573.0,rb2104,3587,3593,3550,3558.0,26594,71119,3565.0,rb2105,3570,3574,3540,3546.0,82463,287681,3552.0,rb2106,3544,3549,3530,3531.0,814,836,3543.0,rb2101,3637.0,3646.0,3614.0,3628.0,764742.0,1147934.0,3628.0
2020-10-14,3596.3908548992968,861347.0,1631081.0,rb2010,3620,3630,3611,3625.0,1800,5070,3621.0,rb2011,3617,3622,3610,3620.0,155,993,3618.0,rb2012,3690,3702,3675,3685.0,49,815,3684.0,rb2101,3625,3642,3606,3618.0,736791,1155045,3622.0,rb2102,3546,3559,3529,3536.0,11717,30345,3541.0,rb2103,3564,3576,3543,3553.0,21075,69778,3556.0,rb2104,3558,3568,3538,3547.0,21644,70939,3550.0,rb2105,3550,3557,3530,3540.0,67880,296478,3542.0,rb2106,3531,3538,3520,3527.0,176,793,3532.0,rb2101,3625.0,3642.0,3606.0,3618.0,736791.0,1155045.0,3622.0
2020-10-15,3577.643921031411,1168630.0,1696472.0,rb2010,3629,3645,3610,3645.0,1380,3840,3620.0,rb2011,3648,3648,3595,3611.0,148,956,3606.0,rb2012,3678,3696,3664,3691.0,320,959,3676.0,rb2101,3623,3628,3582,3612.0,955489,1163027,3604.0,rb2102,3536,3542,3490,3492.0,20573,41927,3511.0,rb2103,3557,3557,3487,3500.0,33827,78844,3514.0,rb2104,3552,3552,3490,3500.0,30600,81121,3514.0,rb2105,3540,3546,3493,3503.0,125707,323958,3512.0,rb2106,3532,3532,3484,3485.0,304,846,3494.0,rb2101,3623.0,3628.0,3582.0,3612.0,955489.0,1163027.0,3604.0
2020-10-16,3589.206124233252,1121854.0,1722534.0,rb2011,3626,3645,3564,3645.0,150,917,3622.0,rb2012,3678,3710,3674,3706.0,132,974,3694.0,rb2101,3603,3640,3592,3632.0,898244,1135625,3613.0,rb2102,3503,3512,3483,3501.0,14924,45921,3497.0,rb2103,3496,3509,3483,3502.0,26373,81510,3494.0,rb2104,3493,3513,3484,3505.0,28784,83199,3495.0,rb2105,3510,3518,3491,3511.0,130228,354327,3504.0,rb2106,3486,3503,3481,3500.0,155,854,3489.0,rb2107,3490,3497,3486,3497.0,44,294,3491.0,rb2101,3603.0,3640.0,3592.0,3632.0,898244.0,1135625.0,3613.0
2020-10-19,3568.6863270115173,1581559.0,1781081.0,rb2011,3659,3662,3625,3631.0,163,810,3643.0,rb2012,3708,3719,3677,3689.0,131,1013,3695.0,rb2101,3636,3664,3591,3611.0,1300997,1162179,3627.0,rb2102,3504,3529,3468,3492.0,17505,48537,3499.0,rb2103,3519,3527,3477,3494.0,33253,82795,3498.0,rb2104,3507,3530,3473,3490.0,25455,84357,3500.0,rb2105,3515,3532,3478,3492.0,186664,370819,3503.0,rb2106,3498,3517,3468,3484.0,633,884,3486.0,rb2107,3506,3508,3472,3485.0,19,294,3495.0,rb2101,3636.0,3664.0,3591.0,3611.0,1300997.0,1162179.0,3627.0
2020-10-20,3570.315898039038,704672.0,1768520.0,rb2011,3663,3668,3602,3660.0,157,769,3644.0,rb2012,3693,3707,3693,3695.0,110,1033,3698.0,rb2101,3620,3630,3609,3616.0,590671,1139026,3618.0,rb2102,3492,3502,3481,3489.0,9664,49872,3491.0,rb2103,3494,3503,3482,3497.0,22749,85199,3493.0,rb2104,3495,3499,3482,3487.0,12692,83693,3491.0,rb2105,3509,3509,3487,3490.0,64146,377851,3494.0,rb2106,3486,3486,3478,3485.0,155,874,3479.0,rb2107,3478,3486,3478,3483.0,8,300,3482.0,rb2101,3620.0,3630.0,3609.0,3616.0,590671.0,1139026.0,3618.0
2020-10-21,3602.0725755146987,898686.0,1793525.0,rb2011,3647,3660,3647,3660.0,59,761,3656.0,rb2012,3705,3729,3697,3716.0,32,1034,3713.0,rb2101,3616,3652,3613,3650.0,777874,1156504,3632.0,rb2102,3493,3525,3488,3524.0,8796,50118,3504.0,rb2103,3500,3525,3490,3523.0,21249,87877,3506.0,rb2104,3490,3519,3486,3519.0,12724,83883,3502.0,rb2105,3490,3517,3486,3517.0,72530,381376,3500.0,rb2106,3588,3588,3472,3498.0,84,882,3492.0,rb2107,3479,3496,3479,3496.0,16,302,3485.0,rb2101,3616.0,3652.0,3613.0,3650.0,777874.0,1156504.0,3632.0
2020-10-22,3595.3815060439674,1016512.0,1761343.0,rb2011,3660,3684,3653,3673.0,81,788,3665.0,rb2012,3723,3755,3722,3738.0,83,1073,3736.0,rb2101,3654,3671,3632,3642.0,875218,1128549,3653.0,rb2102,3526,3538,3509,3518.0,11311,50324,3525.0,rb2103,3525,3538,3510,3519.0,16157,87731,3526.0,rb2104,3522,3532,3508,3515.0,11692,83644,3522.0,rb2105,3517,3530,3510,3515.0,94878,375889,3520.0,rb2106,3511,3514,3498,3499.0,258,850,3504.0,rb2107,3508,3508,3495,3501.0,8,300,3502.0,rb2101,3654.0,3671.0,3632.0,3642.0,875218.0,1128549.0,3653.0
2020-10-23,3573.987016866919,1295918.0,1784084.0,rb2011,3680,3695,3627,3628.0,193,754,3678.0,rb2012,3799,3799,3720,3720.0,195,1094,3750.0,rb2101,3641,3679,3615,3616.0,1129201,1149653,3651.0,rb2102,3529,3553,3495,3511.0,10168,51057,3532.0,rb2103,3519,3552,3501,3501.0,19206,88263,3535.0,rb2104,3516,3546,3501,3504.0,13945,83509,3531.0,rb2105,3520,3541,3500,3500.0,113293,374416,3524.0,rb2106,3503,3528,3502,3505.0,267,849,3508.0,rb2107,3492,3514,3492,3505.0,23,292,3506.0,rb2101,3641.0,3679.0,3615.0,3616.0,1129201.0,1149653.0,3651.0
2020-10-26,3567.265844228173,1001931.0,1808119.0,rb2011,3570,3689,3570,3611.0,126,756,3636.0,rb2012,3790,3790,3706,3740.0,135,1132,3733.0,rb2101,3621,3627,3600,3613.0,864064,1151314,3613.0,rb2102,3523,3523,3490,3496.0,11168,51590,3500.0,rb2103,3508,3513,3495,3500.0,18299,88969,3504.0,rb2104,3505,3511,3486,3491.0,11740,83581,3499.0,rb2105,3503,3508,3485,3489.0,86756,390555,3495.0,rb2106,3485,3485,3472,3476.0,176,866,3477.0,rb2107,3493,3493,3475,3478.0,4,295,3481.0,rb2101,3621.0,3627.0,3600.0,3613.0,864064.0,1151314.0,3613.0
2020-10-27,3569.294236830629,636971.0,1813811.0,rb2011,3637,3637,3620,3625.0,14,748,3630.0,rb2012,3730,3756,3728,3731.0,41,1131,3734.0,rb2101,3613,3626,3605,3616.0,538619,1139848,3616.0,rb2102,3492,3505,3490,3497.0,10355,52990,3498.0,rb2103,3497,3509,3495,3503.0,13977,90077,3502.0,rb2104,3493,3505,3490,3499.0,13985,85078,3497.0,rb2105,3487,3499,3486,3492.0,53970,400377,3492.0,rb2106,3473,3483,3472,3473.0,66,846,3474.0,rb2107,3482,3482,3470,3480.0,6,293,3477.0,rb2101,3613.0,3626.0,3605.0,3616.0,538619.0,1139848.0,3616.0
2020-10-28,3616.062850967851,1386226.0,1803584.0,rb2011,3636,3685,3624,3685.0,123,669,3657.0,rb2012,3747,3781,3739,3772.0,64,1126,3767.0,rb2101,3620,3670,3615,3668.0,1189477,1135457,3643.0,rb2102,3508,3545,3501,3538.0,21014,54855,3519.0,rb2103,3509,3543,3505,3541.0,26104,90052,3523.0,rb2104,3505,3537,3502,3536.0,23230,83700,3518.0,rb2105,3494,3530,3494,3530.0,117527,395341,3513.0,rb2106,3476,3510,3476,3509.0,380,864,3488.0,rb2107,3487,3502,3482,3502.0,15,289,3492.0,rb2101,3620.0,3670.0,3615.0,3668.0,1189477.0,1135457.0,3643.0
2020-10-29,3613.414384895554,1085870.0,1799735.0,rb2011,3635,3720,3635,3705.0,268,526,3687.0,rb2012,3780,3789,3758,3774.0,127,1108,3776.0,rb2101,3652,3680,3645,3668.0,909215,1121275,3662.0,rb2102,3541,3569,3524,3567.0,24966,58454,3546.0,rb2103,3536,3549,3524,3543.0,27752,90732,3536.0,rb2104,3527,3538,3516,3516.0,21461,84252,3528.0,rb2105,3524,3533,3509,3522.0,94383,399674,3521.0,rb2106,3507,3510,3493,3506.0,104,856,3503.0,rb2107,0,0,0,3492.0,0,289,3492.0,rb2101,3652.0,3680.0,3645.0,3668.0,909215.0,1121275.0,3662.0
2020-10-30,3649.107281065027,1323725.0,1826958.0,rb2011,3712,3820,3707,3820.0,79,480,3748.0,rb2012,3769,3808,3761,3797.0,118,1045,3794.0,rb2101,3664,3714,3653,3702.0,1092653,1152712,3687.0,rb2102,3580,3630,3555,3628.0,24455,59939,3602.0,rb2103,3543,3583,3534,3583.0,31658,90039,3566.0,rb2104,3523,3564,3518,3556.0,24626,82996,3548.0,rb2105,3521,3554,3513,3553.0,139869,397007,3539.0,rb2106,3500,3526,3500,3520.0,227,815,3518.0,rb2107,3498,3526,3498,3515.0,8,285,3513.0,rb2101,3664.0,3714.0,3653.0,3702.0,1092653.0,1152712.0,3687.0
2020-11-02,3663.888736928277,895162.0,1839658.0,rb2011,3680,3770,3680,3770.0,90,390,3733.0,rb2012,3869,3869,3777,3828.0,80,1057,3818.0,rb2101,3703,3721,3692,3719.0,730956,1159303,3708.0,rb2102,3628,3640,3600,3628.0,14721,59111,3622.0,rb2103,3565,3592,3565,3592.0,19297,90984,3581.0,rb2104,3566,3576,3554,3576.0,16786,82822,3567.0,rb2105,3552,3568,3544,3565.0,106236,402065,3559.0,rb2106,3530,3577,3524,3542.0,326,748,3538.0,rb2107,3534,3546,3534,3538.0,7,288,3541.0,rb2101,3703.0,3721.0,3692.0,3719.0,730956.0,1159303.0,3708.0
2020-11-03,3653.977607936257,679354.0,1843287.0,rb2011,3736,3790,3736,3790.0,90,330,3758.0,rb2012,3828,3849,3820,3823.0,47,1061,3826.0,rb2101,3720,3730,3706,3708.0,573928,1159598,3716.0,rb2102,3637,3642,3618,3632.0,10958,58825,3627.0,rb2103,3592,3597,3577,3585.0,12854,91391,3584.0,rb2104,3576,3582,3564,3571.0,11185,83253,3570.0,rb2105,3570,3572,3553,3555.0,66098,403800,3562.0,rb2106,3542,3542,3531,3531.0,52,745,3535.0,rb2107,3542,3545,3537,3537.0,6,289,3540.0,rb2101,3720.0,3730.0,3706.0,3708.0,573928.0,1159598.0,3716.0
2020-11-04,3695.207096782331,1115146.0,1902806.0,rb2011,3554,3756,3554,3756.0,120,270,3655.0,rb2012,3848,3872,3835,3872.0,54,1045,3851.0,rb2101,3711,3762,3711,3753.0,945303,1211206,3736.0,rb2102,3636,3660,3628,3656.0,17132,57961,3647.0,rb2103,3590,3619,3585,3610.0,18721,92406,3604.0,rb2104,3577,3632,3569,3632.0,18928,84523,3589.0,rb2105,3568,3593,3556,3585.0,107101,408964,3578.0,rb2106,3539,3564,3539,3556.0,379,775,3555.0,rb2107,3553,3568,3553,3565.0,25,268,3561.0,rb2101,3711.0,3762.0,3711.0,3753.0,945303.0,1211206.0,3736.0
2020-11-05,3687.2251856463818,866160.0,1888806.0,rb2011,0,0,0,3712.0,0,270,3712.0,rb2012,3884,3898,3868,3898.0,21,1048,3882.0,rb2101,3760,3772,3735,3748.0,716180,1187604,3754.0,rb2102,3663,3678,3638,3654.0,14121,57450,3654.0,rb2103,3619,3630,3596,3616.0,19080,91174,3612.0,rb2104,3610,3612,3576,3592.0,18822,82765,3594.0,rb2105,3590,3599,3564,3577.0,89289,418674,3582.0,rb2106,3569,3569,3543,3554.0,223,774,3548.0,rb2107,3565,3565,3547,3547.0,3,268,3559.0,rb2101,3760.0,3772.0,3735.0,3748.0,716180.0,1187604.0,3754.0
2020-11-06,3718.513691758936,836713.0,1937808.0,rb2011,3712,3810,3712,3810.0,90,210,3744.0,rb2012,3929,3930,3903,3913.0,92,1039,3912.0,rb2101,3748,3790,3747,3782.0,690166,1235967,3773.0,rb2102,3664,3684,3653,3673.0,15422,58146,3672.0,rb2103,3614,3641,3610,3632.0,20414,92210,3629.0,rb2104,3595,3621,3591,3612.0,16511,83126,3610.0,rb2105,3585,3610,3577,3602.0,85182,417809,3597.0,rb2106,3564,3577,3564,3564.0,183,724,3567.0,rb2107,3570,3584,3560,3567.0,91,216,3568.0,rb2101,3748.0,3790.0,3747.0,3782.0,690166.0,1235967.0,3773.0
2020-11-09,3790.3221104887984,1280029.0,1932576.0,rb2011,0,0,0,3744.0,0,210,3744.0,rb2012,3914,3993,3913,3986.0,85,1039,3957.0,rb2101,3791,3874,3787,3859.0,1021970,1219769,3838.0,rb2102,3686,3752,3680,3736.0,14934,57872,3726.0,rb2103,3640,3706,3635,3697.0,22221,92760,3683.0,rb2104,3618,3688,3614,3678.0,20722,83595,3663.0,rb2105,3605,3678,3603,3671.0,179508,425901,3654.0,rb2106,3571,3646,3571,3636.0,2240,709,3630.0,rb2107,3567,3612,3567,3602.0,50,195,3599.0,rb2101,3791.0,3874.0,3787.0,3859.0,1021970.0,1219769.0,3838.0
2020-11-10,3758.529029776948,1014882.0,1911210.0,rb2011,0,0,0,3744.0,0,210,3744.0,rb2012,4007,4011,3973,3991.0,61,1035,3994.0,rb2101,3875,3888,3818,3826.0,821818,1187661,3848.0,rb2102,3750,3758,3711,3719.0,12989,58258,3733.0,rb2103,3720,3725,3668,3671.0,22851,91984,3693.0,rb2104,3695,3704,3647,3647.0,19795,83457,3679.0,rb2105,3680,3690,3639,3646.0,118455,433397,3666.0,rb2106,3646,3651,3607,3617.0,3143,993,3637.0,rb2107,3642,3642,3608,3612.0,23,208,3614.0,rb2101,3875.0,3888.0,3818.0,3826.0,821818.0,1187661.0,3848.0
2020-11-11,3771.6574030252073,690721.0,1910084.0,rb2011,3968,3968,3968,3968.0,30,180,3968.0,rb2012,4049,4049,3983,4020.0,56,1021,4013.0,rb2101,3826,3858,3824,3843.0,560686,1175414,3841.0,rb2102,3733,3734,3710,3720.0,14259,58443,3725.0,rb2103,3678,3693,3672,3682.0,19359,92217,3683.0,rb2104,3657,3681,3657,3681.0,16802,84366,3667.0,rb2105,3645,3668,3643,3653.0,70708,441760,3655.0,rb2106,3621,3632,3598,3612.0,166,985,3624.0,rb2107,3623,3630,3605,3605.0,17,213,3626.0,rb2101,3826.0,3858.0,3824.0,3843.0,560686.0,1175414.0,3841.0
2020-11-12,3760.2069637967393,1094814.0,1947587.0,rb2011,0,0,0,3968.0,0,180,3968.0,rb2012,4002,4056,4002,4056.0,55,1015,4028.0,rb2101,3838,3872,3812,3832.0,917453,1197561,3840.0,rb2102,3734,3758,3700,3716.0,14722,58872,3724.0,rb2103,3663,3702,3653,3675.0,23556,92682,3682.0,rb2104,3659,3687,3644,3655.0,21537,84521,3666.0,rb2105,3655,3677,3632,3642.0,108038,453651,3653.0,rb2106,3606,3636,3599,3607.0,115,983,3624.0,rb2107,3615,3633,3604,3608.0,26,212,3621.0,rb2101,3838.0,3872.0,3812.0,3832.0,917453.0,1197561.0,3840.0
2020-11-13,3765.646188787435,839284.0,1951846.0,rb2011,0,0,0,3968.0,0,180,3968.0,rb2012,4047,4100,4023,4086.0,112,1003,4069.0,rb2101,3830,3848,3816,3840.0,677706,1192211,3833.0,rb2102,3724,3731,3695,3711.0,14769,60352,3716.0,rb2103,3673,3690,3657,3677.0,20974,92292,3676.0,rb2104,3656,3671,3638,3656.0,19470,84345,3656.0,rb2105,3646,3657,3622,3647.0,96809,461680,3640.0,rb2106,3615,3624,3592,3611.0,1169,851,3613.0,rb2107,3602,3602,3602,3602.0,3,215,3602.0,rb2101,3830.0,3848.0,3816.0,3840.0,677706.0,1192211.0,3833.0
2020-11-16,3775.543163032727,1155104.0,1947106.0,rb2011,0,0,0,3968.0,0,180,3968.0,rb2012,4029,4073,4029,4050.0,34,998,4050.0,rb2101,3840,3859,3810,3852.0,921326,1173230,3836.0,rb2102,3721,3736,3691,3725.0,17541,61601,3716.0,rb2103,3680,3697,3655,3688.0,22300,92626,3677.0,rb2104,3658,3676,3637,3669.0,23993,84422,3659.0,rb2105,3646,3664,3621,3657.0,157764,473498,3644.0,rb2106,3624,3628,3590,3627.0,694,885,3609.0,rb2107,3590,3592,3590,3592.0,2,216,3591.0,rb2101,3840.0,3859.0,3810.0,3852.0,921326.0,1173230.0,3836.0
2020-11-17,3840.546854053424,1408315.0,1991674.0,rb2012,4020,4105,4020,4100.0,159,903,4097.0,rb2101,3853,3920,3848,3919.0,1103475,1225098,3889.0,rb2102,3731,3790,3724,3788.0,19426,62297,3763.0,rb2103,3695,3749,3689,3748.0,24788,92812,3723.0,rb2104,3671,3731,3669,3725.0,25581,83847,3702.0,rb2105,3660,3719,3660,3712.0,217448,467654,3689.0,rb2106,3627,3683,3625,3682.0,1577,782,3647.0,rb2107,3619,3645,3619,3645.0,26,204,3633.0,rb2108,3627,3662,3627,3660.0,33,390,3644.0,rb2101,3853.0,3920.0,3848.0,3919.0,1103475.0,1225098.0,3889.0
2020-11-18,3823.823514069492,882859.0,1970718.0,rb2012,4100,4100,4080,4094.0,84,891,4089.0,rb2101,3920,3928,3886,3907.0,663714,1191227,3906.0,rb2102,3801,3801,3755,3773.0,15056,62661,3769.0,rb2103,3749,3754,3710,3737.0,20848,92462,3728.0,rb2104,3727,3735,3687,3708.0,21006,82781,3705.0,rb2105,3716,3721,3671,3692.0,149103,481692,3691.0,rb2106,3678,3678,3632,3649.0,1223,957,3655.0,rb2107,3656,3662,3628,3641.0,8,205,3642.0,rb2108,3666,3666,3630,3640.0,14,395,3644.0,rb2101,3920.0,3928.0,3886.0,3907.0,663714.0,1191227.0,3906.0
2020-11-19,3851.0806153075287,1109203.0,1995750.0,rb2012,4127,4127,4094,4100.0,124,792,4112.0,rb2101,3906,3956,3906,3940.0,834183,1197284,3935.0,rb2102,3782,3810,3775,3792.0,18876,63212,3794.0,rb2103,3737,3768,3734,3758.0,26841,93974,3752.0,rb2104,3708,3743,3708,3733.0,24006,85233,3728.0,rb2105,3694,3724,3690,3713.0,190542,495572,3708.0,rb2106,3674,3689,3659,3674.0,2904,1004,3669.0,rb2107,3656,3660,3656,3660.0,2,205,3658.0,rb2108,3656,3667,3656,3658.0,7,390,3659.0,rb2101,3906.0,3956.0,3906.0,3940.0,834183.0,1197284.0,3935.0
2020-11-20,3883.7176338113054,919114.0,2017692.0,rb2012,4100,4125,4100,4125.0,87,722,4119.0,rb2101,3930,3980,3930,3977.0,698059,1209316,3955.0,rb2102,3798,3827,3787,3827.0,17623,63154,3805.0,rb2103,3758,3793,3748,3786.0,24588,94765,3768.0,rb2104,3733,3761,3728,3760.0,28581,85048,3743.0,rb2105,3715,3740,3708,3739.0,137296,504314,3723.0,rb2106,3674,3703,3673,3703.0,429,938,3683.0,rb2107,3657,3666,3654,3664.0,7,201,3660.0,rb2108,3646,3672,3646,3671.0,25,379,3665.0,rb2101,3930.0,3980.0,3930.0,3977.0,698059.0,1209316.0,3955.0
2020-11-23,3807.778146536353,1728326.0,1929296.0,rb2012,4120,4135,4040,4056.0,188,627,4100.0,rb2101,3981,4005,3903,3911.0,1290303,1076051,3945.0,rb2102,3822,3846,3709,3742.0,24595,62705,3786.0,rb2103,3802,3805,3703,3703.0,32169,94281,3746.0,rb2104,3760,3789,3663,3686.0,32220,84915,3725.0,rb2105,3745,3770,3677,3678.0,316853,544360,3712.0,rb2106,3711,3725,3643,3649.0,2038,1065,3690.0,rb2107,3698,3698,3628,3628.0,15,197,3656.0,rb2108,3674,3686,3626,3626.0,43,367,3665.0,rb2101,3981.0,4005.0,3903.0,3911.0,1290303.0,1076051.0,3945.0
2020-11-24,3806.0980472694914,806747.0,1916035.0,rb2012,4063,4081,4063,4081.0,6,625,4071.0,rb2101,3911,3924,3895,3910.0,608878,1037906,3913.0,rb2102,3748,3754,3731,3737.0,15025,63038,3745.0,rb2103,3703,3721,3703,3707.0,19889,94634,3714.0,rb2104,3686,3705,3685,3694.0,14891,84793,3698.0,rb2105,3672,3694,3669,3685.0,138797,567706,3684.0,rb2106,3642,3660,3638,3659.0,405,1087,3652.0,rb2107,3628,3628,3623,3623.0,3,196,3626.0,rb2108,3621,3630,3621,3630.0,3,370,3627.0,rb2101,3911.0,3924.0,3895.0,3910.0,608878.0,1037906.0,3913.0
2020-11-25,3784.036379536604,1461373.0,1879903.0,rb2012,4121,4175,4071,4071.0,126,539,4084.0,rb2101,3900,3913,3858,3865.0,1088059,977157,3881.0,rb2102,3743,3744,3708,3735.0,21710,61827,3722.0,rb2103,3707,3730,3688,3724.0,26783,94634,3712.0,rb2104,3694,3717,3673,3712.0,19701,84569,3702.0,rb2105,3683,3709,3658,3699.0,288438,593085,3690.0,rb2106,3645,3678,3633,3664.0,618,1084,3658.0,rb2107,3623,3644,3623,3644.0,7,196,3638.0,rb2108,3632,3656,3615,3630.0,45,365,3639.0,rb2101,3900.0,3913.0,3858.0,3865.0,1088059.0,977157.0,3881.0
2020-11-26,3805.733227971225,1051677.0,1863415.0,rb2012,4152,4152,4007,4040.0,155,413,4053.0,rb2101,3855,3896,3855,3884.0,717036,912001,3878.0,rb2102,3739,3759,3726,3751.0,19450,63179,3745.0,rb2103,3721,3757,3715,3749.0,20965,97361,3743.0,rb2104,3710,3755,3705,3744.0,22384,88433,3739.0,rb2105,3699,3747,3693,3736.0,245978,630505,3726.0,rb2106,3680,3715,3680,3705.0,1050,1714,3696.0,rb2107,3654,3751,3648,3681.0,4402,700,3665.0,rb2108,3658,3685,3643,3685.0,22,369,3660.0,rb2101,3855.0,3896.0,3855.0,3884.0,717036.0,912001.0,3878.0
2020-11-27,3843.9489794683927,1427441.0,1901215.0,rb2012,4054,4160,4010,4014.0,351,105,4060.0,rb2101,3884,3955,3882,3924.0,996601,912695,3928.0,rb2102,3761,3807,3736,3796.0,23698,64591,3789.0,rb2103,3750,3804,3741,3789.0,23458,97116,3788.0,rb2104,3747,3804,3747,3788.0,29192,87795,3784.0,rb2105,3740,3795,3736,3775.0,322283,656618,3773.0,rb2106,3725,3764,3718,3745.0,2436,3509,3744.0,rb2107,3591,3736,3591,3714.0,857,744,3727.0,rb2108,3708,3730,3702,3722.0,17,360,3713.0,rb2101,3884.0,3955.0,3882.0,3924.0,996601.0,912695.0,3928.0
2020-11-30,3822.901354517159,1518943.0,1808172.0,rb2012,4014,4263,3983,4258.0,235,60,4194.0,rb2101,3924,3944,3889,3906.0,996077,792551,3919.0,rb2102,3803,3806,3756,3781.0,18544,64845,3788.0,rb2103,3789,3805,3759,3781.0,24114,98074,3785.0,rb2104,3786,3805,3758,3774.0,23167,85670,3782.0,rb2105,3775,3798,3745,3764.0,420854,676752,3771.0,rb2106,3749,3767,3716,3732.0,3037,6220,3742.0,rb2107,3727,3729,3687,3707.0,2769,892,3705.0,rb2108,3722,3722,3706,3720.0,8,360,3712.0,rb2101,3924.0,3944.0,3889.0,3906.0,996077.0,792551.0,3919.0
2020-12-01,3813.733570865468,966488.0,1782215.0,rb2012,4258,4258,4258,4258.0,30,30,4258.0,rb2101,3900,3912,3872,3892.0,617798,744402,3892.0,rb2102,3786,3788,3750,3779.0,20206,66099,3769.0,rb2103,3779,3784,3757,3779.0,19747,98111,3768.0,rb2104,3774,3782,3752,3776.0,17110,86806,3766.0,rb2105,3765,3771,3741,3764.0,265560,688048,3757.0,rb2106,3736,3741,3714,3738.0,3874,9486,3727.0,rb2107,3712,3716,3694,3710.0,271,847,3703.0,rb2108,3720,3747,3685,3706.0,18,358,3705.0,rb2101,3900.0,3912.0,3872.0,3892.0,617798.0,744402.0,3892.0
2020-12-02,3846.6544311369407,1206246.0,1756987.0,rb2012,0,0,0,4258.0,0,30,4258.0,rb2101,3891,3939,3887,3913.0,670259,710249,3914.0,rb2102,3779,3827,3778,3827.0,23438,67233,3809.0,rb2103,3781,3823,3778,3805.0,23908,98087,3807.0,rb2104,3775,3824,3773,3814.0,21873,86398,3805.0,rb2105,3765,3817,3762,3812.0,428881,694767,3795.0,rb2106,3723,3787,3723,3780.0,3947,11665,3766.0,rb2107,3716,3758,3716,3753.0,1563,934,3736.0,rb2108,3726,3745,3726,3741.0,16,354,3732.0,rb2101,3891.0,3939.0,3887.0,3913.0,670259.0,710249.0,3914.0
2020-12-03,3806.1895695627486,1199118.0,1761000.0,rb2012,0,0,0,4258.0,0,30,4258.0,rb2101,3910,3917,3865,3866.0,674327,681075,3895.0,rb2102,3823,3826,3785,3790.0,23029,69941,3804.0,rb2103,3805,3823,3787,3787.0,21226,101795,3803.0,rb2104,3817,3823,3785,3785.0,22736,88557,3803.0,rb2105,3812,3820,3772,3774.0,422057,715243,3795.0,rb2106,3786,3791,3753,3756.0,2724,12660,3766.0,rb2107,3759,3761,3731,3731.0,1258,916,3750.0,rb2108,3742,3748,3734,3734.0,7,356,3742.0,rb2101,3910.0,3917.0,3865.0,3866.0,674327.0,681075.0,3895.0
2020-12-04,3837.994183170241,1618438.0,1736341.0,rb2012,0,0,0,4258.0,0,30,4258.0,rb2101,3868,3917,3831,3900.0,819351,624212,3881.0,rb2102,3796,3822,3738,3815.0,30867,69198,3789.0,rb2103,3798,3816,3741,3803.0,32568,102498,3787.0,rb2104,3788,3819,3743,3814.0,28374,85493,3791.0,rb2105,3776,3816,3736,3813.0,663701,751530,3784.0,rb2106,3748,3786,3719,3786.0,4799,14246,3764.0,rb2107,3738,3765,3722,3759.0,764,751,3743.0,rb2108,3728,3747,3720,3747.0,7,352,3740.0,rb2101,3868.0,3917.0,3831.0,3900.0,819351.0,624212.0,3881.0
2020-12-07,3925.0067977918816,2105703.0,1718205.0,rb2012,0,0,0,4258.0,0,30,4258.0,rb2101,3899,3999,3884,3980.0,849603,555254,3943.0,rb2102,3815,3901,3812,3880.0,22091,70899,3858.0,rb2103,3813,3901,3810,3888.0,30185,105114,3862.0,rb2104,3814,3920,3814,3903.0,27491,87301,3871.0,rb2105,3817,3924,3815,3912.0,1093075,809777,3874.0,rb2106,3803,3894,3792,3889.0,5009,16446,3848.0,rb2107,3780,3873,3773,3850.0,3421,688,3829.0,rb2108,3774,3850,3767,3850.0,31,334,3806.0,rb2105,3817.0,3924.0,3815.0,3912.0,1093075.0,809777.0,3874.0
2020-12-08,3917.920249392255,1577518.0,1719059.0,rb2012,0,0,0,4258.0,0,30,4258.0,rb2101,3964,4004,3952,3963.0,381436,461737,3979.0,rb2102,3883,3929,3872,3875.0,17771,69515,3904.0,rb2103,3919,3930,3867,3870.0,35795,112147,3903.0,rb2104,3915,3982,3899,3926.0,23466,86054,3924.0,rb2105,3921,3951,3898,3914.0,1073612,894870,3928.0,rb2106,3898,3923,3876,3888.0,5879,19433,3898.0,rb2107,3877,3904,3855,3882.0,4634,839,3882.0,rb2108,3884,3884,3880,3880.0,2,333,3882.0,rb2105,3921.0,3951.0,3898.0,3914.0,1073612.0,894870.0,3928.0
2020-12-09,3984.978654468277,1710614.0,1817289.0,rb2012,0,0,0,4258.0,0,30,4258.0,rb2101,3963,4020,3942,4019.0,302021,409967,3984.0,rb2102,3877,3952,3857,3935.0,16941,68007,3895.0,rb2103,3850,3955,3850,3941.0,32862,118934,3906.0,rb2104,3906,3986,3890,3977.0,20493,84519,3933.0,rb2105,3904,3993,3893,3989.0,1260588,1021746,3946.0,rb2106,3890,3980,3870,3972.0,8656,23647,3913.0,rb2107,3837,3969,3837,3958.0,4251,1710,3897.0,rb2108,3846,3956,3846,3935.0,266,331,3886.0,rb2105,3904.0,3993.0,3893.0,3989.0,1260588.0,1021746.0,3946.0
2020-12-10,4046.341743242918,2286879.0,1743578.0,rb2012,4400,4400,4400,4400.0,30,0,4400.0,rb2101,4048,4150,4020,4121.0,375245,333854,4094.0,rb2102,3935,4052,3935,4011.0,20655,67547,4013.0,rb2103,3921,4056,3921,4013.0,29801,119924,4016.0,rb2104,3989,4081,3984,4038.0,20942,83339,4043.0,rb2105,3995,4085,3988,4040.0,1735315,1005780,4041.0,rb2106,3977,4072,3975,4035.0,6776,26600,4033.0,rb2107,3973,4056,3959,4023.0,2360,1617,4026.0,rb2108,3965,4054,3965,4023.0,129,297,4021.0,rb2105,3995.0,4085.0,3988.0,4040.0,1735315.0,1005780.0,4041.0
2020-12-11,4036.077992050097,3941193.0,1626435.0,rb2012,0,0,0,4400.0,0,0,4400.0,rb2101,4121,4298,4100,4125.0,454130,272276,4196.0,rb2102,4018,4203,3969,3987.0,14137,66196,4089.0,rb2103,4020,4202,3961,3989.0,24111,122164,4088.0,rb2104,4047,4234,3994,4025.0,17274,83731,4124.0,rb2105,4045,4237,3998,4033.0,3301833,951089,4108.0,rb2106,4046,4234,3992,4026.0,4481,27017,4114.0,rb2107,4036,4181,4006,4006.0,908,1601,4090.0,rb2108,4018,4130,3966,3966.0,71,283,4085.0,rb2105,4045.0,4237.0,3998.0,4033.0,3301833.0,951089.0,4108.0
2020-12-14,3996.529312811704,2160461.0,1634763.0,rb2012,0,0,0,4400.0,0,0,4400.0,rb2101,4112,4150,4088,4100.0,197555,256473,4115.0,rb2102,3994,4039,3954,3964.0,14635,65910,3995.0,rb2103,4000,4038,3955,3967.0,26201,120418,3996.0,rb2104,4042,4071,3976,3987.0,22516,82023,4019.0,rb2105,4045,4080,3973,3988.0,1816593,969923,4026.0,rb2106,4040,4069,3961,3975.0,4766,27212,4013.0,rb2107,3951,4049,3951,3967.0,6591,1691,3998.0,rb2108,4000,4022,3946,3952.0,31,277,3968.0,rb2105,4045.0,4080.0,3973.0,3988.0,1816593.0,969923.0,4026.0
2020-12-15,4078.979452535595,1913606.0,1680986.0,rb2012,0,0,0,4400.0,0,0,4400.0,rb2101,4107,4184,4071,4179.0,130116,242134,4124.0,rb2102,3964,4057,3945,4051.0,10113,65878,4002.0,rb2103,3970,4058,3942,4058.0,24717,120447,3998.0,rb2104,3992,4082,3964,4071.0,16960,81480,4020.0,rb2105,3988,4083,3964,4073.0,1673432,1031317,4020.0,rb2106,3975,4070,3957,4058.0,3760,28128,4007.0,rb2107,3958,4068,3941,4059.0,4703,1582,3974.0,rb2108,3963,4020,3963,4004.0,17,264,3980.0,rb2105,3988.0,4083.0,3964.0,4073.0,1673432.0,1031317.0,4020.0
2020-12-16,4146.626468386205,2364710.0,1741708.0,rb2101,4186,4230,4170,4230.0,133896,228196,4200.0,rb2102,4068,4110,4042,4109.0,14495,64697,4075.0,rb2103,4067,4115,4045,4114.0,33186,120257,4077.0,rb2104,4088,4142,4064,4139.0,24128,81103,4098.0,rb2105,4085,4150,4068,4148.0,2078000,1100449,4104.0,rb2106,4082,4130,4056,4130.0,5375,29647,4087.0,rb2107,4063,4118,4049,4118.0,6449,1659,4077.0,rb2108,4048,4100,4036,4089.0,32,243,4060.0,rb2109,4020,4070,4008,4044.0,63,369,4037.0,rb2105,4085.0,4150.0,4068.0,4148.0,2078000.0,1100449.0,4104.0
2020-12-17,4174.1222278971145,2029455.0,1758232.0,rb2101,4239,4282,4230,4263.0,90716,217131,4256.0,rb2102,4116,4162,4098,4140.0,19141,63916,4132.0,rb2103,4124,4158,4100,4144.0,32735,120527,4131.0,rb2104,4156,4186,4125,4166.0,22989,82960,4159.0,rb2105,4155,4194,4129,4175.0,1784003,1117529,4163.0,rb2106,4142,4180,4117,4159.0,5757,31663,4151.0,rb2107,4137,4169,4110,4151.0,2383,1565,4140.0,rb2108,4111,4142,4100,4100.0,27,225,4122.0,rb2109,4089,4119,4073,4106.0,90,366,4094.0,rb2105,4155.0,4194.0,4129.0,4175.0,1784003.0,1117529.0,4163.0
2020-12-18,4306.765872972023,2682760.0,1809932.0,rb2101,4293,4378,4260,4376.0,139499,186937,4328.0,rb2102,4145,4251,4140,4244.0,27446,65405,4200.0,rb2103,4152,4260,4142,4260.0,53956,127826,4203.0,rb2104,4175,4294,4168,4285.0,28834,83563,4236.0,rb2105,4185,4317,4174,4316.0,2335177,1183110,4248.0,rb2106,4181,4299,4178,4299.0,5000,32637,4233.0,rb2107,4155,4290,4155,4290.0,3838,1660,4222.0,rb2108,4168,4240,4158,4240.0,35,218,4207.0,rb2109,4129,4240,4128,4240.0,121,379,4181.0,rb2105,4185.0,4317.0,4174.0,4316.0,2335177.0,1183110.0,4248.0
2020-12-21,4453.727670797005,2630566.0,1753690.0,rb2101,4366,4544,4336,4544.0,146758,158469,4461.0,rb2102,4228,4410,4213,4410.0,21752,59549,4305.0,rb2103,4245,4413,4220,4413.0,39002,122466,4323.0,rb2104,4289,4447,4258,4447.0,19564,81472,4339.0,rb2105,4314,4460,4272,4460.0,2287800,1168745,4379.0,rb2106,4294,4444,4259,4444.0,3732,33162,4359.0,rb2107,4274,4433,4255,4429.0,1988,1794,4374.0,rb2108,4253,4417,4253,4417.0,63,214,4374.0,rb2109,4238,4390,4204,4390.0,363,382,4314.0,rb2105,4314.0,4460.0,4272.0,4460.0,2287800.0,1168745.0,4379.0
2020-12-22,4357.2441715219065,4879382.0,1597930.0,rb2101,4550,4679,4410,4442.0,207250,129776,4546.0,rb2102,4410,4520,4270,4281.0,20027,59016,4409.0,rb2103,4413,4535,4301,4317.0,61921,120776,4427.0,rb2104,4440,4555,4335,4358.0,32100,79206,4466.0,rb2105,4470,4603,4344,4368.0,4335786,1073185,4465.0,rb2106,4502,4579,4328,4354.0,4115,33277,4437.0,rb2107,4452,4550,4321,4353.0,2546,1749,4438.0,rb2108,4421,4505,4278,4315.0,116,187,4410.0,rb2109,4428,4492,4260,4280.0,424,378,4378.0,rb2105,4470.0,4603.0,4344.0,4368.0,4335786.0,1073185.0,4465.0
2020-12-23,4266.628947353431,3981474.0,1579951.0,rb2101,4422,4470,4318,4318.0,116071,108873,4366.0,rb2102,4320,4330,4188,4188.0,26546,58961,4256.0,rb2103,4364,4364,4205,4218.0,64843,120513,4275.0,rb2104,4370,4388,4242,4267.0,31016,75669,4319.0,rb2105,4381,4406,4241,4283.0,3592629,1077489,4308.0,rb2106,4368,4379,4223,4270.0,8018,34354,4297.0,rb2107,4356,4364,4216,4237.0,1528,1811,4306.0,rb2108,4326,4326,4189,4223.0,38,178,4249.0,rb2109,4280,4312,4159,4197.0,253,380,4221.0,rb2105,4381.0,4406.0,4241.0,4283.0,3592629.0,1077489.0,4308.0
2020-12-24,4271.560730331648,2893533.0,1603655.0,rb2101,4315,4315,4236,4244.0,134641,78471,4263.0,rb2102,4188,4239,4172,4193.0,38362,49987,4210.0,rb2103,4214,4282,4201,4222.0,58928,112883,4243.0,rb2104,4270,4331,4246,4284.0,33705,70575,4295.0,rb2105,4283,4343,4258,4291.0,2500667,1140598,4306.0,rb2106,4281,4321,4258,4280.0,6421,34019,4294.0,rb2107,4252,4307,4238,4270.0,648,1983,4284.0,rb2108,4231,4286,4204,4278.0,38,176,4240.0,rb2109,4180,4258,4175,4244.0,121,387,4226.0,rb2105,4283.0,4343.0,4258.0,4291.0,2500667.0,1140598.0,4306.0
2020-12-25,4318.306273801633,3193487.0,1643007.0,rb2101,4240,4262,4156,4258.0,75414,66713,4209.0,rb2102,4193,4220,4110,4215.0,24000,43902,4171.0,rb2103,4222,4270,4141,4260.0,54248,114260,4199.0,rb2104,4284,4332,4199,4324.0,23113,65840,4263.0,rb2105,4278,4348,4209,4341.0,2903111,1194466,4274.0,rb2106,4280,4330,4200,4324.0,4009,35310,4255.0,rb2107,4255,4309,4190,4309.0,226,2013,4258.0,rb2108,4226,4272,4190,4239.0,58,168,4235.0,rb2109,4218,4276,4140,4259.0,168,402,4201.0,rb2105,4278.0,4348.0,4209.0,4341.0,2903111.0,1194466.0,4274.0
2020-12-28,4224.296947161098,3367080.0,1590192.0,rb2101,4243,4279,4182,4188.0,51755,57128,4223.0,rb2102,4215,4246,4119,4126.0,17224,33933,4204.0,rb2103,4260,4302,4159,4172.0,57725,99603,4225.0,rb2104,4324,4367,4213,4220.0,29407,52514,4285.0,rb2105,4340,4383,4228,4244.0,3061108,1175467,4300.0,rb2106,4327,4364,4212,4224.0,19593,40262,4288.0,rb2107,4313,4350,4199,4209.0,8955,6805,4252.0,rb2108,4282,4316,4187,4192.0,523,355,4220.0,rb2109,4268,4286,4158,4169.0,1102,646,4245.0,rb2105,4340.0,4383.0,4228.0,4244.0,3061108.0,1175467.0,4300.0
2020-12-29,4214.366901247479,3085503.0,1566198.0,rb2101,4180,4221,4155,4158.0,33266,45060,4180.0,rb2102,4126,4159,4114,4124.0,9090,27610,4131.0,rb2103,4181,4203,4141,4158.0,44621,91209,4168.0,rb2104,4220,4260,4193,4220.0,29644,41190,4226.0,rb2105,4256,4282,4206,4234.0,2825002,1177292,4243.0,rb2106,4228,4265,4192,4214.0,22363,44561,4227.0,rb2107,4209,4247,4181,4205.0,11395,12630,4211.0,rb2108,4192,4215,4165,4191.0,639,542,4185.0,rb2109,4154,4190,4134,4151.0,687,684,4168.0,rb2105,4256.0,4282.0,4206.0,4234.0,2825002.0,1177292.0,4243.0
2020-12-30,4239.2204067326165,4010321.0,1546323.0,rb2101,4160,4195,4111,4193.0,28164,33634,4169.0,rb2102,4124,4183,4087,4150.0,13171,21000,4136.0,rb2103,4155,4225,4113,4186.0,60493,82433,4175.0,rb2104,4220,4278,4168,4247.0,40497,29615,4231.0,rb2105,4250,4294,4179,4256.0,3668716,1183457,4247.0,rb2106,4214,4280,4171,4248.0,28534,44903,4231.0,rb2107,4205,4261,4159,4226.0,19124,21992,4217.0,rb2108,4196,4234,4153,4207.0,792,677,4204.0,rb2109,4170,4218,4116,4182.0,611,779,4172.0,rb2105,4250.0,4294.0,4179.0,4256.0,3668716.0,1183457.0,4247.0
2020-12-31,4367.415328298504,2943322.0,1575426.0,rb2101,4190,4270,4180,4213.0,19255,23684,4220.0,rb2102,4150,4250,4147,4250.0,9454,17330,4179.0,rb2103,4186,4314,4182,4295.0,56159,80211,4233.0,rb2104,4247,4376,4232,4367.0,27397,28018,4285.0,rb2105,4256,4400,4247,4388.0,2649324,1217327,4306.0,rb2106,4248,4387,4232,4384.0,24775,46010,4280.0,rb2107,4226,4373,4216,4358.0,26999,32909,4260.0,rb2108,4217,4344,4197,4344.0,566,801,4235.0,rb2109,4178,4300,4142,4300.0,786,844,4207.0,rb2105,4256.0,4400.0,4247.0,4388.0,2649324.0,1217327.0,4306.0
2021-01-04,4362.490926107384,1599748.0,1592040.0,rb2101,4300,4300,4180,4234.0,7004,21300,4220.0,rb2102,4203,4239,4163,4213.0,4065,17462,4193.0,rb2103,4261,4316,4220,4285.0,30225,81395,4259.0,rb2104,4333,4378,4283,4357.0,15530,27146,4314.0,rb2105,4354,4407,4307,4383.0,1420698,1220915,4346.0,rb2106,4338,4392,4290,4372.0,13354,47603,4330.0,rb2107,4358,4374,4274,4350.0,13994,38921,4319.0,rb2108,4390,4390,4255,4315.0,363,774,4313.0,rb2109,4250,4318,4231,4298.0,968,850,4270.0,rb2105,4354.0,4407.0,4307.0,4383.0,1420698.0,1220915.0,4346.0
2021-01-05,4376.306122486355,1751660.0,1638109.0,rb2101,4217,4249,4217,4233.0,6720,17790,4234.0,rb2102,4213,4249,4209,4233.0,5996,16558,4227.0,rb2103,4255,4325,4255,4295.0,21842,81332,4294.0,rb2104,4326,4397,4326,4370.0,15135,25701,4364.0,rb2105,4388,4426,4359,4397.0,1578335,1257064,4391.0,rb2106,4381,4412,4347,4385.0,17657,50664,4378.0,rb2107,4353,4400,4332,4377.0,26652,50600,4363.0,rb2108,4342,4366,4312,4328.0,601,761,4343.0,rb2109,4306,4335,4281,4304.0,547,795,4302.0,rb2105,4388.0,4426.0,4359.0,4397.0,1578335.0,1257064.0,4391.0
2021-01-06,4356.362357171449,2411428.0,1616361.0,rb2101,4233,4279,4209,4232.0,5280,14400,4231.0,rb2102,4233,4283,4183,4224.0,4244,14980,4223.0,rb2103,4295,4357,4223,4278.0,38283,79013,4283.0,rb2104,4377,4422,4292,4352.0,19035,24838,4351.0,rb2105,4400,4447,4315,4377.0,2154746,1236056,4381.0,rb2106,4390,4432,4301,4362.0,20043,52547,4368.0,rb2107,4377,4413,4284,4344.0,25638,57883,4338.0,rb2108,4374,4375,4263,4312.0,1325,774,4297.0,rb2109,4336,4350,4238,4283.0,960,849,4287.0,rb2105,4400.0,4447.0,4315.0,4377.0,2154746.0,1236056.0,4381.0
2021-01-07,4433.638948288726,2308904.0,1700809.0,rb2101,4230,4275,4215,4240.0,3630,13440,4244.0,rb2102,4224,4279,4215,4261.0,2988,15437,4251.0,rb2103,4248,4359,4248,4341.0,38615,81525,4311.0,rb2104,4352,4442,4335,4392.0,21594,24664,4380.0,rb2105,4377,4473,4363,4455.0,2098980,1313573,4411.0,rb2106,4361,4460,4348,4445.0,17593,52969,4396.0,rb2107,4349,4446,4332,4434.0,28658,61895,4379.0,rb2108,4340,4401,4302,4396.0,717,753,4350.0,rb2109,4280,4373,4277,4372.0,540,807,4322.0,rb2105,4377.0,4473.0,4363.0,4455.0,2098980.0,1313573.0,4411.0
2021-01-08,4464.575652740902,2269328.0,1705424.0,rb2101,4244,4298,4244,4289.0,2820,12360,4270.0,rb2102,4261,4320,4245,4294.0,3171,13879,4274.0,rb2103,4340,4385,4314,4360.0,41281,80487,4346.0,rb2104,4419,4477,4399,4454.0,25332,25026,4438.0,rb2105,4455,4511,4435,4487.0,2047522,1321813,4473.0,rb2106,4439,4495,4418,4472.0,22920,54825,4462.0,rb2107,4434,4478,4407,4458.0,26767,61253,4447.0,rb2108,4385,4426,4375,4421.0,270,760,4402.0,rb2109,4355,4395,4340,4383.0,959,973,4367.0,rb2105,4455.0,4511.0,4435.0,4487.0,2047522.0,1321813.0,4473.0
2021-01-11,4328.737043698189,3096684.0,1616337.0,rb2101,4253,4287,4187,4220.0,5970,8040,4242.0,rb2102,4314,4335,4194,4197.0,3857,11839,4239.0,rb2103,4376,4378,4219,4220.0,50030,74737,4286.0,rb2104,4453,4458,4298,4315.0,28008,23574,4375.0,rb2105,4495,4500,4331,4348.0,2787680,1247798,4404.0,rb2106,4472,4484,4317,4346.0,32826,55297,4396.0,rb2107,4469,4470,4303,4335.0,33498,61141,4384.0,rb2108,4400,4401,4276,4277.0,986,696,4352.0,rb2109,4357,4367,4244,4267.0,967,980,4296.0,rb2105,4495.0,4500.0,4331.0,4348.0,2787680.0,1247798.0,4404.0
2021-01-12,4307.901793376906,2375500.0,1555557.0,rb2101,4206,4223,4148,4192.0,2640,6780,4178.0,rb2102,4183,4204,4147,4189.0,4356,8836,4166.0,rb2103,4225,4235,4162,4218.0,34618,71188,4192.0,rb2104,4314,4320,4237,4286.0,26215,23059,4273.0,rb2105,4349,4355,4262,4327.0,2163248,1193034,4304.0,rb2106,4335,4341,4250,4313.0,22863,55540,4294.0,rb2107,4322,4329,4237,4309.0,20842,59670,4283.0,rb2108,4266,4285,4205,4263.0,1253,692,4270.0,rb2109,4257,4262,4175,4207.0,1470,978,4212.0,rb2105,4349.0,4355.0,4262.0,4327.0,2163248.0,1193034.0,4304.0
2021-01-13,4274.843139126922,2100008.0,1539702.0,rb2101,4171,4180,4132,4175.0,540,6870,4163.0,rb2102,4189,4301,4159,4187.0,3575,6584,4174.0,rb2103,4203,4219,4173,4209.0,21396,65385,4193.0,rb2104,4286,4288,4232,4261.0,16921,20864,4258.0,rb2105,4320,4328,4253,4293.0,1917584,1178576,4292.0,rb2106,4303,4314,4243,4279.0,25116,58584,4275.0,rb2107,4292,4302,4230,4262.0,24289,62133,4264.0,rb2108,4255,4257,4204,4225.0,813,726,4239.0,rb2109,4224,4231,4171,4202.0,442,908,4203.0,rb2105,4320.0,4328.0,4253.0,4293.0,1917584.0,1178576.0,4292.0
2021-01-14,4275.862338773404,1636123.0,1531230.0,rb2101,4160,4167,4160,4165.0,120,6840,4164.0,rb2102,4181,4181,4158,4172.0,1131,5940,4169.0,rb2103,4219,4219,4173,4198.0,11783,65928,4187.0,rb2104,4263,4273,4231,4263.0,12280,20885,4255.0,rb2105,4289,4304,4251,4294.0,1497549,1169652,4281.0,rb2106,4272,4293,4238,4283.0,26888,59955,4271.0,rb2107,4265,4280,4226,4268.0,21781,64457,4258.0,rb2108,4220,4245,4199,4245.0,311,701,4235.0,rb2109,4182,4213,4168,4210.0,390,898,4194.0,rb2105,4289.0,4304.0,4251.0,4294.0,1497549.0,1169652.0,4281.0
2021-01-15,4343.117666614829,2308137.0,1633318.0,rb2101,4180,4260,4160,4192.0,1320,6180,4206.0,rb2102,4172,4250,4172,4230.0,1219,5748,4216.0,rb2103,4198,4299,4198,4262.0,11561,66654,4263.0,rb2104,4280,4377,4279,4349.0,15253,21783,4331.0,rb2105,4305,4412,4301,4360.0,2117861,1265904,4368.0,rb2106,4290,4395,4290,4348.0,35829,61426,4359.0,rb2107,4274,4383,4274,4337.0,30480,65139,4345.0,rb2108,4287,4340,4287,4305.0,661,753,4317.0,rb2109,4210,4311,4178,4278.0,362,905,4277.0,rb2105,4305.0,4412.0,4301.0,4360.0,2117861.0,1265904.0,4368.0
2021-01-18,4372.740920139383,1728511.0,1650989.0,rb2102,4228,4255,4211,4255.0,320,5582,4240.0,rb2103,4270,4294,4241,4286.0,14217,67178,4274.0,rb2104,4343,4446,4300,4354.0,12542,23192,4340.0,rb2105,4370,4400,4334,4392.0,1547808,1273675,4373.0,rb2106,4359,4386,4321,4373.0,28799,61825,4364.0,rb2107,4346,4371,4308,4360.0,29497,66506,4351.0,rb2108,4315,4338,4281,4323.0,283,726,4302.0,rb2109,4271,4302,4253,4295.0,303,901,4287.0,rb2110,4263,4274,4215,4268.0,83283,143404,4250.0,rb2105,4370.0,4400.0,4334.0,4392.0,1547808.0,1273675.0,4373.0
2021-01-19,4270.428952931877,2123409.0,1631890.0,rb2102,4252,4253,4170,4170.0,651,5211,4189.0,rb2103,4285,4293,4197,4201.0,20941,61007,4227.0,rb2104,4357,4359,4256,4256.0,16410,21179,4298.0,rb2105,4392,4392,4282,4288.0,1908555,1246331,4329.0,rb2106,4372,4372,4266,4277.0,28733,62352,4311.0,rb2107,4361,4361,4252,4263.0,33181,66837,4300.0,rb2108,4315,4315,4229,4230.0,733,698,4268.0,rb2109,4289,4289,4204,4215.0,442,880,4245.0,rb2110,4275,4275,4172,4178.0,106040,154860,4210.0,rb2105,4392.0,4392.0,4282.0,4288.0,1908555.0,1246331.0,4329.0
2021-01-20,4291.730144608112,1632742.0,1634279.0,rb2102,4176,4191,4158,4180.0,178,5161,4168.0,rb2103,4201,4226,4184,4216.0,8795,60036,4203.0,rb2104,4252,4295,4244,4281.0,6812,20783,4265.0,rb2105,4290,4325,4267,4310.0,1485631,1249904,4295.0,rb2106,4278,4309,4252,4301.0,23818,63323,4284.0,rb2107,4263,4296,4238,4292.0,21742,67989,4272.0,rb2108,4220,4261,4214,4258.0,303,686,4244.0,rb2109,4210,4239,4194,4239.0,839,907,4213.0,rb2110,4170,4209,4159,4190.0,79505,152938,4183.0,rb2105,4290.0,4325.0,4267.0,4310.0,1485631.0,1249904.0,4295.0
2021-01-21,4348.607304179271,2269249.0,1702450.0,rb2102,4179,4230,4158,4229.0,415,5107,4192.0,rb2103,4230,4280,4188,4265.0,10751,60244,4241.0,rb2104,4281,4355,4251,4335.0,10743,19924,4290.0,rb2105,4310,4384,4270,4369.0,2077734,1304359,4320.0,rb2106,4296,4369,4257,4349.0,28438,66846,4304.0,rb2107,4289,4360,4248,4340.0,25203,71846,4294.0,rb2108,4235,4326,4223,4315.0,285,652,4260.0,rb2109,4232,4298,4200,4279.0,284,945,4239.0,rb2110,4205,4265,4165,4240.0,111124,159624,4205.0,rb2105,4310.0,4384.0,4270.0,4369.0,2077734.0,1304359.0,4320.0
2021-01-22,4276.828568758825,2029863.0,1626693.0,rb2102,4201,4238,4163,4177.0,531,4667,4200.0,rb2103,4267,4286,4199,4215.0,20643,50042,4225.0,rb2104,4336,4358,4261,4275.0,4355,18255,4298.0,rb2105,4367,4387,4280,4294.0,1858367,1236925,4332.0,rb2106,4349,4373,4268,4284.0,26578,67687,4326.0,rb2107,4341,4361,4258,4273.0,27185,72588,4318.0,rb2108,4310,4315,4235,4243.0,209,644,4280.0,rb2109,4293,4293,4208,4227.0,346,972,4266.0,rb2110,4241,4263,4172,4183.0,87821,160765,4213.0,rb2105,4367.0,4387.0,4280.0,4294.0,1858367.0,1236925.0,4332.0
2021-01-25,4303.146816417349,2372229.0,1641751.0,rb2102,4160,4223,4150,4166.0,258,4501,4166.0,rb2103,4212,4259,4178,4229.0,8584,46962,4206.0,rb2104,4256,4325,4228,4302.0,5748,18006,4274.0,rb2105,4280,4352,4245,4321.0,2167772,1243903,4299.0,rb2106,4270,4339,4231,4303.0,29597,68400,4293.0,rb2107,4254,4329,4224,4297.0,31149,73010,4283.0,rb2108,4217,4297,4204,4273.0,68,636,4240.0,rb2109,4193,4280,4175,4248.0,393,1000,4236.0,rb2110,4180,4246,4143,4216.0,123803,171158,4195.0,rb2105,4280.0,4352.0,4245.0,4321.0,2167772.0,1243903.0,4299.0
2021-01-26,4288.287186446593,1764954.0,1673439.0,rb2102,4199,4217,4162,4190.0,314,4291,4182.0,rb2103,4245,4263,4216,4227.0,4231,45276,4234.0,rb2104,4302,4336,4277,4286.0,858,17787,4301.0,rb2105,4320,4362,4296,4303.0,1609339,1266940,4325.0,rb2106,4304,4349,4284,4299.0,25992,69639,4311.0,rb2107,4296,4340,4275,4284.0,22115,73981,4303.0,rb2108,4286,4307,4262,4266.0,1632,2196,4268.0,rb2109,4252,4280,4234,4234.0,3784,4336,4243.0,rb2110,4214,4254,4205,4213.0,92512,175155,4225.0,rb2105,4320.0,4362.0,4296.0,4303.0,1609339.0,1266940.0,4325.0
2021-01-27,4371.504211671305,2077610.0,1769725.0,rb2102,4172,4268,4172,4268.0,565,4145,4222.0,rb2103,4236,4305,4216,4301.0,6916,41063,4254.0,rb2104,4283,4375,4273,4362.0,1251,17553,4307.0,rb2105,4314,4398,4291,4385.0,1878084,1348252,4349.0,rb2106,4305,4388,4282,4378.0,21147,70890,4340.0,rb2107,4295,4382,4272,4379.0,21231,73870,4331.0,rb2108,4265,4358,4253,4356.0,4065,3976,4328.0,rb2109,4264,4333,4226,4328.0,4883,7718,4297.0,rb2110,4214,4307,4206,4303.0,133933,188661,4268.0,rb2105,4314.0,4398.0,4291.0,4385.0,1878084.0,1348252.0,4349.0
2021-01-28,4264.77574492253,2311263.0,1630438.0,rb2102,4230,4256,4177,4177.0,1150,3474,4210.0,rb2103,4321,4321,4214,4214.0,9259,34515,4234.0,rb2104,4360,4360,4260,4267.0,3545,15699,4297.0,rb2105,4373,4381,4275,4275.0,2052146,1192387,4327.0,rb2106,4376,4376,4267,4269.0,25312,71395,4319.0,rb2107,4356,4365,4266,4272.0,24171,75540,4313.0,rb2108,4345,4349,4256,4256.0,2625,5447,4292.0,rb2109,4322,4342,4240,4245.0,5308,9933,4291.0,rb2110,4306,4313,4218,4224.0,177601,205821,4272.0,rb2105,4373.0,4381.0,4275.0,4275.0,2052146.0,1192387.0,4327.0
2021-01-29,4254.3455318282095,2102081.0,1610144.0,rb2102,4170,4248,4155,4160.0,582,3240,4191.0,rb2103,4198,4228,4172,4210.0,7192,29901,4197.0,rb2104,4250,4285,4211,4258.0,2426,14246,4248.0,rb2105,4265,4307,4219,4267.0,1893215,1173970,4270.0,rb2106,4279,4298,4214,4258.0,26838,71587,4266.0,rb2107,4256,4292,4209,4254.0,22344,78329,4260.0,rb2108,4266,4283,4202,4248.0,2490,6714,4247.0,rb2109,4236,4264,4192,4227.0,4898,11564,4236.0,rb2110,4219,4238,4165,4203.0,134844,202930,4207.0,rb2105,4265.0,4307.0,4219.0,4267.0,1893215.0,1173970.0,4270.0
2021-02-01,4208.214250757595,1779253.0,1659196.0,rb2102,4160,4160,4140,4140.0,270,3000,4143.0,rb2103,4210,4240,4169,4171.0,6012,28242,4183.0,rb2104,4276,4290,4191,4199.0,1016,13732,4224.0,rb2105,4273,4303,4211,4221.0,1588518,1215897,4248.0,rb2106,4270,4293,4202,4215.0,34503,70273,4230.0,rb2107,4279,4288,4199,4200.0,31623,79509,4227.0,rb2108,4269,4272,4183,4186.0,2588,8669,4215.0,rb2109,4237,4255,4182,4185.0,2322,12428,4208.0,rb2110,4198,4230,4156,4157.0,107113,207936,4183.0,rb2105,4273.0,4303.0,4211.0,4221.0,1588518.0,1215897.0,4248.0
2021-02-02,4141.228371231769,2071422.0,1725445.0,rb2102,4120,4130,4060,4060.0,570,2730,4105.0,rb2103,4171,4190,4087,4098.0,3227,26162,4134.0,rb2104,4214,4215,4123,4145.0,890,13152,4173.0,rb2105,4225,4242,4128,4154.0,1868757,1272168,4184.0,rb2106,4217,4235,4120,4144.0,38082,69838,4178.0,rb2107,4217,4227,4100,4136.0,34396,80472,4175.0,rb2108,4226,4226,4109,4133.0,1578,9474,4163.0,rb2109,4195,4204,4099,4099.0,2758,13527,4147.0,rb2110,4150,4179,4074,4091.0,111452,213995,4121.0,rb2105,4225.0,4242.0,4128.0,4154.0,1868757.0,1272168.0,4184.0
2021-02-03,4162.319286952944,1578108.0,1701150.0,rb2102,4001,4076,4001,4076.0,210,2730,4011.0,rb2103,4098,4146,4086,4111.0,2008,25453,4107.0,rb2104,4145,4183,4123,4160.0,499,12849,4136.0,rb2105,4162,4200,4132,4175.0,1400700,1238189,4165.0,rb2106,4123,4193,4123,4168.0,31793,71151,4158.0,rb2107,4115,4188,4115,4160.0,27330,81847,4149.0,rb2108,4131,4173,4106,4156.0,3024,11049,4145.0,rb2109,4115,4158,4093,4141.0,3492,15103,4130.0,rb2110,4073,4139,4066,4114.0,101634,218459,4104.0,rb2105,4162.0,4200.0,4132.0,4175.0,1400700.0,1238189.0,4165.0
2021-02-04,4229.291510478124,1627485.0,1639845.0,rb2102,4088,4130,4088,4125.0,360,3000,4126.0,rb2103,4120,4172,4108,4165.0,1161,25255,4147.0,rb2104,4171,4237,4159,4224.0,280,12831,4213.0,rb2105,4181,4249,4172,4246.0,1474021,1174941,4216.0,rb2106,4177,4240,4166,4234.0,33354,71041,4211.0,rb2107,4167,4230,4158,4224.0,30761,82602,4199.0,rb2108,4156,4218,4156,4216.0,3178,12631,4189.0,rb2109,4144,4199,4134,4197.0,3278,16781,4171.0,rb2110,4119,4173,4112,4170.0,76023,216688,4145.0,rb2105,4181.0,4249.0,4172.0,4246.0,1474021.0,1174941.0,4216.0
2021-02-05,4266.738075610284,1485546.0,1589096.0,rb2102,4170,4170,4160,4160.0,120,2940,4166.0,rb2103,4170,4262,4147,4215.0,1083,24973,4177.0,rb2104,4226,4276,4214,4276.0,167,12776,4255.0,rb2105,4243,4292,4226,4285.0,1312422,1130483,4258.0,rb2106,4254,4299,4219,4275.0,34289,70715,4255.0,rb2107,4244,4300,4209,4274.0,33068,83506,4242.0,rb2108,4206,4263,4198,4246.0,3752,14216,4229.0,rb2109,4192,4234,4174,4230.0,4346,18505,4202.0,rb2110,4173,4202,4146,4194.0,90511,207226,4174.0,rb2105,4243.0,4292.0,4226.0,4285.0,1312422.0,1130483.0,4258.0
2021-02-08,4318.893610838509,1415022.0,1596751.0,rb2103,4183,4268,4181,4245.0,1728,24910,4241.0,rb2104,4276,4371,4259,4310.0,291,12677,4314.0,rb2105,4291,4361,4267,4335.0,1238633,1134679,4320.0,rb2106,4281,4353,4260,4328.0,31918,68099,4316.0,rb2107,4276,4344,4252,4328.0,31102,80682,4303.0,rb2108,4247,4332,4242,4309.0,3885,15274,4299.0,rb2109,4221,4308,4214,4288.0,3084,18796,4256.0,rb2110,4196,4278,4179,4260.0,96430,217819,4232.0,rb2111,4182,4243,4159,4243.0,40,104,4195.0,rb2105,4291.0,4361.0,4267.0,4335.0,1238633.0,1134679.0,4320.0
2021-02-09,4399.899352263001,1206699.0,1593548.0,rb2103,4232,4323,4229,4320.0,1827,25432,4280.0,rb2104,4310,4396,4308,4388.0,501,12643,4356.0,rb2105,4335,4420,4323,4420.0,1047598,1150440,4370.0,rb2106,4328,4410,4317,4402.0,35548,57393,4370.0,rb2107,4328,4399,4309,4399.0,34576,71468,4359.0,rb2108,4309,4388,4303,4388.0,3036,14988,4338.0,rb2109,4284,4364,4271,4364.0,2350,19211,4315.0,rb2110,4265,4329,4250,4329.0,72936,218048,4291.0,rb2111,4284,4291,4275,4291.0,5,101,4286.0,rb2105,4335.0,4420.0,4323.0,4420.0,1047598.0,1150440.0,4370.0
2021-02-10,4385.518936552224,1057203.0,1542229.0,rb2103,4325,4325,4263,4311.0,450,25401,4294.0,rb2104,4391,4391,4336,4388.0,90,12640,4366.0,rb2105,4415,4415,4351,4404.0,898635,1094782,4386.0,rb2106,4403,4405,4343,4395.0,31327,56366,4375.0,rb2107,4394,4394,4337,4386.0,29349,70990,4367.0,rb2108,4379,4387,4331,4387.0,1482,15236,4358.0,rb2109,4361,4366,4306,4366.0,2468,18961,4337.0,rb2110,4331,4335,4276,4322.0,86132,224736,4305.0,rb2111,3985,4298,3985,4283.0,15,98,4255.0,rb2105,4415.0,4415.0,4351.0,4404.0,898635.0,1094782.0,4386.0
2021-02-18,4511.106215704268,1148620.0,1648711.0,rb2103,4401,4440,4372,4410.0,1298,25134,4402.0,rb2104,4496,4553,4441,4503.0,488,12702,4487.0,rb2105,4486,4547,4468,4529.0,978913,1181090,4511.0,rb2106,4488,4538,4459,4515.0,24784,56160,4509.0,rb2107,4456,4524,4436,4503.0,24988,70799,4494.0,rb2108,4450,4512,4437,4493.0,1549,15428,4484.0,rb2109,4410,4494,4382,4485.0,2542,19434,4463.0,rb2110,4366,4490,4366,4458.0,105460,243903,4430.0,rb2111,4369,4419,4338,4419.0,13,99,4388.0,rb2105,4486.0,4547.0,4468.0,4529.0,978913.0,1181090.0,4511.0
2021-02-19,4504.121071261612,1713781.0,1698446.0,rb2103,4235,4475,4235,4406.0,2485,25444,4399.0,rb2104,4525,4672,4456,4490.0,320,12759,4501.0,rb2105,4531,4588,4479,4524.0,1503027,1209469,4532.0,rb2106,4515,4578,4467,4501.0,33620,60853,4517.0,rb2107,4503,4565,4454,4499.0,32640,73550,4505.0,rb2108,4482,4559,4444,4490.0,2016,16009,4503.0,rb2109,4476,4533,4427,4467.0,4204,20729,4484.0,rb2110,4458,4510,4396,4446.0,125433,253043,4455.0,rb2111,4466,4466,4386,4386.0,13,95,4433.0,rb2105,4531.0,4588.0,4479.0,4524.0,1503027.0,1209469.0,4532.0
2021-02-22,4562.793720560746,2400596.0,1711363.0,rb2103,4407,4564,4378,4500.0,8585,21953,4510.0,rb2104,4482,4640,4480,4555.0,333,12630,4584.0,rb2105,4524,4676,4488,4582.0,2081968,1205401,4584.0,rb2106,4501,4664,4475,4575.0,41023,61328,4576.0,rb2107,4497,4649,4466,4571.0,39897,74232,4564.0,rb2108,4480,4635,4459,4560.0,3507,16033,4550.0,rb2109,4462,4611,4214,4538.0,6948,21255,4539.0,rb2110,4446,4584,4413,4502.0,200904,267824,4512.0,rb2111,4410,4541,4385,4460.0,60,98,4445.0,rb2105,4524.0,4676.0,4488.0,4582.0,2081968.0,1205401.0,4584.0
2021-02-23,4533.562524365487,1659712.0,1731445.0,rb2103,4475,4535,4458,4469.0,3923,18823,4499.0,rb2104,4555,4598,4513,4543.0,1060,11833,4574.0,rb2105,4565,4628,4535,4552.0,1457647,1213858,4581.0,rb2106,4570,4619,4528,4548.0,25106,61114,4579.0,rb2107,4569,4609,4523,4538.0,28918,73969,4570.0,rb2108,4560,4593,4511,4535.0,1932,16398,4566.0,rb2109,4520,4579,4494,4509.0,3630,21859,4538.0,rb2110,4490,4544,4462,4478.0,125562,280468,4501.0,rb2111,4434,4497,4434,4443.0,8,100,4466.0,rb2105,4565.0,4628.0,4535.0,4552.0,1457647.0,1213858.0,4581.0
2021-02-24,4596.404573501829,1864619.0,1788214.0,rb2103,4450,4540,4427,4540.0,7432,13669,4511.0,rb2104,4492,4587,4492,4575.0,676,11425,4558.0,rb2105,4550,4619,4514,4618.0,1638383,1252201,4571.0,rb2106,4548,4688,4510,4612.0,27222,62751,4567.0,rb2107,4533,4599,4502,4597.0,31359,75327,4560.0,rb2108,4523,4577,4503,4577.0,1530,16610,4551.0,rb2109,4503,4565,4472,4560.0,3777,22524,4525.0,rb2110,4485,4534,4441,4533.0,145491,300394,4493.0,rb2111,4420,4481,4420,4475.0,9,99,4462.0,rb2105,4550.0,4619.0,4514.0,4618.0,1638383.0,1252201.0,4571.0
2021-02-25,4664.369457299764,2448320.0,1819826.0,rb2103,4557,4665,4545,4618.0,6148,9974,4622.0,rb2104,4608,4713,4584,4652.0,1831,10404,4668.0,rb2105,4615,4746,4612,4686.0,2078722,1264478,4673.0,rb2106,4612,4736,4603,4683.0,39662,63782,4670.0,rb2107,4598,4726,4598,4670.0,47064,76065,4660.0,rb2108,4577,4713,4577,4648.0,5155,19033,4648.0,rb2109,4564,4689,4561,4637.0,9196,25809,4628.0,rb2110,4530,4658,4529,4599.0,239747,318754,4589.0,rb2111,4519,4606,4506,4560.0,18,101,4554.0,rb2105,4615.0,4746.0,4612.0,4686.0,2078722.0,1264478.0,4673.0
2021-02-26,4655.387283839594,2104752.0,1822547.0,rb2103,4688,4688,4411,4686.0,3549,7711,4587.0,rb2104,4668,4689,4588,4661.0,412,10238,4648.0,rb2105,4681,4725,4610,4677.0,1814382,1259695,4671.0,rb2106,4676,4715,4602,4668.0,32603,63847,4663.0,rb2107,4661,4704,4596,4646.0,39669,76904,4651.0,rb2108,4648,4689,4588,4643.0,3777,20228,4640.0,rb2109,4620,4665,4567,4622.0,7126,27182,4618.0,rb2110,4602,4638,4538,4595.0,187039,324094,4588.0,rb2111,4554,4575,4500,4561.0,47,110,4530.0,rb2105,4681.0,4725.0,4610.0,4677.0,1814382.0,1259695.0,4671.0
2021-03-01,4619.738555422811,2515178.0,1806314.0,rb2103,4570,4600,4542,4542.0,721,7260,4563.0,rb2104,4596,4660,4570,4594.0,978,9644,4602.0,rb2105,4655,4704,4601,4639.0,2141292,1207873,4647.0,rb2106,4645,4699,4597,4634.0,39035,63666,4641.0,rb2107,4626,4687,4591,4628.0,46627,78124,4635.0,rb2108,4643,4675,4585,4623.0,5985,23639,4627.0,rb2109,4601,4654,4567,4601.0,7862,29931,4607.0,rb2110,4589,4624,4540,4572.0,255818,350946,4579.0,rb2111,4530,4576,4508,4535.0,19,103,4559.0,rb2105,4655.0,4704.0,4601.0,4639.0,2141292.0,1207873.0,4647.0
2021-03-02,4709.3544470462175,2516802.0,1888883.0,rb2103,4570,4590,4560,4590.0,540,6990,4575.0,rb2104,4621,4689,4591,4689.0,321,9613,4625.0,rb2105,4639,4733,4620,4732.0,2176669,1277277,4662.0,rb2106,4634,4740,4616,4740.0,32085,62179,4649.0,rb2107,4631,4750,4609,4688.0,37582,79271,4644.0,rb2108,4623,4710,4604,4710.0,6656,26525,4634.0,rb2109,4607,4679,4586,4673.0,9688,33229,4617.0,rb2110,4598,4660,4561,4657.0,239241,358480,4597.0,rb2111,4553,4591,4538,4588.0,11,99,4563.0,rb2105,4639.0,4733.0,4620.0,4732.0,2176669.0,1277277.0,4662.0
2021-03-03,4821.510757202928,3527862.0,1912486.0,rb2103,4748,4748,4748,4748.0,30,6990,4748.0,rb2104,4773,4902,4733,4827.0,1517,8656,4849.0,rb2105,4782,4924,4761,4842.0,3010753,1265923,4844.0,rb2106,4766,4914,4757,4833.0,48796,59028,4838.0,rb2107,4731,4906,4731,4795.0,48731,78345,4830.0,rb2108,4710,4889,4710,4829.0,6396,28091,4818.0,rb2109,4673,4865,4673,4801.0,15825,36001,4792.0,rb2110,4700,4839,4690,4782.0,368988,392633,4772.0,rb2111,4694,4789,4664,4680.0,45,91,4710.0,rb2105,4782.0,4924.0,4761.0,4842.0,3010753.0,1265923.0,4844.0
2021-03-04,4832.153002581647,2201089.0,1887942.0,rb2103,4700,4750,4700,4748.0,270,6810,4738.0,rb2104,4821,4834,4801,4816.0,594,8177,4813.0,rb2105,4844,4887,4822,4849.0,1756663,1233841,4848.0,rb2106,4835,4879,4816,4833.0,44854,57178,4839.0,rb2107,4818,4899,4809,4827.0,41244,77661,4831.0,rb2108,4829,4863,4797,4819.0,6816,30340,4825.0,rb2109,4801,4848,4785,4815.0,11290,36679,4814.0,rb2110,4781,4833,4772,4804.0,322903,398632,4801.0,rb2111,4718,4757,4718,4751.0,10,93,4749.0,rb2105,4844.0,4887.0,4822.0,4849.0,1756663.0,1233841.0,4848.0
2021-03-05,4674.746076331218,3501793.0,1795386.0,rb2103,4700,4700,4570,4580.0,840,6120,4592.0,rb2104,4742,4776,4622,4656.0,2292,6289,4710.0,rb2105,4822,4822,4633,4696.0,2869471,1097841,4718.0,rb2106,4827,4827,4603,4659.0,52453,62095,4685.0,rb2107,4820,4820,4575,4609.0,44442,82469,4670.0,rb2108,4792,4792,4599,4657.0,9187,33846,4674.0,rb2109,4785,4794,4618,4661.0,16906,38025,4696.0,rb2110,4773,4793,4626,4654.0,474628,426419,4691.0,rb2111,4705,4715,4579,4626.0,53,100,4625.0,rb2105,4822.0,4822.0,4633.0,4696.0,2869471.0,1097841.0,4718.0
2021-03-08,4731.331845220724,2361803.0,1798923.0,rb2103,4700,4745,4650,4650.0,120,6030,4686.0,rb2104,4656,4806,4656,4727.0,438,6030,4761.0,rb2105,4701,4850,4701,4752.0,1947568,1105484,4779.0,rb2106,4659,4808,4659,4715.0,37250,62855,4748.0,rb2107,4622,4788,4622,4682.0,33472,81871,4717.0,rb2108,4665,4803,4660,4707.0,4002,35255,4726.0,rb2109,4669,4805,4666,4720.0,7961,38839,4743.0,rb2110,4670,4796,4663,4709.0,312729,418755,4736.0,rb2111,4651,4737,4627,4657.0,25,96,4699.0,rb2105,4701.0,4850.0,4701.0,4752.0,1947568.0,1105484.0,4779.0
2021-03-09,4582.308152621188,2913067.0,1778888.0,rb2103,4632,4660,4581,4581.0,420,5610,4620.0,rb2104,4727,4776,4549,4549.0,827,5382,4700.0,rb2105,4752,4796,4575,4592.0,2416092,1072298,4712.0,rb2106,4715,4762,4542,4585.0,44174,62278,4689.0,rb2107,4682,4734,4521,4557.0,38324,82675,4668.0,rb2108,4712,4752,4558,4582.0,6080,36533,4678.0,rb2109,4722,4759,4567,4582.0,13993,39639,4681.0,rb2110,4700,4744,4562,4576.0,370354,426860,4666.0,rb2111,4654,4690,4533,4541.0,141,98,4651.0,rb2105,4752.0,4796.0,4575.0,4592.0,2416092.0,1072298.0,4712.0
2021-03-10,4571.978480961071,2448984.0,1791251.0,rb2103,4500,4510,4440,4452.0,300,5460,4476.0,rb2104,4571,4619,4535,4564.0,814,5052,4584.0,rb2105,4616,4636,4558,4589.0,1983047,1061406,4597.0,rb2106,4585,4601,4519,4546.0,42197,62623,4562.0,rb2107,4557,4585,4501,4528.0,30644,84057,4549.0,rb2108,4592,4615,4533,4580.0,6075,37900,4586.0,rb2109,4582,4617,4535,4584.0,11088,40378,4581.0,rb2110,4590,4604,4508,4558.0,353079,442697,4570.0,rb2111,4531,4566,4500,4535.0,33,104,4530.0,rb2105,4616.0,4636.0,4558.0,4589.0,1983047.0,1061406.0,4597.0
2021-03-11,4662.646247933314,3015927.0,1798169.0,rb2103,4470,4548,4410,4548.0,600,5220,4478.0,rb2104,4580,4673,4485,4666.0,829,4594,4582.0,rb2105,4608,4704,4504,4687.0,2479092,1065287,4594.0,rb2106,4500,4660,4475,4651.0,49127,64055,4547.0,rb2107,4577,4645,4468,4631.0,42687,83479,4535.0,rb2108,4603,4663,4495,4647.0,4396,37838,4568.0,rb2109,4591,4654,4477,4635.0,13464,41259,4562.0,rb2110,4565,4645,4472,4635.0,404245,442061,4547.0,rb2111,4489,4606,4483,4598.0,51,94,4554.0,rb2105,4608.0,4704.0,4504.0,4687.0,2479092.0,1065287.0,4594.0
2021-03-12,4698.404866894312,3284043.0,1795190.0,rb2103,4660,4660,4530,4550.0,690,4950,4598.0,rb2104,4726,4823,4680,4702.0,841,4154,4726.0,rb2105,4729,4828,4698,4729.0,2730355,1053642,4757.0,rb2106,4680,4766,4653,4679.0,45719,64309,4705.0,rb2107,4661,4732,4628,4653.0,37171,83334,4679.0,rb2108,4677,4754,4654,4687.0,3651,38053,4704.0,rb2109,4659,4750,4635,4673.0,24029,47307,4693.0,rb2110,4655,4742,4622,4663.0,415986,448518,4688.0,rb2111,4680,4681,4578,4606.0,37,100,4632.0,rb2105,4729.0,4828.0,4698.0,4729.0,2730355.0,1053642.0,4757.0
2021-03-15,4751.140878467826,2704795.0,1797812.0,rb2103,4650,4650,4500,4559.0,390,4800,4585.0,rb2104,4694,4750,4650,4733.0,557,4105,4707.0,rb2105,4729,4790,4670,4787.0,2242762,1050050,4723.0,rb2106,4681,4736,4624,4729.0,38218,63908,4677.0,rb2107,4653,4702,4601,4699.0,38567,84364,4648.0,rb2108,4655,4725,4621,4714.0,3888,38368,4673.0,rb2109,4664,4715,4609,4714.0,13980,47113,4660.0,rb2110,4637,4712,4603,4712.0,348512,453084,4656.0,rb2111,4588,4641,4588,4641.0,26,107,4604.0,rb2105,4729.0,4790.0,4670.0,4787.0,2242762.0,1050050.0,4723.0
2021-03-16,4669.096061126986,2799701.0,1739330.0,rb2104,4734,4750,4635,4660.0,277,4032,4708.0,rb2105,4788,4798,4658,4701.0,2297261,983475,4735.0,rb2106,4732,4748,4614,4654.0,38551,63869,4691.0,rb2107,4697,4727,4589,4632.0,45861,83943,4668.0,rb2108,4714,4736,4616,4651.0,5372,39247,4693.0,rb2109,4713,4731,4606,4643.0,10522,46014,4677.0,rb2110,4713,4720,4599,4636.0,378073,461777,4667.0,rb2111,4666,4666,4600,4600.0,11,106,4626.0,rb2112,4561,4611,4535,4556.0,33,201,4566.0,rb2105,4788.0,4798.0,4658.0,4701.0,2297261.0,983475.0,4735.0
2021-03-17,4748.805418556701,2293475.0,1818750.0,rb2104,4664,4740,4664,4730.0,716,3768,4706.0,rb2105,4689,4794,4666,4785.0,1886315,1040308,4738.0,rb2106,4645,4739,4620,4732.0,28818,63949,4688.0,rb2107,4613,4710,4598,4696.0,33297,85123,4661.0,rb2108,4632,4731,4632,4721.0,2821,39889,4683.0,rb2109,4636,4722,4615,4722.0,7706,44811,4672.0,rb2110,4638,4712,4609,4711.0,313688,481096,4667.0,rb2111,4577,4652,4577,4652.0,20,118,4611.0,rb2112,4538,4612,4538,4612.0,5,200,4562.0,rb2105,4689.0,4794.0,4666.0,4785.0,1886315.0,1040308.0,4738.0
2021-03-18,4724.981844700817,2795459.0,1770943.0,rb2104,4704,4768,4690,4710.0,502,3561,4739.0,rb2105,4781,4821,4728,4759.0,2285393,995590,4781.0,rb2106,4727,4767,4681,4713.0,42444,64161,4733.0,rb2107,4726,4739,4658,4684.0,42446,85097,4706.0,rb2108,4701,4761,4683,4703.0,2759,40321,4731.0,rb2109,4717,4750,4672,4702.0,10332,45120,4715.0,rb2110,4714,4741,4661,4691.0,387325,476792,4708.0,rb2111,4646,4680,4646,4660.0,17,118,4671.0,rb2112,4614,4646,4570,4599.0,25,202,4613.0,rb2105,4781.0,4821.0,4728.0,4759.0,2285393.0,995590.0,4781.0
2021-03-19,4711.705515193741,2867898.0,1729495.0,rb2104,4693,4753,4675,4692.0,321,3415,4702.0,rb2105,4741,4805,4721,4746.0,2295850,966527,4769.0,rb2106,4697,4750,4676,4692.0,45144,63992,4720.0,rb2107,4684,4725,4650,4680.0,50413,85778,4693.0,rb2108,4696,4743,4680,4708.0,2806,40512,4715.0,rb2109,4702,4729,4650,4680.0,10133,45248,4702.0,rb2110,4698,4722,4660,4674.0,440769,466012,4693.0,rb2111,4642,4650,4622,4639.0,43,122,4642.0,rb2112,4579,4616,4579,4611.0,20,210,4599.0,rb2105,4741.0,4805.0,4721.0,4746.0,2295850.0,966527.0,4769.0
2021-03-22,4739.552990681176,3680197.0,1770717.0,rb2104,4696,4800,4693,4700.0,434,3296,4737.0,rb2105,4764,4903,4739,4763.0,2913208,984310,4800.0,rb2106,4692,4836,4687,4728.0,53405,64445,4742.0,rb2107,4680,4824,4658,4708.0,57099,86603,4716.0,rb2108,4705,4822,4686,4733.0,4890,41015,4746.0,rb2109,4680,4852,4675,4726.0,16509,46941,4739.0,rb2110,4694,4819,4665,4719.0,595328,487566,4736.0,rb2111,4630,4737,4613,4680.0,87,134,4670.0,rb2112,4680,4682,4623,4656.0,25,213,4662.0,rb2105,4764.0,4903.0,4739.0,4763.0,2913208.0,984310.0,4800.0
2021-03-23,4691.108761737153,3326075.0,1829660.0,rb2104,4701,4720,4605,4655.0,734,2712,4672.0,rb2105,4763,4779,4643,4715.0,2558890,957353,4716.0,rb2106,4698,4730,4601,4664.0,43681,65268,4673.0,rb2107,4708,4721,4586,4648.0,50995,88400,4659.0,rb2108,4712,4750,4625,4688.0,4688,41665,4698.0,rb2109,4726,4751,4622,4689.0,12357,46776,4690.0,rb2110,4712,4743,4607,4676.0,629481,565054,4681.0,rb2111,4653,4685,4559,4615.0,75,85,4609.0,rb2112,4695,4695,4561,4605.0,32,217,4613.0,rb2105,4763.0,4779.0,4643.0,4715.0,2558890.0,957353.0,4716.0
2021-03-24,4772.6819812960175,3073898.0,1921409.0,rb2104,4655,4739,4634,4738.0,587,2564,4695.0,rb2105,4703,4819,4657,4816.0,2385637,996558,4733.0,rb2106,4672,4745,4605,4744.0,42729,65766,4668.0,rb2107,4690,4714,4593,4714.0,48495,88176,4642.0,rb2108,4687,4748,4630,4746.0,3693,41979,4679.0,rb2109,4693,4742,4627,4737.0,15406,47239,4677.0,rb2110,4675,4738,4617,4736.0,559276,617133,4673.0,rb2111,4593,4680,4577,4680.0,24,92,4627.0,rb2112,4594,4642,4594,4642.0,7,218,4630.0,rb2105,4703.0,4819.0,4657.0,4816.0,2385637.0,996558.0,4733.0
2021-03-25,4753.58126721615,2436529.0,1860172.0,rb2104,4733,4768,4706,4719.0,186,2502,4745.0,rb2105,4818,4843,4776,4795.0,1886984,937529,4802.0,rb2106,4744,4770,4709,4734.0,44525,65706,4731.0,rb2107,4714,4742,4685,4699.0,47355,84479,4706.0,rb2108,4746,4779,4725,4745.0,2985,42912,4743.0,rb2109,4742,4772,4722,4729.0,11750,50252,4740.0,rb2110,4725,4764,4712,4720.0,424925,614092,4733.0,rb2111,4692,4706,4628,4663.0,93,118,4681.0,rb2112,4673,4673,4640,4640.0,28,201,4642.0,rb2105,4818.0,4843.0,4776.0,4795.0,1886984.0,937529.0,4802.0
2021-03-26,4880.4841455789065,2862614.0,1952673.0,rb2104,4717,4800,4717,4799.0,569,2316,4770.0,rb2105,4789,4943,4765,4934.0,2129811,1038295,4847.0,rb2106,4710,4887,4706,4880.0,40473,37651,4743.0,rb2107,4701,4827,4671,4816.0,51159,50379,4729.0,rb2108,4745,4848,4714,4847.0,16651,51625,4807.0,rb2109,4729,4835,4702,4827.0,20441,59230,4763.0,rb2110,4700,4828,4694,4826.0,578428,653864,4754.0,rb2111,4661,4770,4661,4757.0,19,118,4729.0,rb2112,4680,4730,4670,4730.0,19,193,4698.0,rb2105,4789.0,4943.0,4765.0,4934.0,2129811.0,1038295.0,4847.0
2021-03-29,4924.651704792257,3395523.0,1913107.0,rb2104,4794,4887,4786,4786.0,1139,1958,4849.0,rb2105,4946,5017,4920,4971.0,2487470,978227,4971.0,rb2106,4880,4948,4843,4906.0,22591,28328,4885.0,rb2107,4816,4940,4803,4892.0,34464,37278,4856.0,rb2108,4847,4967,4825,4937.0,13855,58886,4907.0,rb2109,4861,4929,4801,4906.0,23441,66101,4868.0,rb2110,4816,4916,4787,4879.0,773158,682772,4852.0,rb2111,4786,4835,4747,4816.0,26,125,4798.0,rb2112,4730,4806,4713,4754.0,41,200,4750.0,rb2105,4946.0,5017.0,4920.0,4971.0,2487470.0,978227.0,4971.0
2021-03-30,4926.253723203356,2290691.0,1866605.0,rb2104,4808,4847,4776,4830.0,560,1582,4820.0,rb2105,4976,4995,4937,4964.0,1567060,859089,4967.0,rb2106,4936,4936,4878,4910.0,10605,23541,4915.0,rb2107,4927,4927,4869,4891.0,15002,32365,4902.0,rb2108,4902,4961,4902,4931.0,8131,59187,4935.0,rb2109,4906,4945,4881,4916.0,18760,70616,4915.0,rb2110,4883,4938,4865,4901.0,643751,758213,4904.0,rb2111,4826,4873,4820,4863.0,23,120,4848.0,rb2112,4781,4862,4781,4808.0,31,206,4811.0,rb2105,4976.0,4995.0,4937.0,4964.0,1567060.0,859089.0,4967.0
2021-03-31,4883.268946421186,3351669.0,1767471.0,rb2104,4822,4860,4728,4815.0,465,1410,4832.0,rb2105,4955,5032,4910,4935.0,2185356,754275,4956.0,rb2106,4945,4956,4845,4859.0,11667,19983,4898.0,rb2107,4926,4937,4821,4845.0,14179,28575,4880.0,rb2108,4930,4975,4868,4891.0,15756,59968,4915.0,rb2109,4918,4950,4846,4872.0,39133,74148,4892.0,rb2110,4901,4939,4814,4850.0,1048210,765583,4872.0,rb2111,4864,4880,4771,4798.0,23,119,4827.0,rb2112,4772,4787,4719,4766.0,25,213,4751.0,rb2105,4955.0,5032.0,4910.0,4935.0,2185356.0,754275.0,4956.0
2021-04-01,4956.887375965107,2382017.0,1848371.0,rb2104,4870,4890,4870,4890.0,180,1410,4878.0,rb2105,4941,5042,4904,5003.0,1382277,751539,4973.0,rb2106,4824,4955,4824,4938.0,7446,17117,4871.0,rb2107,4870,4941,4830,4915.0,10195,25681,4881.0,rb2108,4926,4990,4868,4947.0,10632,59459,4931.0,rb2109,4838,4973,4838,4942.0,28999,75961,4917.0,rb2110,4834,4966,4821,4934.0,909389,851341,4900.0,rb2111,4795,4891,4790,4891.0,32,127,4860.0,rb2112,4761,4848,4761,4848.0,44,236,4798.0,rb2105,4941.0,5042.0,4904.0,5003.0,1382277.0,751539.0,4973.0
2021-04-02,5124.609914554512,3244152.0,2015320.0,rb2104,4960,4960,4960,4960.0,90,1410,4960.0,rb2105,5030,5160,5011,5157.0,1629759,714857,5076.0,rb2106,4913,5058,4913,5055.0,9222,15509,4980.0,rb2107,4933,5055,4933,5054.0,14366,23149,4974.0,rb2108,4982,5118,4929,5118.0,15008,61246,5047.0,rb2109,4985,5114,4928,5110.0,39860,78460,5039.0,rb2110,4966,5119,4966,5119.0,1489692,1052731,5036.0,rb2111,4897,5003,4897,4986.0,25,139,4948.0,rb2112,4865,4970,4865,4970.0,35,245,4902.0,rb2105,5030.0,5160.0,5011.0,5157.0,1629759.0,714857.0,5076.0
2021-04-06,5149.478448324346,1869296.0,2044783.0,rb2104,5000,5000,5000,5000.0,30,1380,5000.0,rb2105,5163,5200,5133,5180.0,728002,657322,5172.0,rb2106,5199,5199,5048,5113.0,5242,14578,5095.0,rb2107,5149,5149,5046,5093.0,5138,22799,5082.0,rb2108,5149,5165,5106,5149.0,7712,61852,5143.0,rb2109,5118,5158,5093,5133.0,32009,82583,5126.0,rb2110,5135,5166,5103,5147.0,1058142,1131494,5139.0,rb2111,5071,5086,5037,5082.0,29,136,5063.0,rb2112,5023,5034,4990,5014.0,11,248,5010.0,rb2110,5135.0,5166.0,5103.0,5147.0,1058142.0,1131494.0,5139.0
2021-04-07,5112.089904047042,3565593.0,1974405.0,rb2104,0,0,0,5000.0,0,1380,5000.0,rb2105,5150,5208,5098,5127.0,991426,506538,5152.0,rb2106,5104,5132,5028,5072.0,8722,12789,5086.0,rb2107,5086,5118,5016,5103.0,5933,22078,5076.0,rb2108,5149,5179,5074,5139.0,7726,61581,5136.0,rb2109,5128,5159,5049,5106.0,38675,81939,5113.0,rb2110,5147,5178,5057,5117.0,2433589,1205671,5127.0,rb2111,5046,5098,5010,5042.0,25,139,5053.0,rb2112,4989,5026,4952,4992.0,17,252,4986.0,rb2110,5147.0,5178.0,5057.0,5117.0,2433589.0,1205671.0,5127.0
2021-04-08,5107.931122566567,3011014.0,1974217.0,rb2104,0,0,0,5000.0,0,1380,5000.0,rb2105,5120,5165,5065,5124.0,606489,421319,5113.0,rb2106,5068,5100,5015,5066.0,6189,12425,5057.0,rb2107,5076,5098,5006,5062.0,3753,21477,5054.0,rb2108,5121,5161,5067,5123.0,7488,61761,5115.0,rb2109,5099,5200,5050,5102.0,30867,82850,5097.0,rb2110,5110,5164,5056,5115.0,2308312,1288163,5108.0,rb2111,5009,5092,5008,5040.0,39,139,5039.0,rb2112,4965,5018,4938,4991.0,17,249,4974.0,rb2110,5110.0,5164.0,5056.0,5115.0,2308312.0,1288163.0,5108.0
2021-04-09,5064.0814379908525,2766610.0,1895172.0,rb2104,0,0,0,5000.0,0,1380,5000.0,rb2105,5130,5154,5071,5092.0,419125,375278,5105.0,rb2106,5035,5095,5018,5039.0,6082,10861,5046.0,rb2107,5062,5093,5014,5033.0,5708,19118,5057.0,rb2108,5123,5150,5068,5086.0,4048,61784,5106.0,rb2109,5102,5132,5040,5047.0,23478,81550,5078.0,rb2110,5125,5147,5041,5068.0,2261562,1259830,5086.0,rb2111,5047,5066,4981,4995.0,19,135,5010.0,rb2112,4997,5018,4907,4950.0,67,269,4974.0,rb2110,5125.0,5147.0,5041.0,5068.0,2261562.0,1259830.0,5086.0
2021-04-12,4984.499975252653,3487337.0,1737560.0,rb2104,4930,4930,4920,4920.0,60,1320,4925.0,rb2105,5116,5119,4996,5022.0,475648,302309,5036.0,rb2106,5039,5068,4928,4966.0,7712,8713,4988.0,rb2107,5033,5064,4930,4960.0,6277,16795,4989.0,rb2108,5090,5119,4977,5016.0,5081,60966,5025.0,rb2109,5067,5094,4944,4986.0,32361,79396,4999.0,rb2110,5066,5096,4937,4985.0,2901094,1182927,4998.0,rb2111,4977,4977,4879,4933.0,53,130,4918.0,rb2112,4962,4962,4827,4884.0,63,255,4878.0,rb2110,5066.0,5096.0,4937.0,4985.0,2901094.0,1182927.0,4998.0
2021-04-13,5109.584048368503,2601695.0,1840702.0,rb2104,5000,5030,5000,5000.0,180,1170,5010.0,rb2105,5010,5141,5010,5134.0,252501,287993,5084.0,rb2106,4966,5077,4960,5068.0,3725,8325,5019.0,rb2107,4960,5072,4959,5061.0,3565,15999,5003.0,rb2108,5016,5133,5014,5123.0,2569,61118,5083.0,rb2109,4999,5120,4990,5110.0,23349,81406,5059.0,rb2110,4992,5125,4985,5116.0,2265296,1298437,5062.0,rb2111,4943,5045,4933,5026.0,73,132,4969.0,rb2112,4872,5001,4856,4987.0,29,251,4931.0,rb2110,4992.0,5125.0,4985.0,5116.0,2265296.0,1298437.0,5062.0
2021-04-14,5108.693342237617,2284706.0,1877748.0,rb2104,5050,5050,5050,5050.0,30,1170,5050.0,rb2105,5166,5184,5105,5136.0,217292,267837,5142.0,rb2106,5109,5123,5052,5063.0,2213,8361,5081.0,rb2107,5065,5251,5052,5064.0,2653,16070,5083.0,rb2108,5149,5178,5110,5122.0,3064,60820,5139.0,rb2109,5128,5169,5095,5113.0,24568,82402,5125.0,rb2110,5151,5175,5096,5116.0,1968178,1344602,5131.0,rb2111,5079,5080,5042,5042.0,15,137,5062.0,rb2112,5076,5078,4975,4975.0,70,286,5047.0,rb2110,5151.0,5175.0,5096.0,5116.0,1968178.0,1344602.0,5131.0
2021-04-15,5098.583070285709,2449184.0,1841555.0,rb2104,5030,5030,5020,5020.0,180,990,5021.0,rb2105,5136,5164,5102,5121.0,186420,242287,5135.0,rb2106,5078,5100,5043,5055.0,2037,8265,5074.0,rb2107,5081,5125,5058,5071.0,4469,14646,5092.0,rb2108,5120,5171,5103,5121.0,4490,59954,5135.0,rb2109,5126,5157,5085,5103.0,25112,82585,5120.0,rb2110,5129,5165,5087,5107.0,2177858,1334526,5123.0,rb2111,5065,5090,5040,5042.0,30,142,5065.0,rb2112,5003,5015,5003,5003.0,10,291,5009.0,rb2110,5129.0,5165.0,5087.0,5107.0,2177858.0,1334526.0,5123.0
2021-04-16,5108.880426935301,3254970.0,1789592.0,rb2105,5113,5195,5109,5134.0,221725,207652,5138.0,rb2106,5065,5128,5036,5062.0,5000,7961,5079.0,rb2107,5071,5150,5055,5072.0,3382,14287,5093.0,rb2108,5124,5197,5101,5124.0,3085,59757,5143.0,rb2109,5105,5185,5083,5113.0,33380,82655,5125.0,rb2110,5110,5195,5086,5116.0,2920906,1324562,5131.0,rb2111,5056,5142,5040,5079.0,28,145,5086.0,rb2112,4969,5020,4961,5020.0,58,258,4977.0,rb2201,4920,5000,4904,4947.0,67323,92027,4953.0,rb2110,5110.0,5195.0,5086.0,5116.0,2920906.0,1324562.0,5131.0
2021-04-19,5076.407942534399,2797833.0,1755485.0,rb2105,5122,5149,5080,5101.0,184109,183905,5117.0,rb2106,5062,5078,5014,5030.0,2768,7852,5053.0,rb2107,5074,5094,5025,5044.0,4126,14216,5058.0,rb2108,5131,5147,5072,5095.0,2755,59649,5115.0,rb2109,5083,5136,5053,5076.0,25267,81809,5099.0,rb2110,5122,5143,5058,5082.0,2509136,1317620,5105.0,rb2111,5075,5085,5021,5035.0,54,151,5048.0,rb2112,4999,5010,4971,4999.0,15,259,4995.0,rb2201,4955,4980,4913,4942.0,69556,89718,4946.0,rb2110,5122.0,5143.0,5058.0,5082.0,2509136.0,1317620.0,5105.0
2021-04-20,5156.10558526274,2361426.0,1850656.0,rb2105,5099,5175,5090,5168.0,145623,168453,5122.0,rb2106,5049,5104,5025,5098.0,1689,7830,5051.0,rb2107,5048,5111,5029,5111.0,2080,14167,5049.0,rb2108,5093,5169,5088,5166.0,2102,59840,5123.0,rb2109,5088,5157,5065,5151.0,21707,83012,5104.0,rb2110,5091,5171,5070,5165.0,2137195,1425052,5114.0,rb2111,5044,5126,5040,5126.0,21,150,5089.0,rb2112,5010,5053,4997,5053.0,20,258,5015.0,rb2201,4935,5015,4930,5007.0,50940,91599,4970.0,rb2110,5091.0,5171.0,5070.0,5165.0,2137195.0,1425052.0,5114.0
2021-04-21,5178.251926548784,2211898.0,1902106.0,rb2105,5168,5189,5130,5183.0,112483,157468,5161.0,rb2106,5105,5120,5066,5120.0,2240,7698,5097.0,rb2107,5107,5127,5075,5119.0,1199,14066,5096.0,rb2108,5164,5181,5130,5178.0,1304,59792,5156.0,rb2109,5151,5172,5119,5171.0,17326,84511,5148.0,rb2110,5158,5189,5125,5188.0,2026507,1488550,5158.0,rb2111,5109,5125,5083,5117.0,70,158,5111.0,rb2112,5068,5069,5040,5069.0,13,261,5063.0,rb2201,5005,5033,4979,5030.0,50702,89289,5006.0,rb2110,5158.0,5189.0,5125.0,5188.0,2026507.0,1488550.0,5158.0
2021-04-22,5198.095622358285,2795043.0,1898625.0,rb2105,5162,5212,5152,5195.0,126335,139789,5193.0,rb2106,5120,5151,5101,5120.0,1960,7713,5131.0,rb2107,5121,5157,5109,5127.0,1394,13961,5136.0,rb2108,5178,5217,5166,5191.0,2532,58958,5195.0,rb2109,5180,5212,5154,5191.0,23441,84643,5191.0,rb2110,5195,5238,5175,5208.0,2569897,1500543,5212.0,rb2111,5150,5172,5130,5152.0,32,162,5156.0,rb2112,5098,5146,5098,5118.0,20,258,5122.0,rb2201,5040,5095,5025,5071.0,69359,92291,5067.0,rb2110,5195.0,5238.0,5175.0,5208.0,2569897.0,1500543.0,5212.0
2021-04-23,5285.980812997819,2312575.0,2018554.0,rb2105,5195,5250,5189,5250.0,96842,119607,5210.0,rb2106,5089,5165,5089,5156.0,2332,7584,5135.0,rb2107,5141,5190,5120,5190.0,3024,14527,5141.0,rb2108,5210,5265,5185,5259.0,2582,59499,5219.0,rb2109,5195,5272,5188,5269.0,21736,86113,5223.0,rb2110,5225,5300,5205,5299.0,2115301,1629094,5248.0,rb2111,5152,5241,5152,5228.0,2015,2164,5189.0,rb2112,5118,5213,5118,5209.0,2070,2299,5157.0,rb2201,5072,5174,5067,5172.0,66603,97365,5115.0,rb2110,5225.0,5300.0,5205.0,5299.0,2115301.0,1629094.0,5248.0
2021-04-26,5362.673212014111,3673765.0,1933027.0,rb2105,5235,5410,5235,5354.0,130684,84136,5336.0,rb2106,5156,5328,5156,5274.0,2767,6935,5253.0,rb2107,5190,5363,5181,5299.0,3677,13613,5282.0,rb2108,5259,5435,5256,5367.0,23778,42856,5325.0,rb2109,5272,5446,5266,5354.0,69975,59185,5344.0,rb2110,5300,5475,5292,5371.0,3320401,1600371,5382.0,rb2111,5228,5422,5228,5337.0,7561,7950,5300.0,rb2112,5209,5408,5209,5287.0,8816,8727,5276.0,rb2201,5173,5374,5165,5272.0,105848,108873,5275.0,rb2110,5300.0,5475.0,5292.0,5371.0,3320401.0,1600371.0,5382.0
2021-04-27,5401.7143213565005,1704543.0,1907850.0,rb2105,5360,5398,5336,5391.0,58830,70179,5366.0,rb2106,5277,5316,5261,5310.0,918,6774,5292.0,rb2107,5298,5337,5287,5337.0,679,13563,5316.0,rb2108,5367,5406,5354,5400.0,7225,39894,5382.0,rb2109,5356,5401,5345,5389.0,32650,45591,5371.0,rb2110,5362,5424,5362,5411.0,1552404,1602700,5396.0,rb2111,5337,5377,5324,5365.0,1793,9083,5352.0,rb2112,5295,5349,5295,5335.0,3226,10508,5324.0,rb2201,5266,5311,5256,5302.0,46759,109171,5283.0,rb2110,5362.0,5424.0,5362.0,5411.0,1552404.0,1602700.0,5396.0
2021-04-28,5348.220647997554,2619309.0,1805192.0,rb2105,5372,5391,5305,5331.0,62738,56518,5332.0,rb2106,5308,5311,5220,5253.0,1274,6770,5251.0,rb2107,5334,5339,5233,5281.0,1722,13961,5278.0,rb2108,5400,5409,5307,5352.0,14632,33876,5354.0,rb2109,5389,5399,5295,5340.0,45432,36233,5332.0,rb2110,5411,5422,5308,5358.0,2425402,1526948,5348.0,rb2111,5383,5383,5257,5301.0,717,9349,5302.0,rb2112,5337,5349,5236,5286.0,2678,11597,5274.0,rb2201,5370,5370,5200,5248.0,64619,109548,5239.0,rb2110,5411.0,5422.0,5308.0,5358.0,2425402.0,1526948.0,5348.0
2021-04-29,5441.160503541356,3003182.0,1880918.0,rb2105,5320,5415,5301,5394.0,37536,43699,5363.0,rb2106,5245,5320,5202,5300.0,1425,6624,5267.0,rb2107,5250,5361,5245,5343.0,1578,13969,5311.0,rb2108,5352,5445,5313,5432.0,16959,28538,5381.0,rb2109,5318,5451,5294,5430.0,53869,29229,5381.0,rb2110,5329,5475,5317,5452.0,2790743,1626091,5413.0,rb2111,5280,5429,5279,5414.0,2277,10672,5380.0,rb2112,5255,5389,5255,5379.0,4306,13867,5338.0,rb2201,5200,5355,5188,5335.0,94374,107853,5287.0,rb2110,5329.0,5475.0,5317.0,5452.0,2790743.0,1626091.0,5413.0
2021-04-30,5380.458824098791,2598831.0,1735639.0,rb2105,5384,5404,5340,5352.0,42658,18085,5362.0,rb2106,5271,5323,5222,5236.0,1441,6476,5268.0,rb2107,5358,5374,5263,5279.0,1259,13513,5309.0,rb2108,5432,5460,5344,5366.0,25452,23598,5390.0,rb2109,5430,5469,5338,5375.0,43525,24937,5396.0,rb2110,5464,5487,5354,5391.0,2380525,1510979,5418.0,rb2111,5427,5441,5310,5343.0,1599,10494,5371.0,rb2112,5378,5404,5276,5314.0,2028,14629,5330.0,rb2201,5353,5366,5243,5281.0,100196,112515,5304.0,rb2110,5464.0,5487.0,5354.0,5391.0,2380525.0,1510979.0,5418.0
2021-05-06,5651.648956356737,1957104.0,1785476.0,rb2105,5352,5489,5352,5483.0,7045,13440,5460.0,rb2106,5370,5461,5359,5458.0,1373,6432,5423.0,rb2107,5404,5550,5404,5518.0,1649,13866,5494.0,rb2108,5475,5633,5475,5625.0,19889,21169,5594.0,rb2109,5398,5655,5398,5648.0,35705,23534,5603.0,rb2110,5520,5672,5520,5665.0,1811309,1567670,5614.0,rb2111,5450,5621,5450,5613.0,1047,10875,5573.0,rb2112,5480,5576,5457,5569.0,1349,15192,5529.0,rb2201,5358,5542,5358,5535.0,77588,112878,5484.0,rb2110,5520.0,5672.0,5520.0,5665.0,1811309.0,1567670.0,5614.0
2021-05-07,5666.032786454735,1911781.0,1751638.0,rb2105,5500,5589,5459,5538.0,7230,8160,5552.0,rb2106,5462,5493,5451,5480.0,1936,5673,5474.0,rb2107,5527,5555,5512,5527.0,948,13712,5535.0,rb2108,5622,5655,5613,5640.0,20398,19626,5635.0,rb2109,5670,5674,5623,5660.0,37318,21090,5653.0,rb2110,5669,5698,5641,5678.0,1754729,1533792,5672.0,rb2111,5639,5648,5596,5631.0,1895,11607,5624.0,rb2112,5569,5645,5561,5605.0,2630,16600,5587.0,rb2201,5550,5589,5526,5565.0,84567,120936,5554.0,rb2110,5669.0,5698.0,5641.0,5678.0,1754729.0,1533792.0,5672.0
2021-05-10,5998.345010435244,2182662.0,1594117.0,rb2105,5555,5885,5549,5885.0,7380,4740,5740.0,rb2106,5480,5802,5454,5802.0,2086,4631,5703.0,rb2107,5535,5867,5517,5867.0,2717,13336,5739.0,rb2108,5640,5973,5613,5973.0,13998,17411,5716.0,rb2109,5680,5992,5626,5992.0,28031,18499,5773.0,rb2110,5677,6012,5643,6012.0,2039444,1386351,5819.0,rb2111,5622,5961,5601,5961.0,1387,11924,5713.0,rb2112,5611,5922,5578,5922.0,903,16854,5677.0,rb2201,5565,5887,5540,5887.0,86489,119864,5688.0,rb2110,5677.0,6012.0,5643.0,6012.0,2039444.0,1386351.0,5819.0
2021-05-11,6074.469265614276,4525037.0,1420575.0,rb2105,6198,6198,5820,5886.0,4320,2490,5975.0,rb2106,6092,6092,5704,5900.0,2360,4260,5868.0,rb2107,6005,6063,5786,5945.0,3781,12289,5942.0,rb2108,6011,6172,5879,6066.0,30321,15278,6009.0,rb2109,6115,6191,5900,6075.0,64173,14880,6027.0,rb2110,6113,6208,5905,6086.0,4185301,1232769,6041.0,rb2111,6115,6151,5872,6050.0,1571,11370,6022.0,rb2112,6081,6129,5845,5996.0,4726,16670,5973.0,rb2201,6068,6108,5810,5987.0,227874,109928,5954.0,rb2110,6113.0,6208.0,5905.0,6086.0,4185301.0,1232769.0,6041.0
2021-05-12,6158.499897974037,2994105.0,1470214.0,rb2105,5940,6050,5861,6035.0,1890,1590,5947.0,rb2106,5886,5955,5814,5935.0,1011,4216,5887.0,rb2107,5945,6038,5872,6024.0,2513,12033,5972.0,rb2108,6066,6165,5968,6138.0,25660,14921,6062.0,rb2109,6049,6177,5975,6149.0,49300,15381,6073.0,rb2110,6080,6200,5985,6171.0,2754563,1276377,6093.0,rb2111,6023,6156,5952,6125.0,930,11411,6031.0,rb2112,6007,6139,5932,6099.0,1839,17259,6032.0,rb2201,5962,6103,5897,6062.0,156077,116369,6003.0,rb2110,6080.0,6200.0,5985.0,6171.0,2754563.0,1276377.0,6093.0
2021-05-13,5900.0177961643485,4375647.0,1397155.0,rb2105,6030,6034,5800,5800.0,300,1470,5938.0,rb2106,5875,5931,5669,5720.0,2332,3475,5797.0,rb2107,6010,6022,5700,5795.0,4160,10761,5890.0,rb2108,6138,6139,5798,5882.0,24030,13772,6042.0,rb2109,6120,6147,5792,5898.0,68874,15221,6007.0,rb2110,6094,6166,5800,5915.0,4057849,1198382,6000.0,rb2111,6036,6120,5760,5897.0,2940,11941,5975.0,rb2112,6060,6091,5727,5821.0,4100,18210,5994.0,rb2201,6001,6050,5684,5785.0,210627,123194,5889.0,rb2110,6094.0,6166.0,5800.0,5915.0,4057849.0,1198382.0,6000.0
2021-05-14,5630.812733544763,3385199.0,1344496.0,rb2105,5701,5701,5581,5581.0,570,1410,5594.0,rb2106,5729,5729,5449,5549.0,2726,2832,5584.0,rb2107,5707,5770,5536,5561.0,2410,10012,5638.0,rb2108,5882,5882,5679,5692.0,20045,13701,5789.0,rb2109,5891,5891,5646,5646.0,50686,14651,5775.0,rb2110,5885,5900,5640,5641.0,3135973,1147877,5761.0,rb2111,5850,5850,5616,5617.0,2835,12676,5752.0,rb2112,5821,5821,5634,5634.0,3691,20147,5753.0,rb2201,5780,5780,5535,5535.0,165878,120423,5649.0,rb2110,5885.0,5900.0,5640.0,5641.0,3135973.0,1147877.0,5761.0
2021-05-17,5577.261640687229,3695555.0,1358382.0,rb2105,0,0,0,5580.0,0,1410,5580.0,rb2106,5570,5656,5450,5528.0,1437,2680,5542.0,rb2107,5616,5645,5480,5571.0,3095,10242,5545.0,rb2108,5704,5747,5573,5620.0,35757,13090,5660.0,rb2109,5746,5746,5523,5606.0,69046,14676,5622.0,rb2110,5680,5711,5509,5596.0,3355072,1156107,5620.0,rb2111,5619,5659,5458,5529.0,6208,13280,5574.0,rb2112,5611,5626,5406,5479.0,5055,20602,5519.0,rb2201,5531,5580,5347,5421.0,219472,125427,5464.0,rb2110,5680.0,5711.0,5509.0,5596.0,3355072.0,1156107.0,5620.0
2021-05-18,5590.257063222869,2105124.0,1380956.0,rb2106,5536,5594,5471,5499.0,291,2636,5528.0,rb2107,5569,5621,5505,5525.0,3372,10123,5565.0,rb2108,5663,5728,5622,5655.0,19303,12957,5668.0,rb2109,5577,5696,5577,5626.0,42481,13141,5635.0,rb2110,5599,5680,5575,5610.0,1901897,1174025,5621.0,rb2111,5553,5620,5521,5554.0,2976,13844,5560.0,rb2112,5492,5564,5459,5494.0,2508,21339,5504.0,rb2201,5430,5505,5403,5434.0,128020,129938,5446.0,rb2202,5374,5445,5355,5384.0,54,328,5394.0,rb2110,5599.0,5680.0,5575.0,5610.0,1901897.0,1174025.0,5621.0
2021-05-19,5295.004889890536,3284772.0,1409234.0,rb2106,5499,5499,5181,5213.0,1145,2047,5379.0,rb2107,5525,5535,5221,5239.0,3652,9874,5394.0,rb2108,5618,5653,5328,5345.0,24453,12323,5481.0,rb2109,5645,5645,5308,5326.0,45409,10806,5466.0,rb2110,5599,5600,5287,5309.0,3005705,1209679,5444.0,rb2111,5514,5538,5251,5251.0,4385,15043,5380.0,rb2112,5475,5482,5221,5227.0,4142,22536,5332.0,rb2201,5414,5435,5170,5181.0,190215,121370,5297.0,rb2202,5341,5371,5119,5130.0,129,324,5194.0,rb2110,5599.0,5600.0,5287.0,5309.0,3005705.0,1209679.0,5444.0
2021-05-20,5172.259558467228,4080205.0,1357906.0,rb2106,5150,5207,4965,5101.0,582,1958,5056.0,rb2107,5115,5220,4970,5125.0,4111,9693,5078.0,rb2108,5237,5323,5065,5240.0,29735,11800,5194.0,rb2109,5290,5305,5050,5222.0,65590,10593,5177.0,rb2110,5200,5274,5010,5186.0,3714645,1162027,5150.0,rb2111,5165,5227,4951,5156.0,4437,15626,5101.0,rb2112,5130,5181,4919,5094.0,3844,23338,5061.0,rb2201,5141,5141,4873,5059.0,250672,115964,5015.0,rb2202,5040,5103,4840,5038.0,101,311,4995.0,rb2110,5200.0,5274.0,5010.0,5186.0,3714645.0,1162027.0,5150.0
2021-05-21,5098.183354059669,2496494.0,1330835.0,rb2106,5116,5193,5067,5080.0,415,1881,5114.0,rb2107,5125,5182,5042,5063.0,1413,9624,5104.0,rb2108,5200,5295,5169,5187.0,22268,11723,5221.0,rb2109,5221,5270,5133,5150.0,39203,9904,5191.0,rb2110,5187,5238,5101,5112.0,2283610,1133681,5158.0,rb2111,5154,5190,5064,5090.0,4602,16258,5115.0,rb2112,5129,5152,5027,5027.0,1767,23535,5084.0,rb2201,5059,5111,4980,4983.0,139485,115843,5037.0,rb2202,5047,5047,4925,4937.0,61,281,4956.0,rb2110,5187.0,5238.0,5101.0,5112.0,2283610.0,1133681.0,5158.0
2021-05-24,4960.707838388106,4364529.0,1372795.0,rb2106,5057,5074,4834,4879.0,961,1935,4960.0,rb2107,5036,5076,4800,4909.0,2090,9218,4933.0,rb2108,5170,5189,4891,5013.0,31720,10627,5025.0,rb2109,5140,5159,4852,5006.0,61038,9207,4991.0,rb2110,5100,5125,4807,4974.0,4036879,1172165,4953.0,rb2111,5073,5081,4754,4942.0,9050,17765,4914.0,rb2112,5013,5041,4734,4908.0,4352,24289,4883.0,rb2201,4963,4986,4690,4856.0,210682,116797,4830.0,rb2202,4811,4892,4664,4813.0,74,277,4758.0,rb2110,5100.0,5125.0,4807.0,4974.0,4036879.0,1172165.0,4953.0
2021-05-25,4906.307866623502,2653847.0,1374605.0,rb2106,4893,4959,4850,4860.0,333,1917,4911.0,rb2107,4933,4969,4855,4857.0,1034,9158,4914.0,rb2108,5013,5076,4967,4978.0,18945,10176,5021.0,rb2109,5010,5062,4945,4957.0,38142,9445,5005.0,rb2110,4976,5025,4901,4919.0,2456109,1169779,4966.0,rb2111,4942,4979,4861,4872.0,4026,18787,4924.0,rb2112,4908,4946,4839,4840.0,4605,25259,4893.0,rb2201,4872,4907,4800,4813.0,126499,118407,4855.0,rb2202,4835,4846,4749,4785.0,22,283,4801.0,rb2110,4976.0,5025.0,4901.0,4919.0,2456109.0,1169779.0,4966.0
2021-05-26,4656.441192534319,3905887.0,1523344.0,rb2106,4860,4860,4640,4666.0,816,1380,4728.0,rb2107,4822,4848,4701,4713.0,4334,8926,4776.0,rb2108,4943,4951,4786,4800.0,10098,9581,4872.0,rb2109,4930,4939,4738,4738.0,35586,12420,4855.0,rb2110,4888,4903,4661,4667.0,3630128,1292360,4806.0,rb2111,4872,4872,4620,4620.0,16681,25721,4763.0,rb2112,4840,4840,4600,4602.0,10733,29946,4748.0,rb2201,4770,4795,4563,4567.0,186753,129455,4712.0,rb2202,4686,4729,4525,4525.0,67,292,4625.0,rb2110,4888.0,4903.0,4661.0,4667.0,3630128.0,1292360.0,4806.0
2021-05-27,4804.068458252779,3436359.0,1413124.0,rb2106,4671,4742,4629,4680.0,417,1218,4659.0,rb2107,4730,4812,4656,4793.0,2550,8829,4716.0,rb2108,4763,4905,4742,4884.0,7265,9330,4806.0,rb2109,4713,4893,4703,4859.0,28613,10113,4791.0,rb2110,4647,4848,4626,4817.0,3189226,1177353,4740.0,rb2111,4620,4805,4587,4780.0,23344,32335,4703.0,rb2112,4576,4780,4566,4756.0,9199,32729,4669.0,rb2201,4550,4741,4526,4715.0,165728,126099,4632.0,rb2202,4516,4710,4490,4672.0,45,276,4591.0,rb2110,4647.0,4848.0,4626.0,4817.0,3189226.0,1177353.0,4740.0
2021-05-28,4918.476500015042,3702980.0,1396086.0,rb2106,4720,4836,4702,4738.0,319,1126,4755.0,rb2107,4819,4922,4801,4869.0,2190,8485,4846.0,rb2108,4901,5030,4885,4971.0,4701,8775,4947.0,rb2109,4858,5023,4858,4969.0,27813,9497,4948.0,rb2110,4845,5004,4821,4933.0,3430514,1149584,4907.0,rb2111,4794,4962,4786,4896.0,32863,38188,4871.0,rb2112,4784,4932,4763,4867.0,12013,36377,4842.0,rb2201,4739,4894,4724,4831.0,181097,126529,4805.0,rb2202,4705,4823,4698,4756.0,40,270,4775.0,rb2110,4845.0,5004.0,4821.0,4933.0,3430514.0,1149584.0,4907.0
2021-05-31,5008.922949307395,3881216.0,1355030.0,rb2106,4708,5080,4650,5080.0,256,1083,4842.0,rb2107,4863,5047,4845,4964.0,1415,8348,4973.0,rb2108,4950,5147,4938,5059.0,3165,8629,5071.0,rb2109,4969,5148,4930,5047.0,25606,9739,5058.0,rb2110,4910,5149,4887,5027.0,3595560,1096371,5030.0,rb2111,4878,5094,4849,4996.0,33333,41353,5014.0,rb2112,4867,5057,4818,4946.0,14214,40165,4975.0,rb2201,4830,5040,4782,4903.0,197620,131843,4919.0,rb2202,4808,4951,4803,4888.0,54,280,4873.0,rb2110,4910.0,5149.0,4887.0,5027.0,3595560.0,1096371.0,5030.0
2021-06-01,5112.663315630594,3695938.0,1335010.0,rb2106,4700,4833,4700,4833.0,243,840,4795.0,rb2107,4915,5060,4820,5054.0,1303,7938,4906.0,rb2108,5059,5158,4906,5158.0,3574,8369,5009.0,rb2109,5027,5148,4879,5147.0,20367,9341,4997.0,rb2110,4972,5133,4850,5128.0,3394168,1076347,4977.0,rb2111,4961,5108,4814,5104.0,30414,43825,4945.0,rb2112,4947,5072,4777,5064.0,14132,43241,4914.0,rb2201,4884,5035,4738,5028.0,217591,128080,4869.0,rb2202,4718,4979,4695,4823.0,76,284,4835.0,rb2110,4972.0,5133.0,4850.0,5128.0,3394168.0,1076347.0,4977.0
2021-06-02,4986.391490470181,2744570.0,1328252.0,rb2106,4830,4830,4830,4830.0,90,810,4830.0,rb2107,5014,5051,4920,4935.0,941,7838,4974.0,rb2108,5151,5166,5015,5037.0,1614,8284,5086.0,rb2109,5147,5159,5000,5021.0,16459,8785,5079.0,rb2110,5115,5147,4976,5002.0,2536533,1065129,5061.0,rb2111,5078,5113,4946,4979.0,33100,45590,5033.0,rb2112,5047,5082,4916,4942.0,10001,45547,5003.0,rb2201,5020,5039,4875,4898.0,137363,128730,4958.0,rb2202,4919,4981,4850,4861.0,61,275,4930.0,rb2110,5115.0,5147.0,4976.0,5002.0,2536533.0,1065129.0,5061.0
2021-06-03,5132.300329750488,3040493.0,1366791.0,rb2106,0,0,0,4850.0,0,810,4850.0,rb2107,4985,5065,4903,5053.0,609,7670,4992.0,rb2108,5030,5178,5008,5160.0,1928,8062,5119.0,rb2109,5021,5177,4986,5140.0,17839,10614,5075.0,rb2110,4981,5188,4970,5148.0,2797515,1102969,5090.0,rb2111,5054,5158,4942,5125.0,30568,46014,5053.0,rb2112,5015,5124,4911,5092.0,13586,46758,5022.0,rb2201,4875,5081,4871,5043.0,167022,126459,4983.0,rb2202,4852,5031,4835,5006.0,152,293,4952.0,rb2110,4981.0,5188.0,4970.0,5148.0,2797515.0,1102969.0,5090.0
2021-06-04,5141.829027600944,3325098.0,1431038.0,rb2106,4860,4860,4860,4860.0,240,750,4860.0,rb2107,5030,5144,5000,5040.0,653,7514,5065.0,rb2108,5152,5250,5106,5159.0,2335,8204,5164.0,rb2109,5080,5245,5080,5144.0,16892,10737,5163.0,rb2110,5160,5275,5094,5159.0,3095791,1166188,5175.0,rb2111,5122,5236,5063,5118.0,12498,45914,5136.0,rb2112,5082,5199,5033,5091.0,12406,48402,5105.0,rb2201,5015,5148,4990,5044.0,171021,126137,5065.0,rb2202,4977,5070,4952,5020.0,22,282,5006.0,rb2110,5160.0,5275.0,5094.0,5159.0,3095791.0,1166188.0,5175.0
2021-06-07,4944.720109291185,2684770.0,1464711.0,rb2106,4820,4965,4810,4830.0,270,690,4878.0,rb2107,5061,5091,4893,4893.0,1554,7108,4975.0,rb2108,5174,5207,4993,5000.0,2766,8120,5090.0,rb2109,5151,5199,4963,4976.0,12092,9434,5078.0,rb2110,5175,5217,4955,4959.0,2495752,1191217,5093.0,rb2111,5146,5183,4928,4933.0,9253,46295,5061.0,rb2112,5115,5148,4900,4905.0,14819,49668,5030.0,rb2201,5068,5105,4856,4859.0,134883,131847,4985.0,rb2202,5043,5043,4822,4822.0,67,288,4902.0,rb2110,5175.0,5217.0,4955.0,4959.0,2495752.0,1191217.0,5093.0
2021-06-08,4989.342630603989,2404747.0,1431101.0,rb2106,4910,4910,4889,4895.0,120,690,4898.0,rb2107,4878,4926,4840,4926.0,1089,6547,4874.0,rb2108,4992,5040,4938,5018.0,1451,7885,4988.0,rb2109,4952,5015,4913,4997.0,9508,9215,4970.0,rb2110,4950,5020,4903,5004.0,2189390,1159547,4970.0,rb2111,4919,4987,4876,4986.0,18018,46674,4936.0,rb2112,4894,4960,4850,4960.0,26069,50221,4908.0,rb2201,4859,4918,4808,4901.0,150064,129443,4870.0,rb2202,4824,4868,4760,4859.0,63,324,4797.0,rb2110,4950.0,5020.0,4903.0,5004.0,2189390.0,1159547.0,4970.0
2021-06-09,5019.440923137428,2097944.0,1393422.0,rb2106,0,0,0,4898.0,0,690,4898.0,rb2107,4926,4999,4914,4925.0,543,6519,4954.0,rb2108,5047,5095,5020,5032.0,1699,8144,5053.0,rb2109,4933,5087,4933,5021.0,7398,9156,5029.0,rb2110,5004,5100,4977,5035.0,1898245,1115774,5033.0,rb2111,4978,5068,4948,5003.0,18097,46779,5002.0,rb2112,4953,5037,4919,4981.0,21891,50148,4971.0,rb2201,4898,4996,4876,4941.0,142077,135599,4933.0,rb2202,4864,4897,4844,4891.0,15,322,4873.0,rb2110,5004.0,5100.0,4977.0,5035.0,1898245.0,1115774.0,5033.0
2021-06-10,5152.288647140901,2625588.0,1553776.0,rb2106,0,0,0,4898.0,0,690,4898.0,rb2107,4942,5061,4942,5028.0,652,6555,5031.0,rb2108,5070,5175,5046,5149.0,1613,8366,5132.0,rb2109,4985,5167,4985,5135.0,11480,10834,5110.0,rb2110,5040,5202,5037,5168.0,2386753,1282413,5130.0,rb2111,5003,5167,5003,5132.0,22852,44485,5099.0,rb2112,4981,5136,4971,5107.0,26415,46971,5067.0,rb2201,4938,5088,4938,5060.0,163070,136410,5021.0,rb2202,5061,5061,5009,5022.0,5,325,5027.0,rb2110,5040.0,5202.0,5037.0,5168.0,2386753.0,1282413.0,5130.0
2021-06-11,5303.20371038061,2231665.0,1478285.0,rb2106,0,0,0,4900.0,0,690,4900.0,rb2107,5118,5180,5054,5170.0,816,6602,5132.0,rb2108,5149,5282,5149,5264.0,1481,8290,5220.0,rb2109,5055,5275,5055,5260.0,10110,12364,5198.0,rb2110,5191,5330,5185,5322.0,2032513,1210229,5245.0,rb2111,5154,5289,5152,5289.0,19796,42584,5203.0,rb2112,5121,5262,5119,5262.0,24043,44436,5168.0,rb2201,5070,5200,5069,5196.0,132269,137378,5123.0,rb2202,5092,5105,5046,5089.0,5,325,5082.0,rb2110,5191.0,5330.0,5185.0,5322.0,2032513.0,1210229.0,5245.0
2021-06-15,5148.200157463206,1975768.0,1417474.0,rb2106,4850,4870,4850,4870.0,90,600,4856.0,rb2107,5026,5070,4999,5061.0,446,6349,5015.0,rb2108,5253,5253,5098,5146.0,2057,8138,5139.0,rb2109,5206,5206,5075,5123.0,9674,12298,5119.0,rb2110,5200,5228,5110,5168.0,1761824,1135776,5165.0,rb2111,5235,5235,5080,5137.0,20293,43040,5124.0,rb2112,5166,5166,5043,5100.0,22658,44890,5087.0,rb2201,5150,5150,4992,5045.0,148968,150720,5042.0,rb2202,5026,5036,4956,5036.0,52,328,4989.0,rb2110,5200.0,5228.0,5110.0,5168.0,1761824.0,1135776.0,5165.0
2021-06-16,4995.694555092034,2180825.0,1465112.0,rb2107,5043,5043,4911,4911.0,1093,5855,4966.0,rb2108,5137,5163,5006,5012.0,2536,8558,5075.0,rb2109,5090,5141,4961,4967.0,8048,12313,5047.0,rb2110,5169,5185,4996,5014.0,1966255,1158196,5088.0,rb2111,5129,5150,4972,4984.0,20120,45499,5065.0,rb2112,5090,5111,4942,4956.0,22352,48766,5023.0,rb2201,5030,5059,4895,4909.0,148697,166891,4966.0,rb2202,4991,4997,4858,4858.0,13,329,4909.0,rb2203,4985,4990,4840,4840.0,7,251,4963.0,rb2110,5169.0,5185.0,4996.0,5014.0,1966255.0,1158196.0,5088.0
2021-06-17,5081.238690634912,2409516.0,1466329.0,rb2107,4861,4999,4851,4983.0,713,5454,4909.0,rb2108,5009,5113,4979,5092.0,961,8597,5043.0,rb2109,4818,5065,4818,5048.0,7570,13020,4997.0,rb2110,5007,5118,4973,5101.0,2171848,1160418,5053.0,rb2111,4976,5088,4949,5066.0,28661,46860,5031.0,rb2112,4948,5053,4917,5035.0,30540,49289,4996.0,rb2201,4900,5006,4869,4987.0,159781,163670,4943.0,rb2202,4848,4938,4820,4921.0,19,327,4876.0,rb2203,4840,4900,4825,4900.0,6,249,4851.0,rb2110,5007.0,5118.0,4973.0,5101.0,2171848.0,1160418.0,5053.0
2021-06-18,5043.662625362431,2949765.0,1465451.0,rb2107,5000,5039,4930,4940.0,399,5444,4981.0,rb2108,5085,5171,5028,5066.0,2627,9288,5116.0,rb2109,5001,5117,4965,5010.0,9186,13521,5054.0,rb2110,5090,5177,5015,5061.0,2683467,1162139,5104.0,rb2111,5054,5151,4989,5050.0,31483,47392,5075.0,rb2112,5021,5114,4960,5006.0,34572,49831,5044.0,rb2201,4980,5065,4914,4955.0,177585,159395,4994.0,rb2202,4987,5025,4894,4894.0,12,332,4952.0,rb2203,4965,5010,4940,4940.0,10,257,4983.0,rb2110,5090.0,5177.0,5015.0,5061.0,2683467.0,1162139.0,5104.0
2021-06-21,4877.731639311313,2557503.0,1562278.0,rb2107,4940,4981,4832,4832.0,1260,4638,4874.0,rb2108,5077,5088,4933,4933.0,1615,9791,4980.0,rb2109,5045,5045,4840,4840.0,8776,13431,4944.0,rb2110,5063,5086,4885,4889.0,2277214,1234883,4991.0,rb2111,5042,5058,4867,4887.0,32668,47289,4969.0,rb2112,5001,5027,4827,4860.0,39941,50316,4943.0,rb2201,4950,4980,4807,4823.0,181850,181241,4893.0,rb2202,4910,4928,4782,4782.0,18,326,4866.0,rb2203,4918,4918,4767,4768.0,27,262,4845.0,rb2110,5063.0,5086.0,4885.0,4889.0,2277214.0,1234883.0,4991.0
2021-06-22,4873.71816535376,2088646.0,1587445.0,rb2107,4768,4799,4740,4785.0,569,4274,4760.0,rb2108,4930,4938,4859,4913.0,2413,10051,4907.0,rb2109,4803,4859,4778,4831.0,8430,12769,4821.0,rb2110,4861,4910,4820,4885.0,1830478,1239361,4864.0,rb2111,4852,4891,4805,4863.0,28401,47489,4852.0,rb2112,4832,4883,4790,4860.0,31943,50629,4844.0,rb2201,4770,4846,4748,4828.0,178164,201763,4806.0,rb2202,4724,4809,4722,4809.0,51,321,4754.0,rb2203,4779,4796,4762,4796.0,8,264,4783.0,rb2110,4861.0,4910.0,4820.0,4885.0,1830478.0,1239361.0,4864.0
2021-06-23,4922.349761934755,2158332.0,1595571.0,rb2107,4779,4872,4758,4837.0,207,4198,4786.0,rb2108,4880,5018,4880,4981.0,3373,11235,4949.0,rb2109,4859,4926,4803,4889.0,7102,12644,4852.0,rb2110,4875,4975,4846,4934.0,1936375,1245383,4901.0,rb2111,4857,4957,4832,4918.0,25595,47710,4882.0,rb2112,4847,4942,4824,4902.0,26167,50704,4874.0,rb2201,4801,4910,4790,4873.0,151591,202525,4845.0,rb2202,4776,4867,4746,4864.0,34,321,4788.0,rb2203,4786,4820,4780,4820.0,7,263,4799.0,rb2110,4875.0,4975.0,4846.0,4934.0,1936375.0,1245383.0,4901.0
2021-06-24,4919.871632892904,1959875.0,1541828.0,rb2107,4890,4900,4820,4831.0,609,3651,4868.0,rb2108,5015,5060,4959,4982.0,716,11253,5016.0,rb2109,4891,4971,4854,4898.0,5648,12638,4927.0,rb2110,4951,5022,4911,4933.0,1770624,1190672,4976.0,rb2111,4931,5003,4897,4913.0,21177,47425,4955.0,rb2112,4919,4986,4887,4903.0,23360,50623,4944.0,rb2201,4873,4953,4854,4866.0,127889,203821,4911.0,rb2202,0,0,0,4788.0,0,321,4788.0,rb2203,4900,4900,4816,4816.0,18,261,4874.0,rb2110,4951.0,5022.0,4911.0,4933.0,1770624.0,1190672.0,4976.0
2021-06-25,5049.674706904152,1981865.0,1524416.0,rb2107,4878,4940,4840,4910.0,114,3610,4909.0,rb2108,4999,5110,4999,5095.0,1789,11292,5060.0,rb2109,4921,5030,4902,5016.0,6360,12676,4970.0,rb2110,4955,5087,4941,5066.0,1774404,1173304,5021.0,rb2111,4941,5063,4927,5045.0,19346,48085,4999.0,rb2112,4920,5042,4912,5025.0,19630,51400,4981.0,rb2201,4860,4999,4860,4982.0,149086,204624,4941.0,rb2202,4842,4923,4842,4923.0,7,319,4891.0,rb2203,4868,4868,4868,4868.0,5,261,4868.0,rb2110,4955.0,5087.0,4941.0,5066.0,1774404.0,1173304.0,5021.0
2021-06-28,5054.452293121908,1839746.0,1530817.0,rb2107,4909,4949,4891,4910.0,334,3477,4909.0,rb2108,5095,5119,5031,5079.0,1700,11334,5078.0,rb2109,5016,5050,4959,5016.0,4303,12345,5005.0,rb2110,5077,5100,5005,5070.0,1619350,1172323,5061.0,rb2111,5055,5081,4990,5045.0,15372,49025,5042.0,rb2112,5032,5069,4984,5021.0,17167,52635,5032.0,rb2201,4970,5033,4950,4998.0,169568,209090,4997.0,rb2202,4974,4987,4925,4954.0,1685,581,4974.0,rb2203,4982,5014,4914,4950.0,1398,523,4963.0,rb2110,5077.0,5100.0,5005.0,5070.0,1619350.0,1172323.0,5061.0
2021-06-29,5024.840856797871,1958618.0,1543748.0,rb2107,4910,4997,4891,4894.0,526,3168,4914.0,rb2108,5079,5155,5046,5052.0,1690,11683,5100.0,rb2109,5022,5098,4980,4987.0,4757,12490,5049.0,rb2110,5100,5170,5031,5036.0,1737958,1176537,5103.0,rb2111,5069,5150,5017,5027.0,28078,49422,5072.0,rb2112,5048,5137,5007,5017.0,18814,53412,5071.0,rb2201,5030,5100,4978,4983.0,154932,216104,5043.0,rb2202,5000,5045,4942,4952.0,151,618,5004.0,rb2203,5024,5066,4842,4935.0,433,554,4980.0,rb2110,5100.0,5170.0,5031.0,5036.0,1737958.0,1176537.0,5103.0
2021-06-30,5131.583326950751,1652215.0,1605933.0,rb2107,4975,5000,4732,4940.0,336,2970,4893.0,rb2108,5079,5113,5064,5113.0,1434,11400,5093.0,rb2109,4985,5080,4985,5075.0,4667,13329,5047.0,rb2110,5085,5151,5057,5147.0,1434058,1219369,5107.0,rb2111,5042,5141,5042,5127.0,19145,50004,5092.0,rb2112,5038,5119,5034,5118.0,18814,53789,5075.0,rb2201,5003,5080,4990,5078.0,165027,233434,5041.0,rb2202,4987,5024,4967,5019.0,243,648,4993.0,rb2203,4972,5015,4958,5006.0,92,546,4978.0,rb2110,5085.0,5151.0,5057.0,5147.0,1434058.0,1219369.0,5107.0
2021-07-01,5130.599188766824,1637240.0,1631097.0,rb2107,4980,4986,4950,4950.0,750,2580,4971.0,rb2108,5148,5171,5113,5138.0,1545,11845,5143.0,rb2109,5117,5119,5048,5049.0,3172,13477,5090.0,rb2110,5156,5198,5113,5146.0,1419832,1229702,5156.0,rb2111,5142,5180,5101,5136.0,18453,50283,5137.0,rb2112,5127,5160,5088,5111.0,18209,54418,5122.0,rb2201,5090,5123,5050,5079.0,166448,246366,5090.0,rb2202,5043,5067,5012,5032.0,175,644,5041.0,rb2203,5046,5058,4998,5020.0,51,541,5028.0,rb2110,5156.0,5198.0,5113.0,5146.0,1419832.0,1229702.0,5156.0
2021-07-02,5108.628851279334,1845063.0,1608102.0,rb2107,4905,4921,4900,4921.0,360,2370,4908.0,rb2108,5177,5177,5073,5102.0,1701,12402,5105.0,rb2109,5075,5106,5003,5060.0,4000,13591,5052.0,rb2110,5156,5180,5068,5124.0,1643131,1197107,5115.0,rb2111,5136,5155,5058,5114.0,21369,48673,5103.0,rb2112,5095,5136,5047,5098.0,21111,54687,5086.0,rb2201,5100,5104,5012,5059.0,142254,255800,5057.0,rb2202,5034,5050,4955,5019.0,444,695,4992.0,rb2203,5015,5015,4964,5002.0,167,569,4984.0,rb2110,5156.0,5180.0,5068.0,5124.0,1643131.0,1197107.0,5115.0
2021-07-05,5204.780982642002,1822730.0,1728137.0,rb2107,4959,4969,4930,4955.0,300,2160,4949.0,rb2108,5090,5167,5063,5167.0,2054,12556,5122.0,rb2109,5068,5130,5010,5128.0,5766,15248,5081.0,rb2110,5115,5226,5076,5222.0,1600989,1305433,5153.0,rb2111,5106,5210,5065,5204.0,18300,48917,5143.0,rb2112,5092,5191,5054,5178.0,18085,55523,5128.0,rb2201,5055,5156,5020,5152.0,164541,264304,5095.0,rb2202,4982,5084,4977,5069.0,364,729,5049.0,rb2203,4977,5054,4977,5050.0,961,831,5025.0,rb2110,5115.0,5226.0,5076.0,5222.0,1600989.0,1305433.0,5153.0
2021-07-06,5294.744200813837,1671234.0,1801589.0,rb2107,4980,5020,4980,4992.0,240,2130,5005.0,rb2108,5170,5231,5161,5212.0,1833,12100,5200.0,rb2109,5128,5195,5126,5185.0,5185,16257,5160.0,rb2110,5230,5305,5220,5304.0,1395330,1353475,5263.0,rb2111,5204,5296,5204,5296.0,14694,47673,5252.0,rb2112,5180,5298,5180,5298.0,14733,57138,5249.0,rb2201,5172,5278,5156,5277.0,224921,287349,5221.0,rb2202,5105,5182,5099,5182.0,231,703,5147.0,rb2203,5076,5149,5071,5148.0,196,846,5125.0,rb2110,5230.0,5305.0,5220.0,5304.0,1395330.0,1353475.0,5263.0
2021-07-07,5423.86721346521,2301925.0,2002078.0,rb2107,4950,4990,4902,4990.0,690,1590,4924.0,rb2108,5212,5310,5178,5301.0,1274,12167,5221.0,rb2109,5199,5279,5135,5274.0,7660,16885,5197.0,rb2110,5312,5440,5255,5439.0,1950730,1521265,5340.0,rb2111,5303,5416,5248,5412.0,22008,47388,5326.0,rb2112,5305,5407,5253,5407.0,23702,57173,5324.0,rb2201,5285,5390,5234,5388.0,280095,318873,5309.0,rb2202,5235,5323,5169,5320.0,488,736,5228.0,rb2203,5196,5260,5121,5260.0,126,838,5177.0,rb2110,5312.0,5440.0,5255.0,5439.0,1950730.0,1521265.0,5340.0
2021-07-08,5382.7338877874445,2185459.0,2018562.0,rb2107,4970,4970,4930,4940.0,300,1440,4950.0,rb2108,5331,5331,5238,5302.0,2108,12503,5302.0,rb2109,5299,5315,5200,5252.0,6120,17264,5255.0,rb2110,5459,5474,5356,5393.0,1871636,1519485,5410.0,rb2111,5447,5452,5340,5376.0,29687,46626,5386.0,rb2112,5431,5445,5339,5380.0,30878,56155,5384.0,rb2201,5405,5424,5318,5365.0,232227,336862,5372.0,rb2202,5338,5342,5257,5305.0,288,718,5301.0,rb2203,5299,5299,5213,5245.0,128,829,5258.0,rb2110,5459.0,5474.0,5356.0,5393.0,1871636.0,1519485.0,5410.0
2021-07-09,5416.194734408695,2479473.0,2048241.0,rb2107,4905,4905,4890,4890.0,330,1110,4899.0,rb2108,5302,5335,5215,5324.0,999,12523,5267.0,rb2109,5225,5273,5143,5265.0,4502,17077,5209.0,rb2110,5368,5438,5280,5428.0,2140769,1536789,5356.0,rb2111,5349,5417,5277,5408.0,16681,46970,5335.0,rb2112,5360,5416,5279,5413.0,19565,56099,5340.0,rb2201,5360,5402,5266,5393.0,278310,347631,5333.0,rb2202,5283,5314,5182,5300.0,963,850,5230.0,rb2203,5197,5277,5144,5268.0,157,828,5209.0,rb2110,5368.0,5438.0,5280.0,5428.0,2140769.0,1536789.0,5356.0
2021-07-12,5417.057087942575,2126495.0,2000510.0,rb2107,4820,4946,4810,4946.0,450,840,4876.0,rb2108,5325,5405,5325,5349.0,1415,12775,5363.0,rb2109,5266,5362,5266,5287.0,3856,16936,5309.0,rb2110,5475,5532,5417,5432.0,1828594,1482566,5465.0,rb2111,5452,5498,5405,5410.0,13409,46519,5450.0,rb2112,5462,5500,5401,5409.0,18663,55335,5446.0,rb2201,5447,5475,5380,5382.0,240294,353973,5424.0,rb2202,5359,5373,5291,5294.0,343,822,5324.0,rb2203,5331,5342,5271,5280.0,113,863,5302.0,rb2110,5475.0,5532.0,5417.0,5432.0,1828594.0,1482566.0,5465.0
2021-07-13,5441.786870894693,1717548.0,1954482.0,rb2107,4946,4946,4946,4946.0,60,840,4946.0,rb2108,5320,5359,5300,5355.0,580,13020,5326.0,rb2109,5275,5299,5232,5293.0,2073,16911,5274.0,rb2110,5415,5460,5381,5458.0,1516791,1440842,5425.0,rb2111,5420,5439,5367,5430.0,7201,46127,5410.0,rb2112,5450,5450,5364,5426.0,14172,54723,5409.0,rb2201,5376,5411,5338,5407.0,164453,349886,5379.0,rb2202,5289,5318,5253,5307.0,326,787,5293.0,rb2203,5277,5291,5235,5261.0,33,872,5260.0,rb2110,5415.0,5460.0,5381.0,5458.0,1516791.0,1440842.0,5425.0
2021-07-14,5564.592806225904,1976275.0,2009154.0,rb2107,0,0,0,4950.0,0,840,4950.0,rb2108,5348,5480,5347,5480.0,635,12970,5401.0,rb2109,5298,5412,5283,5412.0,3047,17130,5343.0,rb2110,5458,5580,5440,5580.0,1695714,1467966,5498.0,rb2111,5420,5561,5420,5557.0,7448,45901,5479.0,rb2112,5385,5556,5385,5556.0,14164,54524,5473.0,rb2201,5408,5534,5396,5534.0,238960,376092,5464.0,rb2202,5311,5450,5311,5450.0,303,811,5389.0,rb2203,5369,5412,5335,5407.0,35,867,5370.0,rb2110,5458.0,5580.0,5440.0,5580.0,1695714.0,1467966.0,5498.0
2021-07-15,5531.134479600929,1874822.0,1942711.0,rb2107,5050,5050,5050,5050.0,60,840,5050.0,rb2108,5487,5500,5400,5458.0,904,12963,5444.0,rb2109,5406,5428,5345,5377.0,2527,16981,5378.0,rb2110,5568,5597,5501,5546.0,1584452,1397291,5546.0,rb2111,5541,5574,5485,5524.0,8718,45723,5530.0,rb2112,5540,5573,5486,5524.0,12884,54231,5524.0,rb2201,5530,5558,5465,5503.0,250765,380950,5511.0,rb2202,5412,5456,5375,5422.0,297,812,5420.0,rb2203,5374,5463,5352,5395.0,17,863,5396.0,rb2110,5568.0,5597.0,5501.0,5546.0,1584452.0,1397291.0,5546.0
2021-07-16,5544.79141047313,2188472.0,1937988.0,rb2108,5548,5548,5376,5503.0,417,12982,5452.0,rb2109,5402,5408,5280,5383.0,2560,16842,5359.0,rb2110,5540,5579,5440,5559.0,1865007,1395450,5525.0,rb2111,5514,5560,5431,5535.0,9230,45620,5515.0,rb2112,5516,5562,5434,5536.0,14124,53866,5516.0,rb2201,5497,5551,5417,5517.0,282231,378777,5495.0,rb2202,5426,5466,5345,5466.0,224,803,5409.0,rb2203,5395,5420,5338,5403.0,79,830,5383.0,rb2204,5352,5377,5345,5360.0,27,203,5352.0,rb2110,5540.0,5579.0,5440.0,5559.0,1865007.0,1395450.0,5525.0
2021-07-19,5550.883053041045,1880784.0,1923171.0,rb2108,5539,5593,5466,5484.0,931,12948,5539.0,rb2109,5399,5477,5365,5365.0,2959,16821,5425.0,rb2110,5580,5650,5565,5568.0,1558355,1380402,5612.0,rb2111,5554,5628,5554,5561.0,10481,45492,5594.0,rb2112,5546,5614,5539,5541.0,15485,53673,5585.0,rb2201,5530,5603,5513,5514.0,277970,378655,5565.0,rb2202,5497,5511,5436,5436.0,109,804,5483.0,rb2203,5445,5474,5413,5413.0,39,830,5444.0,rb2204,5428,5477,5417,5417.0,15,200,5453.0,rb2110,5580.0,5650.0,5565.0,5568.0,1558355.0,1380402.0,5612.0
2021-07-20,5586.036035916141,2051025.0,1953662.0,rb2108,5429,5542,5400,5515.0,344,12925,5461.0,rb2109,5365,5419,5273,5383.0,2429,16700,5340.0,rb2110,5528,5635,5467,5601.0,1672424,1399389,5546.0,rb2111,5507,5618,5452,5584.0,10082,45138,5531.0,rb2112,5541,5605,5438,5573.0,16828,53621,5506.0,rb2201,5480,5594,5412,5559.0,327148,390971,5495.0,rb2202,5376,5490,5331,5460.0,282,804,5400.0,rb2203,5401,5458,5313,5422.0,525,912,5370.0,rb2204,5380,5427,5350,5427.0,5,199,5378.0,rb2110,5528.0,5635.0,5467.0,5601.0,1672424.0,1399389.0,5546.0
2021-07-21,5554.2329125923225,1732243.0,1972710.0,rb2108,5469,5612,5465,5511.0,474,12855,5511.0,rb2109,5339,5434,5325,5367.0,2657,16573,5385.0,rb2110,5609,5648,5522,5561.0,1399698,1372989,5587.0,rb2111,5599,5629,5516,5554.0,10233,45115,5579.0,rb2112,5577,5619,5524,5568.0,16976,55019,5586.0,rb2201,5570,5606,5509,5551.0,289094,432916,5565.0,rb2202,5492,5519,5429,5459.0,222,786,5491.0,rb2203,5481,5481,5395,5443.0,72,912,5458.0,rb2204,5459,5461,5459,5461.0,3,201,5460.0,rb2110,5609.0,5648.0,5522.0,5561.0,1399698.0,1372989.0,5587.0
2021-07-22,5655.126457889824,2907333.0,2174890.0,rb2108,5511,5600,5455,5598.0,784,12666,5521.0,rb2109,5367,5450,5300,5433.0,4389,16067,5354.0,rb2110,5550,5660,5481,5648.0,2184004,1435425,5549.0,rb2111,5560,5652,5488,5636.0,16472,45492,5546.0,rb2112,5568,5674,5514,5671.0,25575,55156,5567.0,rb2201,5540,5696,5490,5688.0,656011,570222,5576.0,rb2202,5447,5600,5425,5595.0,221,843,5500.0,rb2203,5430,5555,5400,5555.0,37,913,5465.0,rb2204,5432,5553,5385,5553.0,14,201,5460.0,rb2110,5550.0,5660.0,5481.0,5648.0,2184004.0,1435425.0,5549.0
2021-07-23,5675.790744077704,1620495.0,2161535.0,rb2108,5595,5646,5575,5597.0,640,12489,5597.0,rb2109,5442,5489,5426,5470.0,2754,16028,5458.0,rb2110,5665,5693,5626,5671.0,1166075,1365691,5662.0,rb2111,5650,5695,5627,5671.0,8835,45037,5663.0,rb2112,5677,5728,5651,5689.0,15567,54209,5686.0,rb2201,5694,5744,5670,5701.0,409469,623073,5704.0,rb2202,5597,5651,5592,5619.0,88,829,5614.0,rb2203,5569,5592,5560,5560.0,37,902,5574.0,rb2204,5567,5580,5540,5573.0,40,194,5554.0,rb2110,5665.0,5693.0,5626.0,5671.0,1166075.0,1365691.0,5662.0
2021-07-26,5700.289757178009,2055280.0,2173444.0,rb2108,5597,5650,5558,5635.0,2065,11735,5612.0,rb2109,5470,5578,5441,5526.0,5564,15836,5506.0,rb2110,5660,5756,5622,5687.0,1497934,1338751,5687.0,rb2111,5664,5748,5628,5686.0,10038,43591,5685.0,rb2112,5681,5767,5647,5727.0,15480,52995,5708.0,rb2201,5690,5780,5658,5740.0,503795,661560,5728.0,rb2202,5571,5679,5571,5643.0,680,871,5629.0,rb2203,5547,5637,5546,5628.0,151,926,5590.0,rb2204,5556,5642,5543,5604.0,19,186,5582.0,rb2110,5660.0,5756.0,5622.0,5687.0,1497934.0,1338751.0,5687.0
2021-07-27,5634.558872268971,2090646.0,2154911.0,rb2108,5696,5696,5540,5595.0,1167,11649,5633.0,rb2109,5525,5589,5435,5453.0,3699,15369,5518.0,rb2110,5680,5750,5581,5613.0,1464049,1292319,5675.0,rb2111,5693,5751,5595,5630.0,14013,42154,5690.0,rb2112,5743,5778,5629,5660.0,18357,52635,5722.0,rb2201,5740,5802,5639,5685.0,572106,690020,5737.0,rb2202,5633,5677,5547,5589.0,249,876,5613.0,rb2203,5612,5653,5528,5556.0,231,939,5588.0,rb2204,5638,5638,5563,5563.0,6,187,5608.0,rb2110,5680.0,5750.0,5581.0,5613.0,1464049.0,1292319.0,5675.0
2021-07-28,5667.57887878006,1888999.0,2139384.0,rb2108,5526,5680,5526,5655.0,1449,11271,5633.0,rb2109,5447,5566,5430,5549.0,6283,14921,5511.0,rb2110,5599,5705,5585,5658.0,1300624,1261899,5643.0,rb2111,5618,5713,5604,5657.0,14206,40773,5658.0,rb2112,5631,5747,5631,5679.0,17094,52771,5686.0,rb2201,5687,5777,5661,5696.0,535111,706317,5712.0,rb2202,5592,5654,5553,5590.0,247,845,5598.0,rb2203,5571,5621,5546,5565.0,132,919,5584.0,rb2204,5549,5549,5549,5549.0,1,186,5549.0,rb2110,5599.0,5705.0,5585.0,5658.0,1300624.0,1261899.0,5643.0
2021-07-29,5755.568497866733,1711675.0,2136395.0,rb2108,5671,5740,5617,5740.0,1572,10915,5657.0,rb2109,5566,5665,5531,5649.0,4889,14781,5575.0,rb2110,5660,5770,5628,5753.0,1209958,1271187,5681.0,rb2111,5666,5761,5638,5742.0,15010,40853,5678.0,rb2112,5690,5772,5662,5760.0,14899,52818,5699.0,rb2201,5708,5780,5675,5774.0,455735,694616,5716.0,rb2202,5591,5691,5564,5651.0,138,869,5623.0,rb2203,5569,5628,5552,5623.0,133,884,5588.0,rb2204,5571,5571,5569,5569.0,5,189,5569.0,rb2110,5660.0,5770.0,5628.0,5753.0,1209958.0,1271187.0,5681.0
2021-07-30,5746.812837099827,2362984.0,2127708.0,rb2108,5703,5790,5560,5700.0,5476,10680,5705.0,rb2109,5649,5720,5551,5656.0,6756,14879,5648.0,rb2110,5763,5793,5669,5737.0,1597844,1246720,5732.0,rb2111,5742,5787,5675,5735.0,22361,40914,5731.0,rb2112,5763,5813,5701,5761.0,21505,52829,5757.0,rb2201,5767,5826,5705,5776.0,689306,709019,5757.0,rb2202,5659,5691,5585,5641.0,397,880,5638.0,rb2203,5627,5669,5570,5623.0,289,889,5612.0,rb2204,5628,5666,5589,5589.0,44,186,5616.0,rb2110,5763.0,5793.0,5669.0,5737.0,1597844.0,1246720.0,5732.0
2021-08-02,5413.923458559462,4147661.0,1934181.0,rb2108,5700,5700,5404,5470.0,810,10230,5473.0,rb2109,5625,5625,5325,5366.0,9839,14859,5439.0,rb2110,5683,5685,5367,5414.0,2747833,1158574,5497.0,rb2111,5708,5708,5375,5405.0,23712,40872,5489.0,rb2112,5779,5779,5380,5427.0,32560,50037,5490.0,rb2201,5630,5686,5333,5424.0,1292274,607571,5484.0,rb2202,5541,5541,5250,5309.0,1679,945,5369.0,rb2203,5550,5550,5255,5307.0,411,870,5361.0,rb2204,5486,5492,5280,5309.0,30,184,5412.0,rb2110,5683.0,5685.0,5367.0,5414.0,2747833.0,1158574.0,5497.0
2021-08-03,5239.303089076857,2693326.0,1854567.0,rb2108,5470,5470,5340,5340.0,1050,9270,5391.0,rb2109,5352,5366,5206,5206.0,3342,13892,5272.0,rb2110,5401,5418,5238,5247.0,1789543,1067241,5323.0,rb2111,5351,5414,5245,5245.0,14784,41103,5329.0,rb2112,5400,5432,5255,5255.0,19732,50140,5341.0,rb2201,5420,5428,5233,5234.0,835076,618839,5321.0,rb2202,5303,5303,5132,5132.0,828,960,5217.0,rb2203,5283,5283,5138,5138.0,230,853,5204.0,rb2204,5289,5289,5133,5133.0,31,181,5220.0,rb2110,5401.0,5418.0,5238.0,5247.0,1789543.0,1067241.0,5323.0
2021-08-04,5462.218963245093,2817829.0,1892482.0,rb2108,5397,5448,5390,5447.0,360,8970,5431.0,rb2109,5191,5400,5185,5382.0,3377,13681,5290.0,rb2110,5218,5463,5218,5454.0,1813894,1018127,5359.0,rb2111,5240,5463,5224,5454.0,11534,41224,5370.0,rb2112,5250,5489,5243,5482.0,19211,49567,5387.0,rb2201,5234,5492,5216,5484.0,937473,705946,5388.0,rb2202,5129,5383,5129,5380.0,1079,889,5294.0,rb2203,5136,5356,5136,5356.0,780,932,5296.0,rb2204,5140,5304,5135,5304.0,61,164,5216.0,rb2110,5218.0,5463.0,5218.0,5454.0,1813894.0,1018127.0,5359.0
2021-08-05,5383.337742065649,2768896.0,1828946.0,rb2108,5518,5518,5430,5445.0,150,8850,5456.0,rb2109,5384,5429,5282,5310.0,1799,13597,5355.0,rb2110,5454,5496,5366,5373.0,1588552,948427,5431.0,rb2111,5454,5503,5373,5376.0,17440,41557,5436.0,rb2112,5481,5538,5395,5400.0,25366,48743,5465.0,rb2201,5484,5550,5401,5406.0,1102473,710410,5469.0,rb2202,5386,5441,5293,5293.0,1243,1018,5357.0,rb2203,5363,5408,5285,5287.0,533,895,5330.0,rb2204,5406,5406,5301,5301.0,36,162,5376.0,rb2110,5454.0,5496.0,5366.0,5373.0,1588552.0,948427.0,5431.0
2021-08-06,5384.446287181323,2155806.0,1787860.0,rb2108,5390,5420,5355,5380.0,540,8700,5390.0,rb2109,5301,5365,5257,5305.0,1518,13443,5312.0,rb2110,5360,5445,5318,5379.0,1239190,892240,5378.0,rb2111,5376,5450,5317,5388.0,14602,41389,5393.0,rb2112,5400,5481,5339,5414.0,21382,49658,5410.0,rb2201,5420,5482,5336,5401.0,847089,721469,5407.0,rb2202,5249,5357,5225,5301.0,992,996,5305.0,rb2203,5236,5330,5213,5268.0,673,929,5282.0,rb2204,5218,5308,5218,5308.0,49,192,5297.0,rb2110,5360.0,5445.0,5318.0,5379.0,1239190.0,892240.0,5378.0
2021-08-09,5329.28349622385,2338548.0,1768468.0,rb2108,5320,5340,5234,5323.0,630,8220,5308.0,rb2109,5301,5340,5203,5264.0,2933,12855,5274.0,rb2110,5370,5389,5261,5330.0,1257656,866210,5333.0,rb2111,5375,5397,5269,5343.0,10919,41325,5343.0,rb2112,5408,5426,5290,5365.0,22031,50896,5365.0,rb2201,5405,5421,5270,5341.0,1001994,719027,5345.0,rb2202,5304,5304,5156,5208.0,739,1061,5237.0,rb2203,5253,5259,5136,5184.0,586,898,5219.0,rb2204,5265,5265,5150,5212.0,53,176,5202.0,rb2110,5370.0,5389.0,5261.0,5330.0,1257656.0,866210.0,5333.0
2021-08-10,5460.8833595484375,2338512.0,1829734.0,rb2108,5320,5340,5276,5276.0,2640,6660,5311.0,rb2109,5251,5340,5251,5293.0,5874,12582,5307.0,rb2110,5360,5445,5321,5437.0,1116740,809003,5379.0,rb2111,5338,5490,5334,5476.0,14907,41746,5401.0,rb2112,5365,5522,5365,5512.0,26546,54442,5428.0,rb2201,5373,5501,5357,5497.0,1128567,828255,5426.0,rb2202,5252,5365,5226,5356.0,1024,1141,5291.0,rb2203,5258,5330,5206,5330.0,219,899,5240.0,rb2204,5264,5354,5229,5323.0,9,175,5301.0,rb2201,5373.0,5501.0,5357.0,5497.0,1128567.0,828255.0,5426.0
2021-08-11,5553.786320105921,2152731.0,1866301.0,rb2108,5340,5395,5330,5395.0,1440,6300,5353.0,rb2109,5301,5387,5301,5363.0,4034,10870,5344.0,rb2110,5440,5523,5436,5507.0,777697,707565,5479.0,rb2111,5490,5586,5487,5586.0,9656,42027,5540.0,rb2112,5512,5621,5512,5606.0,18357,56128,5576.0,rb2201,5500,5600,5496,5597.0,1296964,961520,5556.0,rb2202,5435,5455,5377,5440.0,623,1110,5417.0,rb2203,5381,5436,5375,5436.0,634,919,5411.0,rb2204,5370,5437,5370,5401.0,46,158,5399.0,rb2201,5500.0,5600.0,5496.0,5597.0,1296964.0,961520.0,5556.0
2021-08-12,5417.296388301174,2322012.0,1854169.0,rb2108,5440,5450,5350,5350.0,330,6120,5411.0,rb2109,5450,5450,5280,5291.0,3320,9255,5351.0,rb2110,5480,5505,5385,5385.0,558168,624868,5459.0,rb2111,5561,5573,5447,5459.0,11101,41174,5522.0,rb2112,5581,5601,5463,5470.0,18088,55307,5549.0,rb2201,5560,5589,5441,5442.0,1676951,1030048,5531.0,rb2202,5415,5452,5317,5322.0,722,1184,5381.0,rb2203,5417,5448,5326,5337.0,331,946,5399.0,rb2204,5390,5414,5358,5358.0,7,157,5396.0,rb2201,5560.0,5589.0,5441.0,5442.0,1676951.0,1030048.0,5531.0
2021-08-13,5456.136430248913,2285846.0,1830122.0,rb2108,5320,5398,5310,5310.0,570,5700,5343.0,rb2109,5275,5346,5250,5327.0,1258,8897,5288.0,rb2110,5393,5437,5349,5421.0,413958,561865,5386.0,rb2111,5441,5499,5402,5483.0,11950,40689,5453.0,rb2112,5458,5530,5422,5520.0,24027,56782,5473.0,rb2201,5438,5502,5386,5482.0,1791658,1066680,5442.0,rb2202,5304,5355,5270,5337.0,1387,1309,5306.0,rb2203,5295,5355,5279,5345.0,380,958,5316.0,rb2204,5296,5296,5296,5296.0,1,157,5296.0,rb2201,5438.0,5502.0,5386.0,5482.0,1791658.0,1066680.0,5442.0
2021-08-16,5320.176175596322,3073222.0,1812612.0,rb2108,5320,5330,5270,5300.0,1140,4890,5296.0,rb2109,5317,5337,5220,5221.0,2917,7348,5263.0,rb2110,5435,5437,5285,5319.0,476577,487669,5357.0,rb2111,5480,5507,5341,5380.0,16276,40431,5423.0,rb2112,5520,5532,5366,5389.0,30669,59288,5453.0,rb2201,5476,5498,5290,5328.0,2471691,1108556,5390.0,rb2202,5324,5347,5160,5203.0,1419,1276,5232.0,rb2203,5334,5347,5159,5207.0,886,925,5221.0,rb2204,5236,5236,5208,5216.0,13,155,5217.0,rb2201,5476.0,5498.0,5290.0,5328.0,2471691.0,1108556.0,5390.0
2021-08-17,5334.720586777016,1834457.0,1795026.0,rb2109,5200,5261,5200,5212.0,861,6807,5224.0,rb2110,5322,5355,5288,5329.0,245233,460061,5323.0,rb2111,5356,5425,5347,5395.0,9845,40046,5388.0,rb2112,5370,5435,5348,5399.0,15733,57860,5390.0,rb2201,5308,5383,5288,5345.0,1524396,1123010,5342.0,rb2202,5179,5248,5161,5219.0,501,1251,5214.0,rb2203,5174,5244,5160,5209.0,342,912,5206.0,rb2204,5168,5251,5168,5213.0,28,166,5203.0,rb2205,5169,5237,5146,5202.0,37438,104613,5198.0,rb2201,5308.0,5383.0,5288.0,5345.0,1524396.0,1123010.0,5342.0
2021-08-18,5141.350215424236,3394596.0,1865389.0,rb2109,5218,5234,5027,5027.0,2976,5275,5131.0,rb2110,5315,5340,5138,5164.0,459015,403528,5231.0,rb2111,5389,5403,5206,5214.0,12597,39706,5298.0,rb2112,5392,5416,5188,5193.0,25043,56023,5275.0,rb2201,5344,5363,5121,5144.0,2805129,1240085,5219.0,rb2202,5200,5209,5006,5035.0,459,1256,5078.0,rb2203,5200,5202,5008,5032.0,1191,734,5067.0,rb2204,5198,5198,5023,5032.0,22,163,5109.0,rb2205,5180,5215,4975,4995.0,88082,118267,5070.0,rb2201,5344.0,5363.0,5121.0,5144.0,2805129.0,1240085.0,5219.0
2021-08-19,5021.288332549744,3908607.0,1844079.0,rb2109,5000,5039,4896,4939.0,2988,4876,4947.0,rb2110,5110,5148,4985,5064.0,410212,364515,5062.0,rb2111,5172,5207,5028,5102.0,14062,39199,5107.0,rb2112,5151,5185,4895,5088.0,34598,56140,5078.0,rb2201,5100,5126,4925,5017.0,3342898,1252525,5017.0,rb2202,5050,5050,4830,4936.0,619,1144,4943.0,rb2203,4976,5004,4836,4944.0,667,673,4930.0,rb2204,4965,4980,4831,4897.0,32,155,4923.0,rb2205,4931,4976,4781,4889.0,102423,124443,4876.0,rb2201,5100.0,5126.0,4925.0,5017.0,3342898.0,1252525.0,5017.0
2021-08-20,5101.993755209196,2992006.0,1841695.0,rb2109,4900,5028,4820,5020.0,1959,4690,4957.0,rb2110,5000,5156,4929,5136.0,267956,349817,5056.0,rb2111,5000,5212,4980,5190.0,11904,39040,5117.0,rb2112,4999,5206,4960,5182.0,22866,57500,5108.0,rb2201,4950,5125,4890,5100.0,2624847,1264779,5024.0,rb2202,4863,5059,4837,5029.0,496,1186,4961.0,rb2203,4858,5034,4836,5016.0,398,714,5001.0,rb2204,4856,5015,4856,5015.0,26,145,4919.0,rb2205,4866,4986,4760,4966.0,61177,123374,4891.0,rb2201,4950.0,5125.0,4890.0,5100.0,2624847.0,1264779.0,5024.0
2021-08-23,5110.804550753268,2699958.0,1798032.0,rb2109,5030,5114,4995,5087.0,1031,4754,5069.0,rb2110,5200,5225,5117,5173.0,229767,334107,5172.0,rb2111,5200,5268,5170,5228.0,14236,38748,5214.0,rb2112,5192,5266,5154,5223.0,27123,59071,5206.0,rb2201,5104,5167,5063,5102.0,2370091,1232528,5113.0,rb2202,5053,5085,5002,5015.0,418,1157,5051.0,rb2203,5009,5084,4982,5027.0,573,666,5031.0,rb2204,4976,5037,4976,5032.0,19,156,5016.0,rb2205,4970,5027,4917,4947.0,56576,126366,4967.0,rb2201,5104.0,5167.0,5063.0,5102.0,2370091.0,1232528.0,5113.0
2021-08-24,5233.01286602409,2455982.0,1748792.0,rb2109,5137,5183,5089,5143.0,681,4658,5143.0,rb2110,5220,5270,5182,5255.0,171366,317709,5231.0,rb2111,5255,5398,5232,5392.0,20225,41562,5343.0,rb2112,5231,5370,5231,5370.0,23756,59178,5318.0,rb2201,5139,5241,5109,5235.0,2174181,1187775,5191.0,rb2202,5039,5159,5039,5159.0,1040,1720,5127.0,rb2203,5049,5147,5041,5141.0,363,882,5112.0,rb2204,5025,5099,5025,5091.0,10,163,5063.0,rb2205,4960,5066,4950,5060.0,64305,134674,5020.0,rb2201,5139.0,5241.0,5109.0,5235.0,2174181.0,1187775.0,5191.0
2021-08-25,5226.242941388196,2083939.0,1678092.0,rb2109,5173,5191,5110,5123.0,445,4631,5159.0,rb2110,5259,5290,5212,5226.0,157595,299838,5254.0,rb2111,5401,5412,5311,5328.0,18511,39664,5365.0,rb2112,5387,5415,5300,5342.0,24349,60047,5366.0,rb2201,5239,5279,5206,5236.0,1836224,1134685,5240.0,rb2202,5173,5192,5132,5157.0,514,1918,5148.0,rb2203,5143,5189,5123,5150.0,334,1123,5140.0,rb2204,5109,5136,5109,5134.0,11,154,5114.0,rb2205,5080,5104,5037,5070.0,45930,135568,5071.0,rb2201,5239.0,5279.0,5206.0,5236.0,1836224.0,1134685.0,5240.0
2021-08-26,5108.645271851076,2654828.0,1658408.0,rb2109,5099,5185,5095,5095.0,808,4151,5136.0,rb2110,5216,5268,5145,5146.0,138981,290550,5219.0,rb2111,5328,5354,5215,5216.0,24781,27468,5315.0,rb2112,5323,5374,5225,5225.0,34809,60756,5321.0,rb2201,5220,5285,5104,5108.0,2386747,1131537,5217.0,rb2202,5111,5193,4995,4998.0,5952,5626,5125.0,rb2203,5105,5178,5000,5000.0,3556,2794,5113.0,rb2204,5079,5155,5052,5052.0,2870,566,5124.0,rb2205,5070,5113,4960,4967.0,56276,134501,5054.0,rb2201,5220.0,5285.0,5104.0,5108.0,2386747.0,1131537.0,5217.0
2021-08-27,5209.654381499715,2547661.0,1630937.0,rb2109,5087,5146,5036,5108.0,1647,3258,5074.0,rb2110,5136,5230,5088,5215.0,154392,273226,5148.0,rb2111,5216,5328,5168,5314.0,23055,18931,5227.0,rb2112,5190,5338,5175,5319.0,33432,61406,5251.0,rb2201,5095,5238,5068,5222.0,2267319,1124900,5148.0,rb2202,4998,5120,4959,5099.0,5529,8606,5018.0,rb2203,5000,5100,4944,5085.0,4539,5787,4987.0,rb2204,4972,5099,4957,5085.0,1682,1277,5013.0,rb2205,4955,5070,4926,5046.0,56002,133088,4994.0,rb2201,5095.0,5238.0,5068.0,5222.0,2267319.0,1124900.0,5148.0
2021-08-30,5337.458155590154,2437354.0,1634615.0,rb2109,5053,5257,5053,5203.0,562,3232,5208.0,rb2110,5236,5345,5173,5330.0,146846,247668,5277.0,rb2111,5344,5438,5267,5417.0,10801,17549,5370.0,rb2112,5338,5455,5282,5435.0,27646,62007,5386.0,rb2201,5242,5374,5184,5354.0,2179722,1149924,5291.0,rb2202,5124,5237,5065,5218.0,2990,9830,5178.0,rb2203,5115,5225,5055,5204.0,1195,6278,5157.0,rb2204,5109,5218,5070,5199.0,497,1242,5170.0,rb2205,5060,5199,5022,5177.0,67025,136426,5134.0,rb2201,5242.0,5374.0,5184.0,5354.0,2179722.0,1149924.0,5291.0
2021-08-31,5293.168751988384,1977843.0,1628206.0,rb2109,5156,5299,5110,5299.0,262,3090,5233.0,rb2110,5365,5365,5280,5289.0,92445,227341,5320.0,rb2111,5433,5441,5375,5386.0,6805,16226,5409.0,rb2112,5438,5460,5386,5403.0,24464,63248,5423.0,rb2201,5361,5377,5287,5308.0,1796956,1158510,5334.0,rb2202,5228,5240,5158,5175.0,7105,12387,5200.0,rb2203,5225,5225,5142,5162.0,3508,7405,5182.0,rb2204,5199,5225,5147,5166.0,861,1293,5185.0,rb2205,5190,5199,5116,5134.0,45414,138246,5163.0,rb2201,5361.0,5377.0,5287.0,5308.0,1796956.0,1158510.0,5334.0
2021-09-01,5233.570786739515,2481308.0,1645068.0,rb2109,5110,5390,5110,5182.0,870,2970,5211.0,rb2110,5289,5304,5211,5258.0,113197,219901,5264.0,rb2111,5373,5392,5298,5361.0,7140,15065,5356.0,rb2112,5400,5407,5309,5352.0,29766,65050,5372.0,rb2201,5298,5314,5197,5242.0,2267865,1178109,5262.0,rb2202,5155,5183,5077,5122.0,7438,14933,5138.0,rb2203,5144,5162,5058,5100.0,4372,8664,5122.0,rb2204,5132,5161,5073,5121.0,559,1263,5120.0,rb2205,5121,5142,5027,5077.0,50074,138639,5094.0,rb2201,5298.0,5314.0,5197.0,5242.0,2267865.0,1178109.0,5262.0
2021-09-02,5260.730434739414,3065048.0,1610482.0,rb2109,5202,5330,5202,5290.0,270,2970,5226.0,rb2110,5299,5346,5242,5289.0,121613,206950,5295.0,rb2111,5353,5432,5332,5374.0,8539,13997,5386.0,rb2112,5364,5449,5338,5387.0,31308,64368,5394.0,rb2201,5245,5348,5215,5273.0,2821134,1147372,5283.0,rb2202,5137,5218,5092,5146.0,6087,16460,5164.0,rb2203,5128,5187,5062,5118.0,3156,9272,5137.0,rb2204,5121,5179,5081,5096.0,868,1247,5137.0,rb2205,5070,5150,5031,5083.0,72059,147372,5102.0,rb2201,5245.0,5348.0,5215.0,5273.0,2821134.0,1147372.0,5283.0
2021-09-03,5383.343260386499,2707146.0,1682641.0,rb2109,5325,5325,5270,5305.0,180,2940,5302.0,rb2110,5260,5433,5260,5388.0,125545,189206,5373.0,rb2111,5365,5523,5355,5466.0,8322,13172,5468.0,rb2112,5378,5536,5362,5502.0,23281,63632,5475.0,rb2201,5265,5449,5243,5408.0,2450687,1224178,5381.0,rb2202,5144,5282,5127,5236.0,6617,18458,5235.0,rb2203,5118,5243,5118,5201.0,7833,11891,5192.0,rb2204,5107,5237,5107,5196.0,1260,1291,5192.0,rb2205,5081,5218,5057,5166.0,83373,157394,5161.0,rb2201,5265.0,5449.0,5243.0,5408.0,2450687.0,1224178.0,5381.0
2021-09-06,5441.872246319461,2531204.0,1719653.0,rb2109,5360,5360,5340,5340.0,330,2940,5354.0,rb2110,5396,5445,5345,5431.0,97858,178182,5395.0,rb2111,5483,5544,5423,5525.0,13811,12833,5487.0,rb2112,5515,5579,5462,5578.0,34465,63774,5510.0,rb2201,5419,5495,5370,5473.0,2273077,1261350,5427.0,rb2202,5254,5290,5196,5273.0,5181,19477,5238.0,rb2203,5213,5244,5156,5212.0,4539,12815,5195.0,rb2204,5191,5248,5167,5219.0,795,1253,5199.0,rb2205,5166,5225,5137,5201.0,101081,166543,5180.0,rb2201,5419.0,5495.0,5370.0,5473.0,2273077.0,1261350.0,5427.0
2021-09-07,5465.114687740827,2151788.0,1701167.0,rb2109,5420,5420,5420,5420.0,120,2940,5420.0,rb2110,5434,5499,5434,5463.0,66537,167886,5466.0,rb2111,5539,5587,5522,5549.0,9438,12909,5548.0,rb2112,5570,5618,5554,5584.0,22076,64481,5582.0,rb2201,5480,5556,5463,5494.0,1962909,1248290,5504.0,rb2202,5286,5353,5272,5306.0,4360,20224,5303.0,rb2203,5244,5297,5219,5255.0,4455,14476,5251.0,rb2204,5247,5301,5230,5293.0,440,1269,5262.0,rb2205,5220,5279,5190,5241.0,81424,168200,5232.0,rb2201,5480.0,5556.0,5463.0,5494.0,1962909.0,1248290.0,5504.0
2021-09-08,5423.520710012708,2321537.0,1655576.0,rb2109,5360,5420,5360,5401.0,390,2910,5413.0,rb2110,5420,5464,5374,5434.0,77830,159150,5416.0,rb2111,5526,5544,5460,5506.0,10554,12334,5502.0,rb2112,5567,5576,5492,5545.0,29710,63337,5531.0,rb2201,5481,5488,5400,5452.0,2116290,1211136,5439.0,rb2202,5292,5296,5219,5259.0,5716,20666,5256.0,rb2203,5242,5244,5177,5213.0,3860,14988,5208.0,rb2204,5261,5261,5190,5224.0,505,1262,5222.0,rb2205,5232,5237,5150,5200.0,76656,169297,5191.0,rb2201,5481.0,5488.0,5400.0,5452.0,2116290.0,1211136.0,5439.0
2021-09-09,5646.608941640277,2933249.0,1833422.0,rb2109,5575,5575,5575,5575.0,60,2910,5575.0,rb2110,5440,5620,5425,5599.0,105740,146234,5518.0,rb2111,5528,5722,5516,5710.0,13235,12837,5614.0,rb2112,5558,5763,5547,5751.0,37726,62770,5638.0,rb2201,5473,5693,5460,5682.0,2675888,1402569,5567.0,rb2202,5282,5478,5269,5468.0,4815,20966,5362.0,rb2203,5244,5430,5227,5418.0,3133,15814,5310.0,rb2204,5272,5429,5239,5400.0,244,1276,5325.0,rb2205,5200,5405,5200,5396.0,92328,167562,5299.0,rb2201,5473.0,5693.0,5460.0,5682.0,2675888.0,1402569.0,5567.0
2021-09-10,5607.304796902021,2426531.0,1860826.0,rb2109,5600,5649,5560,5560.0,270,2820,5604.0,rb2110,5663,5677,5539,5569.0,79187,135377,5616.0,rb2111,5769,5802,5650,5680.0,15130,12579,5728.0,rb2112,5801,5815,5681,5713.0,32876,63411,5763.0,rb2201,5712,5731,5606,5640.0,2212851,1440779,5675.0,rb2202,5490,5519,5414,5442.0,3057,21584,5479.0,rb2203,5434,5468,5350,5375.0,3188,16038,5423.0,rb2204,5429,5480,5366,5383.0,551,1313,5407.0,rb2205,5448,5452,5326,5357.0,79352,166448,5402.0,rb2201,5712.0,5731.0,5606.0,5640.0,2212851.0,1440779.0,5675.0
2021-09-13,5605.915602358372,2302556.0,1894188.0,rb2109,5600,5600,5600,5600.0,90,2820,5600.0,rb2110,5569,5668,5565,5584.0,63732,123639,5626.0,rb2111,5683,5784,5669,5693.0,13599,13755,5727.0,rb2112,5714,5831,5707,5730.0,28679,64149,5771.0,rb2201,5640,5763,5622,5642.0,2099548,1479218,5690.0,rb2202,5442,5551,5426,5448.0,2495,21630,5491.0,rb2203,5372,5490,5352,5360.0,2993,16381,5417.0,rb2204,5411,5481,5355,5381.0,307,1295,5416.0,rb2205,5357,5468,5300,5302.0,91081,170817,5390.0,rb2201,5640.0,5763.0,5622.0,5642.0,2099548.0,1479218.0,5690.0
2021-09-14,5456.28644146462,3144413.0,1783998.0,rb2109,5580,5600,5550,5600.0,210,2760,5572.0,rb2110,5625,5625,5411,5411.0,77632,110480,5523.0,rb2111,5311,5735,5311,5500.0,21315,12860,5639.0,rb2112,5737,5778,5555,5557.0,43465,62637,5690.0,rb2201,5660,5680,5486,5492.0,2877975,1378900,5598.0,rb2202,5469,5470,5302,5308.0,4216,22133,5400.0,rb2203,5376,5376,5240,5250.0,3644,16698,5312.0,rb2204,5337,5358,5230,5230.0,437,1224,5305.0,rb2205,5303,5340,5200,5204.0,115469,175816,5272.0,rb2201,5660.0,5680.0,5486.0,5492.0,2877975.0,1378900.0,5598.0
2021-09-15,5477.202937195086,3267081.0,1736759.0,rb2109,5400,5500,5400,5500.0,90,2850,5466.0,rb2110,5415,5506,5359,5460.0,80897,100058,5429.0,rb2111,5510,5615,5414,5550.0,27100,9610,5509.0,rb2112,5571,5643,5454,5579.0,59994,58120,5551.0,rb2201,5498,5581,5417,5518.0,2972222,1345649,5495.0,rb2202,5315,5366,5200,5316.0,3676,22536,5287.0,rb2203,5260,5280,5148,5226.0,3372,16417,5222.0,rb2204,5216,5284,5172,5226.0,395,1204,5226.0,rb2205,5223,5255,5113,5190.0,119263,179796,5187.0,rb2201,5498.0,5581.0,5417.0,5518.0,2972222.0,1345649.0,5495.0
2021-09-16,5508.581287922352,3164704.0,1744189.0,rb2110,5445,5700,5445,5652.0,114121,105412,5607.0,rb2111,5571,5762,5559,5673.0,18058,11501,5683.0,rb2112,5600,5790,5595,5644.0,57479,57698,5698.0,rb2201,5550,5685,5531,5541.0,2833032,1342319,5604.0,rb2202,5316,5455,5316,5332.0,4412,21051,5361.0,rb2203,5226,5348,5226,5230.0,4186,16063,5278.0,rb2204,5264,5342,5234,5234.0,549,1227,5286.0,rb2205,5190,5305,5190,5192.0,132769,188372,5247.0,rb2206,5156,5216,5156,5216.0,11,258,5199.0,rb2201,5550.0,5685.0,5531.0,5541.0,2833032.0,1342319.0,5604.0
2021-09-17,5441.488729691729,3393650.0,1630124.0,rb2110,5701,5788,5610,5750.0,125756,96202,5709.0,rb2111,5673,5787,5634,5748.0,30262,16118,5723.0,rb2112,5701,5728,5577,5700.0,42612,59844,5664.0,rb2201,5557,5588,5423,5478.0,2983056,1195609,5495.0,rb2202,5360,5369,5204,5253.0,4225,21256,5270.0,rb2203,5220,5268,5100,5142.0,2912,16161,5159.0,rb2204,5265,5265,5085,5110.0,559,1208,5133.0,rb2205,5211,5236,5021,5064.0,204091,223172,5102.0,rb2206,5133,5143,4984,5005.0,85,250,5057.0,rb2201,5557.0,5588.0,5423.0,5478.0,2983056.0,1195609.0,5495.0
2021-09-22,5608.645223252696,2319302.0,1724772.0,rb2110,5850,5950,5750,5935.0,82842,89024,5875.0,rb2111,5948,6001,5750,5980.0,34088,21023,5923.0,rb2112,5900,5958,5671,5945.0,45135,65587,5831.0,rb2201,5500,5660,5457,5656.0,1948123,1264601,5532.0,rb2202,5199,5380,5199,5367.0,6620,22798,5301.0,rb2203,5119,5265,5101,5265.0,4999,16392,5178.0,rb2204,5146,5231,5073,5207.0,338,1196,5128.0,rb2205,5100,5170,4980,5170.0,196965,243583,5048.0,rb2206,4946,5057,4944,5057.0,61,242,4995.0,rb2201,5500.0,5660.0,5457.0,5656.0,1948123.0,1264601.0,5532.0
2021-09-23,5568.89049868958,2633199.0,1752874.0,rb2110,5940,5945,5800,5846.0,58998,82492,5858.0,rb2111,5978,6000,5835,5870.0,27959,19256,5896.0,rb2112,5925,5955,5820,5850.0,44577,67223,5876.0,rb2201,5651,5688,5563,5605.0,2312905,1300291,5627.0,rb2202,5401,5441,5337,5384.0,6142,23330,5389.0,rb2203,5273,5336,5256,5312.0,5622,17018,5290.0,rb2204,5279,5301,5232,5287.0,285,1287,5268.0,rb2205,5190,5248,5165,5216.0,176555,241399,5210.0,rb2206,5126,5164,5100,5138.0,29,243,5135.0,rb2201,5651.0,5688.0,5563.0,5605.0,2312905.0,1300291.0,5627.0
2021-09-24,5443.730610782518,2837903.0,1663489.0,rb2110,5850,5857,5765,5768.0,38170,76320,5811.0,rb2111,5871,5891,5726,5842.0,21231,20864,5842.0,rb2112,5850,5867,5740,5770.0,35434,65612,5802.0,rb2201,5589,5596,5441,5468.0,2579122,1226142,5511.0,rb2202,5384,5384,5215,5272.0,6402,24682,5316.0,rb2203,5312,5312,5192,5204.0,6903,18447,5258.0,rb2204,5261,5267,5173,5183.0,274,1377,5219.0,rb2205,5210,5210,5096,5117.0,150240,229423,5159.0,rb2206,5118,5127,5065,5065.0,29,251,5103.0,rb2201,5589.0,5596.0,5441.0,5468.0,2579122.0,1226142.0,5511.0
2021-09-27,5525.834747810394,2894906.0,1620269.0,rb2110,5751,5889,5670,5833.0,47039,61131,5782.0,rb2111,5830,5924,5738,5881.0,16161,20375,5849.0,rb2112,5770,5867,5685,5850.0,37722,49758,5787.0,rb2201,5460,5600,5384,5564.0,2602380,1208773,5504.0,rb2202,5253,5383,5197,5348.0,12616,27376,5313.0,rb2203,5187,5317,5137,5286.0,7820,19847,5243.0,rb2204,5131,5289,5131,5251.0,972,2073,5265.0,rb2205,5105,5244,5064,5188.0,170053,230307,5164.0,rb2206,5020,5154,4987,5142.0,36,238,5094.0,rb2201,5460.0,5600.0,5384.0,5564.0,2602380.0,1208773.0,5504.0
2021-09-28,5594.0295694949,2138279.0,1609226.0,rb2110,5890,5890,5782,5795.0,33272,50318,5823.0,rb2111,5892,5925,5848,5899.0,10949,20255,5887.0,rb2112,5828,5897,5822,5878.0,25851,47109,5863.0,rb2201,5579,5640,5548,5634.0,1931458,1215932,5597.0,rb2202,5324,5438,5324,5432.0,13054,30012,5389.0,rb2203,5270,5372,5270,5360.0,6564,20831,5325.0,rb2204,5286,5349,5266,5343.0,492,2309,5301.0,rb2205,5200,5298,5183,5289.0,116476,221839,5238.0,rb2206,5150,5182,5080,5170.0,56,244,5150.0,rb2201,5579.0,5640.0,5548.0,5634.0,1931458.0,1215932.0,5597.0
2021-09-29,5613.529675903631,2127640.0,1574038.0,rb2110,5820,5850,5770,5786.0,35554,34066,5803.0,rb2111,5901,5938,5830,5906.0,11639,22272,5889.0,rb2112,5882,5923,5800,5862.0,24818,45857,5867.0,rb2201,5638,5700,5581,5657.0,1890899,1191708,5641.0,rb2202,5448,5529,5424,5517.0,17217,33267,5482.0,rb2203,5382,5461,5355,5443.0,5475,20676,5407.0,rb2204,5360,5435,5329,5405.0,2945,3557,5384.0,rb2205,5300,5349,5223,5308.0,138971,222023,5287.0,rb2206,5208,5242,5148,5222.0,41,233,5193.0,rb2201,5638.0,5700.0,5581.0,5657.0,1890899.0,1191708.0,5641.0
2021-09-30,5664.798158261056,2231903.0,1522257.0,rb2110,5801,5919,5780,5866.0,32675,17894,5835.0,rb2111,5816,5931,5816,5883.0,14952,23154,5873.0,rb2112,5863,5910,5800,5900.0,19669,43848,5853.0,rb2201,5635,5730,5585,5706.0,1968234,1172256,5649.0,rb2202,5517,5606,5464,5575.0,15938,33924,5521.0,rb2203,5429,5538,5405,5485.0,4744,20890,5459.0,rb2204,5402,5516,5384,5461.0,3360,4254,5445.0,rb2205,5298,5443,5280,5376.0,172223,205411,5346.0,rb2206,5202,5282,5181,5270.0,29,238,5234.0,rb2201,5635.0,5730.0,5585.0,5706.0,1968234.0,1172256.0,5649.0
2021-10-08,5704.1074864731045,1538714.0,1571314.0,rb2110,5940,5980,5857,5935.0,4874,15660,5925.0,rb2111,5990,5990,5869,5915.0,7991,19617,5911.0,rb2112,5930,5979,5876,5900.0,14764,41858,5917.0,rb2201,5775,5843,5701,5750.0,1384149,1207041,5765.0,rb2202,5650,5701,5574,5615.0,16974,35747,5620.0,rb2203,5573,5617,5514,5544.0,3448,21488,5549.0,rb2204,5522,5553,5478,5528.0,4425,7059,5532.0,rb2205,5449,5500,5383,5423.0,95994,216212,5442.0,rb2206,5301,5378,5298,5365.0,2010,2239,5334.0,rb2201,5775.0,5843.0,5701.0,5750.0,1384149.0,1207041.0,5765.0
2021-10-11,5762.111546822485,2438684.0,1721833.0,rb2110,5891,5950,5885,5910.0,5370,13830,5922.0,rb2111,5915,6005,5895,5966.0,8983,20376,5957.0,rb2112,5918,5970,5888,5956.0,18161,36301,5935.0,rb2201,5759,5870,5738,5808.0,2233485,1345601,5808.0,rb2202,5679,5725,5611,5685.0,22365,39381,5665.0,rb2203,5544,5629,5541,5603.0,6142,23405,5584.0,rb2204,5525,5596,5522,5569.0,4117,8510,5560.0,rb2205,5429,5507,5428,5485.0,136402,224244,5470.0,rb2206,5340,5385,5331,5380.0,21,2248,5367.0,rb2201,5759.0,5870.0,5738.0,5808.0,2233485.0,1345601.0,5808.0
2021-10-12,5521.133360523465,3144995.0,1696694.0,rb2110,5910,5920,5770,5770.0,5640,10080,5867.0,rb2111,6000,6000,5793,5805.0,9193,18498,5877.0,rb2112,5896,5962,5728,5740.0,20506,33043,5848.0,rb2201,5803,5812,5553,5562.0,2862726,1304162,5688.0,rb2202,5690,5690,5444,5449.0,37875,39984,5596.0,rb2203,5603,5603,5374,5380.0,12830,27776,5511.0,rb2204,5563,5574,5199,5355.0,6186,10365,5472.0,rb2205,5500,5500,5286,5288.0,189682,242437,5399.0,rb2206,5348,5399,5206,5217.0,86,2285,5293.0,rb2201,5803.0,5812.0,5553.0,5562.0,2862726.0,1304162.0,5688.0
2021-10-13,5388.592252276928,3790492.0,1621044.0,rb2110,5839,5839,5600,5625.0,1020,10170,5702.0,rb2111,5830,5830,5456,5623.0,11156,15518,5667.0,rb2112,5665,5723,5391,5540.0,26421,25692,5610.0,rb2201,5534,5566,5267,5421.0,3359719,1221213,5474.0,rb2202,5412,5486,5203,5343.0,46024,41135,5399.0,rb2203,5380,5446,5191,5290.0,15813,30235,5342.0,rb2204,5355,5432,5167,5284.0,7934,13494,5321.0,rb2205,5290,5370,5083,5225.0,321892,253090,5264.0,rb2206,5236,5312,5061,5197.0,100,2300,5200.0,rb2201,5534.0,5566.0,5267.0,5421.0,3359719.0,1221213.0,5474.0
2021-10-14,5426.979011024369,2302009.0,1619231.0,rb2110,5583,5700,5580,5670.0,810,10320,5638.0,rb2111,5615,5685,5535,5640.0,4682,14498,5615.0,rb2112,5598,5654,5490,5608.0,10740,23913,5586.0,rb2201,5423,5542,5388,5465.0,2036258,1212392,5461.0,rb2202,5343,5434,5316,5362.0,48854,44567,5374.0,rb2203,5290,5376,5280,5324.0,11744,32562,5330.0,rb2204,5284,5353,5262,5303.0,8349,13954,5315.0,rb2205,5232,5300,5201,5249.0,172730,260865,5261.0,rb2206,5163,5245,5157,5185.0,3474,1750,5222.0,rb2201,5423.0,5542.0,5388.0,5465.0,2036258.0,1212392.0,5461.0
2021-10-15,5465.222695377463,1991824.0,1617510.0,rb2110,5708,5780,5650,5780.0,690,10410,5687.0,rb2111,5682,5699,5609,5688.0,3638,13448,5652.0,rb2112,5664,5680,5572,5660.0,6708,22689,5625.0,rb2201,5470,5552,5425,5515.0,1740063,1168438,5488.0,rb2202,5360,5418,5314,5379.0,30602,46933,5358.0,rb2203,5331,5381,5275,5340.0,10188,33666,5324.0,rb2204,5316,5365,5260,5324.0,5612,15321,5314.0,rb2205,5252,5313,5205,5279.0,186414,292809,5263.0,rb2206,5233,5252,5164,5231.0,1701,3371,5219.0,rb2201,5470.0,5552.0,5425.0,5515.0,1740063.0,1168438.0,5488.0
2021-10-18,5364.227810085176,2962886.0,1657859.0,rb2111,5684,5693,5500,5573.0,3825,12686,5583.0,rb2112,5658,5673,5461,5560.0,9446,20734,5541.0,rb2201,5515,5532,5311,5422.0,2607810,1167686,5424.0,rb2202,5395,5398,5196,5299.0,37083,47953,5293.0,rb2203,5351,5361,5176,5258.0,21439,34418,5267.0,rb2204,5328,5348,5161,5248.0,6931,16479,5255.0,rb2205,5300,5304,5110,5189.0,256389,328582,5204.0,rb2206,5233,5233,5071,5172.0,2393,5730,5151.0,rb2207,5178,5178,5018,5111.0,1541,3931,5138.0,rb2201,5515.0,5532.0,5311.0,5422.0,2607810.0,1167686.0,5424.0
2021-10-19,5480.852260835958,2441143.0,1663743.0,rb2111,5573,5700,5526,5680.0,2828,11808,5625.0,rb2112,5610,5668,5506,5655.0,5248,19950,5568.0,rb2201,5411,5570,5381,5546.0,2123050,1143027,5461.0,rb2202,5367,5454,5253,5437.0,39844,48832,5338.0,rb2203,5258,5409,5226,5377.0,21019,37190,5302.0,rb2204,5248,5385,5218,5370.0,4620,17743,5297.0,rb2205,5158,5326,5155,5309.0,218485,339131,5234.0,rb2206,5144,5263,5122,5245.0,1891,7178,5247.0,rb2207,5140,5221,5107,5204.0,2059,5976,5200.0,rb2201,5411.0,5570.0,5381.0,5546.0,2123050.0,1143027.0,5461.0
2021-10-20,5236.332877105583,3318958.0,1724285.0,rb2111,5680,5689,5503,5507.0,5637,9660,5573.0,rb2112,5729,5729,5392,5393.0,13687,16177,5474.0,rb2201,5525,5537,5302,5304.0,2902835,1145737,5409.0,rb2202,5437,5437,5198,5198.0,40598,50008,5307.0,rb2203,5377,5380,5164,5168.0,30827,37857,5266.0,rb2204,5370,5370,5146,5146.0,4564,18329,5252.0,rb2205,5281,5296,5072,5075.0,308375,396026,5175.0,rb2206,5226,5226,5044,5044.0,2249,7989,5079.0,rb2207,5070,5103,4997,4997.0,512,6483,5034.0,rb2201,5525.0,5537.0,5302.0,5304.0,2902835.0,1145737.0,5409.0
2021-10-21,4911.63396597067,4380382.0,1947614.0,rb2111,5502,5575,5127,5127.0,3534,8344,5363.0,rb2112,5440,5464,5036,5036.0,8421,13789,5267.0,rb2201,5296,5390,4976,4976.0,3829430,1290481,5243.0,rb2202,5183,5277,4882,4882.0,41998,52091,5178.0,rb2203,5144,5239,4844,4844.0,30310,40539,5128.0,rb2204,5125,5207,4831,4836.0,6656,19402,5108.0,rb2205,5050,5147,4761,4766.0,434003,460029,5015.0,rb2206,5001,5087,4718,4740.0,1353,7302,4918.0,rb2207,4963,5056,4690,4757.0,85,6512,4887.0,rb2201,5296.0,5390.0,4976.0,4976.0,3829430.0,1290481.0,5243.0
2021-10-22,4836.309840102633,5095803.0,2034430.0,rb2111,5110,5139,4917,4950.0,4850,6897,5009.0,rb2112,4707,5057,4707,4880.0,12033,13262,4921.0,rb2201,4976,5025,4757,4900.0,4372677,1299617,4907.0,rb2202,4812,4940,4665,4799.0,48976,51276,4821.0,rb2203,4866,4918,4717,4732.0,32512,40694,4805.0,rb2204,4884,4913,4700,4735.0,6467,20535,4790.0,rb2205,4810,4864,4622,4722.0,582747,527270,4733.0,rb2206,4611,4828,4591,4676.0,3296,10283,4672.0,rb2207,4926,4926,4582,4625.0,1417,6261,4636.0,rb2201,4976.0,5025.0,4757.0,4900.0,4372677.0,1299617.0,4907.0
2021-10-25,4754.495819052464,3632865.0,2199621.0,rb2111,4904,5003,4890,4896.0,2017,6397,4970.0,rb2112,4917,4957,4823,4830.0,4135,12755,4896.0,rb2201,4914,4956,4820,4825.0,3072872,1370440,4889.0,rb2202,4811,4840,4726,4733.0,42148,51231,4789.0,rb2203,4782,4822,4713,4715.0,28208,41445,4771.0,rb2204,4735,4820,4683,4683.0,9337,24136,4759.0,rb2205,4725,4783,4628,4629.0,442199,606027,4724.0,rb2206,4735,4735,4600,4600.0,2122,11468,4644.0,rb2207,4698,4711,4582,4582.0,1019,7259,4605.0,rb2201,4914.0,4956.0,4820.0,4825.0,3072872.0,1370440.0,4889.0
2021-10-26,4809.273615632304,3575184.0,2265872.0,rb2111,4863,4950,4850,4900.0,2697,5500,4899.0,rb2112,4830,4928,4792,4903.0,7374,7867,4842.0,rb2201,4830,4946,4778,4917.0,2990021,1356528,4863.0,rb2202,4742,4825,4698,4791.0,45386,53487,4760.0,rb2203,4711,4774,4663,4726.0,43336,44719,4721.0,rb2204,4686,4740,4655,4698.0,8982,26539,4698.0,rb2205,4619,4696,4604,4642.0,437786,662922,4642.0,rb2206,4597,4645,4585,4600.0,3011,14470,4600.0,rb2207,4575,4604,4561,4580.0,3023,10255,4580.0,rb2201,4830.0,4946.0,4778.0,4917.0,2990021.0,1356528.0,4863.0
2021-10-27,4553.840689852745,4947128.0,2398077.0,rb2111,4965,4989,4699,4699.0,3091,4125,4837.0,rb2112,4903,4959,4647,4661.0,3793,7074,4798.0,rb2201,4940,4977,4624,4655.0,4087900,1371298,4773.0,rb2202,4774,4859,4523,4540.0,44425,56445,4691.0,rb2203,4726,4808,4470,4491.0,41079,50517,4639.0,rb2204,4698,4785,4452,4462.0,11186,30530,4606.0,rb2205,4654,4734,4388,4416.0,697571,740552,4529.0,rb2206,4664,4692,4370,4378.0,2774,16968,4429.0,rb2207,4650,4657,4345,4379.0,3291,13108,4415.0,rb2201,4940.0,4977.0,4624.0,4655.0,4087900.0,1371298.0,4773.0
2021-10-28,4618.210957485752,6078016.0,2308285.0,rb2111,4629,4879,4575,4787.0,2703,3289,4705.0,rb2112,4614,4849,4499,4715.0,4916,5839,4610.0,rb2201,4620,4864,4464,4712.0,5031704,1280885,4609.0,rb2202,4503,4728,4347,4598.0,43014,57622,4474.0,rb2203,4491,4682,4307,4579.0,40510,51656,4431.0,rb2204,4419,4656,4311,4533.0,7919,30792,4425.0,rb2205,4393,4627,4257,4506.0,889384,732442,4404.0,rb2206,4332,4550,4220,4408.0,96,16980,4382.0,rb2207,4323,4486,4261,4420.0,174,13148,4409.0,rb2201,4620.0,4864.0,4464.0,4712.0,5031704.0,1280885.0,4609.0
2021-10-29,4539.488639353664,3992215.0,2371520.0,rb2111,4787,4875,4330,4337.0,1682,2700,4806.0,rb2112,4715,4812,4599,4662.0,4259,3850,4712.0,rb2201,4712,4793,4576,4646.0,3331332,1294160,4690.0,rb2202,4594,4650,4451,4520.0,30253,58407,4567.0,rb2203,4549,4593,4400,4458.0,32504,52580,4510.0,rb2204,4545,4584,4406,4472.0,7755,31760,4501.0,rb2205,4500,4533,4348,4417.0,551445,774081,4452.0,rb2206,4466,4466,4321,4389.0,2421,16352,4418.0,rb2207,4439,4449,4303,4338.0,2306,12400,4392.0,rb2201,4712.0,4793.0,4576.0,4646.0,3331332.0,1294160.0,4690.0
2021-11-01,4386.076082289665,3672030.0,2580640.0,rb2111,4740,4775,4600,4600.0,420,2550,4686.0,rb2112,4662,4711,4524,4565.0,1132,3639,4625.0,rb2201,4630,4707,4477,4509.0,2933969,1387410,4598.0,rb2202,4507,4566,4343,4358.0,38046,61695,4466.0,rb2203,4452,4506,4287,4295.0,35278,55861,4406.0,rb2204,4455,4491,4280,4304.0,10074,34692,4370.0,rb2205,4400,4442,4229,4245.0,609205,859003,4341.0,rb2206,4380,4409,4206,4249.0,2706,18912,4269.0,rb2207,4375,4375,4168,4197.0,2634,14907,4219.0,rb2201,4630.0,4707.0,4477.0,4509.0,2933969.0,1387410.0,4598.0
2021-11-02,4128.84355310512,4785643.0,2653859.0,rb2111,4720,4720,4311,4400.0,240,2370,4481.0,rb2112,4549,4600,4255,4300.0,2181,3200,4465.0,rb2201,4499,4556,4230,4230.0,3825062,1378300,4388.0,rb2202,4358,4403,4108,4108.0,32279,63393,4302.0,rb2203,4295,4344,4053,4061.0,30095,57721,4253.0,rb2204,4304,4336,4020,4074.0,8108,36257,4250.0,rb2205,4241,4285,3993,4023.0,820133,907108,4138.0,rb2206,4199,4244,3927,4026.0,2572,21314,4062.0,rb2207,4170,4173,3881,3972.0,3056,17917,4026.0,rb2201,4499.0,4556.0,4230.0,4230.0,3825062.0,1378300.0,4388.0
2021-11-03,4297.456694722998,4217323.0,2636838.0,rb2111,4650,4650,4300,4550.0,690,2190,4534.0,rb2112,4321,4475,4318,4445.0,1548,2882,4372.0,rb2201,4250,4444,4233,4385.0,3354919,1334316,4331.0,rb2202,4110,4320,4110,4271.0,29875,64955,4203.0,rb2203,4062,4295,4061,4248.0,22276,61233,4166.0,rb2204,4088,4312,4088,4258.0,9360,38856,4200.0,rb2205,4048,4282,4043,4214.0,741063,901530,4160.0,rb2206,4058,4260,4044,4200.0,3466,24457,4158.0,rb2207,4023,4229,4023,4184.0,4323,22074,4141.0,rb2201,4250.0,4444.0,4233.0,4385.0,3354919.0,1334316.0,4331.0
2021-11-04,4135.520029779217,4273649.0,2795238.0,rb2111,4500,4540,4400,4400.0,150,2160,4477.0,rb2112,4445,4477,4314,4385.0,2360,2317,4423.0,rb2201,4398,4413,4142,4226.0,3459112,1396426,4272.0,rb2202,4271,4304,4048,4125.0,31764,66758,4182.0,rb2203,4248,4262,4028,4073.0,21113,64623,4160.0,rb2204,4258,4260,4031,4096.0,10043,42115,4162.0,rb2205,4213,4228,3980,4051.0,681812,961388,4100.0,rb2206,4200,4209,3978,4021.0,5716,27066,4114.0,rb2207,4184,4199,3987,4032.0,4078,26078,4129.0,rb2201,4398.0,4413.0,4142.0,4226.0,3459112.0,1396426.0,4272.0
2021-11-05,4146.892178583295,3830523.0,2738890.0,rb2111,4490,4490,4490,4490.0,60,2100,4490.0,rb2112,4401,4455,4296,4371.0,1390,2110,4360.0,rb2201,4238,4305,4122,4247.0,3131361,1315842,4202.0,rb2202,4125,4172,4024,4122.0,29788,65431,4082.0,rb2203,4073,4142,4002,4092.0,15208,65986,4053.0,rb2204,4096,4146,4002,4096.0,5908,42678,4066.0,rb2205,4062,4104,3958,4061.0,577287,967016,4020.0,rb2206,4021,4179,3940,4179.0,6157,26155,4020.0,rb2207,4032,4067,3946,4038.0,4030,27082,4029.0,rb2201,4238.0,4305.0,4122.0,4247.0,3131361.0,1315842.0,4202.0
2021-11-08,4211.605534297469,3749496.0,2705637.0,rb2111,4500,4600,4500,4520.0,300,1980,4533.0,rb2112,4403,4542,4371,4447.0,1482,2068,4423.0,rb2201,4255,4397,4215,4312.0,2993817,1275004,4286.0,rb2202,4141,4259,4102,4188.0,29767,66464,4153.0,rb2203,4113,4230,4076,4170.0,11663,66064,4138.0,rb2204,4113,4230,4084,4174.0,6759,43377,4143.0,rb2205,4085,4185,4035,4132.0,645474,959373,4102.0,rb2206,4179,4179,4021,4132.0,1367,26955,4147.0,rb2207,4038,4130,4002,4108.0,1225,27924,4034.0,rb2201,4255.0,4397.0,4215.0,4312.0,2993817.0,1275004.0,4286.0
2021-11-09,4120.10939455931,3471727.0,2791190.0,rb2111,4609,4612,4381,4480.0,480,1680,4475.0,rb2112,4430,4522,4359,4408.0,1538,1921,4449.0,rb2201,4290,4359,4226,4257.0,2794490,1274301,4297.0,rb2202,4166,4210,4064,4108.0,21125,67416,4153.0,rb2203,4145,4182,4034,4067.0,12561,66532,4119.0,rb2204,4159,4178,4026,4060.0,6649,44536,4099.0,rb2205,4120,4137,3983,4011.0,589247,1031975,4073.0,rb2206,4093,4116,3980,4000.0,1657,28536,4004.0,rb2207,4017,4017,3957,3961.0,1513,29432,3980.0,rb2201,4290.0,4359.0,4226.0,4257.0,2794490.0,1274301.0,4297.0
2021-11-10,4072.8683862486528,5174870.0,2762842.0,rb2111,4350,4350,4303,4344.0,210,1560,4326.0,rb2112,4391,4456,4222,4454.0,2201,1840,4339.0,rb2201,4219,4254,4026,4246.0,3963513,1189585,4136.0,rb2202,4027,4067,3869,4054.0,29943,68850,3967.0,rb2203,4067,4067,3837,4019.0,17262,69898,3947.0,rb2204,4015,4015,3834,3986.0,8953,44879,3929.0,rb2205,3950,3964,3788,3949.0,1057557,1067436,3881.0,rb2206,3892,3993,3797,3912.0,272,28647,3875.0,rb2207,3867,3900,3771,3900.0,86,29438,3847.0,rb2201,4219.0,4254.0,4026.0,4246.0,3963513.0,1189585.0,4136.0
2021-11-11,4287.554226201422,5111300.0,2708082.0,rb2111,4450,4490,4450,4490.0,180,1560,4461.0,rb2112,4475,4550,4356,4550.0,2489,1037,4434.0,rb2201,4275,4466,4236,4443.0,3680862,1111300,4349.0,rb2202,4054,4284,4045,4284.0,30534,71333,4151.0,rb2203,4019,4261,3989,4245.0,18923,71957,4115.0,rb2204,3986,4243,3984,4243.0,8076,46418,4087.0,rb2205,3988,4191,3932,4191.0,1246954,1062781,4079.0,rb2206,3970,4185,3933,4155.0,766,28030,4128.0,rb2207,3951,4154,3951,4115.0,62,29422,4085.0,rb2201,4275.0,4466.0,4236.0,4443.0,3680862.0,1111300.0,4349.0
2021-11-12,4107.558730268208,4602269.0,2812783.0,rb2111,4350,4350,4350,4350.0,30,1560,4350.0,rb2112,4505,4505,4375,4375.0,489,884,4429.0,rb2201,4425,4428,4246,4249.0,3441240,1136389,4335.0,rb2202,4284,4284,4110,4112.0,30738,70087,4217.0,rb2203,4245,4245,4055,4060.0,14365,71570,4162.0,rb2204,4244,4244,4071,4071.0,5932,46765,4149.0,rb2205,4191,4191,4018,4021.0,1032571,1121997,4111.0,rb2206,4155,4161,4011,4011.0,1297,27139,4143.0,rb2207,4110,4110,3990,3990.0,48,29431,4070.0,rb2201,4425.0,4428.0,4246.0,4249.0,3441240.0,1136389.0,4335.0
2021-11-15,4001.151888617948,4877681.0,2907973.0,rb2111,4399,4399,4350,4350.0,60,1500,4374.0,rb2112,4312,4358,4245,4299.0,428,850,4318.0,rb2201,4195,4255,4125,4138.0,3659782,1186129,4191.0,rb2202,4112,4131,4008,4030.0,35405,68399,4076.0,rb2203,4060,4060,3949,3952.0,18433,70639,4010.0,rb2204,4071,4071,3951,3962.0,10898,43813,4029.0,rb2205,3983,4029,3901,3915.0,1052859,1167663,3961.0,rb2206,4011,4011,3885,3900.0,4485,23470,3993.0,rb2207,3990,3990,3878,3893.0,4520,25942,3972.0,rb2201,4195.0,4255.0,4125.0,4138.0,3659782.0,1186129.0,4191.0
2021-11-16,3979.3051990916056,4045377.0,2944976.0,rb2112,4300,4398,4260,4307.0,313,788,4330.0,rb2201,4153,4285,4120,4128.0,3126442,1175588,4193.0,rb2202,4019,4140,3998,4000.0,30872,65952,4054.0,rb2203,3952,4063,3930,3930.0,20876,68996,3990.0,rb2204,3962,4062,3921,3921.0,7444,41695,3989.0,rb2205,3920,4015,3885,3887.0,789458,1206542,3953.0,rb2206,3900,3992,3877,3946.0,1944,23052,3914.0,rb2207,3893,3953,3875,3875.0,1264,25179,3899.0,rb2208,3900,3960,3872,3872.0,1195,29186,3901.0,rb2201,4153.0,4285.0,4120.0,4128.0,3126442.0,1175588.0,4193.0
2021-11-17,4001.016281370156,4408442.0,3008592.0,rb2112,4304,4440,4282,4328.0,665,792,4362.0,rb2201,4128,4226,4107,4216.0,3162586,1099110,4171.0,rb2202,4000,4053,3950,4050.0,33177,67016,4001.0,rb2203,3937,3960,3880,3952.0,20517,70390,3921.0,rb2204,3938,3951,3875,3932.0,5974,41928,3909.0,rb2205,3883,3910,3824,3885.0,1118553,1333565,3864.0,rb2206,3882,3897,3817,3880.0,181,23113,3849.0,rb2207,3873,3878,3810,3845.0,80,25190,3830.0,rb2208,3829,3860,3792,3828.0,1259,30371,3833.0,rb2201,4128.0,4226.0,4107.0,4216.0,3162586.0,1099110.0,4171.0
2021-11-18,3912.409698441501,4077079.0,3078474.0,rb2112,4344,4376,4260,4267.0,183,776,4307.0,rb2201,4211,4237,4149,4169.0,2767255,1047299,4195.0,rb2202,4050,4065,3971,3995.0,33425,65494,4029.0,rb2203,3966,3966,3861,3874.0,21601,68975,3920.0,rb2204,3932,3933,3847,3854.0,7454,39898,3902.0,rb2205,3879,3891,3781,3781.0,1169049,1451981,3831.0,rb2206,3880,3880,3754,3776.0,3506,20876,3852.0,rb2207,3845,3845,3762,3770.0,1555,23739,3836.0,rb2208,3828,3830,3755,3763.0,2033,29398,3809.0,rb2201,4211.0,4237.0,4149.0,4169.0,2767255.0,1047299.0,4195.0
2021-11-19,4073.0151337141074,5370605.0,3023316.0,rb2112,4287,4340,4211,4290.0,477,828,4274.0,rb2201,4160,4322,4113,4285.0,3324420,1020098,4204.0,rb2202,3995,4159,3949,4112.0,35299,62926,4020.0,rb2203,3874,4067,3836,4026.0,22810,69726,3923.0,rb2204,3839,4072,3838,4020.0,11905,38816,3928.0,rb2205,3770,4039,3765,3974.0,1888556,1433189,3892.0,rb2206,3800,4015,3754,3958.0,1842,19635,3865.0,rb2207,3759,3998,3759,3938.0,656,23198,3831.0,rb2208,3760,3988,3758,3922.0,634,28918,3812.0,rb2201,4160.0,4322.0,4113.0,4285.0,3324420.0,1020098.0,4204.0
2021-11-22,4068.050016021325,4345605.0,3052182.0,rb2112,4280,4358,4244,4306.0,223,837,4313.0,rb2201,4250,4385,4231,4300.0,2618633,993798,4319.0,rb2202,4089,4195,4060,4122.0,26200,62714,4140.0,rb2203,4019,4096,3964,4018.0,18478,69504,4037.0,rb2204,3967,4084,3958,4012.0,5978,38817,4032.0,rb2205,3939,4046,3906,3964.0,1617040,1486396,3980.0,rb2206,3904,4017,3904,3940.0,677,19657,3953.0,rb2207,3868,3978,3867,3924.0,77,23180,3929.0,rb2208,3879,3975,3879,3931.0,356,29217,3919.0,rb2201,4250.0,4385.0,4231.0,4300.0,2618633.0,993798.0,4319.0
2021-11-23,4094.254564167008,4594484.0,3033467.0,rb2112,4288,4381,4269,4282.0,257,799,4317.0,rb2201,4300,4444,4254,4315.0,2505650,940832,4361.0,rb2202,4118,4279,4090,4136.0,28760,62960,4191.0,rb2203,4018,4186,3991,4061.0,17603,68282,4082.0,rb2204,4012,4180,4002,4046.0,6548,37258,4074.0,rb2205,3967,4143,3942,4006.0,1958351,1523433,4048.0,rb2206,3948,4111,3931,3988.0,559,19642,4012.0,rb2207,3924,4097,3924,3950.0,1868,21736,3953.0,rb2208,3931,4084,3931,3975.0,788,29163,3938.0,rb2201,4300.0,4444.0,4254.0,4315.0,2505650.0,940832.0,4361.0
2021-11-24,4304.368704918678,4701503.0,2944124.0,rb2112,4300,4381,4288,4367.0,159,763,4350.0,rb2201,4315,4513,4315,4502.0,2279227,882801,4433.0,rb2202,4165,4373,4163,4358.0,32307,62403,4277.0,rb2203,4061,4294,4061,4272.0,23322,67034,4200.0,rb2204,4062,4289,4060,4272.0,6382,36792,4187.0,rb2205,4010,4257,4010,4239.0,2265274,1510354,4149.0,rb2206,3999,4206,3999,4206.0,3221,17122,4124.0,rb2207,3984,4179,3976,4162.0,2611,19228,4091.0,rb2208,3970,4175,3970,4168.0,630,29640,4084.0,rb2201,4315.0,4513.0,4315.0,4502.0,2279227.0,882801.0,4433.0
2021-11-25,4298.928237493833,3656544.0,2890214.0,rb2112,4367,4422,4335,4398.0,159,729,4366.0,rb2201,4475,4535,4428,4471.0,1613432,784938,4484.0,rb2202,4358,4401,4319,4359.0,27881,62283,4360.0,rb2203,4259,4323,4241,4278.0,21753,67209,4282.0,rb2204,4284,4320,4241,4280.0,3566,36593,4282.0,rb2205,4239,4288,4214,4255.0,1901062,1544047,4251.0,rb2206,4220,4259,4177,4221.0,1565,16259,4209.0,rb2207,4187,4227,4165,4183.0,89,19247,4198.0,rb2208,4174,4218,4125,4165.0,1292,29953,4168.0,rb2205,4239.0,4288.0,4214.0,4255.0,1901062.0,1544047.0,4251.0
2021-11-26,4156.449030820518,3591193.0,3014096.0,rb2112,4384,4384,4262,4262.0,165,704,4300.0,rb2201,4461,4477,4369,4371.0,949420,715109,4428.0,rb2202,4340,4359,4238,4238.0,20956,61143,4303.0,rb2203,4267,4277,4140,4152.0,11936,67042,4225.0,rb2204,4270,4281,4142,4144.0,4965,36548,4226.0,rb2205,4248,4255,4100,4104.0,2459199,1738317,4184.0,rb2206,4221,4221,4071,4071.0,4003,18869,4164.0,rb2207,4183,4183,4041,4061.0,3899,23074,4142.0,rb2208,4165,4171,4040,4040.0,8511,29480,4137.0,rb2205,4248.0,4255.0,4100.0,4104.0,2459199.0,1738317.0,4184.0
2021-11-29,4194.356969018418,2861296.0,2925125.0,rb2112,4249,4278,4156,4190.0,226,663,4217.0,rb2201,4295,4465,4294,4414.0,657953,657400,4396.0,rb2202,4174,4333,4174,4296.0,17478,59991,4274.0,rb2203,4150,4237,4100,4199.0,9966,67575,4177.0,rb2204,4144,4231,4107,4179.0,6005,37362,4173.0,rb2205,4055,4196,4050,4145.0,2083315,1696796,4128.0,rb2206,4021,4160,4021,4109.0,1097,19460,4092.0,rb2207,4061,4141,3940,4079.0,1528,24587,4064.0,rb2208,4040,4130,4015,4076.0,2038,31482,4058.0,rb2205,4055.0,4196.0,4050.0,4145.0,2083315.0,1696796.0,4128.0
2021-11-30,4205.633056774815,2812616.0,2952841.0,rb2112,4190,4294,3951,4049.0,369,630,4176.0,rb2201,4430,4481,4357,4445.0,579170,597055,4427.0,rb2202,4310,4339,4227,4291.0,21260,58797,4284.0,rb2203,4213,4242,4134,4180.0,10211,66639,4188.0,rb2204,4204,4236,4122,4196.0,3998,37344,4178.0,rb2205,4160,4203,4078,4163.0,2102255,1772171,4141.0,rb2206,4139,4160,4048,4111.0,1060,19705,4099.0,rb2207,4199,4199,4046,4055.0,2537,25089,4117.0,rb2208,4076,4125,4045,4050.0,2018,32479,4056.0,rb2205,4160.0,4203.0,4078.0,4163.0,2102255.0,1772171.0,4141.0
2021-12-01,4330.872968477906,2911511.0,2940160.0,rb2112,4268,4366,4223,4290.0,150,630,4283.0,rb2201,4450,4545,4439,4535.0,454044,541319,4487.0,rb2202,4300,4422,4297,4406.0,18578,58288,4352.0,rb2203,4217,4343,4209,4332.0,11276,67735,4274.0,rb2204,4218,4340,4204,4325.0,5392,37469,4271.0,rb2205,4165,4315,4163,4306.0,2311658,1801517,4232.0,rb2206,4130,4274,4129,4258.0,2653,21131,4221.0,rb2207,4123,4233,4123,4233.0,1574,26573,4228.0,rb2208,4117,4238,4113,4220.0,1560,33956,4215.0,rb2205,4165.0,4315.0,4163.0,4306.0,2311658.0,1801517.0,4232.0
2021-12-02,4313.530138807998,3094848.0,2975549.0,rb2112,4215,4360,4215,4360.0,360,390,4301.0,rb2201,4535,4585,4467,4528.0,421976,508516,4524.0,rb2202,4412,4460,4336,4398.0,21642,59896,4396.0,rb2203,4347,4392,4261,4328.0,11967,67995,4327.0,rb2204,4340,4393,4257,4335.0,5484,37870,4319.0,rb2205,4315,4370,4225,4288.0,2487761,1834627,4296.0,rb2206,4280,4323,4190,4260.0,4076,23791,4260.0,rb2207,4240,4296,4152,4220.0,2566,29048,4234.0,rb2208,4234,4277,4155,4219.0,1950,35824,4219.0,rb2205,4315.0,4370.0,4225.0,4288.0,2487761.0,1834627.0,4296.0
2021-12-03,4395.348102285497,2858335.0,2985565.0,rb2112,0,0,0,4301.0,0,390,4301.0,rb2201,4538,4599,4499,4598.0,350701,468037,4554.0,rb2202,4396,4477,4378,4477.0,17074,60485,4430.0,rb2203,4305,4408,4305,4408.0,6878,67680,4353.0,rb2204,4316,4405,4306,4402.0,3507,37821,4351.0,rb2205,4290,4386,4275,4384.0,2352415,1863221,4331.0,rb2206,4257,4337,4237,4337.0,3513,26796,4292.0,rb2207,4221,4280,4205,4278.0,3020,32042,4259.0,rb2208,4205,4281,4196,4281.0,3025,38828,4241.0,rb2205,4290.0,4386.0,4275.0,4384.0,2352415.0,1863221.0,4331.0
2021-12-06,4367.975864588849,2518043.0,2980434.0,rb2112,4400,4400,4360,4360.0,60,390,4380.0,rb2201,4608,4645,4550,4576.0,258827,428827,4600.0,rb2202,4481,4524,4430,4450.0,18014,59572,4483.0,rb2203,4440,4464,4362,4385.0,9739,67227,4414.0,rb2204,4402,4464,4360,4378.0,7941,41868,4400.0,rb2205,4408,4449,4334,4359.0,2090706,1874956,4393.0,rb2206,4382,4400,4290,4310.0,4823,27349,4311.0,rb2207,4338,4338,4269,4269.0,4036,33051,4279.0,rb2208,4314,4328,4259,4259.0,4127,39726,4260.0,rb2205,4408.0,4449.0,4334.0,4359.0,2090706.0,1874956.0,4393.0
2021-12-07,4454.163331047985,2658399.0,2927343.0,rb2112,0,0,0,4380.0,0,390,4380.0,rb2201,4590,4676,4583,4650.0,247989,387129,4634.0,rb2202,4499,4565,4458,4540.0,11460,59656,4517.0,rb2203,4385,4517,4385,4473.0,7863,66535,4472.0,rb2204,4418,4516,4397,4474.0,4916,42185,4470.0,rb2205,4384,4496,4373,4450.0,2256706,1868456,4439.0,rb2206,4310,4442,4310,4405.0,1735,27544,4351.0,rb2207,4269,4441,4269,4394.0,1132,33053,4282.0,rb2208,4259,4366,4259,4356.0,1232,39524,4275.0,rb2205,4384.0,4496.0,4373.0,4450.0,2256706.0,1868456.0,4439.0
2021-12-08,4357.694610575805,2781223.0,2984586.0,rb2112,0,0,0,4380.0,0,390,4380.0,rb2201,4635,4671,4590,4592.0,238091,334217,4638.0,rb2202,4540,4558,4466,4469.0,12006,60731,4522.0,rb2203,4488,4499,4382,4385.0,7948,66166,4448.0,rb2204,4497,4499,4380,4382.0,4428,41924,4446.0,rb2205,4464,4478,4346,4350.0,2415138,1967774,4424.0,rb2206,4437,4437,4295,4314.0,971,27874,4359.0,rb2207,4394,4394,4285,4285.0,1563,33569,4361.0,rb2208,4356,4372,4259,4259.0,1545,40033,4329.0,rb2205,4464.0,4478.0,4346.0,4350.0,2415138.0,1967774.0,4424.0
2021-12-09,4296.068173253668,2912433.0,2953519.0,rb2112,4300,4300,4300,4300.0,30,390,4300.0,rb2201,4580,4617,4508,4527.0,209712,287558,4560.0,rb2202,4430,4517,4382,4406.0,13811,60253,4446.0,rb2203,4319,4424,4307,4326.0,9003,66635,4365.0,rb2204,4352,4424,4300,4316.0,5346,42553,4364.0,rb2205,4338,4396,4271,4293.0,2557982,1973781,4333.0,rb2206,4293,4331,4226,4244.0,506,27904,4277.0,rb2207,4248,4287,4232,4253.0,31,33588,4271.0,rb2208,4229,4266,4211,4223.0,198,40225,4245.0,rb2205,4338.0,4396.0,4271.0,4293.0,2557982.0,1973781.0,4333.0
2021-12-10,4318.048223505897,2279513.0,2886331.0,rb2112,4300,4310,4300,4300.0,90,390,4303.0,rb2201,4521,4560,4493,4538.0,135258,266877,4527.0,rb2202,4406,4441,4376,4422.0,12402,56649,4408.0,rb2203,4326,4370,4300,4354.0,11167,63358,4333.0,rb2204,4316,4368,4293,4348.0,9571,39874,4324.0,rb2205,4279,4345,4264,4322.0,2020021,1934030,4307.0,rb2206,4251,4287,4213,4270.0,1150,28491,4251.0,rb2207,4203,4236,4190,4230.0,541,34106,4218.0,rb2208,4204,4220,4173,4193.0,1132,41323,4199.0,rb2205,4279.0,4345.0,4264.0,4322.0,2020021.0,1934030.0,4307.0
2021-12-13,4406.346630963999,2526367.0,2934608.0,rb2112,0,0,0,4303.0,0,390,4303.0,rb2201,4529,4625,4515,4624.0,138853,247147,4567.0,rb2202,4422,4506,4390,4505.0,10956,53873,4441.0,rb2203,4354,4440,4317,4438.0,15129,58891,4364.0,rb2204,4348,4438,4300,4436.0,6255,40972,4372.0,rb2205,4322,4417,4280,4415.0,2231172,1988270,4346.0,rb2206,4270,4364,4231,4350.0,2188,30009,4279.0,rb2207,4230,4298,4230,4298.0,1521,35597,4234.0,rb2208,4193,4307,4193,4277.0,1216,42196,4197.0,rb2205,4322.0,4417.0,4280.0,4415.0,2231172.0,1988270.0,4346.0
2021-12-14,4377.306257625207,1828638.0,2865496.0,rb2112,0,0,0,4303.0,0,390,4303.0,rb2201,4618,4627,4569,4594.0,76815,234817,4601.0,rb2202,4495,4518,4458,4497.0,3955,53794,4494.0,rb2203,4438,4454,4380,4435.0,8044,58181,4421.0,rb2204,4436,4500,4376,4419.0,4381,41892,4422.0,rb2205,4413,4429,4352,4382.0,1646029,1920239,4394.0,rb2206,4350,4370,4297,4356.0,3311,33036,4351.0,rb2207,4298,4324,4287,4324.0,1170,36756,4298.0,rb2208,4277,4312,4260,4312.0,1614,43783,4277.0,rb2205,4413.0,4429.0,4352.0,4382.0,1646029.0,1920239.0,4394.0
2021-12-15,4428.111963965714,2142248.0,2944751.0,rb2112,0,0,0,4303.0,0,390,4303.0,rb2201,4610,4668,4583,4649.0,102339,210697,4632.0,rb2202,4485,4548,4469,4533.0,5114,54387,4511.0,rb2203,4410,4489,4395,4459.0,9485,58365,4446.0,rb2204,4406,4489,4388,4462.0,3855,42095,4449.0,rb2205,4383,4468,4368,4441.0,1906505,2010408,4421.0,rb2206,4356,4408,4313,4367.0,2113,34091,4371.0,rb2207,4324,4366,4277,4338.0,1554,37882,4333.0,rb2208,4312,4355,4263,4332.0,1544,45161,4307.0,rb2205,4383.0,4468.0,4368.0,4441.0,1906505.0,2010408.0,4421.0
2021-12-16,4506.760999734142,1899942.0,2930139.0,rb2201,4633,4704,4633,4704.0,89561,185690,4674.0,rb2202,4525,4609,4516,4604.0,7144,53981,4560.0,rb2203,4444,4543,4444,4534.0,8969,58527,4494.0,rb2204,4462,4552,4458,4542.0,4255,42928,4495.0,rb2205,4436,4534,4428,4529.0,1654291,2014297,4477.0,rb2206,4367,4467,4367,4467.0,8014,28773,4434.0,rb2207,4338,4430,4338,4420.0,5061,34921,4403.0,rb2208,4332,4403,4315,4387.0,1163,46283,4333.0,rb2209,4306,4377,4303,4377.0,3163,87857,4321.0,rb2205,4436.0,4534.0,4428.0,4529.0,1654291.0,2014297.0,4477.0
2021-12-17,4483.109628773306,1793736.0,2896101.0,rb2201,4703,4704,4650,4671.0,71092,168364,4680.0,rb2202,4610,4630,4571,4580.0,4294,53046,4597.0,rb2203,4534,4567,4502,4522.0,9535,56760,4535.0,rb2204,4542,4576,4508,4529.0,5382,44095,4542.0,rb2205,4529,4563,4484,4505.0,1582890,1995458,4521.0,rb2206,4467,4494,4420,4448.0,1531,29814,4460.0,rb2207,4420,4450,4392,4392.0,1033,35909,4420.0,rb2208,4387,4418,4366,4366.0,5988,43231,4410.0,rb2209,4377,4405,4348,4363.0,5208,85809,4373.0,rb2205,4529.0,4563.0,4484.0,4505.0,1582890.0,1995458.0,4521.0
2021-12-20,4450.574650324521,2257523.0,2880242.0,rb2201,4657,4726,4630,4640.0,75449,146170,4685.0,rb2202,4582,4667,4537,4542.0,9439,52522,4618.0,rb2203,4522,4610,4488,4494.0,15365,55450,4559.0,rb2204,4486,4900,4486,4504.0,8847,45200,4559.0,rb2205,4498,4595,4469,4475.0,2010427,1997807,4537.0,rb2206,4548,4548,4395,4395.0,1782,30885,4511.0,rb2207,4392,4473,4370,4370.0,1418,37271,4412.0,rb2208,4366,4470,4333,4333.0,6066,43251,4417.0,rb2209,4363,4447,4320,4323.0,10901,81221,4393.0,rb2205,4498.0,4595.0,4469.0,4475.0,2010427.0,1997807.0,4537.0
2021-12-21,4450.007282330204,2179844.0,2833983.0,rb2201,4645,4690,4640,4678.0,53942,134235,4663.0,rb2202,4545,4592,4528,4567.0,4623,52042,4558.0,rb2203,4494,4540,4469,4507.0,16271,52678,4501.0,rb2204,4504,4550,4477,4513.0,7930,45982,4509.0,rb2205,4485,4523,4444,4473.0,1935240,1967053,4480.0,rb2206,4395,4454,4380,4389.0,6196,30029,4401.0,rb2207,4370,4431,4344,4377.0,6760,36963,4366.0,rb2208,4333,4392,4319,4351.0,6180,43296,4346.0,rb2209,4323,4378,4300,4323.0,7444,81175,4320.0,rb2205,4485.0,4523.0,4444.0,4473.0,1935240.0,1967053.0,4480.0
2021-12-22,4410.1173128711225,1909590.0,2808038.0,rb2201,4692,4692,4623,4645.0,44419,120426,4657.0,rb2202,4571,4579,4517,4533.0,6315,49384,4549.0,rb2203,4508,4531,4465,4484.0,13417,51957,4494.0,rb2204,4522,4535,4453,4483.0,6164,46151,4492.0,rb2205,4480,4498,4412,4438.0,1709898,1956678,4454.0,rb2206,4392,4425,4346,4363.0,2714,30294,4378.0,rb2207,4377,4382,4305,4325.0,2295,37216,4352.0,rb2208,4351,4363,4289,4304.0,2485,43748,4327.0,rb2209,4323,4343,4253,4257.0,2329,81189,4320.0,rb2205,4480.0,4498.0,4412.0,4438.0,1709898.0,1956678.0,4454.0
2021-12-23,4449.208774663008,1931417.0,2832633.0,rb2201,4640,4685,4631,4673.0,32242,109250,4660.0,rb2202,4533,4580,4518,4577.0,6111,48695,4549.0,rb2203,4484,4537,4460,4531.0,10819,52221,4497.0,rb2204,4483,4531,4454,4526.0,7403,47558,4496.0,rb2205,4429,4488,4403,4479.0,1753140,1992623,4450.0,rb2206,4363,4417,4335,4400.0,4272,29337,4381.0,rb2207,4325,4372,4319,4362.0,3614,36607,4347.0,rb2208,4304,4339,4304,4336.0,3003,43744,4319.0,rb2209,4258,4319,4244,4299.0,5886,78608,4273.0,rb2205,4429.0,4488.0,4403.0,4479.0,1753140.0,1992623.0,4450.0
2021-12-24,4487.667219944309,1797864.0,2827393.0,rb2201,4665,4705,4665,4698.0,37077,97704,4692.0,rb2202,4577,4620,4577,4606.0,14757,40228,4595.0,rb2203,4531,4592,4531,4575.0,16920,47856,4559.0,rb2204,4526,4597,4526,4575.0,10208,50141,4558.0,rb2205,4481,4545,4479,4519.0,1613379,2002893,4513.0,rb2206,4400,4466,4400,4436.0,1867,30807,4407.0,rb2207,4362,4429,4362,4398.0,1617,38204,4365.0,rb2208,4336,4393,4336,4384.0,2504,44241,4358.0,rb2209,4301,4362,4301,4352.0,3269,78610,4303.0,rb2205,4481.0,4545.0,4479.0,4519.0,1613379.0,2002893.0,4513.0
2021-12-27,4278.761441801349,2510761.0,2857592.0,rb2201,4698,4698,4517,4540.0,60086,78392,4603.0,rb2202,4606,4606,4410,4410.0,20549,24674,4567.0,rb2203,4576,4581,4365,4378.0,23961,32041,4503.0,rb2204,4575,4577,4360,4372.0,8286,52931,4439.0,rb2205,4510,4523,4292,4307.0,2238448,2074674,4386.0,rb2206,4427,4445,4226,4245.0,2077,30316,4320.0,rb2207,4387,4405,4193,4197.0,3361,36595,4282.0,rb2208,4384,4384,4171,4184.0,4791,42880,4295.0,rb2209,4352,4352,4144,4151.0,4279,75055,4221.0,rb2205,4510.0,4523.0,4292.0,4307.0,2238448.0,2074674.0,4386.0
2021-12-28,4290.220673216282,1806642.0,2735733.0,rb2201,4520,4592,4520,4559.0,25048,68348,4564.0,rb2202,4410,4465,4380,4439.0,9364,18136,4432.0,rb2203,4384,4409,4368,4392.0,15485,24929,4392.0,rb2204,4372,4415,4359,4388.0,6732,52730,4383.0,rb2205,4318,4353,4301,4319.0,1593516,1985941,4327.0,rb2206,4245,4324,4221,4267.0,3572,29070,4256.0,rb2207,4197,4245,4197,4229.0,1888,35261,4203.0,rb2208,4184,4253,4174,4207.0,1874,41525,4188.0,rb2209,4557,4557,4150,4173.0,8546,75310,4309.0,rb2205,4318.0,4353.0,4301.0,4319.0,1593516.0,1985941.0,4327.0
2021-12-29,4284.783638440831,1992538.0,2689817.0,rb2201,4561,4584,4536,4567.0,29518,55669,4555.0,rb2202,4439,4463,4390,4418.0,8535,13095,4434.0,rb2203,4392,4420,4355,4390.0,19273,18684,4391.0,rb2204,4388,4406,4330,4374.0,8214,51689,4370.0,rb2205,4319,4346,4270,4315.0,1728554,1972822,4307.0,rb2206,4267,4280,4206,4246.0,4113,26199,4252.0,rb2207,4229,4242,4184,4200.0,2806,32838,4222.0,rb2208,4206,4219,4150,4191.0,3044,39098,4197.0,rb2209,4173,4197,4140,4180.0,6686,71349,4172.0,rb2205,4319.0,4346.0,4270.0,4315.0,1728554.0,1972822.0,4307.0
2021-12-30,4251.918933681185,2125612.0,2669333.0,rb2201,4566,4597,4527,4535.0,22226,44227,4568.0,rb2202,4418,4466,4388,4398.0,3998,11714,4437.0,rb2203,4402,4442,4366,4371.0,13038,17031,4416.0,rb2204,4374,4425,4340,4349.0,13335,50932,4385.0,rb2205,4321,4368,4265,4282.0,1916411,1967818,4320.0,rb2206,4246,4302,4206,4227.0,4492,23150,4260.0,rb2207,4200,4268,4181,4191.0,3588,29708,4211.0,rb2208,4191,4241,4159,4174.0,4242,35181,4200.0,rb2209,4180,4215,4137,4146.0,4933,70390,4170.0,rb2205,4321.0,4368.0,4265.0,4282.0,1916411.0,1967818.0,4320.0
2021-12-31,4280.255679535031,1631353.0,2553290.0,rb2201,4537,4578,4521,4550.0,25503,26696,4548.0,rb2202,4394,4460,4387,4423.0,1858,11104,4417.0,rb2203,4379,4427,4359,4417.0,9329,16212,4391.0,rb2204,4349,4425,4337,4386.0,10046,50045,4368.0,rb2205,4282,4348,4267,4315.0,1446800,1877654,4301.0,rb2206,4227,4280,4208,4243.0,3867,20762,4241.0,rb2207,4191,4241,4174,4226.0,3689,29620,4192.0,rb2208,4174,4215,4157,4202.0,2637,34558,4170.0,rb2209,4146,4195,4138,4166.0,3371,67682,4163.0,rb2205,4282.0,4348.0,4267.0,4315.0,1446800.0,1877654.0,4301.0
2022-01-04,4358.612867282017,1291854.0,2571219.0,rb2201,4600,4600,4498,4595.0,9536,19860,4579.0,rb2202,4422,4508,4410,4498.0,666,11015,4464.0,rb2203,4488,4488,4386,4468.0,5797,16156,4430.0,rb2204,4398,4450,4353,4450.0,12488,50337,4411.0,rb2205,4302,4398,4291,4395.0,1184617,1904095,4353.0,rb2206,4258,4350,4224,4344.0,1777,20221,4287.0,rb2207,4237,4297,4203,4290.0,929,29101,4252.0,rb2208,4202,4267,4174,4259.0,1622,33803,4212.0,rb2209,4166,4246,4155,4243.0,3482,64635,4172.0,rb2205,4302.0,4398.0,4291.0,4395.0,1184617.0,1904095.0,4353.0
2022-01-05,4407.829622068859,1450496.0,2586450.0,rb2201,4550,4637,4550,4630.0,4110,16770,4617.0,rb2202,4498,4555,4489,4543.0,903,10911,4526.0,rb2203,4477,4528,4462,4509.0,4733,16241,4500.0,rb2204,4450,4501,4436,4489.0,10440,50820,4477.0,rb2205,4400,4449,4385,4444.0,1277992,1903328,4422.0,rb2206,4336,4391,4320,4376.0,1988,20395,4358.0,rb2207,4290,4363,4286,4346.0,2255,30594,4320.0,rb2208,4259,4345,4259,4329.0,2591,35724,4290.0,rb2209,4243,4324,4239,4300.0,2996,66758,4256.0,rb2205,4400.0,4449.0,4385.0,4444.0,1277992.0,1903328.0,4422.0
2022-01-06,4458.904544027308,1602728.0,2617898.0,rb2201,4666,4675,4650,4675.0,5100,12720,4664.0,rb2202,4546,4599,4544,4590.0,1246,10560,4572.0,rb2203,4531,4578,4522,4560.0,6520,15722,4551.0,rb2204,4512,4557,4497,4540.0,8287,51575,4528.0,rb2205,4452,4505,4430,4494.0,1422849,1935095,4471.0,rb2206,4396,4446,4375,4427.0,1517,20447,4416.0,rb2207,4364,4419,4355,4398.0,1842,30191,4379.0,rb2208,4326,4398,4326,4369.0,3085,33782,4341.0,rb2209,4311,4369,4306,4367.0,1494,65933,4344.0,rb2205,4452.0,4505.0,4430.0,4494.0,1422849.0,1935095.0,4471.0
2022-01-07,4486.167308463853,1411015.0,2592200.0,rb2201,4675,4675,4603,4620.0,5280,9270,4647.0,rb2202,4597,4622,4553,4622.0,1899,9924,4584.0,rb2203,4570,4590,4530,4582.0,3915,15387,4559.0,rb2204,4564,4575,4509,4570.0,9142,51970,4539.0,rb2205,4495,4530,4455,4526.0,1285819,1916326,4488.0,rb2206,4430,4466,4400,4466.0,694,20468,4429.0,rb2207,4406,4429,4373,4421.0,358,30153,4393.0,rb2208,4394,4398,4344,4381.0,753,33538,4359.0,rb2209,4367,4385,4321,4380.0,2372,63944,4364.0,rb2205,4495.0,4530.0,4455.0,4526.0,1285819.0,1916326.0,4488.0
2022-01-10,4453.536793700772,1252510.0,2544566.0,rb2201,4623,4623,4495,4510.0,5790,5940,4568.0,rb2202,4622,4622,4522,4530.0,6850,7165,4595.0,rb2203,4583,4594,4526,4536.0,6683,14244,4559.0,rb2204,4570,4587,4511,4533.0,12465,48564,4553.0,rb2205,4525,4537,4463,4492.0,1133370,1890745,4499.0,rb2206,4460,4477,4410,4438.0,2759,18364,4450.0,rb2207,4427,4443,4380,4401.0,1915,28696,4407.0,rb2208,4400,4418,4351,4359.0,2296,31617,4379.0,rb2209,4389,4390,4333,4346.0,784,63446,4358.0,rb2205,4525.0,4537.0,4463.0,4492.0,1133370.0,1890745.0,4499.0
2022-01-11,4550.891911489977,1717088.0,2665732.0,rb2201,4539,4622,4500,4622.0,2640,4980,4539.0,rb2202,4530,4611,4510,4607.0,4465,5176,4549.0,rb2203,4550,4632,4512,4621.0,6056,14125,4561.0,rb2204,4555,4644,4512,4644.0,13169,49134,4563.0,rb2205,4500,4590,4481,4589.0,1581977,2014725,4527.0,rb2206,4451,4530,4424,4528.0,843,18430,4463.0,rb2207,4401,4501,4401,4501.0,1243,27595,4442.0,rb2208,4382,4471,4372,4471.0,704,31042,4439.0,rb2209,4346,4440,4346,4440.0,3850,61815,4367.0,rb2205,4500.0,4590.0,4481.0,4589.0,1581977.0,2014725.0,4527.0
2022-01-12,4593.177075201367,1170090.0,2620830.0,rb2201,4646,4702,4571,4635.0,2970,3720,4619.0,rb2202,4618,4658,4595,4647.0,2207,4434,4626.0,rb2203,4634,4672,4611,4672.0,4334,13649,4644.0,rb2204,4644,4674,4616,4674.0,8409,47464,4646.0,rb2205,4590,4634,4570,4632.0,1065702,1984861,4601.0,rb2206,4528,4575,4519,4575.0,2208,16844,4536.0,rb2207,4501,4539,4483,4536.0,2021,25759,4506.0,rb2208,4471,4503,4453,4503.0,1801,29473,4472.0,rb2209,4440,4493,4422,4480.0,4984,57223,4439.0,rb2205,4590.0,4634.0,4570.0,4632.0,1065702.0,1984861.0,4601.0
2022-01-13,4596.143165545917,1516614.0,2600493.0,rb2201,4601,4710,4601,4635.0,210,3690,4639.0,rb2202,4646,4716,4633,4642.0,1271,3931,4685.0,rb2203,4672,4727,4642,4655.0,9805,13261,4692.0,rb2204,4696,4735,4652,4660.0,11815,46594,4696.0,rb2205,4632,4701,4629,4633.0,1371509,1991671,4665.0,rb2206,4575,4640,4573,4578.0,2526,15301,4584.0,rb2207,4536,4605,4536,4541.0,1889,24194,4544.0,rb2208,4503,4573,4503,4516.0,1960,27698,4510.0,rb2209,4493,4550,4465,4492.0,5921,53897,4508.0,rb2205,4632.0,4701.0,4629.0,4633.0,1371509.0,1991671.0,4665.0
2022-01-14,4625.429513583726,1256710.0,2528246.0,rb2201,4660,4695,4660,4695.0,60,3660,4677.0,rb2202,4642,4696,4615,4675.0,998,3932,4673.0,rb2203,4639,4696,4631,4670.0,3330,12966,4671.0,rb2204,4640,4708,4636,4685.0,9255,46991,4678.0,rb2205,4625,4679,4606,4664.0,1153063,1945448,4648.0,rb2206,4578,4620,4554,4612.0,5261,11248,4586.0,rb2207,4541,4580,4514,4575.0,3620,20702,4548.0,rb2208,4516,4551,4496,4537.0,3005,24833,4514.0,rb2209,4533,4533,4451,4500.0,4341,49905,4510.0,rb2205,4625.0,4679.0,4606.0,4664.0,1153063.0,1945448.0,4648.0
2022-01-17,4517.465718543146,1947142.0,2519292.0,rb2201,4682,4682,4520,4650.0,540,3240,4560.0,rb2202,4675,4690,4552,4586.0,1337,3630,4598.0,rb2203,4691,4700,4564,4571.0,5475,12036,4601.0,rb2204,4685,4716,4556,4576.0,15610,45805,4611.0,rb2205,4670,4690,4520,4553.0,1781730,1927580,4587.0,rb2206,4630,4630,4466,4494.0,2096,10678,4511.0,rb2207,4588,4590,4439,4468.0,1214,19737,4484.0,rb2208,4556,4563,4416,4440.0,177,24869,4463.0,rb2209,4500,4540,4384,4413.0,4012,50836,4471.0,rb2205,4670.0,4690.0,4520.0,4553.0,1781730.0,1927580.0,4587.0
2022-01-18,4563.237187391305,1163443.0,2458145.0,rb2202,4582,4643,4569,4635.0,208,3651,4609.0,rb2203,4568,4638,4568,4625.0,2812,12215,4595.0,rb2204,4570,4645,4564,4620.0,12256,46445,4596.0,rb2205,4547,4619,4537,4599.0,1066625,1873336,4575.0,rb2206,4538,4560,4484,4534.0,2559,9799,4526.0,rb2207,4478,4524,4467,4518.0,1601,18223,4510.0,rb2208,4440,4497,4439,4487.0,2735,22396,4466.0,rb2209,4413,4478,4406,4456.0,3092,49439,4441.0,rb2210,4370,4433,4358,4420.0,62101,357651,4397.0,rb2205,4547.0,4619.0,4537.0,4599.0,1066625.0,1873336.0,4575.0
2022-01-19,4679.293708741749,1807263.0,2459508.0,rb2202,4635,4767,4635,4740.0,449,3481,4699.0,rb2203,4651,4760,4649,4740.0,2873,11727,4727.0,rb2204,4628,4772,4628,4744.0,12532,45427,4734.0,rb2205,4630,4744,4627,4713.0,1617199,1932904,4698.0,rb2206,4575,4685,4575,4654.0,6939,4440,4653.0,rb2207,4556,4666,4556,4615.0,9810,8764,4625.0,rb2208,4521,4617,4521,4599.0,7633,14882,4590.0,rb2209,4461,4590,4461,4573.0,7988,42760,4572.0,rb2210,4420,4545,4420,4529.0,134683,332725,4515.0,rb2205,4630.0,4744.0,4627.0,4713.0,1617199.0,1932904.0,4698.0
2022-01-20,4682.367512334084,1334441.0,2422150.0,rb2202,4740,4760,4708,4733.0,428,3303,4728.0,rb2203,4745,4768,4708,4745.0,1394,11560,4732.0,rb2204,4747,4776,4709,4750.0,14624,45589,4734.0,rb2205,4718,4742,4675,4713.0,1170056,1908425,4706.0,rb2206,4667,4688,4629,4668.0,924,4277,4650.0,rb2207,4635,4660,4600,4626.0,198,8757,4623.0,rb2208,4586,4625,4579,4621.0,1200,13897,4597.0,rb2209,4576,4608,4552,4592.0,1649,43216,4578.0,rb2210,4530,4567,4506,4542.0,139047,323053,4536.0,rb2205,4718.0,4742.0,4675.0,4713.0,1170056.0,1908425.0,4706.0
2022-01-21,4680.789782664315,1455585.0,2380327.0,rb2202,4726,4773,4701,4722.0,381,3227,4743.0,rb2203,4724,4781,4715,4740.0,1831,11434,4742.0,rb2204,4750,4791,4714,4748.0,15627,43846,4750.0,rb2205,4713,4758,4680,4711.0,1318370,1882937,4717.0,rb2206,4650,4708,4631,4660.0,1699,3123,4657.0,rb2207,4610,4676,4602,4640.0,816,8165,4628.0,rb2208,4591,4693,4579,4614.0,338,13605,4621.0,rb2209,4581,4624,4558,4579.0,1150,42632,4591.0,rb2210,4542,4586,4511,4542.0,104647,311879,4546.0,rb2205,4713.0,4758.0,4680.0,4711.0,1318370.0,1882937.0,4717.0
2022-01-24,4634.912966335352,1715352.0,2371657.0,rb2202,4718,4780,4710,4711.0,770,3056,4740.0,rb2203,4733,4808,4699,4699.0,2665,10790,4753.0,rb2204,4741,4817,4695,4699.0,14320,43262,4752.0,rb2205,4720,4786,4653,4665.0,1574388,1877729,4712.0,rb2206,4664,4725,4586,4616.0,696,3058,4655.0,rb2207,4626,4690,4575,4595.0,424,7816,4633.0,rb2208,4614,4671,4566,4573.0,301,13382,4648.0,rb2209,4585,4648,4536,4536.0,475,42585,4590.0,rb2210,4565,4613,4490,4496.0,116234,312118,4548.0,rb2205,4720.0,4786.0,4653.0,4665.0,1574388.0,1877729.0,4712.0
2022-01-25,4688.850674934913,1327874.0,2261181.0,rb2202,4711,4751,4695,4742.0,304,2859,4720.0,rb2203,4699,4759,4678,4751.0,1594,10176,4713.0,rb2204,4699,4765,4675,4750.0,10960,40928,4717.0,rb2205,4660,4730,4630,4722.0,1212866,1785229,4677.0,rb2206,4616,4676,4582,4670.0,1667,1899,4622.0,rb2207,4595,4646,4567,4634.0,169,7810,4621.0,rb2208,4573,4624,4535,4613.0,2238,11366,4573.0,rb2209,4535,4590,4510,4574.0,1179,41870,4561.0,rb2210,4496,4550,4464,4539.0,94711,301060,4508.0,rb2205,4660.0,4730.0,4630.0,4722.0,1212866.0,1785229.0,4677.0
2022-01-26,4662.815263253367,1391107.0,2205100.0,rb2202,4743,4760,4691,4738.0,230,2750,4733.0,rb2203,4751,4766,4687,4729.0,6021,5238,4740.0,rb2204,4750,4775,4682,4731.0,21825,26474,4738.0,rb2205,4722,4740,4635,4694.0,1237281,1766393,4688.0,rb2206,4664,4688,4583,4650.0,479,1848,4634.0,rb2207,4647,4650,4558,4622.0,1318,6841,4608.0,rb2208,4611,4616,4531,4592.0,2430,10200,4574.0,rb2209,4574,4593,4509,4560.0,6655,39715,4559.0,rb2210,4540,4553,4463,4519.0,110261,288851,4514.0,rb2205,4722.0,4740.0,4635.0,4694.0,1237281.0,1766393.0,4688.0
2022-01-27,4641.791522007908,1495173.0,2149023.0,rb2202,4738,4754,4697,4700.0,579,2650,4736.0,rb2203,4729,4790,4695,4726.0,1567,4231,4734.0,rb2204,4731,4793,4694,4720.0,15327,19179,4732.0,rb2205,4697,4757,4654,4673.0,1325881,1727529,4696.0,rb2206,4635,4704,4606,4620.0,3011,2645,4639.0,rb2207,4622,4669,4577,4594.0,4531,5836,4617.0,rb2208,4592,4638,4544,4553.0,5628,9485,4588.0,rb2209,4560,4609,4528,4555.0,16411,37618,4557.0,rb2210,4525,4566,4480,4499.0,110376,280316,4516.0,rb2205,4697.0,4757.0,4654.0,4673.0,1325881.0,1727529.0,4696.0
2022-01-28,4794.108751000323,1334316.0,2093075.0,rb2202,4777,5051,4617,5051.0,233,2581,4778.0,rb2203,4719,4858,4719,4858.0,763,4188,4801.0,rb2204,4720,4868,4720,4868.0,9902,15372,4798.0,rb2205,4691,4830,4681,4829.0,1210006,1675744,4764.0,rb2206,4620,4770,4620,4770.0,2009,2709,4717.0,rb2207,4648,4721,4648,4721.0,943,6336,4677.0,rb2208,4553,4712,4553,4712.0,1333,10526,4614.0,rb2209,4555,4692,4555,4692.0,10259,42019,4622.0,rb2210,4500,4645,4500,4641.0,92465,275490,4582.0,rb2205,4691.0,4830.0,4681.0,4829.0,1210006.0,1675744.0,4764.0
2022-02-07,4810.874131935786,837589.0,2105403.0,rb2202,5051,5051,4800,4800.0,31,2580,4808.0,rb2203,4888,4897,4838,4878.0,260,4178,4870.0,rb2204,4896,4908,4841,4873.0,3336,14645,4873.0,rb2205,4875,4879,4801,4847.0,744755,1680665,4837.0,rb2206,4798,4824,4755,4799.0,2264,2750,4789.0,rb2207,4744,4793,4725,4758.0,186,6314,4752.0,rb2208,4731,4761,4700,4726.0,196,10507,4729.0,rb2209,4692,4730,4656,4707.0,9494,45323,4695.0,rb2210,4596,4680,4596,4658.0,72158,277546,4647.0,rb2205,4875.0,4879.0,4801.0,4847.0,744755.0,1680665.0,4837.0
2022-02-08,4873.555050134151,1335963.0,2196407.0,rb2202,0,0,0,4850.0,0,2580,4850.0,rb2203,4856,4981,4856,4941.0,442,4155,4943.0,rb2204,4878,4981,4875,4951.0,5144,12694,4947.0,rb2205,4839,4946,4839,4912.0,1186239,1749557,4905.0,rb2206,4828,4889,4827,4853.0,1547,2608,4852.0,rb2207,4784,4881,4783,4813.0,1060,6312,4826.0,rb2208,4726,4828,4726,4777.0,1111,11020,4768.0,rb2209,4712,4797,4693,4763.0,19543,53944,4767.0,rb2210,4646,4744,4646,4713.0,113123,288498,4706.0,rb2205,4839.0,4946.0,4839.0,4912.0,1186239.0,1749557.0,4905.0
2022-02-09,4802.689347099356,1507074.0,2266256.0,rb2202,0,0,0,4850.0,0,2580,4850.0,rb2203,4917,4976,4880,4895.0,926,4114,4918.0,rb2204,4930,4971,4871,4892.0,5684,10113,4932.0,rb2205,4900,4935,4825,4843.0,1324241,1785924,4881.0,rb2206,4813,4885,4775,4800.0,2848,2728,4828.0,rb2207,4785,4847,4741,4746.0,1007,6380,4794.0,rb2208,4761,4818,4714,4723.0,420,11007,4763.0,rb2209,4763,4784,4681,4698.0,22282,59258,4736.0,rb2210,4707,4731,4628,4644.0,137478,311520,4679.0,rb2205,4900.0,4935.0,4825.0,4843.0,1324241.0,1785924.0,4881.0
2022-02-10,4909.506478908683,1614232.0,2384275.0,rb2202,4960,4960,4960,4960.0,30,2580,4960.0,rb2203,4899,5001,4899,4988.0,643,3922,4939.0,rb2204,4892,5004,4886,4990.0,3580,8324,4932.0,rb2205,4850,4967,4838,4955.0,1394586,1867561,4906.0,rb2206,4812,4912,4812,4888.0,2314,2724,4861.0,rb2207,4775,4879,4774,4850.0,629,6403,4834.0,rb2208,4723,4852,4723,4820.0,3795,12801,4756.0,rb2209,4698,4811,4689,4795.0,18565,63061,4747.0,rb2210,4650,4759,4632,4738.0,172909,338647,4698.0,rb2205,4850.0,4967.0,4838.0,4955.0,1394586.0,1867561.0,4906.0
2022-02-11,4863.215677837616,1707136.0,2463503.0,rb2202,4999,4999,4999,4999.0,60,2610,4999.0,rb2203,5068,5075,4971,4980.0,582,3869,5021.0,rb2204,5034,5069,4950,4950.0,2002,7909,5026.0,rb2205,4990,5034,4902,4905.0,1470339,1895139,4986.0,rb2206,4938,4980,4868,4868.0,3003,2607,4933.0,rb2207,4850,4935,4807,4838.0,1729,5681,4881.0,rb2208,4820,4908,4810,4810.0,2263,14791,4826.0,rb2209,4795,4876,4765,4765.0,23915,67909,4830.0,rb2210,4760,4824,4713,4716.0,191450,378061,4782.0,rb2205,4990.0,5034.0,4902.0,4905.0,1470339.0,1895139.0,4986.0
2022-02-14,4763.519211592997,2191698.0,2518141.0,rb2202,4800,4800,4800,4800.0,30,2610,4800.0,rb2203,4930,4965,4855,4884.0,824,3661,4913.0,rb2204,4899,4949,4848,4879.0,2689,7613,4906.0,rb2205,4900,4910,4791,4817.0,1874764,1888817,4862.0,rb2206,4838,4859,4744,4780.0,5394,2933,4811.0,rb2207,4811,4822,4712,4732.0,2299,5762,4770.0,rb2208,4810,4810,4676,4694.0,3485,16879,4779.0,rb2209,4765,4765,4638,4660.0,30180,72795,4719.0,rb2210,4718,4718,4580,4597.0,255776,421214,4659.0,rb2205,4900.0,4910.0,4791.0,4817.0,1874764.0,1888817.0,4862.0
2022-02-15,4673.581916674564,2451738.0,2606191.0,rb2202,4799,4799,4700,4700.0,90,2610,4733.0,rb2203,4853,4858,4734,4799.0,1083,3140,4796.0,rb2204,4849,4860,4718,4768.0,4048,7336,4782.0,rb2205,4805,4816,4666,4728.0,2124511,1921187,4744.0,rb2206,4746,4762,4617,4676.0,6295,2816,4711.0,rb2207,4713,4715,4580,4644.0,964,5753,4650.0,rb2208,4686,4691,4556,4607.0,1294,16809,4623.0,rb2209,4660,4660,4514,4571.0,31347,77267,4593.0,rb2210,4597,4602,4458,4518.0,256403,454709,4530.0,rb2205,4805.0,4816.0,4666.0,4728.0,2124511.0,1921187.0,4744.0
2022-02-16,4769.608806776047,1737036.0,2609309.0,rb2203,4794,4878,4792,4865.0,525,2933,4837.0,rb2204,4764,4870,4764,4870.0,2003,7107,4821.0,rb2205,4745,4834,4725,4832.0,1497635,1874486,4780.0,rb2206,4700,4776,4683,4776.0,1417,2700,4719.0,rb2207,4639,4738,4639,4726.0,1133,5739,4681.0,rb2208,4603,4698,4603,4692.0,946,16827,4647.0,rb2209,4567,4670,4566,4665.0,19415,78456,4617.0,rb2210,4519,4619,4510,4611.0,205875,503954,4557.0,rb2211,4479,4566,4472,4559.0,301,56603,4532.0,rb2205,4745.0,4834.0,4725.0,4832.0,1497635.0,1874486.0,4780.0
2022-02-17,4629.713010342593,2444442.0,2744186.0,rb2203,4865,4865,4738,4738.0,752,2805,4784.0,rb2204,4865,4865,4730,4730.0,3581,6521,4792.0,rb2205,4835,4842,4684,4686.0,2132547,1962220,4744.0,rb2206,4775,4782,4630,4630.0,2122,2644,4677.0,rb2207,4718,4718,4600,4600.0,2124,5693,4657.0,rb2208,4683,4683,4570,4570.0,2414,17519,4611.0,rb2209,4665,4676,4540,4542.0,33099,82533,4597.0,rb2210,4611,4618,4484,4488.0,251921,541537,4549.0,rb2211,4559,4559,4445,4445.0,6021,57484,4509.0,rb2205,4835.0,4842.0,4684.0,4686.0,2132547.0,1962220.0,4744.0
2022-02-18,4718.958714064152,1783814.0,2736404.0,rb2203,4728,4838,4702,4813.0,556,2789,4789.0,rb2204,4716,4837,4706,4826.0,2758,6401,4776.0,rb2205,4666,4798,4659,4779.0,1578103,1929520,4730.0,rb2206,4620,4740,4614,4718.0,1418,2592,4668.0,rb2207,4586,4703,4584,4676.0,1198,5788,4649.0,rb2208,4570,4661,4545,4638.0,2903,19313,4581.0,rb2209,4542,4641,4532,4626.0,25277,83527,4584.0,rb2210,4480,4592,4467,4577.0,158821,557350,4531.0,rb2211,4445,4558,4438,4534.0,4238,61522,4489.0,rb2205,4666.0,4798.0,4659.0,4779.0,1578103.0,1929520.0,4730.0
2022-02-21,4783.923104683548,1853898.0,2784812.0,rb2203,4813,4865,4789,4865.0,352,2658,4819.0,rb2204,4826,4876,4795,4876.0,1587,5948,4828.0,rb2205,4785,4848,4751,4845.0,1627394,1978620,4788.0,rb2206,4729,4784,4704,4784.0,1509,2588,4740.0,rb2207,4692,4740,4667,4740.0,453,5781,4697.0,rb2208,4638,4736,4635,4736.0,1323,20301,4643.0,rb2209,4626,4686,4605,4685.0,22225,85417,4634.0,rb2210,4540,4637,4540,4637.0,183435,548848,4589.0,rb2211,4534,4598,4513,4598.0,2278,63677,4535.0,rb2205,4785.0,4848.0,4751.0,4845.0,1627394.0,1978620.0,4788.0
2022-02-22,4676.838466409389,2006765.0,2807868.0,rb2203,4872,4905,4800,4806.0,629,2450,4845.0,rb2204,4891,4919,4782,4799.0,1851,5501,4878.0,rb2205,4845,4883,4723,4734.0,1766048,1980665,4820.0,rb2206,4793,4828,4671,4680.0,1380,2476,4774.0,rb2207,4747,4785,4640,4663.0,769,5768,4727.0,rb2208,4736,4745,4605,4615.0,1275,20857,4707.0,rb2209,4698,4724,4589,4599.0,21542,86713,4679.0,rb2210,4647,4674,4536,4543.0,188557,551807,4625.0,rb2211,4598,4633,4500,4511.0,1133,63753,4592.0,rb2205,4845.0,4883.0,4723.0,4734.0,1766048.0,1980665.0,4820.0
2022-02-23,4723.214104109072,1750401.0,2818909.0,rb2203,4806,4852,4797,4829.0,243,2380,4827.0,rb2204,4799,4860,4798,4831.0,1129,5230,4823.0,rb2205,4735,4818,4732,4786.0,1506852,1966677,4775.0,rb2206,4682,4770,4682,4736.0,1014,2433,4725.0,rb2207,4659,4724,4654,4698.0,683,5886,4686.0,rb2208,4636,4680,4618,4645.0,288,20792,4646.0,rb2209,4599,4660,4594,4635.0,24807,88711,4627.0,rb2210,4544,4608,4544,4583.0,204928,570093,4576.0,rb2211,4508,4558,4508,4546.0,469,64169,4548.0,rb2205,4735.0,4818.0,4732.0,4786.0,1506852.0,1966677.0,4775.0
2022-02-24,4576.91830243502,2621276.0,2977347.0,rb2203,4820,4844,4686,4695.0,1976,2143,4710.0,rb2204,4831,4859,4688,4695.0,3957,2358,4808.0,rb2205,4788,4808,4622,4637.0,2257947,2081475,4704.0,rb2206,4779,4779,4573,4592.0,3947,2597,4639.0,rb2207,4676,4715,4530,4566.0,3361,5889,4609.0,rb2208,4642,4668,4499,4510.0,1341,20709,4570.0,rb2209,4633,4652,4475,4495.0,45299,89054,4555.0,rb2210,4599,4600,4424,4441.0,285176,607911,4503.0,rb2211,4546,4546,4385,4410.0,650,63753,4502.0,rb2205,4788.0,4808.0,4622.0,4637.0,2257947.0,2081475.0,4704.0
2022-02-25,4560.837963695078,2623582.0,3066967.0,rb2203,4674,4730,4601,4643.0,1521,1087,4656.0,rb2204,4695,4739,4595,4664.0,1372,1570,4686.0,rb2205,4635,4666,4525,4617.0,2155123,2108560,4603.0,rb2206,4592,4613,4479,4568.0,3805,3028,4553.0,rb2207,4548,4577,4448,4544.0,3073,6047,4539.0,rb2208,4510,4541,4341,4493.0,1376,20696,4481.0,rb2209,4505,4520,4396,4485.0,43934,91336,4464.0,rb2210,4450,4469,4361,4447.0,389308,659243,4418.0,rb2211,4401,4421,4311,4380.0,2610,65137,4362.0,rb2205,4635.0,4666.0,4525.0,4617.0,2155123.0,2108560.0,4603.0
2022-02-28,4631.313669699878,1956488.0,2992648.0,rb2203,4685,4830,4602,4830.0,492,750,4716.0,rb2204,4676,4745,4662,4739.0,635,1314,4699.0,rb2205,4617,4706,4597,4693.0,1624958,2004494,4662.0,rb2206,4590,4652,4556,4639.0,2993,4072,4633.0,rb2207,4511,4619,4511,4612.0,2703,5985,4587.0,rb2208,4493,4579,4493,4566.0,1175,20722,4546.0,rb2209,4498,4560,4470,4552.0,32070,91846,4528.0,rb2210,4447,4519,4435,4516.0,269387,682042,4483.0,rb2211,4380,4480,4380,4459.0,2820,66489,4434.0,rb2205,4617.0,4706.0,4597.0,4693.0,1624958.0,2004494.0,4662.0
2022-03-01,4775.779890364974,1948629.0,2901445.0,rb2203,4828,4830,4828,4830.0,120,870,4829.0,rb2204,4758,4874,4752,4863.0,1046,1407,4793.0,rb2205,4710,4844,4710,4837.0,1595430,1904382,4776.0,rb2206,4671,4800,4666,4800.0,2749,4243,4745.0,rb2207,4618,4774,4618,4763.0,2206,5992,4701.0,rb2208,4587,4737,4587,4732.0,934,21056,4692.0,rb2209,4567,4717,4561,4704.0,31731,92264,4640.0,rb2210,4525,4686,4522,4668.0,287823,690520,4592.0,rb2211,4459,4631,4459,4631.0,3641,62876,4476.0,rb2205,4710.0,4844.0,4710.0,4837.0,1595430.0,1904382.0,4776.0
2022-03-02,4795.205969806607,1802676.0,2901032.0,rb2203,4902,4902,4850,4850.0,60,870,4876.0,rb2204,4882,4916,4846,4866.0,404,1532,4892.0,rb2205,4850,4893,4803,4860.0,1480163,1874846,4850.0,rb2206,4877,4877,4758,4802.0,4025,4095,4794.0,rb2207,4763,4810,4736,4770.0,847,5890,4773.0,rb2208,4725,4783,4696,4732.0,1199,21107,4728.0,rb2209,4703,4762,4675,4726.0,41903,91252,4714.0,rb2210,4669,4730,4637,4689.0,253416,717069,4677.0,rb2211,4613,4682,4588,4629.0,1517,63419,4626.0,rb2205,4850.0,4893.0,4803.0,4860.0,1480163.0,1874846.0,4850.0
2022-03-03,4811.1413822977165,2282816.0,2883402.0,rb2203,4988,4988,4977,4977.0,120,780,4985.0,rb2204,4896,4972,4872,4918.0,221,1417,4925.0,rb2205,4861,4943,4833,4880.0,1865890,1845374,4886.0,rb2206,4826,4894,4797,4820.0,2786,3934,4848.0,rb2207,4787,4858,4773,4807.0,1046,6048,4817.0,rb2208,4767,4819,4737,4763.0,1681,21026,4783.0,rb2209,4733,4797,4705,4734.0,41640,87998,4752.0,rb2210,4696,4757,4669,4700.0,352956,728420,4713.0,rb2211,4655,4717,4622,4652.0,489,63099,4657.0,rb2205,4861.0,4943.0,4833.0,4880.0,1865890.0,1845374.0,4886.0
2022-03-04,4826.788653101117,2052493.0,2862791.0,rb2203,0,0,0,4985.0,0,780,4985.0,rb2204,4943,4957,4885,4913.0,150,1410,4912.0,rb2205,4886,4924,4842,4901.0,1661820,1804366,4881.0,rb2206,4861,4879,4798,4855.0,4124,4099,4839.0,rb2207,4807,4850,4766,4850.0,1564,6040,4797.0,rb2208,4805,4805,4722,4789.0,3774,18526,4791.0,rb2209,4750,4786,4697,4756.0,39974,84294,4739.0,rb2210,4689,4745,4655,4714.0,324408,747483,4699.0,rb2211,4677,4682,4624,4635.0,60,63096,4652.0,rb2205,4886.0,4924.0,4842.0,4901.0,1661820.0,1804366.0,4881.0
2022-03-07,5009.970751895153,2495673.0,2807293.0,rb2203,5100,5100,5070,5090.0,120,750,5085.0,rb2204,4955,5121,4929,5121.0,248,1354,5036.0,rb2205,4902,5096,4887,5094.0,1930142,1725088,5014.0,rb2206,4860,5050,4860,5032.0,4332,3173,4997.0,rb2207,4822,5010,4822,4983.0,906,5991,4960.0,rb2208,4789,4964,4778,4955.0,4621,15358,4823.0,rb2209,4756,4944,4747,4934.0,44297,79593,4872.0,rb2210,4719,4909,4708,4889.0,482814,781510,4827.0,rb2211,4642,4850,4642,4847.0,2175,61049,4753.0,rb2205,4902.0,5096.0,4887.0,5094.0,1930142.0,1725088.0,5014.0
2022-03-08,4868.570600763364,2936421.0,2599809.0,rb2203,0,0,0,5085.0,0,750,5085.0,rb2204,5108,5108,4961,5007.0,140,1262,5027.0,rb2205,5094,5100,4900,4956.0,2239561,1563898,4981.0,rb2206,5039,5043,4854,4906.0,2089,3011,4942.0,rb2207,4948,4965,4827,4904.0,980,6009,4891.0,rb2208,4955,4955,4750,4838.0,3698,12296,4935.0,rb2209,4934,4944,4739,4790.0,44537,72816,4823.0,rb2210,4895,4897,4692,4748.0,604800,749645,4774.0,rb2211,4847,5100,4380,4710.0,12722,49774,4749.0,rb2205,5094.0,5100.0,4900.0,4956.0,2239561.0,1563898.0,4981.0
2022-03-09,4827.2279181099975,1999981.0,2581414.0,rb2203,4995,5055,4820,4820.0,90,720,4956.0,rb2204,4922,5003,4912,4940.0,57,1236,4961.0,rb2205,4925,5000,4855,4907.0,1502246,1464164,4944.0,rb2206,4854,4953,4813,4866.0,4646,2934,4910.0,rb2207,4830,4939,4785,4834.0,2522,6037,4882.0,rb2208,4838,4868,4745,4807.0,3509,9921,4834.0,rb2209,4808,4847,4700,4769.0,30958,70234,4804.0,rb2210,4729,4800,4668,4736.0,427830,824268,4753.0,rb2211,4658,4740,4630,4704.0,9532,52882,4723.0,rb2205,4925.0,5000.0,4855.0,4907.0,1502246.0,1464164.0,4944.0
2022-03-10,4810.707700702995,2200944.0,2574700.0,rb2203,4990,4990,4990,4990.0,30,690,4990.0,rb2204,4890,4968,4853,4927.0,72,1186,4894.0,rb2205,4850,4955,4822,4896.0,1593413,1438212,4872.0,rb2206,4866,4916,4790,4851.0,2116,2916,4847.0,rb2207,4803,4853,4745,4821.0,981,5976,4811.0,rb2208,4770,4814,4718,4755.0,1154,9933,4774.0,rb2209,4758,4803,4698,4755.0,30291,70744,4740.0,rb2210,4694,4775,4665,4715.0,535357,845944,4704.0,rb2211,4704,4709,4628,4685.0,3852,53144,4685.0,rb2205,4850.0,4955.0,4822.0,4896.0,1593413.0,1438212.0,4872.0
2022-03-11,4841.867838159561,1742732.0,2538698.0,rb2203,4900,4900,4900,4900.0,30,690,4900.0,rb2204,4965,4970,4868,4931.0,27,1174,4932.0,rb2205,4908,4949,4847,4917.0,1264426,1380899,4894.0,rb2206,4862,4906,4812,4869.0,2364,2932,4857.0,rb2207,4836,4869,4790,4855.0,1016,5973,4822.0,rb2208,4788,4834,4757,4792.0,1874,9577,4801.0,rb2209,4755,4809,4736,4795.0,28078,71005,4772.0,rb2210,4732,4780,4706,4769.0,422981,867492,4744.0,rb2211,4688,4731,4663,4724.0,5072,48139,4686.0,rb2205,4908.0,4949.0,4847.0,4917.0,1264426.0,1380899.0,4894.0
2022-03-14,4646.146719685682,2488875.0,2634275.0,rb2203,0,0,0,4889.0,0,690,4889.0,rb2204,4918,4966,4737,4745.0,88,1133,4841.0,rb2205,4872,4919,4693,4695.0,1788603,1410730,4792.0,rb2206,4841,4882,4692,4692.0,2090,3233,4764.0,rb2207,4813,4862,4686,4686.0,1713,6617,4763.0,rb2208,4776,4825,4655,4655.0,1837,9219,4710.0,rb2209,4768,4805,4610,4621.0,25153,71136,4707.0,rb2210,4740,4782,4600,4601.0,623668,906804,4693.0,rb2211,4686,4738,4568,4568.0,489,47990,4641.0,rb2205,4872.0,4919.0,4693.0,4695.0,1788603.0,1410730.0,4792.0
2022-03-15,4702.517143218173,2508480.0,2666973.0,rb2203,4889,4889,4889,4889.0,210,690,4889.0,rb2204,4710,4832,4710,4801.0,40,1117,4755.0,rb2205,4694,4825,4681,4753.0,1735203,1349633,4751.0,rb2206,4702,4803,4592,4727.0,3935,4008,4753.0,rb2207,4713,4790,4681,4737.0,1142,6601,4748.0,rb2208,4666,4752,4642,4699.0,793,9260,4713.0,rb2209,4594,4729,4594,4691.0,27033,72269,4678.0,rb2210,4550,4720,4550,4663.0,698855,980520,4662.0,rb2211,4568,4688,4562,4643.0,2499,50146,4596.0,rb2205,4694.0,4825.0,4681.0,4753.0,1735203.0,1349633.0,4751.0
2022-03-16,4847.026485461511,2003827.0,2735463.0,rb2204,4778,4947,4776,4920.0,159,1066,4834.0,rb2205,4730,4908,4725,4904.0,1363006,1330578,4818.0,rb2206,4731,4990,4716,4888.0,3027,4797,4798.0,rb2207,4693,4879,4693,4878.0,786,6786,4791.0,rb2208,4702,4848,4701,4848.0,485,9273,4780.0,rb2209,4670,4833,4657,4830.0,19389,73088,4746.0,rb2210,4663,4812,4645,4811.0,595009,1061175,4732.0,rb2211,4643,4761,4618,4761.0,459,50014,4684.0,rb2212,4569,4721,4569,4721.0,4206,66252,4597.0,rb2205,4730.0,4908.0,4725.0,4904.0,1363006.0,1330578.0,4818.0
2022-03-17,4842.874118440354,1755011.0,2762859.0,rb2204,4920,4974,4902,4908.0,121,1052,4920.0,rb2205,4920,4946,4861,4902.0,1203863,1309488,4904.0,rb2206,4912,4919,4823,4873.0,1056,4939,4876.0,rb2207,4915,4915,4845,4872.0,529,6923,4876.0,rb2208,4872,4882,4814,4837.0,1102,9619,4844.0,rb2209,4850,4866,4797,4824.0,16450,73305,4829.0,rb2210,4840,4854,4780,4810.0,502415,1101388,4817.0,rb2211,4761,4808,4743,4758.0,1937,48638,4762.0,rb2212,4721,4760,4697,4697.0,3116,66766,4717.0,rb2205,4920.0,4946.0,4861.0,4902.0,1203863.0,1309488.0,4904.0
2022-03-18,4888.910536318462,1443220.0,2739268.0,rb2204,4908,4966,4908,4948.0,93,1044,4943.0,rb2205,4902,4956,4890,4953.0,979085,1271483,4924.0,rb2206,4884,4920,4871,4920.0,544,4952,4897.0,rb2207,4888,4912,4867,4912.0,282,6871,4890.0,rb2208,4854,4879,4833,4867.0,658,9605,4857.0,rb2209,4834,4871,4817,4869.0,15560,72090,4848.0,rb2210,4817,4860,4801,4853.0,426166,1114213,4832.0,rb2211,4678,4819,4678,4806.0,324,48433,4795.0,rb2212,4712,4769,4712,4764.0,434,66451,4752.0,rb2205,4902.0,4956.0,4890.0,4953.0,979085.0,1271483.0,4924.0
2022-03-21,4862.875889974073,1830225.0,2765530.0,rb2204,4957,4972,4890,4931.0,185,994,4926.0,rb2205,4923,4980,4862,4923.0,1214930,1269415,4926.0,rb2206,4900,4950,4840,4898.0,838,4949,4906.0,rb2207,4886,4936,4854,4895.0,253,6850,4889.0,rb2208,4856,4899,4828,4865.0,358,9603,4858.0,rb2209,4862,4892,4813,4841.0,13093,71648,4850.0,rb2210,4831,4876,4796,4831.0,576751,1133286,4834.0,rb2211,4806,4836,4680,4790.0,1547,49124,4802.0,rb2212,4764,4784,4711,4734.0,2145,68356,4763.0,rb2205,4923.0,4980.0,4862.0,4923.0,1214930.0,1269415.0,4926.0
2022-03-22,4861.099879026495,1217147.0,2714644.0,rb2204,4934,4955,4915,4933.0,131,1011,4933.0,rb2205,4909,4955,4897,4918.0,785470,1188532,4932.0,rb2206,4867,4927,4867,4893.0,819,4937,4906.0,rb2207,4880,4918,4880,4896.0,257,6855,4899.0,rb2208,4847,4889,4847,4860.0,215,9607,4870.0,rb2209,4848,4879,4825,4846.0,10896,72016,4859.0,rb2210,4822,4868,4810,4834.0,404991,1162522,4845.0,rb2211,4782,4828,4778,4800.0,24,49114,4792.0,rb2212,4733,4778,4733,4754.0,31,68348,4752.0,rb2205,4909.0,4955.0,4897.0,4918.0,785470.0,1188532.0,4932.0
2022-03-23,4925.821777509416,1737093.0,2782320.0,rb2204,4915,4957,4880,4950.0,82,1067,4940.0,rb2205,4912,4987,4866,4983.0,1044259,1208811,4926.0,rb2206,4900,4956,4846,4956.0,2026,5750,4901.0,rb2207,4892,4947,4838,4947.0,515,6827,4886.0,rb2208,4860,4922,4802,4922.0,432,9469,4862.0,rb2209,4835,4917,4792,4915.0,12767,70972,4860.0,rb2210,4830,4905,4774,4900.0,656975,1207094,4844.0,rb2211,4733,4860,4733,4860.0,219,48916,4812.0,rb2212,4754,4808,4706,4800.0,1542,69001,4746.0,rb2205,4912.0,4987.0,4866.0,4983.0,1044259.0,1208811.0,4926.0
2022-03-24,4894.43103611668,1720147.0,2722454.0,rb2204,4970,5001,4940,4940.0,91,1066,4945.0,rb2205,4985,5014,4935,4945.0,940925,1081970,4976.0,rb2206,4960,4991,4916,4918.0,1597,5682,4958.0,rb2207,4966,4987,4921,4922.0,611,6927,4958.0,rb2208,4932,4967,4880,4882.0,1107,9803,4925.0,rb2209,4916,4947,4880,4892.0,18384,69586,4915.0,rb2210,4922,4939,4867,4877.0,734687,1277923,4906.0,rb2211,4893,4893,4828,4832.0,1359,47982,4867.0,rb2212,4800,4848,4788,4790.0,3300,66747,4819.0,rb2205,4985.0,5014.0,4935.0,4945.0,940925.0,1081970.0,4976.0
2022-03-25,4976.742898205761,1610217.0,2695516.0,rb2204,4950,4996,4922,4929.0,84,1062,4954.0,rb2205,4945,5018,4943,5013.0,803651,1012299,4979.0,rb2206,4933,4995,4931,4985.0,857,5691,4965.0,rb2207,4922,4995,4922,4981.0,822,7041,4963.0,rb2208,4882,4979,4882,4979.0,527,9770,4939.0,rb2209,4932,4979,4884,4967.0,17409,66902,4940.0,rb2210,4885,4978,4877,4974.0,761033,1322010,4928.0,rb2211,4832,4931,4832,4910.0,3232,47821,4851.0,rb2212,4790,4888,4790,4886.0,2243,66553,4790.0,rb2205,4945.0,5018.0,4943.0,5013.0,803651.0,1012299.0,4979.0
2022-03-28,5029.716856564796,1819092.0,2685826.0,rb2204,4974,5058,4974,5058.0,284,1053,5035.0,rb2205,4987,5074,4985,5058.0,753616,893420,5031.0,rb2206,4970,5056,4970,5036.0,806,5588,5006.0,rb2207,4981,5065,4976,5056.0,1119,6335,4997.0,rb2208,4979,5050,4954,5019.0,1287,9121,4989.0,rb2209,4942,5046,4942,5030.0,30745,54754,4983.0,rb2210,4975,5051,4940,5032.0,982760,1434753,4999.0,rb2211,4910,5008,4907,4998.0,4749,49630,4945.0,rb2212,4886,4968,4860,4941.0,8916,64913,4897.0,rb2210,4975.0,5051.0,4940.0,5032.0,982760.0,1434753.0,4999.0
2022-03-29,5010.515256076315,1528356.0,2670903.0,rb2204,5058,5061,5002,5048.0,119,952,5018.0,rb2205,5029,5080,5020,5045.0,480010,771444,5051.0,rb2206,5020,5066,5013,5044.0,631,5598,5041.0,rb2207,5041,5202,5001,5030.0,456,6488,5054.0,rb2208,5022,5042,4992,5014.0,138,9113,5029.0,rb2209,5020,5046,4993,5012.0,17999,48678,5023.0,rb2210,5032,5050,4992,5012.0,987028,1527965,5022.0,rb2211,4998,5009,4957,4985.0,3697,52173,4983.0,rb2212,4941,4971,4920,4931.0,3420,67358,4940.0,rb2210,5032.0,5050.0,4992.0,5012.0,987028.0,1527965.0,5022.0
2022-03-30,5028.924276614054,1834907.0,2528664.0,rb2204,5008,5089,4990,5089.0,94,906,5023.0,rb2205,4982,5063,4972,5059.0,420343,651944,5018.0,rb2206,5039,5047,4964,5047.0,406,5432,5010.0,rb2207,5030,5049,4969,5045.0,214,6396,5016.0,rb2208,5014,5028,4930,5028.0,257,9005,4986.0,rb2209,4950,5035,4925,5033.0,19330,44122,4979.0,rb2210,4976,5037,4918,5034.0,1352525,1519061,4979.0,rb2211,4985,5000,4890,4996.0,4851,50954,4970.0,rb2212,4794,4961,4794,4956.0,7025,65420,4844.0,rb2210,4976.0,5037.0,4918.0,5034.0,1352525.0,1519061.0,4979.0
2022-03-31,5056.437250514377,2014049.0,2442275.0,rb2204,5150,5200,4980,5109.0,133,900,5115.0,rb2205,5080,5130,5044,5092.0,392670,556391,5093.0,rb2206,5045,5115,5022,5073.0,1047,5665,5078.0,rb2207,5060,5137,5043,5090.0,972,6885,5085.0,rb2208,5060,5104,5018,5059.0,136,8992,5068.0,rb2209,5051,5112,5001,5054.0,19290,38586,5060.0,rb2210,5070,5117,4997,5061.0,1551132,1541215,5061.0,rb2211,4996,5079,4965,5026.0,8987,48241,5015.0,rb2212,4956,5039,4932,4989.0,8080,64600,4977.0,rb2210,5070.0,5117.0,4997.0,5061.0,1551132.0,1541215.0,5061.0
2022-04-01,5153.980975502436,1572534.0,2472654.0,rb2204,0,0,0,5115.0,0,900,5115.0,rb2205,5078,5189,5078,5189.0,240107,488401,5137.0,rb2206,5103,5156,5070,5151.0,493,5781,5127.0,rb2207,5100,5194,5063,5174.0,345,6957,5122.0,rb2208,5084,5154,5036,5145.0,356,9109,5127.0,rb2209,5054,5160,5049,5155.0,14735,36871,5106.0,rb2210,5063,5165,5051,5160.0,1276736,1639645,5109.0,rb2211,5047,5126,5018,5126.0,7175,47391,5067.0,rb2212,4989,5086,4982,5084.0,5961,69332,5017.0,rb2210,5063.0,5165.0,5051.0,5160.0,1276736.0,1639645.0,5109.0
2022-04-06,5117.903300262534,1286799.0,2449593.0,rb2204,0,0,0,5115.0,0,900,5115.0,rb2205,5187,5210,5111,5162.0,161803,447987,5163.0,rb2206,5130,5182,5100,5143.0,238,5710,5139.0,rb2207,5239,5241,5111,5152.0,96,6965,5162.0,rb2208,5128,5175,5075,5134.0,131,9168,5137.0,rb2209,5118,5192,5078,5123.0,11309,35387,5123.0,rb2210,5158,5190,5083,5121.0,1062347,1644865,5133.0,rb2211,5126,5155,5047,5090.0,13209,52179,5116.0,rb2212,5014,5115,5013,5054.0,8838,76699,5029.0,rb2210,5158.0,5190.0,5083.0,5121.0,1062347.0,1644865.0,5133.0
2022-04-07,5068.426666895622,1756773.0,2445894.0,rb2204,0,0,0,5115.0,0,900,5115.0,rb2205,5166,5182,5105,5131.0,198209,398646,5142.0,rb2206,5158,5167,5081,5115.0,327,5566,5123.0,rb2207,5156,5167,5090,5130.0,273,6949,5134.0,rb2208,5074,5150,5032,5082.0,264,9223,5093.0,rb2209,5134,5143,5042,5073.0,17745,31555,5097.0,rb2210,5122,5148,5034,5070.0,1495053,1681999,5090.0,rb2211,5090,5111,5009,5041.0,3902,53472,5066.0,rb2212,5054,5074,4972,5003.0,5686,80758,5034.0,rb2210,5122.0,5148.0,5034.0,5070.0,1495053.0,1681999.0,5090.0
2022-04-08,5019.372713286964,2040907.0,2393993.0,rb2204,0,0,0,5115.0,0,900,5115.0,rb2205,5130,5158,5043,5091.0,181261,349265,5096.0,rb2206,5118,5124,5015,5051.0,297,5429,5072.0,rb2207,5119,5140,5013,5065.0,345,6896,5098.0,rb2208,5067,5107,4971,5028.0,618,9063,5042.0,rb2209,5058,5103,4961,5022.0,19868,29732,5029.0,rb2210,5052,5103,4953,5019.0,1778196,1664699,5025.0,rb2211,5041,5074,4928,5000.0,5077,54052,5004.0,rb2212,5003,5034,4895,4967.0,6687,83520,4974.0,rb2210,5052.0,5103.0,4953.0,5019.0,1778196.0,1664699.0,5025.0
2022-04-11,4875.076712392601,2083982.0,2403523.0,rb2204,5005,5005,5005,5005.0,30,900,5005.0,rb2205,5091,5115,4976,4987.0,185395,305679,5028.0,rb2206,5054,5084,4930,4954.0,566,5229,4993.0,rb2207,5067,5099,4915,4935.0,1326,6657,5017.0,rb2208,5010,5032,4884,4887.0,1392,8700,4975.0,rb2209,5102,5102,4873,4881.0,24678,28076,4942.0,rb2210,5018,5039,4859,4867.0,1756999,1686172,4927.0,rb2211,4999,5017,4845,4859.0,11878,56210,4934.0,rb2212,4967,4998,4829,4844.0,10257,84037,4902.0,rb2210,5018.0,5039.0,4859.0,4867.0,1756999.0,1686172.0,4927.0
2022-04-12,5032.573229939423,1948249.0,2427996.0,rb2204,0,0,0,5005.0,0,900,5005.0,rb2205,4995,5099,4984,5094.0,136205,277767,5041.0,rb2206,4940,5059,4920,5046.0,214,5182,5003.0,rb2207,4960,5071,4940,5071.0,679,6104,5031.0,rb2208,4902,5032,4894,5031.0,261,8738,4948.0,rb2209,4881,5038,4881,5034.0,20099,28377,4953.0,rb2210,4880,5035,4872,5035.0,1710656,1712979,4955.0,rb2211,4859,5020,4859,5018.0,6259,57147,4928.0,rb2212,4844,5006,4841,5003.0,6856,85959,4914.0,rb2210,4880.0,5035.0,4872.0,5035.0,1710656.0,1712979.0,4955.0
2022-04-13,4919.738876995799,2155080.0,2436055.0,rb2204,5020,5020,5010,5010.0,600,900,5017.0,rb2205,5100,5100,5018,5018.0,103671,259232,5060.0,rb2206,5054,5064,4983,4983.0,213,5171,5026.0,rb2207,5057,5070,4988,4988.0,375,6126,5034.0,rb2208,5017,5025,4922,4933.0,94,8741,4979.0,rb2209,5034,5038,4922,4922.0,22960,27818,4978.0,rb2210,5036,5041,4912,4915.0,1918588,1713890,4973.0,rb2211,5023,5023,4902,4910.0,9511,58529,4957.0,rb2212,5003,5005,4899,4900.0,12867,86556,4940.0,rb2210,5036.0,5041.0,4912.0,4915.0,1918588.0,1713890.0,4973.0
2022-04-14,5003.38108067779,1888067.0,2405879.0,rb2204,4950,4980,4950,4980.0,60,840,4965.0,rb2205,5050,5109,5031,5079.0,101896,243077,5070.0,rb2206,5006,5077,5001,5045.0,120,5144,5045.0,rb2207,5014,5079,5000,5060.0,950,5252,5057.0,rb2208,4933,5028,4933,5021.0,417,8487,4949.0,rb2209,4923,5036,4923,5006.0,24332,27592,4985.0,rb2210,4940,5035,4931,5004.0,1699571,1695968,4983.0,rb2211,4910,5021,4910,4989.0,7103,60770,4968.0,rb2212,4900,5010,4900,4977.0,7762,86791,4957.0,rb2210,4940.0,5035.0,4931.0,5004.0,1699571.0,1695968.0,4983.0
2022-04-15,5046.602591028893,1602464.0,2420660.0,rb2204,0,0,0,4965.0,0,840,4965.0,rb2205,5085,5145,5078,5126.0,76292,221689,5114.0,rb2206,5072,5117,5053,5079.0,120,5109,5093.0,rb2207,5071,5121,5056,5079.0,118,5259,5092.0,rb2208,5016,5080,5016,5028.0,62,8499,5051.0,rb2209,5008,5079,5004,5054.0,20280,27840,5043.0,rb2210,5000,5078,4994,5049.0,1457183,1721933,5040.0,rb2211,4989,5063,4989,5035.0,9125,62700,5021.0,rb2212,4977,5050,4977,5029.0,7858,88243,5014.0,rb2210,5000.0,5078.0,4994.0,5049.0,1457183.0,1721933.0,5040.0
2022-04-18,5060.7921511359455,1942464.0,2436429.0,rb2205,5080,5150,5055,5131.0,76117,211709,5113.0,rb2206,5049,5105,5004,5098.0,282,4984,5070.0,rb2207,5049,5122,5003,5109.0,1209,4182,5079.0,rb2208,4990,5088,4986,5073.0,545,7997,5034.0,rb2209,5029,5088,4972,5065.0,24430,27038,5040.0,rb2210,5020,5088,4960,5063.0,1783175,1748021,5033.0,rb2211,5035,5075,4960,5052.0,6279,62932,5022.0,rb2212,5029,5061,4949,5042.0,10109,87061,5014.0,rb2301,4984,5024,4904,5007.0,39778,215763,4975.0,rb2210,5020.0,5088.0,4960.0,5063.0,1783175.0,1748021.0,5033.0
2022-04-19,5013.324140937497,2490767.0,2456777.0,rb2205,5110,5185,5090,5106.0,90045,194703,5139.0,rb2206,5118,5158,5044,5072.0,226,4937,5083.0,rb2207,5095,5169,5051,5092.0,84,4179,5113.0,rb2208,5088,5100,5025,5030.0,52,8019,5062.0,rb2209,5085,5124,5006,5030.0,29176,27717,5069.0,rb2210,5080,5128,5000,5011.0,2283937,1772066,5066.0,rb2211,5052,5114,4994,5011.0,10834,63729,5052.0,rb2212,5042,5101,4987,5029.0,9248,88292,5046.0,rb2301,5014,5065,4950,4961.0,62762,224361,5010.0,rb2210,5080.0,5128.0,5000.0,5011.0,2283937.0,1772066.0,5066.0
2022-04-20,5101.936281598866,1920121.0,2494868.0,rb2205,5110,5199,5107,5175.0,71554,178876,5164.0,rb2206,5068,5178,5068,5137.0,335,4920,5147.0,rb2207,5084,5188,5084,5155.0,162,4221,5153.0,rb2208,5039,5115,5039,5091.0,550,7521,5104.0,rb2209,5024,5141,5021,5102.0,22216,27980,5096.0,rb2210,5021,5145,5015,5106.0,1752642,1824534,5094.0,rb2211,5019,5132,5019,5100.0,7357,62471,5091.0,rb2212,5024,5119,4995,5092.0,7446,88196,5073.0,rb2301,4965,5079,4964,5043.0,52424,225092,5029.0,rb2210,5021.0,5145.0,5015.0,5106.0,1752642.0,1824534.0,5094.0
2022-04-21,5053.236632232775,1936520.0,2427163.0,rb2205,5177,5194,5122,5154.0,69526,169826,5159.0,rb2206,5143,5161,5070,5103.0,325,4779,5111.0,rb2207,5139,5172,5076,5090.0,162,4227,5132.0,rb2208,5100,5125,5029,5048.0,873,7450,5077.0,rb2209,5115,5132,5031,5065.0,22207,28312,5087.0,rb2210,5117,5131,5026,5058.0,1736150,1766237,5085.0,rb2211,5097,5113,5012,5050.0,7656,63120,5065.0,rb2212,5092,5106,4998,5044.0,13443,88757,5056.0,rb2301,5048,5062,4937,4978.0,82581,223084,5007.0,rb2210,5117.0,5131.0,5026.0,5058.0,1736150.0,1766237.0,5085.0
2022-04-22,4962.475252426953,1747280.0,2399407.0,rb2205,5158,5165,5112,5121.0,62437,154258,5133.0,rb2206,5103,5118,5031,5059.0,409,4608,5064.0,rb2207,5090,5117,5040,5064.0,160,4230,5062.0,rb2208,5053,5063,4963,4985.0,195,7315,4981.0,rb2209,5072,5079,4973,4974.0,22955,27733,5020.0,rb2210,5065,5078,4963,4964.0,1591861,1749223,5015.0,rb2211,5051,5064,4945,4945.0,5780,63612,4993.0,rb2212,5044,5052,4930,4933.0,7829,88471,5007.0,rb2301,4965,4994,4883,4883.0,53474,226529,4934.0,rb2210,5065.0,5078.0,4963.0,4964.0,1591861.0,1749223.0,5015.0
2022-04-25,4775.839046122148,2940776.0,2363615.0,rb2205,5111,5144,4980,4989.0,108831,117602,5047.0,rb2206,5042,5055,4863,4863.0,789,4268,4927.0,rb2207,5057,5059,4877,4877.0,501,4231,4960.0,rb2208,4985,4985,4800,4812.0,719,7017,4917.0,rb2209,4974,5000,4771,4787.0,42018,27908,4871.0,rb2210,4960,4991,4763,4778.0,2661872,1749194,4863.0,rb2211,4945,4977,4753,4770.0,11091,63221,4846.0,rb2212,4933,4961,4736,4736.0,11630,86808,4843.0,rb2301,4882,4900,4689,4692.0,96941,232796,4788.0,rb2210,4960.0,4991.0,4763.0,4778.0,2661872.0,1749194.0,4863.0
2022-04-26,4825.005318636177,2000522.0,2334057.0,rb2205,4972,5062,4971,5027.0,42692,101026,5017.0,rb2206,4884,4971,4880,4950.0,527,4106,4914.0,rb2207,4909,4965,4860,4940.0,152,4193,4911.0,rb2208,4809,4872,4787,4854.0,114,6941,4827.0,rb2209,4787,4882,4755,4832.0,30088,27887,4815.0,rb2210,4800,4877,4747,4829.0,1832418,1741533,4817.0,rb2211,4722,4864,4722,4814.0,17393,59297,4775.0,rb2212,4736,4849,4728,4806.0,12312,79798,4765.0,rb2301,4695,4787,4670,4745.0,61473,239889,4730.0,rb2210,4800.0,4877.0,4747.0,4829.0,1832418.0,1741533.0,4817.0
2022-04-27,4857.890495784247,2092030.0,2325326.0,rb2205,5039,5075,5030,5061.0,37720,84140,5052.0,rb2206,4923,4996,4923,4974.0,293,4082,4965.0,rb2207,4972,5016,4911,4955.0,902,3750,4944.0,rb2208,4893,4898,4832,4843.0,33,6937,4881.0,rb2209,4850,4908,4824,4864.0,30172,27869,4872.0,rb2210,4849,4905,4816,4864.0,1914290,1752014,4866.0,rb2211,4814,4890,4802,4848.0,17723,55426,4837.0,rb2212,4806,4875,4791,4840.0,13549,72139,4818.0,rb2301,4762,4817,4730,4780.0,72528,246973,4777.0,rb2210,4849.0,4905.0,4816.0,4864.0,1914290.0,1752014.0,4866.0
2022-04-28,4841.572050427874,2075203.0,2303012.0,rb2205,5050,5080,5025,5079.0,34090,66220,5051.0,rb2206,4950,4981,4922,4967.0,269,4040,4952.0,rb2207,4941,4968,4891,4946.0,356,3600,4921.0,rb2208,4843,4880,4810,4866.0,1673,5352,4843.0,rb2209,4865,4875,4794,4857.0,32227,27369,4839.0,rb2210,4860,4873,4784,4850.0,1892895,1745874,4831.0,rb2211,4848,4854,4741,4830.0,16309,56883,4815.0,rb2212,4840,4851,4763,4827.0,8762,73891,4810.0,rb2301,4782,4790,4692,4754.0,86913,247259,4749.0,rb2210,4860.0,4873.0,4784.0,4850.0,1892895.0,1745874.0,4831.0
2022-04-29,4895.92307939145,1788801.0,2212606.0,rb2205,5080,5211,5064,5211.0,50882,30633,5152.0,rb2206,4973,5044,4931,4995.0,371,4039,4990.0,rb2207,4940,5026,4910,5009.0,176,3588,4963.0,rb2208,4849,4931,4820,4915.0,92,5348,4849.0,rb2209,4856,4928,4816,4916.0,27445,28408,4869.0,rb2210,4850,4926,4809,4910.0,1593951,1687884,4863.0,rb2211,4830,4900,4790,4890.0,28027,59732,4844.0,rb2212,4827,4889,4784,4876.0,17339,71923,4835.0,rb2301,4750,4819,4716,4801.0,67955,246973,4761.0,rb2210,4850.0,4926.0,4809.0,4910.0,1593951.0,1687884.0,4863.0
2022-05-05,4906.678856269803,1197451.0,2191321.0,rb2205,5210,5220,5191,5210.0,5943,25320,5209.0,rb2206,5017,5052,4989,5018.0,351,3957,5019.0,rb2207,5019,5035,4968,5008.0,221,3597,4995.0,rb2208,4920,4950,4887,4934.0,499,4925,4917.0,rb2209,4909,4970,4876,4930.0,17764,27265,4917.0,rb2210,4930,4953,4866,4923.0,1096034,1671713,4914.0,rb2211,4911,4927,4844,4896.0,22438,60664,4884.0,rb2212,4876,4925,4836,4884.0,8968,73035,4877.0,rb2301,4786,4845,4760,4809.0,43922,245599,4803.0,rb2210,4930.0,4953.0,4866.0,4923.0,1096034.0,1671713.0,4914.0
2022-05-06,4719.7871071570025,2206005.0,2433924.0,rb2205,5223,5223,5082,5082.0,5640,20790,5158.0,rb2206,5058,5060,4910,4912.0,331,4067,4972.0,rb2207,5007,5011,4872,4904.0,502,3559,4932.0,rb2208,4931,4935,4780,4780.0,677,4421,4858.0,rb2209,4933,4941,4758,4762.0,23801,27107,4858.0,rb2210,4923,4932,4726,4734.0,2034752,1888415,4834.0,rb2211,4896,4905,4710,4710.0,27388,64580,4817.0,rb2212,4884,4891,4703,4710.0,11581,77506,4818.0,rb2301,4810,4815,4620,4622.0,97497,266490,4722.0,rb2210,4923.0,4932.0,4726.0,4734.0,2034752.0,1888415.0,4834.0
2022-05-09,4642.5789632155975,2296752.0,2507503.0,rb2205,5100,5139,5051,5111.0,8640,13950,5095.0,rb2206,4914,4969,4885,4955.0,3589,995,4905.0,rb2207,4900,4915,4796,4824.0,774,3059,4856.0,rb2208,4780,4790,4670,4713.0,1463,3306,4724.0,rb2209,4763,4780,4669,4686.0,33091,26345,4723.0,rb2210,4734,4749,4623,4654.0,2004662,1923461,4679.0,rb2211,4688,4730,4606,4636.0,45675,63798,4659.0,rb2212,4709,4725,4604,4635.0,22722,84163,4662.0,rb2301,4635,4650,4535,4571.0,173159,311722,4599.0,rb2210,4734.0,4749.0,4623.0,4654.0,2004662.0,1923461.0,4679.0
2022-05-10,4594.814582107702,2257621.0,2587102.0,rb2205,5087,5117,5055,5096.0,6030,9360,5098.0,rb2206,4910,4972,4819,4878.0,1118,511,4881.0,rb2207,4809,4890,4750,4813.0,263,3023,4792.0,rb2208,4685,4710,4596,4643.0,276,3271,4661.0,rb2209,4681,4684,4558,4628.0,32810,25851,4617.0,rb2210,4630,4657,4531,4607.0,2024014,1975489,4590.0,rb2211,4665,4665,4519,4588.0,36188,62521,4577.0,rb2212,4634,4635,4523,4586.0,13813,85377,4581.0,rb2301,4570,4575,4468,4530.0,138897,343110,4521.0,rb2210,4630.0,4657.0,4531.0,4607.0,2024014.0,1975489.0,4590.0
2022-05-11,4664.623058795926,1669952.0,2540176.0,rb2205,5089,5090,5020,5053.0,8190,2160,5060.0,rb2206,4915,4987,4870,4943.0,195,510,4917.0,rb2207,4820,4900,4806,4864.0,45,3011,4855.0,rb2208,4645,4739,4642,4697.0,279,3263,4673.0,rb2209,4631,4725,4622,4723.0,20586,26455,4667.0,rb2210,4614,4714,4611,4681.0,1540902,1932947,4658.0,rb2211,4600,4692,4592,4658.0,19410,64363,4636.0,rb2212,4610,4689,4595,4653.0,7362,85960,4636.0,rb2301,4526,4623,4526,4592.0,71452,341532,4571.0,rb2210,4614.0,4714.0,4611.0,4681.0,1540902.0,1932947.0,4658.0
2022-05-12,4597.154129892158,2068457.0,2549207.0,rb2205,5045,5045,5010,5010.0,480,1710,5029.0,rb2206,4930,4956,4891,4916.0,582,654,4924.0,rb2207,4864,4900,4810,4831.0,200,2931,4865.0,rb2208,4683,4755,4650,4667.0,318,3201,4715.0,rb2209,4710,4754,4615,4633.0,32068,25631,4676.0,rb2210,4670,4731,4585,4612.0,1899655,1933319,4656.0,rb2211,4647,4710,4569,4595.0,27270,64692,4635.0,rb2212,4653,4708,4572,4595.0,12781,85594,4634.0,rb2301,4588,4640,4510,4530.0,89596,354296,4568.0,rb2210,4670.0,4731.0,4585.0,4612.0,1899655.0,1933319.0,4656.0
2022-05-13,4653.854535384645,1853490.0,2524174.0,rb2205,5024,5030,4980,5030.0,810,960,5018.0,rb2206,4864,4915,4850,4915.0,71,640,4885.0,rb2207,4802,4873,4800,4862.0,74,2937,4830.0,rb2208,4636,4706,4621,4700.0,64,3168,4673.0,rb2209,4605,4708,4585,4686.0,29117,25418,4635.0,rb2210,4585,4690,4555,4670.0,1711214,1903090,4615.0,rb2211,4564,4669,4540,4649.0,22444,63896,4593.0,rb2212,4595,4666,4540,4650.0,9098,85332,4595.0,rb2301,4490,4603,4481,4586.0,75709,358298,4527.0,rb2210,4585.0,4690.0,4555.0,4670.0,1711214.0,1903090.0,4615.0
2022-05-16,4659.727372230182,2174725.0,2575530.0,rb2205,5030,5070,5030,5070.0,60,900,5050.0,rb2206,4915,4930,4860,4886.0,276,604,4899.0,rb2207,4862,4891,4815,4867.0,75,2935,4855.0,rb2208,4705,4744,4651,4711.0,268,3060,4684.0,rb2209,4706,4728,4626,4704.0,31822,24800,4678.0,rb2210,4666,4704,4589,4679.0,2012180,1949519,4645.0,rb2211,4646,4684,4571,4658.0,26897,63314,4628.0,rb2212,4650,4679,4567,4651.0,12357,85864,4625.0,rb2301,4628,4628,4498,4580.0,90461,363941,4558.0,rb2210,4666.0,4704.0,4589.0,4679.0,2012180.0,1949519.0,4645.0
2022-05-17,4634.423781945532,1527625.0,2545309.0,rb2206,4902,4928,4902,4922.0,314,574,4923.0,rb2207,4800,4897,4800,4871.0,103,2925,4867.0,rb2208,4721,4734,4694,4694.0,61,3037,4717.0,rb2209,4704,4717,4665,4679.0,18473,23971,4691.0,rb2210,4680,4696,4632,4650.0,1419456,1922217,4666.0,rb2211,4658,4674,4614,4630.0,19065,59695,4648.0,rb2212,4651,4672,4614,4634.0,8104,84576,4643.0,rb2301,4589,4611,4553,4568.0,56545,366269,4582.0,rb2302,4545,4583,4525,4552.0,1269,39949,4550.0,rb2210,4680.0,4696.0,4632.0,4650.0,1419456.0,1922217.0,4666.0
2022-05-18,4520.401583775371,2029112.0,2751274.0,rb2206,4928,4929,4840,4841.0,141,498,4905.0,rb2207,4842,4846,4783,4801.0,115,2890,4812.0,rb2208,4668,4682,4584,4598.0,184,3046,4630.0,rb2209,4679,4693,4568,4571.0,17664,23276,4635.0,rb2210,4660,4666,4531,4532.0,1882000,2114881,4597.0,rb2211,4630,4643,4523,4525.0,19245,60179,4585.0,rb2212,4634,4643,4527,4528.0,12289,85620,4587.0,rb2301,4578,4580,4461,4462.0,90041,375738,4523.0,rb2302,4552,4552,4455,4460.0,2402,41387,4540.0,rb2210,4660.0,4666.0,4531.0,4532.0,1882000.0,2114881.0,4597.0
2022-05-19,4563.576411295167,2193297.0,2705405.0,rb2206,4826,4886,4826,4875.0,157,445,4862.0,rb2207,4761,4795,4711,4782.0,630,2667,4753.0,rb2208,4566,4633,4524,4633.0,115,3068,4566.0,rb2209,4552,4618,4502,4618.0,18774,22868,4558.0,rb2210,4525,4585,4461,4579.0,2047231,2065144,4521.0,rb2211,4525,4570,4452,4564.0,23975,59947,4508.0,rb2212,4528,4566,4454,4563.0,11122,87220,4506.0,rb2301,4460,4502,4392,4493.0,86028,377756,4445.0,rb2302,4460,4501,4378,4501.0,656,41907,4454.0,rb2210,4525.0,4585.0,4461.0,4579.0,2047231.0,2065144.0,4521.0
2022-05-20,4620.58822560346,1650558.0,2610155.0,rb2206,4870,4870,4786,4822.0,786,208,4817.0,rb2207,4766,4835,4756,4815.0,335,2486,4772.0,rb2208,4627,4661,4591,4651.0,262,3134,4624.0,rb2209,4588,4673,4588,4665.0,14149,23297,4630.0,rb2210,4579,4650,4558,4638.0,1533538,1968756,4611.0,rb2211,4558,4631,4545,4624.0,18847,59436,4594.0,rb2212,4556,4630,4544,4620.0,9521,86612,4597.0,rb2301,4486,4565,4477,4549.0,67969,377705,4525.0,rb2302,4499,4544,4466,4530.0,1519,43338,4499.0,rb2210,4579.0,4650.0,4558.0,4638.0,1533538.0,1968756.0,4611.0
2022-05-23,4587.069126634655,2320150.0,2620278.0,rb2206,4785,4860,4759,4767.0,87,192,4792.0,rb2207,4819,4839,4750,4776.0,243,2444,4815.0,rb2208,4677,4717,4587,4636.0,222,3100,4663.0,rb2209,4657,4723,4598,4636.0,20457,23379,4659.0,rb2210,4629,4700,4567,4604.0,2154222,1976149,4636.0,rb2211,4575,4677,4549,4591.0,27090,58785,4614.0,rb2212,4614,4673,4548,4588.0,9857,86756,4611.0,rb2301,4519,4605,4482,4515.0,105535,380787,4551.0,rb2302,4552,4566,4478,4503.0,44,43322,4542.0,rb2210,4629.0,4700.0,4567.0,4604.0,2154222.0,1976149.0,4636.0
2022-05-24,4453.384155620629,1997941.0,2758606.0,rb2206,4730,4755,4617,4650.0,75,192,4673.0,rb2207,4754,4779,4645,4645.0,142,2433,4725.0,rb2208,4629,4634,4502,4504.0,178,3069,4577.0,rb2209,4644,4651,4496,4505.0,18337,23369,4588.0,rb2210,4620,4621,4456,4468.0,1870396,2104086,4552.0,rb2211,4591,4602,4445,4453.0,23118,58747,4540.0,rb2212,4605,4605,4445,4452.0,8859,86644,4543.0,rb2301,4548,4548,4382,4390.0,73508,389477,4470.0,rb2302,4508,4508,4375,4375.0,30,43331,4427.0,rb2210,4620.0,4621.0,4456.0,4468.0,1870396.0,2104086.0,4552.0
2022-05-25,4523.584085609714,2282149.0,2693713.0,rb2206,4633,4716,4600,4680.0,28,180,4625.0,rb2207,4653,4713,4635,4671.0,111,2409,4668.0,rb2208,4513,4604,4492,4585.0,153,3033,4525.0,rb2209,4459,4576,4459,4576.0,18719,23233,4530.0,rb2210,4468,4549,4444,4541.0,2157011,2040853,4497.0,rb2211,4473,4532,4431,4523.0,22855,58822,4483.0,rb2212,4492,4528,4431,4522.0,10100,86652,4479.0,rb2301,4409,4465,4371,4457.0,70156,387727,4417.0,rb2302,4378,4440,4356,4420.0,90,43366,4389.0,rb2210,4468.0,4549.0,4444.0,4541.0,2157011.0,2040853.0,4497.0
2022-05-26,4490.475006736003,2831545.0,2783550.0,rb2206,4658,4662,4630,4655.0,19,179,4642.0,rb2207,4620,4682,4618,4678.0,73,2411,4649.0,rb2208,4585,4585,4461,4545.0,210,3032,4518.0,rb2209,4584,4584,4460,4539.0,39314,23365,4503.0,rb2210,4500,4520,4427,4505.0,2591842,2113657,4475.0,rb2211,4523,4523,4415,4489.0,46264,58928,4458.0,rb2212,4562,4562,4415,4490.0,18347,86255,4457.0,rb2301,4450,4450,4350,4430.0,129236,401679,4401.0,rb2302,4420,4420,4339,4419.0,245,43582,4413.0,rb2210,4500.0,4520.0,4427.0,4505.0,2591842.0,2113657.0,4475.0
2022-05-27,4561.52671491233,2151840.0,2669670.0,rb2206,4714,4746,4605,4670.0,108,164,4683.0,rb2207,4693,4749,4676,4709.0,386,2324,4708.0,rb2208,4555,4638,4555,4621.0,294,2958,4604.0,rb2209,4520,4635,4520,4610.0,25132,23172,4594.0,rb2210,4510,4604,4503,4576.0,1992558,1994377,4561.0,rb2211,4498,4589,4490,4572.0,31172,59120,4549.0,rb2212,4497,4588,4489,4568.0,10855,86772,4546.0,rb2301,4427,4528,4427,4506.0,80645,402815,4485.0,rb2302,4418,4498,4418,4476.0,29,43574,4473.0,rb2210,4510.0,4604.0,4503.0,4576.0,1992558.0,1994377.0,4561.0
2022-05-30,4604.717842379101,1820191.0,2619107.0,rb2206,4690,4752,4618,4618.0,58,124,4724.0,rb2207,4739,4779,4738,4759.0,276,2181,4748.0,rb2208,4659,4689,4641,4645.0,327,2819,4660.0,rb2209,4622,4676,4618,4662.0,24305,23141,4647.0,rb2210,4588,4646,4580,4621.0,1658750,1941132,4615.0,rb2211,4574,4630,4572,4609.0,35759,58101,4603.0,rb2212,4575,4628,4570,4610.0,11995,86300,4600.0,rb2301,4510,4565,4510,4545.0,80375,404279,4538.0,rb2302,4508,4545,4505,4515.0,428,43974,4518.0,rb2210,4588.0,4646.0,4580.0,4621.0,1658750.0,1941132.0,4615.0
2022-05-31,4666.389598403214,1709191.0,2578681.0,rb2206,4746,4746,4454,4465.0,54,120,4522.0,rb2207,4746,4806,4746,4801.0,150,2181,4784.0,rb2208,4670,4732,4656,4710.0,89,2812,4699.0,rb2209,4627,4722,4627,4720.0,18895,22053,4681.0,rb2210,4621,4690,4604,4684.0,1562122,1887003,4656.0,rb2211,4641,4674,4592,4672.0,27192,57829,4640.0,rb2212,4613,4673,4591,4671.0,11320,86445,4642.0,rb2301,4545,4613,4530,4605.0,84857,416662,4580.0,rb2302,4512,4586,4512,4586.0,49,43948,4562.0,rb2210,4621.0,4690.0,4604.0,4684.0,1562122.0,1887003.0,4656.0
2022-06-01,4695.509522913694,1533898.0,2562136.0,rb2206,4465,4465,4465,4465.0,30,120,4465.0,rb2207,4844,4844,4777,4820.0,410,2324,4809.0,rb2208,4724,4762,4704,4753.0,120,2765,4743.0,rb2209,4721,4752,4686,4738.0,10136,22180,4724.0,rb2210,4690,4729,4654,4712.0,1417079,1871860,4694.0,rb2211,4675,4713,4642,4700.0,20979,57676,4679.0,rb2212,4674,4713,4642,4700.0,6081,86368,4684.0,rb2301,4606,4655,4581,4640.0,73915,412050,4622.0,rb2302,4588,4622,4570,4622.0,118,44049,4615.0,rb2210,4690.0,4729.0,4654.0,4712.0,1417079.0,1871860.0,4694.0
2022-06-02,4770.33846473446,1803385.0,2517571.0,rb2206,0,0,0,4465.0,0,120,4465.0,rb2207,4820,4900,4790,4900.0,717,1856,4820.0,rb2208,4748,4825,4729,4825.0,182,2704,4750.0,rb2209,4744,4820,4717,4820.0,8330,22127,4748.0,rb2210,4713,4795,4687,4788.0,1678060,1816719,4733.0,rb2211,4700,4781,4677,4774.0,22617,58997,4709.0,rb2212,4700,4777,4677,4773.0,10016,87742,4714.0,rb2301,4660,4718,4615,4716.0,70290,413162,4661.0,rb2302,4622,4667,4598,4667.0,3147,44176,4622.0,rb2210,4713.0,4795.0,4687.0,4788.0,1678060.0,1816719.0,4733.0
2022-06-06,4733.037567803815,1075597.0,2505390.0,rb2206,0,0,0,4600.0,0,120,4600.0,rb2207,4844,5000,4802,4880.0,218,1758,4871.0,rb2208,4825,4825,4792,4792.0,148,2599,4817.0,rb2209,4834,4834,4769,4783.0,6099,21772,4799.0,rb2210,4798,4798,4738,4750.0,976089,1800987,4774.0,rb2211,4799,4799,4726,4740.0,23032,59061,4761.0,rb2212,4798,4798,4724,4738.0,9062,88751,4763.0,rb2301,4727,4728,4661,4680.0,53571,414212,4703.0,rb2302,4687,4702,4660,4669.0,1857,43340,4686.0,rb2210,4798.0,4798.0,4738.0,4750.0,976089.0,1800987.0,4774.0
2022-06-07,4701.729094907915,1334920.0,2513921.0,rb2206,0,0,0,4600.0,0,120,4600.0,rb2207,4870,4889,4818,4820.0,177,1670,4844.0,rb2208,4806,4826,4744,4744.0,200,2540,4794.0,rb2209,4784,4810,4741,4746.0,7894,21708,4776.0,rb2210,4750,4783,4711,4719.0,1235198,1810732,4749.0,rb2211,4744,4770,4700,4709.0,25499,59474,4740.0,rb2212,4738,4768,4699,4706.0,11200,89068,4737.0,rb2301,4685,4708,4636,4647.0,49786,411251,4677.0,rb2302,4669,4678,4613,4629.0,2057,43390,4668.0,rb2210,4750.0,4783.0,4711.0,4719.0,1235198.0,1810732.0,4749.0
2022-06-08,4777.390139851815,1839440.0,2528319.0,rb2206,0,0,0,4600.0,0,120,4600.0,rb2207,4815,4908,4807,4904.0,137,1679,4871.0,rb2208,4749,4835,4745,4803.0,232,2514,4801.0,rb2209,4746,4827,4727,4816.0,10717,20291,4781.0,rb2210,4706,4807,4696,4795.0,1705881,1823787,4760.0,rb2211,4709,4794,4686,4778.0,34718,59332,4754.0,rb2212,4706,4793,4685,4781.0,12268,88051,4745.0,rb2301,4648,4732,4625,4724.0,72640,415118,4687.0,rb2302,4661,4697,4660,4697.0,6,43393,4677.0,rb2210,4706.0,4807.0,4696.0,4795.0,1705881.0,1823787.0,4760.0
2022-06-09,4772.646108219607,1559958.0,2535973.0,rb2206,0,0,0,4600.0,0,120,4600.0,rb2207,4940,4940,4885,4885.0,174,1762,4903.0,rb2208,4840,4853,4793,4814.0,98,2523,4840.0,rb2209,4824,4848,4785,4821.0,8091,20501,4818.0,rb2210,4795,4827,4757,4791.0,1423160,1836549,4793.0,rb2211,4803,4815,4748,4783.0,34342,58595,4785.0,rb2212,4781,4816,4750,4788.0,15525,85774,4783.0,rb2301,4724,4755,4688,4713.0,71985,411955,4722.0,rb2302,4697,4724,4672,4678.0,665,44047,4703.0,rb2210,4795.0,4827.0,4757.0,4791.0,1423160.0,1836549.0,4793.0
2022-06-10,4776.692000273592,1823518.0,2587801.0,rb2206,0,0,0,4600.0,0,120,4600.0,rb2207,4903,4934,4881,4905.0,401,1651,4906.0,rb2208,4800,4846,4773,4817.0,147,2583,4815.0,rb2209,4800,4853,4768,4814.0,12673,20513,4810.0,rb2210,4776,4834,4741,4793.0,1694289,1887652,4786.0,rb2211,4768,4823,4733,4782.0,30523,58661,4777.0,rb2212,4763,4821,4734,4783.0,12987,86653,4777.0,rb2301,4705,4757,4668,4722.0,69370,411531,4713.0,rb2302,4678,4700,4660,4686.0,288,44067,4678.0,rb2210,4776.0,4834.0,4741.0,4793.0,1694289.0,1887652.0,4786.0
2022-06-13,4677.537396347786,1938746.0,2538296.0,rb2206,0,0,0,4600.0,0,120,4600.0,rb2207,4907,4907,4801,4845.0,204,1598,4844.0,rb2208,4784,4802,4687,4738.0,132,2546,4732.0,rb2209,4814,4814,4683,4722.0,13356,19518,4738.0,rb2210,4793,4793,4660,4691.0,1768776,1829059,4716.0,rb2211,4783,4784,4660,4694.0,27370,60166,4714.0,rb2212,4783,4784,4661,4698.0,16752,83525,4732.0,rb2301,4720,4720,4602,4634.0,97733,416720,4645.0,rb2302,4686,4686,4597,4610.0,3134,47170,4684.0,rb2210,4793.0,4793.0,4660.0,4691.0,1768776.0,1829059.0,4716.0
2022-06-14,4607.87546981084,1922409.0,2523356.0,rb2206,0,0,0,4660.0,0,120,4660.0,rb2207,4853,4853,4758,4768.0,250,1420,4791.0,rb2208,4720,4750,4637,4640.0,172,2569,4674.0,rb2209,4710,4747,4632,4648.0,13940,19740,4686.0,rb2210,4680,4726,4607,4617.0,1731426,1783474,4661.0,rb2211,4684,4730,4621,4637.0,33086,60921,4675.0,rb2212,4665,4731,4626,4630.0,15230,84559,4678.0,rb2301,4625,4673,4567,4577.0,117488,438263,4613.0,rb2302,4610,4625,4555,4574.0,974,48106,4607.0,rb2210,4680.0,4726.0,4607.0,4617.0,1731426.0,1783474.0,4661.0
2022-06-15,4541.546176966708,2160166.0,2511252.0,rb2206,0,0,0,4660.0,0,120,4660.0,rb2207,4755,4779,4661,4727.0,249,1375,4695.0,rb2208,4639,4665,4570,4592.0,142,2553,4612.0,rb2209,4647,4657,4556,4572.0,21638,19232,4620.0,rb2210,4610,4635,4544,4547.0,1899270,1776348,4594.0,rb2211,4623,4651,4560,4570.0,37307,61962,4613.0,rb2212,4627,4663,4573,4582.0,18552,86622,4619.0,rb2301,4577,4608,4506,4520.0,171928,426829,4553.0,rb2302,4575,4602,4491,4517.0,849,47333,4574.0,rb2210,4610.0,4635.0,4544.0,4547.0,1899270.0,1776348.0,4594.0
2022-06-16,4496.470546361335,1893248.0,2532811.0,rb2207,4691,4742,4655,4655.0,182,1279,4717.0,rb2208,4584,4621,4523,4543.0,67,2539,4575.0,rb2209,4586,4624,4521,4532.0,15925,19019,4569.0,rb2210,4555,4601,4494,4506.0,1692130,1806083,4548.0,rb2211,4575,4618,4514,4519.0,35299,61687,4566.0,rb2212,4605,4625,4527,4534.0,13047,88263,4574.0,rb2301,4520,4561,4450,4461.0,129768,414898,4503.0,rb2302,4523,4545,4456,4456.0,220,47373,4524.0,rb2303,4524,4524,4431,4442.0,59,44326,4463.0,rb2210,4555.0,4601.0,4494.0,4506.0,1692130.0,1806083.0,4548.0
2022-06-17,4347.580765895276,2784465.0,2581789.0,rb2207,4581,4621,4500,4519.0,170,1204,4552.0,rb2208,4486,4487,4406,4419.0,486,2440,4440.0,rb2209,4529,4529,4396,4397.0,36665,18766,4444.0,rb2210,4489,4489,4353,4354.0,2532863,1852034,4413.0,rb2211,4518,4518,4375,4375.0,48049,60937,4432.0,rb2212,4514,4516,4386,4386.0,17663,88550,4444.0,rb2301,4450,4450,4313,4317.0,136955,415250,4370.0,rb2302,4416,4420,4328,4328.0,87,47409,4377.0,rb2303,4405,4405,4311,4326.0,112,44366,4359.0,rb2210,4489.0,4489.0,4353.0,4354.0,2532863.0,1852034.0,4413.0
2022-06-20,4142.520339849068,3753198.0,2669538.0,rb2207,4486,4508,4224,4310.0,288,1058,4435.0,rb2208,4395,4411,4112,4170.0,453,2507,4296.0,rb2209,4398,4407,3968,4178.0,34964,17426,4260.0,rb2210,4346,4365,4074,4149.0,3395298,1921252,4187.0,rb2211,4363,4385,4099,4174.0,48710,62382,4236.0,rb2212,4372,4398,4111,4183.0,17120,89541,4235.0,rb2301,4300,4327,4043,4121.0,230281,425986,4157.0,rb2302,4266,4325,4042,4096.0,197,47474,4139.0,rb2303,4305,4336,4037,4079.0,1514,43078,4115.0,rb2210,4346.0,4365.0,4074.0,4149.0,3395298.0,1921252.0,4187.0
2022-06-21,4216.181752441688,2785779.0,2648168.0,rb2207,4308,4378,4253,4350.0,80,1024,4327.0,rb2208,4213,4289,4149,4259.0,146,2454,4224.0,rb2209,4178,4280,4135,4253.0,57879,17282,4212.0,rb2210,4145,4256,4103,4224.0,2444922,1882531,4187.0,rb2211,4136,4277,4126,4231.0,55990,62437,4207.0,rb2212,4182,4291,4135,4254.0,19430,89650,4226.0,rb2301,4100,4222,4064,4188.0,192631,440382,4152.0,rb2302,4099,4228,4068,4187.0,57,47482,4174.0,rb2303,4075,4196,4050,4178.0,51,43075,4119.0,rb2210,4145.0,4256.0,4103.0,4224.0,2444922.0,1882531.0,4187.0
2022-06-22,4120.7903598997655,2460172.0,2676134.0,rb2207,4380,4396,4233,4286.0,163,1008,4291.0,rb2208,4280,4314,4131,4168.0,145,2417,4200.0,rb2209,4263,4287,4118,4158.0,37361,17140,4201.0,rb2210,4226,4261,4092,4128.0,2226834,1899978,4170.0,rb2211,4248,4273,4110,4141.0,31857,63029,4182.0,rb2212,4263,4285,4130,4166.0,12448,89934,4208.0,rb2301,4210,4219,4063,4096.0,140744,447560,4136.0,rb2302,4192,4199,4062,4090.0,413,47139,4084.0,rb2303,4192,4200,4069,4069.0,272,43230,4110.0,rb2210,4226.0,4261.0,4092.0,4128.0,2226834.0,1899978.0,4170.0
2022-06-23,4228.348343756411,2654097.0,2685867.0,rb2207,4338,4345,4262,4331.0,84,984,4289.0,rb2208,4181,4275,4164,4273.0,116,2356,4205.0,rb2209,4158,4275,4144,4253.0,30176,16794,4198.0,rb2210,4147,4249,4115,4235.0,2354370,1896277,4177.0,rb2211,4141,4269,4139,4256.0,35512,61900,4186.0,rb2212,4166,4286,4159,4260.0,13767,88864,4208.0,rb2301,4108,4228,4092,4206.0,193191,457497,4152.0,rb2302,4090,4198,4081,4198.0,2450,45285,4094.0,rb2303,4085,4205,4072,4184.0,33,43212,4149.0,rb2210,4147.0,4249.0,4115.0,4235.0,2354370.0,1896277.0,4177.0
2022-06-24,4182.723078288999,2274411.0,2691898.0,rb2207,4340,4342,4252,4290.0,28,980,4301.0,rb2208,4267,4312,4230,4232.0,91,2381,4257.0,rb2209,4285,4301,4217,4223.0,24330,16365,4256.0,rb2210,4260,4275,4182,4189.0,2063167,1900788,4226.0,rb2211,4288,4288,4194,4200.0,37309,62525,4235.0,rb2212,4261,4301,4212,4213.0,14078,88476,4254.0,rb2301,4230,4242,4160,4162.0,122622,454552,4198.0,rb2302,4198,4220,4134,4151.0,791,46030,4196.0,rb2303,4180,4180,4156,4156.0,7,43213,4169.0,rb2210,4260.0,4275.0,4182.0,4189.0,2063167.0,1900788.0,4226.0
2022-06-27,4265.487884253568,2197821.0,2674536.0,rb2207,4258,4409,4256,4391.0,36,960,4350.0,rb2208,4256,4337,4198,4309.0,70,2377,4290.0,rb2209,4239,4326,4185,4309.0,28036,16345,4266.0,rb2210,4192,4300,4153,4274.0,1980808,1878385,4244.0,rb2211,4209,4312,4161,4286.0,39677,62478,4244.0,rb2212,4231,4336,4184,4300.0,11653,89605,4260.0,rb2301,4170,4267,4122,4241.0,125559,456118,4213.0,rb2302,4151,4225,4110,4218.0,585,45580,4152.0,rb2303,4151,4243,4114,4227.0,32,43223,4206.0,rb2210,4192.0,4300.0,4153.0,4274.0,1980808.0,1878385.0,4244.0
2022-06-28,4334.963812568189,1923050.0,2720392.0,rb2207,4401,4491,4391,4488.0,75,932,4436.0,rb2208,4331,4382,4280,4373.0,98,2358,4330.0,rb2209,4308,4375,4281,4374.0,20296,17119,4317.0,rb2210,4280,4350,4250,4349.0,1731054,1925971,4295.0,rb2211,4282,4354,4261,4351.0,29635,62785,4292.0,rb2212,4302,4364,4280,4360.0,10080,91002,4313.0,rb2301,4245,4298,4213,4297.0,121134,446588,4246.0,rb2302,4218,4269,4201,4269.0,2019,47460,4225.0,rb2303,4213,4259,4208,4259.0,10,43225,4228.0,rb2210,4280.0,4350.0,4250.0,4349.0,1731054.0,1925971.0,4295.0
2022-06-29,4345.8251034650575,2170271.0,2728699.0,rb2207,4485,4555,4484,4505.0,47,912,4522.0,rb2208,4373,4422,4363,4375.0,1703,907,4377.0,rb2209,4374,4435,4364,4375.0,23131,17452,4391.0,rb2210,4350,4420,4340,4360.0,1941680,1917484,4370.0,rb2211,4349,4421,4343,4364.0,35823,61867,4371.0,rb2212,4360,4430,4352,4368.0,13512,91386,4385.0,rb2301,4300,4358,4282,4305.0,138116,458224,4314.0,rb2302,4284,4315,4261,4282.0,1138,48552,4289.0,rb2303,4300,4322,4268,4295.0,38,43233,4294.0,rb2210,4350.0,4420.0,4340.0,4360.0,1941680.0,1917484.0,4370.0
2022-06-30,4360.44906145459,2314734.0,2776424.0,rb2207,4517,4700,4354,4699.0,113,870,4501.0,rb2208,4399,4415,4338,4415.0,142,947,4389.0,rb2209,4387,4426,4344,4397.0,24089,17078,4391.0,rb2210,4382,4408,4324,4378.0,2103300,1954729,4375.0,rb2211,4392,4407,4328,4378.0,32446,62592,4376.0,rb2212,4399,4416,4338,4373.0,13991,91946,4383.0,rb2301,4353,4353,4273,4315.0,133840,467901,4320.0,rb2302,4303,4310,4257,4268.0,93,48533,4290.0,rb2303,4295,4322,4289,4299.0,28,43217,4301.0,rb2210,4382.0,4408.0,4324.0,4378.0,2103300.0,1954729.0,4375.0
2022-07-01,4251.2847432114095,2631466.0,2771599.0,rb2207,0,0,0,4500.0,0,870,4500.0,rb2208,4350,4373,4288,4288.0,70,937,4336.0,rb2209,4357,4386,4276,4280.0,30540,16593,4339.0,rb2210,4350,4373,4258,4265.0,2390863,1943605,4315.0,rb2211,4358,4370,4265,4270.0,41655,64389,4323.0,rb2212,4336,4380,4275,4280.0,13241,93196,4321.0,rb2301,4291,4315,4214,4218.0,142499,469772,4261.0,rb2302,4268,4292,4180,4180.0,1052,47518,4266.0,rb2303,4250,4274,4166,4166.0,33,43219,4240.0,rb2210,4350.0,4373.0,4258.0,4265.0,2390863.0,1943605.0,4315.0
2022-07-04,4157.414685797773,2256164.0,2783669.0,rb2207,4220,4220,4220,4220.0,30,870,4220.0,rb2208,4303,4323,4176,4186.0,88,870,4221.0,rb2209,4284,4328,4172,4196.0,37239,15775,4248.0,rb2210,4270,4312,4150,4168.0,1981674,1935596,4214.0,rb2211,4278,4315,4157,4169.0,46222,66869,4223.0,rb2212,4285,4328,4171,4192.0,11357,94319,4243.0,rb2301,4235,4269,4116,4128.0,153367,474285,4175.0,rb2302,4202,4243,4087,4100.0,1504,47643,4116.0,rb2303,4200,4248,4100,4127.0,80,43221,4186.0,rb2210,4270.0,4312.0,4150.0,4168.0,1981674.0,1935596.0,4214.0
2022-07-05,4222.997297924363,2208208.0,2801550.0,rb2207,0,0,0,4220.0,0,870,4220.0,rb2208,4207,4265,4150,4255.0,101,875,4218.0,rb2209,4196,4273,4146,4258.0,40928,14907,4213.0,rb2210,4180,4258,4116,4238.0,1965705,1945403,4198.0,rb2211,4188,4258,4125,4248.0,45054,68961,4201.0,rb2212,4189,4266,4139,4250.0,12464,96026,4211.0,rb2301,4139,4202,4077,4182.0,132652,478784,4150.0,rb2302,4100,4171,4056,4161.0,1104,48690,4123.0,rb2303,4119,4165,4063,4165.0,75,43228,4116.0,rb2210,4180.0,4258.0,4116.0,4238.0,1965705.0,1945403.0,4198.0
2022-07-06,4224.635554075685,2778105.0,2775018.0,rb2207,0,0,0,4220.0,0,870,4220.0,rb2208,4234,4244,4153,4244.0,156,821,4179.0,rb2209,4257,4258,4145,4254.0,36192,14539,4191.0,rb2210,4198,4247,4126,4245.0,2483205,1910606,4180.0,rb2211,4210,4239,4126,4232.0,44099,69867,4177.0,rb2212,4225,4238,4123,4237.0,18177,95222,4178.0,rb2301,4160,4178,4068,4177.0,181952,487480,4122.0,rb2302,4117,4144,4036,4137.0,103,48704,4078.0,rb2303,4119,4150,4056,4150.0,64,43233,4109.0,rb2210,4198.0,4247.0,4126.0,4245.0,2483205.0,1910606.0,4180.0
2022-07-07,4191.42072966956,2615321.0,2830706.0,rb2207,4220,4220,4220,4220.0,30,870,4220.0,rb2208,4225,4260,4208,4260.0,27,824,4230.0,rb2209,4255,4280,4200,4224.0,33721,14438,4242.0,rb2210,4250,4269,4182,4209.0,2336988,1964378,4228.0,rb2211,4251,4268,4184,4215.0,49125,67520,4226.0,rb2212,4237,4269,4186,4206.0,15654,93230,4226.0,rb2301,4162,4207,4121,4147.0,166207,491034,4163.0,rb2302,4137,4158,4100,4133.0,3388,49398,4146.0,rb2303,4140,4180,4124,4124.0,53,43219,4148.0,rb2210,4250.0,4269.0,4182.0,4209.0,2336988.0,1964378.0,4228.0
2022-07-08,4178.428878965191,2209617.0,2853551.0,rb2207,4260,4260,4260,4260.0,30,870,4260.0,rb2208,4236,4269,4187,4203.0,56,823,4235.0,rb2209,4228,4290,4184,4202.0,7655,14242,4245.0,rb2210,4229,4279,4166,4196.0,2033395,1977016,4220.0,rb2211,4232,4278,4172,4195.0,16686,67598,4218.0,rb2212,4238,4276,4173,4194.0,8735,93679,4217.0,rb2301,4195,4210,4108,4135.0,132828,499175,4158.0,rb2302,4155,4177,4095,4120.0,296,49131,4100.0,rb2303,4150,4170,4100,4107.0,39,43223,4130.0,rb2210,4229.0,4279.0,4166.0,4196.0,2033395.0,1977016.0,4220.0
2022-07-11,4033.399461684389,3362917.0,2863376.0,rb2207,4030,4030,4030,4030.0,30,840,4030.0,rb2208,4226,4226,4014,4063.0,160,771,4053.0,rb2209,4215,4256,3994,4058.0,12507,14249,4091.0,rb2210,4196,4246,3971,4049.0,3063941,1966756,4084.0,rb2211,4195,4241,3981,4060.0,28900,70306,4074.0,rb2212,4194,4240,3990,4052.0,15619,92762,4087.0,rb2301,4120,4176,3931,3996.0,218277,513536,4024.0,rb2302,4150,4150,3920,3960.0,586,48642,3970.0,rb2303,4145,4150,3919,3975.0,91,43220,3984.0,rb2210,4196.0,4246.0,3971.0,4049.0,3063941.0,1966756.0,4084.0
2022-07-12,3896.777470195544,2797641.0,2926408.0,rb2207,0,0,0,3940.0,0,840,3940.0,rb2208,4065,4069,3888,3888.0,210,730,3987.0,rb2209,4080,4080,3910,3910.0,8349,14456,4018.0,rb2210,4049,4069,3891,3910.0,2511590,2002501,3997.0,rb2211,4068,4077,3909,3918.0,23119,71694,4021.0,rb2212,4054,4076,3908,3918.0,14539,93183,4009.0,rb2301,4000,4014,3850,3861.0,211579,529317,3947.0,rb2302,3986,3986,3850,3850.0,65,48643,3924.0,rb2303,3994,3994,3890,3890.0,49,43233,3957.0,rb2210,4049.0,4069.0,3891.0,3910.0,2511590.0,2002501.0,3997.0
2022-07-13,3889.869191340273,2769636.0,2916443.0,rb2207,3910,3950,3910,3950.0,60,870,3930.0,rb2208,3858,3955,3858,3923.0,179,713,3917.0,rb2209,3918,3958,3832,3928.0,9880,13860,3912.0,rb2210,3900,3941,3850,3910.0,2455104,1977784,3892.0,rb2211,3902,3950,3860,3914.0,22607,72746,3904.0,rb2212,3898,3943,3853,3907.0,18838,92486,3900.0,rb2301,3850,3878,3793,3842.0,239387,538804,3835.0,rb2302,3816,3850,3774,3819.0,48,48626,3819.0,rb2303,3831,3874,3789,3823.0,97,43252,3820.0,rb2210,3900.0,3941.0,3850.0,3910.0,2455104.0,1977784.0,3892.0
2022-07-14,3806.2705829227375,3080737.0,2867790.0,rb2207,0,0,0,3930.0,0,870,3930.0,rb2208,3896,3955,3858,3882.0,167,733,3886.0,rb2209,3899,3941,3841,3888.0,12478,13255,3897.0,rb2210,3878,3919,3810,3833.0,2705644,1917507,3868.0,rb2211,3900,3917,3820,3830.0,23585,72571,3870.0,rb2212,3896,3907,3812,3816.0,20047,92911,3860.0,rb2301,3800,3842,3739,3740.0,287154,543017,3792.0,rb2302,3766,3820,3735,3744.0,601,48127,3749.0,rb2303,3777,3826,3749,3750.0,303,43058,3764.0,rb2210,3878.0,3919.0,3810.0,3833.0,2705644.0,1917507.0,3868.0
2022-07-15,3568.893251681035,3937615.0,2940599.0,rb2207,0,0,0,3930.0,0,870,3930.0,rb2208,3813,3836,3610,3630.0,431,702,3738.0,rb2209,3808,3831,3621,3621.0,18100,13430,3740.0,rb2210,3798,3798,3588,3589.0,3298883,1970080,3704.0,rb2211,3764,3785,3588,3588.0,28234,73572,3704.0,rb2212,3788,3788,3586,3592.0,29045,95060,3683.0,rb2301,3699,3700,3516,3517.0,493000,562534,3614.0,rb2302,3666,3674,3546,3571.0,171,48152,3608.0,rb2303,3679,3681,3500,3500.0,455,43179,3589.0,rb2210,3798.0,3798.0,3588.0,3589.0,3298883.0,1970080.0,3704.0
2022-07-18,3748.6333805039967,3306996.0,2842162.0,rb2208,3698,3809,3570,3809.0,98,662,3713.0,rb2209,3621,3809,3614,3780.0,10650,12738,3738.0,rb2210,3611,3795,3611,3780.0,2825094,1880061,3710.0,rb2211,3603,3786,3603,3774.0,20392,73699,3706.0,rb2212,3572,3765,3572,3754.0,20142,96020,3706.0,rb2301,3543,3696,3536,3684.0,396598,553427,3635.0,rb2302,3531,3676,3531,3656.0,797,47461,3628.0,rb2303,3530,3661,3530,3634.0,711,42739,3630.0,rb2304,3529,3645,3524,3627.0,21,21369,3567.0,rb2210,3611.0,3795.0,3611.0,3780.0,2825094.0,1880061.0,3710.0
2022-07-19,3745.973385292597,3078121.0,2855827.0,rb2208,3834,3880,3785,3802.0,264,674,3826.0,rb2209,3766,3887,3766,3816.0,10708,12815,3824.0,rb2210,3789,3872,3748,3774.0,2698472,1889735,3814.0,rb2211,3805,3866,3746,3782.0,19017,73767,3809.0,rb2212,3775,3842,3729,3758.0,12817,96022,3785.0,rb2301,3714,3775,3657,3683.0,291872,546999,3721.0,rb2302,3656,3733,3636,3663.0,592,47977,3662.0,rb2303,3634,3741,3634,3655.0,768,42152,3703.0,rb2304,3670,3732,3630,3678.0,416,20965,3702.0,rb2210,3789.0,3872.0,3748.0,3774.0,2698472.0,1889735.0,3814.0
2022-07-20,3799.41324003396,2984968.0,2851609.0,rb2208,3750,3878,3733,3826.0,117,662,3803.0,rb2209,3785,3894,3735,3848.0,8434,12831,3822.0,rb2210,3767,3877,3712,3830.0,2659073,1882732,3805.0,rb2211,3816,3864,3714,3822.0,17584,73427,3804.0,rb2212,3737,3842,3696,3792.0,15879,97096,3779.0,rb2301,3660,3775,3625,3739.0,254748,547416,3712.0,rb2302,3663,3745,3596,3716.0,753,47617,3668.0,rb2303,3639,3730,3612,3690.0,2388,42695,3698.0,rb2304,3690,3724,3635,3699.0,73,20911,3695.0,rb2210,3767.0,3877.0,3712.0,3830.0,2659073.0,1882732.0,3805.0
2022-07-21,3794.4422821554585,2894032.0,2881206.0,rb2208,3847,3865,3800,3830.0,108,699,3832.0,rb2209,3857,3869,3797,3849.0,6591,12811,3831.0,rb2210,3823,3860,3771,3831.0,2578896,1892537,3811.0,rb2211,3814,3848,3769,3817.0,14404,73615,3800.0,rb2212,3788,3821,3748,3793.0,14062,97431,3778.0,rb2301,3739,3752,3680,3719.0,253011,560595,3715.0,rb2302,3697,3725,3668,3707.0,64,47609,3698.0,rb2303,3690,3723,3650,3669.0,6056,48701,3689.0,rb2304,3678,3686,3651,3668.0,8,20915,3671.0,rb2210,3823.0,3860.0,3771.0,3831.0,2578896.0,1892537.0,3811.0
2022-07-22,3817.772533657224,2363563.0,2890687.0,rb2208,3800,3866,3800,3866.0,24,699,3829.0,rb2209,3820,3892,3783,3884.0,3520,12633,3853.0,rb2210,3800,3880,3760,3863.0,2100304,1889528,3827.0,rb2211,3805,3860,3756,3845.0,12721,73350,3812.0,rb2212,3748,3820,3721,3805.0,14788,98776,3780.0,rb2301,3695,3739,3645,3725.0,217282,571199,3703.0,rb2302,3650,3700,3650,3690.0,38,47604,3679.0,rb2303,3634,3704,3630,3683.0,40,48696,3656.0,rb2304,3652,3697,3652,3697.0,23,20933,3691.0,rb2210,3800.0,3880.0,3760.0,3863.0,2100304.0,1889528.0,3827.0
2022-07-25,3815.475715687007,2132214.0,2891208.0,rb2208,3880,3912,3875,3875.0,66,697,3889.0,rb2209,3889,3916,3867,3870.0,3555,12457,3893.0,rb2210,3865,3900,3843,3859.0,1899608,1876972,3875.0,rb2211,3862,3885,3835,3844.0,10343,74974,3862.0,rb2212,3819,3848,3795,3810.0,14359,100843,3820.0,rb2301,3751,3779,3721,3727.0,184393,580103,3746.0,rb2302,3713,3744,3704,3710.0,2538,47612,3707.0,rb2303,3683,3733,3676,3676.0,2964,48286,3688.0,rb2304,3709,3711,3690,3709.0,7,20930,3707.0,rb2210,3865.0,3900.0,3843.0,3859.0,1899608.0,1876972.0,3875.0
2022-07-26,3848.697366937609,2588170.0,2944784.0,rb2208,3842,3908,3801,3875.0,175,613,3859.0,rb2209,3890,3924,3819,3893.0,4691,12637,3868.0,rb2210,3865,3909,3798,3888.0,2220357,1889277,3851.0,rb2211,3854,3898,3790,3876.0,43187,87127,3845.0,rb2212,3810,3860,3755,3849.0,54565,112642,3807.0,rb2301,3727,3777,3672,3771.0,232236,585282,3729.0,rb2302,3677,3745,3653,3744.0,3966,48212,3691.0,rb2303,3676,3744,3643,3724.0,1219,49319,3683.0,rb2304,3708,3740,3699,3725.0,16,20929,3720.0,rb2210,3865.0,3909.0,3798.0,3888.0,2220357.0,1889277.0,3851.0
2022-07-27,3872.633180293841,2564338.0,3033204.0,rb2208,3884,3930,3845,3886.0,103,570,3866.0,rb2209,3902,3935,3845,3913.0,6523,11740,3890.0,rb2210,3895,3934,3827,3916.0,2184613,1924464,3885.0,rb2211,3871,3925,3824,3897.0,45232,93560,3876.0,rb2212,3859,3887,3795,3868.0,53617,119003,3844.0,rb2301,3771,3800,3713,3788.0,218475,604776,3766.0,rb2302,3744,3772,3692,3753.0,987,48190,3734.0,rb2303,3724,3764,3683,3759.0,2433,51356,3723.0,rb2304,3725,3770,3696,3760.0,2296,23013,3738.0,rb2210,3895.0,3934.0,3827.0,3916.0,2184613.0,1924464.0,3885.0
2022-07-28,4012.688103973825,2670454.0,2986367.0,rb2208,3886,4053,3867,4019.0,98,545,3969.0,rb2209,3917,4057,3888,4039.0,3972,11855,3976.0,rb2210,3911,4068,3878,4058.0,2248033,1887291,3971.0,rb2211,3897,4046,3872,4037.0,57054,92198,3949.0,rb2212,3868,4009,3840,4002.0,58724,119942,3921.0,rb2301,3790,3934,3760,3927.0,272324,600043,3853.0,rb2302,3746,3900,3737,3894.0,3970,45176,3847.0,rb2303,3736,3900,3730,3900.0,85,51342,3820.0,rb2304,3760,3870,3744,3870.0,21,23013,3773.0,rb2210,3911.0,4068.0,3878.0,4058.0,2248033.0,1887291.0,3971.0
2022-07-29,3956.433412628856,2254904.0,2995125.0,rb2208,4000,4277,3916,3916.0,74,510,4122.0,rb2209,4039,4043,3989,4003.0,5960,12524,4016.0,rb2210,4030,4054,3979,3996.0,1827254,1859128,4014.0,rb2211,4037,4037,3962,3982.0,63187,94598,3996.0,rb2212,3973,3998,3936,3954.0,66688,122454,3968.0,rb2301,3903,3930,3865,3884.0,249553,616980,3897.0,rb2302,3894,3903,3845,3847.0,3215,45963,3883.0,rb2303,3900,3900,3833,3856.0,1089,51355,3894.0,rb2304,3870,3902,3850,3860.0,1587,24479,3870.0,rb2210,4030.0,4054.0,3979.0,3996.0,1827254.0,1859128.0,4014.0
2022-08-01,4042.1230293317553,2929321.0,3015094.0,rb2208,3972,3972,3972,3972.0,30,510,3972.0,rb2209,4008,4139,4008,4111.0,4829,12510,4090.0,rb2210,4003,4133,4003,4093.0,2461131,1867672,4084.0,rb2211,3982,4105,3982,4062.0,58391,95995,4061.0,rb2212,3954,4072,3954,4022.0,66413,122740,4026.0,rb2301,3870,4000,3870,3949.0,308984,623901,3954.0,rb2302,3872,3969,3866,3934.0,933,45842,3936.0,rb2303,3883,3968,3880,3928.0,62,51349,3930.0,rb2304,3896,3970,3896,3933.0,182,24621,3939.0,rb2210,4003.0,4133.0,4003.0,4093.0,2461131.0,1867672.0,4084.0
2022-08-02,4040.0920375553696,2607428.0,3018583.0,rb2208,0,0,0,4010.0,0,510,4010.0,rb2209,4089,4123,4031,4114.0,3827,12456,4081.0,rb2210,4070,4115,4013,4104.0,2177234,1847616,4064.0,rb2211,4035,4076,3990,4062.0,50707,96497,4036.0,rb2212,3995,4021,3943,4002.0,61259,123581,3989.0,rb2301,3949,3949,3866,3929.0,274238,632672,3914.0,rb2302,3926,3926,3838,3901.0,2252,47086,3904.0,rb2303,3923,3923,3843,3910.0,4523,52875,3906.0,rb2304,3933,3933,3853,3900.0,608,25023,3909.0,rb2210,4070.0,4115.0,4013.0,4104.0,2177234.0,1847616.0,4064.0
2022-08-03,4007.736726826879,2783305.0,3001430.0,rb2208,4100,4100,4022,4022.0,60,480,4061.0,rb2209,4066,4150,4047,4088.0,2825,12526,4110.0,rb2210,4091,4145,4028,4063.0,2348397,1825651,4097.0,rb2211,4062,4100,4000,4030.0,49674,97759,4059.0,rb2212,4002,4040,3947,3990.0,58807,124725,4003.0,rb2301,3933,3968,3872,3910.0,295304,628317,3930.0,rb2302,3901,3931,3827,3890.0,1332,47201,3898.0,rb2303,3884,3933,3849,3921.0,485,53307,3911.0,rb2304,3900,3926,3875,3888.0,1199,26192,3902.0,rb2210,4091.0,4145.0,4028.0,4063.0,2348397.0,1825651.0,4097.0
2022-08-04,3907.580492881514,2751503.0,3015248.0,rb2208,0,0,0,4061.0,0,480,4061.0,rb2209,4088,4106,4011,4015.0,2908,12424,4049.0,rb2210,4075,4085,3974,3980.0,2291892,1783755,4030.0,rb2211,4030,4050,3944,3948.0,49292,99000,3998.0,rb2212,3990,4014,3880,3884.0,56618,126650,3943.0,rb2301,3930,3931,3787,3787.0,324005,674454,3853.0,rb2302,3873,3878,3758,3758.0,728,47155,3801.0,rb2303,3889,3889,3770,3770.0,199,53368,3845.0,rb2304,3888,3888,3746,3761.0,18,26200,3813.0,rb2210,4075.0,4085.0,3974.0,3980.0,2291892.0,1783755.0,4030.0
2022-08-05,3968.250127483549,2437935.0,3045491.0,rb2208,0,0,0,4061.0,0,480,4061.0,rb2209,4013,4093,3998,4055.0,2799,12338,4034.0,rb2210,3978,4081,3963,4036.0,1914339,1773775,4022.0,rb2211,3948,4042,3931,3999.0,43710,99102,3989.0,rb2212,3884,3987,3869,3943.0,46468,127226,3935.0,rb2301,3794,3908,3774,3863.0,374435,691267,3845.0,rb2302,3758,3866,3745,3836.0,2122,47656,3796.0,rb2303,3770,3862,3741,3822.0,463,53704,3826.0,rb2304,3764,3865,3747,3864.0,351,26495,3847.0,rb2210,3978.0,4081.0,3963.0,4036.0,1914339.0,1773775.0,4022.0
2022-08-08,4074.370016142739,2443299.0,3045332.0,rb2208,4130,4130,4130,4130.0,30,450,4130.0,rb2209,4053,4159,4044,4150.0,2436,12228,4115.0,rb2210,4040,4154,4022,4136.0,1933791,1759184,4102.0,rb2211,4000,4110,3984,4097.0,41520,102363,4064.0,rb2212,3944,4067,3929,4064.0,51154,126794,4016.0,rb2301,3860,3990,3845,3987.0,381543,703986,3936.0,rb2302,3830,3948,3811,3947.0,1863,47723,3926.0,rb2303,3824,3949,3815,3932.0,265,53596,3883.0,rb2304,3828,3942,3828,3935.0,35,26495,3906.0,rb2210,4040.0,4154.0,4022.0,4136.0,1933791.0,1759184.0,4102.0
2022-08-09,4026.7848332527,2114881.0,3048775.0,rb2208,4110,4110,4100,4100.0,60,390,4105.0,rb2209,4129,4160,4098,4102.0,2814,12277,4123.0,rb2210,4130,4158,4077,4089.0,1633047,1718371,4113.0,rb2211,4087,4116,4044,4058.0,41747,103522,4078.0,rb2212,4052,4091,4005,4009.0,45564,129114,4044.0,rb2301,3980,4018,3928,3943.0,363878,740797,3969.0,rb2302,3932,3981,3889,3905.0,3745,47448,3937.0,rb2303,3968,3972,3903,3904.0,132,53593,3924.0,rb2304,3967,3967,3905,3917.0,1509,27996,3922.0,rb2210,4130.0,4158.0,4077.0,4089.0,1633047.0,1718371.0,4113.0
2022-08-10,3996.9876206681815,2324925.0,3060666.0,rb2208,4090,4097,4090,4097.0,60,330,4093.0,rb2209,4102,4132,4077,4087.0,5752,8459,4101.0,rb2210,4089,4118,4047,4066.0,1834425,1703285,4081.0,rb2211,4058,4086,4020,4038.0,46397,101821,4050.0,rb2212,4015,4037,3972,3986.0,48576,131559,4005.0,rb2301,3959,3963,3885,3904.0,358952,760450,3924.0,rb2302,3899,3925,3856,3867.0,1287,46893,3890.0,rb2303,3875,3922,3856,3864.0,1639,52116,3879.0,rb2304,3917,3917,3859,3867.0,105,28098,3915.0,rb2210,4089.0,4118.0,4047.0,4066.0,1834425.0,1703285.0,4081.0
2022-08-11,4034.469168840588,2821426.0,3072022.0,rb2208,0,0,0,4093.0,0,330,4093.0,rb2209,4127,4150,4064,4121.0,2411,8329,4102.0,rb2210,4100,4130,4032,4108.0,2228055,1688732,4080.0,rb2211,4038,4097,4004,4067.0,50426,102346,4046.0,rb2212,4019,4041,3957,4022.0,51966,130872,3999.0,rb2301,3926,3951,3871,3940.0,458270,783446,3916.0,rb2302,3907,3915,3844,3896.0,919,46896,3871.0,rb2303,3901,3930,3827,3909.0,384,52113,3868.0,rb2304,3858,3899,3858,3899.0,128,28009,3890.0,rb2210,4100.0,4130.0,4032.0,4108.0,2228055.0,1688732.0,4080.0
2022-08-12,4069.753058176565,2022069.0,3117544.0,rb2208,4150,4150,4120,4120.0,60,300,4135.0,rb2209,4121,4160,4118,4152.0,1732,8230,4137.0,rb2210,4118,4153,4100,4150.0,1590627,1738768,4127.0,rb2211,4067,4111,4059,4104.0,39332,98365,4083.0,rb2212,4022,4059,4007,4045.0,40873,126998,4031.0,rb2301,3958,3978,3927,3965.0,324681,784563,3951.0,rb2302,3896,3940,3895,3918.0,2998,45369,3910.0,rb2303,3909,3935,3899,3910.0,2598,53705,3909.0,rb2304,3919,3928,3915,3915.0,1535,29490,3915.0,rb2210,4118.0,4153.0,4100.0,4150.0,1590627.0,1738768.0,4127.0
2022-08-15,4028.2830067479313,3074282.0,3169564.0,rb2208,4190,4190,4120,4125.0,150,180,4142.0,rb2209,4152,4195,4106,4132.0,2389,8401,4153.0,rb2210,4120,4199,4095,4126.0,2399032,1746361,4157.0,rb2211,4096,4138,4028,4054.0,51485,99942,4094.0,rb2212,4037,4077,3970,3990.0,54158,126638,4038.0,rb2301,3930,3995,3882,3903.0,529421,816261,3951.0,rb2302,3924,3957,3847,3874.0,1010,45336,3899.0,rb2303,3934,3956,3828,3868.0,1134,54691,3870.0,rb2304,3948,3948,3850,3865.0,416,29889,3866.0,rb2210,4120.0,4199.0,4095.0,4126.0,2399032.0,1746361.0,4157.0
2022-08-16,4054.792923537416,1961262.0,3165169.0,rb2209,4080,4189,4080,4168.0,1792,7958,4142.0,rb2210,4090,4183,4078,4153.0,1502797,1732832,4138.0,rb2211,4043,4103,3994,4079.0,36226,98707,4062.0,rb2212,3980,4044,3943,4022.0,41018,128473,4002.0,rb2301,3877,3957,3851,3932.0,352890,821733,3913.0,rb2302,3827,3914,3827,3884.0,1980,44019,3895.0,rb2303,3857,3915,3813,3900.0,1721,56039,3907.0,rb2304,3838,3903,3837,3902.0,1009,30892,3902.0,rb2305,3816,3883,3789,3862.0,19237,211845,3844.0,rb2210,4090.0,4183.0,4078.0,4153.0,1502797.0,1732832.0,4138.0
2022-08-17,3903.146094101642,2875551.0,3163728.0,rb2209,4168,4178,4013,4021.0,2504,7354,4093.0,rb2210,4160,4174,3985,3993.0,2155416,1659566,4087.0,rb2211,4087,4095,3936,3941.0,44399,100276,4028.0,rb2212,4030,4038,3881,3886.0,47185,130019,3972.0,rb2301,3940,3951,3793,3797.0,581896,874208,3877.0,rb2302,3907,3920,3756,3756.0,2613,45093,3828.0,rb2303,3900,3917,3766,3766.0,1095,56965,3871.0,rb2304,3902,3902,3785,3785.0,28,30876,3871.0,rb2305,3860,3877,3743,3746.0,39967,226332,3821.0,rb2210,4160.0,4174.0,3985.0,3993.0,2155416.0,1659566.0,4087.0
2022-08-18,3920.1874329804,2719273.0,3226668.0,rb2209,4058,4076,4000,4046.0,886,7130,4045.0,rb2210,4003,4075,3980,4041.0,1958935,1659860,4030.0,rb2211,3948,3993,3905,3950.0,44811,101437,3955.0,rb2212,3899,3928,3843,3886.0,49390,132095,3896.0,rb2301,3795,3833,3751,3783.0,607366,922879,3802.0,rb2302,3766,3805,3723,3751.0,6621,40278,3776.0,rb2303,3763,3795,3721,3758.0,1074,56386,3766.0,rb2304,3757,3798,3726,3782.0,39,30880,3770.0,rb2305,3746,3790,3704,3729.0,49989,242627,3756.0,rb2210,4003.0,4075.0,3980.0,4041.0,1958935.0,1659860.0,4030.0
2022-08-19,3822.350214701775,2982101.0,3119909.0,rb2209,3993,4065,3936,3937.0,3153,5494,3996.0,rb2210,4050,4062,3924,3929.0,2162701,1514851,3998.0,rb2211,3950,3972,3860,3866.0,54040,102551,3922.0,rb2212,3902,3910,3817,3821.0,58403,133367,3865.0,rb2301,3804,3810,3713,3714.0,668896,953420,3766.0,rb2302,3775,3775,3679,3689.0,650,40267,3730.0,rb2303,3749,3770,3674,3674.0,116,56370,3730.0,rb2304,3782,3782,3692,3692.0,720,30187,3780.0,rb2305,3750,3755,3661,3661.0,31468,248683,3711.0,rb2210,4050.0,4062.0,3924.0,3929.0,2162701.0,1514851.0,3998.0
2022-08-22,3904.527515533651,2500428.0,3105355.0,rb2209,3937,4024,3931,4010.0,1084,5314,3998.0,rb2210,3948,4027,3924,4010.0,1732096,1472526,3986.0,rb2211,3866,3965,3852,3951.0,47723,107931,3920.0,rb2212,3845,3927,3814,3915.0,57874,140805,3882.0,rb2301,3710,3819,3710,3803.0,614032,958736,3774.0,rb2302,3689,3781,3685,3781.0,1648,40334,3737.0,rb2303,3694,3785,3689,3758.0,140,56436,3741.0,rb2304,3680,3772,3680,3768.0,18,30184,3732.0,rb2305,3675,3762,3658,3742.0,42262,255568,3716.0,rb2210,3948.0,4027.0,3924.0,4010.0,1732096.0,1472526.0,3986.0
2022-08-23,3941.5887638909967,1868998.0,3050807.0,rb2209,4003,4058,3980,4048.0,751,5137,4023.0,rb2210,4005,4064,3973,4052.0,1237138,1411349,4025.0,rb2211,3946,4022,3926,4016.0,33885,107271,3980.0,rb2212,3924,3971,3887,3961.0,36970,142557,3937.0,rb2301,3818,3853,3771,3839.0,528536,964834,3821.0,rb2302,3781,3818,3740,3802.0,2209,39636,3789.0,rb2303,3758,3813,3741,3797.0,1542,54914,3758.0,rb2304,3764,3814,3736,3786.0,28,30172,3796.0,rb2305,3733,3792,3717,3773.0,23934,253468,3763.0,rb2210,4005.0,4064.0,3973.0,4052.0,1237138.0,1411349.0,4025.0
2022-08-24,3955.287737877503,1996108.0,2976532.0,rb2209,4055,4089,4039,4087.0,1799,4730,4071.0,rb2210,4054,4094,4034,4086.0,1300583,1288077,4064.0,rb2211,4017,4063,4009,4054.0,38169,104512,4034.0,rb2212,3965,4006,3941,3980.0,38281,145757,3969.0,rb2301,3838,3878,3807,3847.0,587892,1010690,3837.0,rb2302,3813,3830,3758,3807.0,690,39980,3786.0,rb2303,3807,3825,3762,3800.0,70,54903,3790.0,rb2304,3812,3818,3775,3775.0,15,30175,3799.0,rb2305,3775,3809,3748,3778.0,27372,255076,3774.0,rb2210,4054.0,4094.0,4034.0,4086.0,1300583.0,1288077.0,4064.0
2022-08-25,3914.538940770696,2298961.0,2934983.0,rb2209,4087,4110,4052,4065.0,1412,4309,4081.0,rb2210,4089,4110,4043,4052.0,1324563,1165706,4081.0,rb2211,4059,4071,4005,4010.0,42275,94509,4043.0,rb2212,3986,4017,3944,3945.0,48271,147672,3984.0,rb2301,3860,3889,3813,3815.0,850076,1092473,3853.0,rb2302,3807,3838,3704,3767.0,107,39988,3814.0,rb2303,3809,3834,3785,3786.0,63,54877,3811.0,rb2304,3827,3827,3807,3810.0,9,30177,3813.0,rb2305,3792,3816,3748,3750.0,32026,262546,3786.0,rb2210,4089.0,4110.0,4043.0,4052.0,1324563.0,1165706.0,4081.0
2022-08-26,3953.7646680993394,2098796.0,2926930.0,rb2209,4065,4108,4050,4102.0,775,3989,4076.0,rb2210,4052,4112,4043,4097.0,1168595,1114193,4078.0,rb2211,4010,4054,3999,4043.0,50898,50510,4015.0,rb2212,3945,4011,3936,3996.0,44725,144216,3974.0,rb2301,3815,3882,3807,3866.0,784879,1167198,3851.0,rb2302,3777,3834,3777,3824.0,13706,50467,3811.0,rb2303,3787,3828,3776,3817.0,775,54972,3801.0,rb2304,3794,3817,3782,3816.0,14,30177,3803.0,rb2305,3753,3808,3740,3795.0,32653,266785,3779.0,rb2210,4052.0,4112.0,4043.0,4097.0,1168595.0,1114193.0,4078.0
2022-08-29,3827.773473852855,3178979.0,2963574.0,rb2209,4102,4124,3950,3964.0,1109,3534,4013.0,rb2210,4105,4130,3944,3965.0,1610705,979188,4023.0,rb2211,4043,4083,3922,3943.0,27764,33344,4027.0,rb2212,3996,4041,3870,3898.0,59499,145416,3948.0,rb2301,3890,3916,3734,3761.0,1394105,1318488,3816.0,rb2302,3824,3867,3694,3722.0,21439,67655,3766.0,rb2303,3840,3864,3698,3715.0,622,55063,3754.0,rb2304,3802,3803,3700,3700.0,17,30174,3732.0,rb2305,3802,3839,3672,3697.0,62332,287084,3752.0,rb2210,4105.0,4130.0,3944.0,3965.0,1610705.0,979188.0,4023.0
2022-08-30,3720.528871059968,2767704.0,3036016.0,rb2209,3964,3964,3841,3862.0,671,3069,3912.0,rb2210,3965,3972,3861,3875.0,1171963,870285,3917.0,rb2211,3943,3949,3830,3840.0,13492,25843,3900.0,rb2212,3898,3901,3786,3792.0,58376,142961,3845.0,rb2301,3770,3770,3652,3661.0,1426335,1468467,3708.0,rb2302,3722,3722,3612,3619.0,29042,86041,3673.0,rb2303,3715,3715,3611,3611.0,2217,56569,3696.0,rb2304,3699,3699,3640,3640.0,13,30177,3668.0,rb2305,3702,3706,3591,3597.0,59865,305581,3648.0,rb2301,3770.0,3770.0,3652.0,3661.0,1426335.0,1468467.0,3708.0
2022-08-31,3727.773626589764,2223502.0,3040388.0,rb2209,3862,3969,3785,3969.0,2115,1891,3873.0,rb2210,3900,3920,3874,3902.0,691751,727435,3901.0,rb2211,3840,3880,3840,3856.0,6487,22535,3855.0,rb2212,3810,3836,3788,3809.0,41893,143115,3812.0,rb2301,3650,3704,3650,3677.0,1401509,1589990,3680.0,rb2302,3619,3662,3607,3638.0,16797,94978,3639.0,rb2303,3590,3656,3589,3626.0,2146,58127,3629.0,rb2304,3632,3639,3620,3631.0,18,30179,3630.0,rb2305,3596,3642,3591,3612.0,55563,320240,3613.0,rb2301,3650.0,3704.0,3650.0,3677.0,1401509.0,1589990.0,3680.0
2022-09-01,3691.0361864868432,2643639.0,3096819.0,rb2209,3901,3901,3901,3901.0,31,1890,3901.0,rb2210,3920,3936,3877,3890.0,499494,638714,3910.0,rb2211,3861,3900,3822,3840.0,6226,20023,3863.0,rb2212,3813,3858,3760,3776.0,53883,143617,3816.0,rb2301,3694,3729,3626,3642.0,1969194,1705345,3686.0,rb2302,3643,3688,3587,3598.0,26718,109742,3644.0,rb2303,3623,3677,3586,3603.0,689,58389,3629.0,rb2304,3631,3670,3594,3613.0,2015,30185,3643.0,rb2305,3611,3660,3571,3585.0,81622,339469,3624.0,rb2301,3694.0,3729.0,3626.0,3642.0,1969194.0,1705345.0,3686.0
2022-09-02,3675.237059162585,2392976.0,3067344.0,rb2209,3702,3860,3702,3850.0,630,1650,3797.0,rb2210,3868,3885,3822,3866.0,396150,575860,3860.0,rb2211,3819,3838,3774,3815.0,2561,19835,3815.0,rb2212,3753,3788,3711,3773.0,51570,140989,3757.0,rb2301,3628,3655,3575,3637.0,1807756,1712615,3622.0,rb2302,3576,3612,3534,3594.0,26459,119997,3578.0,rb2303,3597,3611,3534,3592.0,1138,58870,3584.0,rb2304,3609,3609,3536,3576.0,846,29980,3587.0,rb2305,3586,3586,3515,3569.0,97729,350271,3554.0,rb2301,3628.0,3655.0,3575.0,3637.0,1807756.0,1712615.0,3622.0
2022-09-05,3722.293126309677,2185352.0,2970675.0,rb2209,0,0,0,3840.0,0,1650,3840.0,rb2210,3895,3909,3860,3897.0,308717,524916,3885.0,rb2211,3817,3878,3812,3872.0,2372,19445,3849.0,rb2212,3770,3837,3757,3823.0,42956,141258,3797.0,rb2301,3650,3706,3621,3691.0,1715622,1652554,3665.0,rb2302,3609,3664,3581,3649.0,20268,126492,3622.0,rb2303,3592,3655,3582,3638.0,2015,58225,3596.0,rb2304,3576,3640,3575,3621.0,1756,28732,3617.0,rb2305,3560,3640,3559,3627.0,89899,358781,3593.0,rb2301,3650.0,3706.0,3621.0,3691.0,1715622.0,1652554.0,3665.0
2022-09-06,3723.083209301315,1489514.0,2945476.0,rb2209,0,0,0,3842.0,0,1650,3842.0,rb2210,3910,3910,3888,3899.0,150956,497294,3900.0,rb2211,3868,3878,3853,3861.0,3208,17274,3866.0,rb2212,3834,3837,3800,3821.0,28057,140654,3818.0,rb2301,3708,3709,3672,3693.0,1231154,1651704,3692.0,rb2302,3649,3665,3634,3653.0,25383,129629,3652.0,rb2303,3638,3657,3633,3653.0,342,58472,3640.0,rb2304,3621,3646,3621,3646.0,604,29333,3621.0,rb2305,3620,3642,3607,3631.0,49623,360744,3626.0,rb2301,3708.0,3709.0,3672.0,3693.0,1231154.0,1651704.0,3692.0
2022-09-07,3701.970386548371,2108220.0,2925326.0,rb2209,3850,3850,3850,3850.0,60,1590,3850.0,rb2210,3887,3919,3870,3892.0,194300,459612,3896.0,rb2211,3852,3892,3832,3851.0,4006,15340,3866.0,rb2212,3818,3847,3778,3799.0,34089,141424,3811.0,rb2301,3696,3726,3651,3673.0,1789661,1661151,3687.0,rb2302,3653,3684,3613,3630.0,22804,132478,3644.0,rb2303,3651,3680,3612,3633.0,402,58501,3643.0,rb2304,3633,3633,3633,3633.0,700,28633,3633.0,rb2305,3612,3664,3591,3609.0,59463,366136,3622.0,rb2301,3696.0,3726.0,3651.0,3673.0,1789661.0,1661151.0,3687.0
2022-09-08,3743.936159990391,2125805.0,2913925.0,rb2209,3918,3918,3918,3918.0,60,1590,3918.0,rb2210,3890,3945,3890,3926.0,178029,419892,3917.0,rb2211,3861,3920,3851,3906.0,2053,14875,3893.0,rb2212,3807,3875,3797,3849.0,34546,139960,3839.0,rb2301,3682,3755,3670,3719.0,1793055,1690538,3715.0,rb2302,3635,3713,3631,3682.0,30781,135477,3675.0,rb2303,3633,3702,3628,3673.0,2945,60998,3638.0,rb2304,3633,3705,3633,3672.0,507,28135,3633.0,rb2305,3614,3690,3610,3657.0,80825,359940,3650.0,rb2301,3682.0,3755.0,3670.0,3719.0,1793055.0,1690538.0,3715.0
2022-09-09,3805.878667179325,1653767.0,2837501.0,rb2209,0,0,0,3918.0,0,1590,3918.0,rb2210,3929,3980,3928,3972.0,154615,382276,3956.0,rb2211,3904,3952,3894,3948.0,1380,14706,3922.0,rb2212,3851,3911,3842,3906.0,32525,137445,3877.0,rb2301,3730,3792,3718,3791.0,1378872,1652024,3756.0,rb2302,3696,3748,3678,3746.0,23376,135723,3713.0,rb2303,3673,3742,3673,3742.0,1279,61783,3690.0,rb2304,3681,3726,3681,3717.0,12,28134,3708.0,rb2305,3660,3713,3655,3712.0,61560,361331,3680.0,rb2301,3730.0,3792.0,3718.0,3791.0,1378872.0,1652024.0,3756.0
2022-09-13,3809.923098357278,1044878.0,2810031.0,rb2209,0,0,0,3920.0,0,1590,3920.0,rb2210,3982,3993,3966,3983.0,80547,359235,3978.0,rb2211,3966,3971,3941,3955.0,1819,14883,3953.0,rb2212,3890,3931,3890,3917.0,27909,137663,3913.0,rb2301,3795,3807,3769,3794.0,875682,1648566,3790.0,rb2302,3754,3761,3725,3749.0,19996,136428,3745.0,rb2303,3750,3768,3719,3746.0,171,61819,3739.0,rb2304,3717,3751,3707,3729.0,1109,27033,3727.0,rb2305,3706,3733,3695,3720.0,35959,361805,3715.0,rb2301,3795.0,3807.0,3769.0,3794.0,875682.0,1648566.0,3790.0
2022-09-14,3754.4548507266536,1815546.0,2815372.0,rb2209,0,0,0,3920.0,0,1590,3920.0,rb2210,3960,3971,3902,3931.0,145158,325618,3932.0,rb2211,3949,3949,3874,3903.0,2892,12871,3908.0,rb2212,3885,3897,3826,3866.0,49149,137523,3861.0,rb2301,3770,3778,3704,3741.0,1528167,1682113,3737.0,rb2302,3748,3748,3660,3697.0,36147,137283,3696.0,rb2303,3707,3724,3653,3695.0,364,61865,3681.0,rb2304,3729,3729,3658,3658.0,6,27035,3682.0,rb2305,3720,3720,3633,3667.0,53406,368346,3666.0,rb2301,3770.0,3778.0,3704.0,3741.0,1528167.0,1682113.0,3737.0
2022-09-15,3732.285032452024,2304643.0,2822012.0,rb2209,3930,3930,3900,3900.0,90,1500,3920.0,rb2210,3900,3962,3897,3913.0,145758,300327,3928.0,rb2211,3904,3940,3866,3885.0,2001,12843,3900.0,rb2212,3859,3904,3818,3845.0,36423,135978,3868.0,rb2301,3745,3789,3693,3722.0,1976576,1711041,3747.0,rb2302,3697,3740,3648,3675.0,60872,138939,3707.0,rb2303,3695,3732,3645,3663.0,3176,59341,3697.0,rb2304,3658,3723,3648,3657.0,3125,23934,3658.0,rb2305,3665,3701,3620,3642.0,74210,378929,3663.0,rb2301,3745.0,3789.0,3693.0,3722.0,1976576.0,1711041.0,3747.0
2022-09-16,3694.129202181079,2007939.0,2814937.0,rb2210,3905,3925,3867,3890.0,121177,276154,3897.0,rb2211,3879,3892,3826,3850.0,1771,12264,3863.0,rb2212,3838,3849,3778,3802.0,38341,134020,3814.0,rb2301,3710,3740,3658,3686.0,1715119,1735896,3696.0,rb2302,3675,3692,3611,3639.0,40487,138430,3656.0,rb2303,3663,3675,3604,3628.0,939,59790,3647.0,rb2304,3653,3708,3593,3623.0,80,23965,3614.0,rb2305,3639,3658,3571,3597.0,89490,374899,3606.0,rb2306,3625,3645,3567,3588.0,210,37033,3603.0,rb2301,3710.0,3740.0,3658.0,3686.0,1715119.0,1735896.0,3696.0
2022-09-19,3701.13803556808,1699237.0,2734643.0,rb2210,3890,3922,3881,3885.0,85335,256620,3903.0,rb2211,3852,3888,3847,3851.0,888,12147,3868.0,rb2212,3811,3847,3800,3805.0,44528,132349,3826.0,rb2301,3689,3737,3687,3696.0,1476096,1685459,3714.0,rb2302,3646,3688,3641,3646.0,39228,134945,3664.0,rb2303,3628,3675,3628,3633.0,876,59474,3637.0,rb2304,3626,3661,3617,3633.0,39,23953,3638.0,rb2305,3585,3646,3585,3608.0,49693,372329,3623.0,rb2306,3599,3637,3593,3593.0,599,36522,3624.0,rb2301,3689.0,3737.0,3687.0,3696.0,1476096.0,1685459.0,3714.0
2022-09-20,3664.6381041441086,1978283.0,2742930.0,rb2210,3880,3902,3850,3852.0,97526,242187,3877.0,rb2211,3851,3869,3810,3815.0,1829,11062,3846.0,rb2212,3804,3831,3761,3763.0,34575,130274,3800.0,rb2301,3698,3726,3650,3659.0,1744328,1708020,3690.0,rb2302,3646,3677,3606,3611.0,38254,135927,3646.0,rb2303,3633,3662,3603,3604.0,891,59153,3650.0,rb2304,3605,3605,3599,3601.0,6,23956,3603.0,rb2305,3618,3638,3575,3578.0,60100,374416,3607.0,rb2306,3582,3621,3566,3578.0,68,36518,3592.0,rb2301,3698.0,3726.0,3650.0,3659.0,1744328.0,1708020.0,3690.0
2022-09-21,3669.419906603802,1826995.0,2753217.0,rb2210,3860,3878,3836,3864.0,87076,223775,3856.0,rb2211,3809,3837,3795,3818.0,563,11003,3814.0,rb2212,3756,3790,3747,3772.0,31550,127377,3767.0,rb2301,3655,3685,3630,3664.0,1573075,1739827,3656.0,rb2302,3605,3640,3587,3619.0,60508,135278,3612.0,rb2303,3604,3628,3583,3606.0,574,59529,3605.0,rb2304,3601,3615,3582,3615.0,465,24409,3600.0,rb2305,3590,3605,3556,3586.0,69866,370967,3579.0,rb2306,3580,3586,3550,3573.0,845,37330,3575.0,rb2301,3655.0,3685.0,3630.0,3664.0,1573075.0,1739827.0,3656.0
2022-09-22,3763.772216854472,2105204.0,2708563.0,rb2210,3860,3949,3860,3945.0,107338,196349,3908.0,rb2211,3821,3897,3819,3893.0,1049,10415,3875.0,rb2212,3767,3861,3767,3859.0,29497,125984,3820.0,rb2301,3665,3768,3662,3765.0,1843645,1733745,3718.0,rb2302,3617,3719,3617,3716.0,54807,134531,3684.0,rb2303,3606,3710,3590,3702.0,653,59233,3634.0,rb2304,3615,3672,3611,3672.0,308,24710,3615.0,rb2305,3584,3681,3584,3677.0,67443,362754,3638.0,rb2306,3586,3662,3582,3653.0,171,37242,3633.0,rb2301,3665.0,3768.0,3662.0,3765.0,1843645.0,1733745.0,3718.0
2022-09-23,3763.644639405932,1534875.0,2656935.0,rb2210,3950,3965,3930,3942.0,74182,178222,3948.0,rb2211,3894,3916,3892,3895.0,1028,10112,3905.0,rb2212,3888,3888,3843,3856.0,72959,116356,3864.0,rb2301,3771,3787,3748,3766.0,1294449,1714891,3768.0,rb2302,3716,3739,3698,3716.0,42399,134277,3716.0,rb2303,3706,3725,3689,3709.0,384,59364,3706.0,rb2304,3672,3729,3672,3696.0,216,24512,3674.0,rb2305,3687,3700,3664,3678.0,48821,358452,3683.0,rb2306,3675,3685,3662,3678.0,238,37185,3667.0,rb2301,3771.0,3787.0,3748.0,3766.0,1294449.0,1714891.0,3768.0
2022-09-26,3759.156625409042,1997839.0,2570030.0,rb2210,3910,3959,3900,3938.0,69048,157712,3931.0,rb2211,3884,3915,3853,3892.0,2432,8208,3890.0,rb2212,3841,3875,3802,3862.0,59355,69219,3844.0,rb2301,3736,3783,3710,3765.0,1733812,1674462,3751.0,rb2302,3706,3732,3664,3717.0,51553,138458,3707.0,rb2303,3698,3722,3657,3710.0,30557,78947,3700.0,rb2304,3683,3716,3670,3696.0,790,24757,3692.0,rb2305,3668,3697,3631,3680.0,49949,357583,3667.0,rb2306,3656,3681,3624,3659.0,142,37107,3659.0,rb2301,3736.0,3783.0,3710.0,3765.0,1733812.0,1674462.0,3751.0
2022-09-27,3821.303899145876,2126790.0,2608520.0,rb2210,3940,3978,3940,3976.0,90012,112047,3960.0,rb2211,3894,3953,3894,3945.0,1268,7498,3917.0,rb2212,3862,3920,3862,3911.0,23461,59051,3884.0,rb2301,3775,3845,3773,3837.0,1813334,1749635,3812.0,rb2302,3717,3797,3717,3787.0,80845,138964,3765.0,rb2303,3710,3787,3710,3777.0,40704,100300,3752.0,rb2304,3696,3768,3696,3755.0,708,24955,3749.0,rb2305,3680,3740,3680,3728.0,71322,350993,3720.0,rb2306,3659,3729,3659,3722.0,1132,37820,3674.0,rb2301,3775.0,3845.0,3773.0,3837.0,1813334.0,1749635.0,3812.0
2022-09-28,3805.44597226877,1490382.0,2586903.0,rb2210,3980,3989,3958,3961.0,47560,91211,3971.0,rb2211,3945,3965,3919,3938.0,354,7411,3938.0,rb2212,3921,3934,3888,3888.0,17304,46050,3913.0,rb2301,3846,3856,3814,3823.0,1177884,1727377,3831.0,rb2302,3795,3810,3763,3773.0,101222,135850,3779.0,rb2303,3786,3800,3753,3759.0,79440,128252,3769.0,rb2304,3768,3780,3747,3747.0,549,24474,3749.0,rb2305,3733,3753,3720,3722.0,61225,356666,3735.0,rb2306,3722,3735,3706,3706.0,216,37972,3721.0,rb2301,3846.0,3856.0,3814.0,3823.0,1177884.0,1727377.0,3831.0
2022-09-29,3817.232768964138,1773145.0,2565342.0,rb2210,3975,3990,3961,3973.0,49642,63523,3974.0,rb2211,3936,3945,3904,3934.0,284,7392,3928.0,rb2212,3889,3930,3880,3930.0,8357,42029,3899.0,rb2301,3835,3860,3806,3836.0,1463427,1725569,3834.0,rb2302,3798,3804,3753,3781.0,111247,130313,3779.0,rb2303,3789,3798,3741,3771.0,89650,139989,3767.0,rb2304,3774,3777,3738,3767.0,347,24506,3760.0,rb2305,3726,3760,3707,3740.0,49812,362422,3736.0,rb2306,3709,3740,3699,3724.0,139,37934,3726.0,rb2301,3835.0,3860.0,3806.0,3836.0,1463427.0,1725569.0,3834.0
2022-09-30,3774.77756748901,1600326.0,2435804.0,rb2210,3983,3983,3872,3890.0,52049,27694,3936.0,rb2211,3938,3941,3881,3896.0,230,7412,3911.0,rb2212,3930,3930,3859,3865.0,5459,40353,3903.0,rb2301,3836,3852,3785,3799.0,1260768,1621968,3823.0,rb2302,3782,3795,3731,3743.0,130338,129532,3772.0,rb2303,3772,3785,3721,3731.0,94720,142160,3762.0,rb2304,3746,3771,3723,3736.0,694,24530,3760.0,rb2305,3744,3756,3691,3697.0,54460,371089,3730.0,rb2306,3724,3725,3685,3685.0,1456,39343,3723.0,rb2301,3836.0,3852.0,3785.0,3799.0,1260768.0,1621968.0,3823.0
2022-10-10,3844.092238682439,1313128.0,2496187.0,rb2210,3910,3963,3901,3930.0,9484,19380,3950.0,rb2211,3896,3959,3896,3916.0,363,7397,3929.0,rb2212,3913,3951,3908,3938.0,5594,39664,3938.0,rb2301,3825,3886,3820,3875.0,1060636,1663666,3866.0,rb2302,3777,3826,3767,3812.0,97173,135767,3810.0,rb2303,3769,3814,3749,3794.0,77257,152202,3797.0,rb2304,3759,3800,3759,3781.0,861,24557,3788.0,rb2305,3730,3769,3726,3753.0,55521,376555,3753.0,rb2306,3713,3751,3713,3729.0,2088,41333,3735.0,rb2301,3825.0,3886.0,3820.0,3875.0,1060636.0,1663666.0,3866.0
2022-10-11,3747.426071050057,2118201.0,2551328.0,rb2210,3955,3958,3800,3868.0,9780,12930,3889.0,rb2211,3940,3940,3860,3860.0,867,7223,3895.0,rb2212,3938,3951,3843,3855.0,7142,38364,3898.0,rb2301,3880,3893,3763,3774.0,1685248,1697534,3819.0,rb2302,3819,3829,3704,3715.0,137599,139433,3760.0,rb2303,3805,3814,3694,3707.0,168830,156598,3733.0,rb2304,3804,3804,3674,3674.0,244,24501,3733.0,rb2305,3755,3768,3661,3670.0,106503,395918,3707.0,rb2306,3748,3748,3648,3648.0,1194,42463,3656.0,rb2301,3880.0,3893.0,3763.0,3774.0,1685248.0,1697534.0,3819.0
2022-10-12,3725.401687191355,2234284.0,2518268.0,rb2210,3856,3879,3780,3800.0,7500,9870,3805.0,rb2211,3894,3894,3788,3803.0,618,7193,3827.0,rb2212,3855,3861,3789,3814.0,3843,37475,3816.0,rb2301,3782,3790,3711,3754.0,1723401,1653422,3742.0,rb2302,3717,3730,3655,3697.0,239817,142880,3690.0,rb2303,3707,3723,3646,3684.0,177526,155673,3678.0,rb2304,3689,3696,3639,3676.0,105,24466,3666.0,rb2305,3673,3685,3613,3648.0,80170,407474,3645.0,rb2306,3678,3678,3602,3623.0,228,42542,3627.0,rb2301,3782.0,3790.0,3711.0,3754.0,1723401.0,1653422.0,3742.0
2022-10-13,3688.643214146141,2061930.0,2548596.0,rb2210,3823,3850,3781,3790.0,3600,10080,3804.0,rb2211,3803,3837,3793,3793.0,2459,5016,3804.0,rb2212,3814,3847,3794,3798.0,3599,36768,3810.0,rb2301,3754,3785,3712,3719.0,1614102,1669890,3746.0,rb2302,3692,3723,3653,3658.0,185652,149040,3686.0,rb2303,3684,3709,3639,3642.0,111731,159203,3672.0,rb2304,3670,3686,3636,3636.0,172,24487,3652.0,rb2305,3658,3666,3602,3605.0,131435,416789,3637.0,rb2306,3623,3650,3566,3591.0,7171,38489,3622.0,rb2301,3754.0,3785.0,3712.0,3719.0,1614102.0,1669890.0,3746.0
2022-10-14,3726.810423017408,1867092.0,2518407.0,rb2210,3790,3830,3783,3830.0,2190,9780,3818.0,rb2211,3762,3828,3746,3814.0,257,5007,3798.0,rb2212,3767,3840,3766,3832.0,2700,35842,3796.0,rb2301,3707,3770,3685,3759.0,1352892,1633530,3739.0,rb2302,3638,3710,3626,3697.0,303464,148582,3684.0,rb2303,3630,3696,3613,3681.0,131850,164953,3663.0,rb2304,3586,3681,3586,3663.0,137,24502,3655.0,rb2305,3600,3658,3579,3642.0,68381,414420,3625.0,rb2306,3567,3644,3567,3624.0,395,38485,3626.0,rb2301,3707.0,3770.0,3685.0,3759.0,1352892.0,1633530.0,3739.0
2022-10-17,3646.153753979077,2725612.0,2665505.0,rb2210,3812,3826,3700,3730.0,1770,9780,3756.0,rb2211,3813,3818,3740,3750.0,288,4913,3778.0,rb2212,3870,3870,3734,3736.0,5064,35054,3770.0,rb2301,3758,3763,3655,3675.0,1989759,1740712,3694.0,rb2302,3705,3705,3595,3618.0,430503,152977,3629.0,rb2303,3687,3687,3582,3604.0,164545,167005,3619.0,rb2304,3663,3663,3575,3582.0,811,24696,3618.0,rb2305,3641,3649,3552,3572.0,130820,446968,3583.0,rb2306,3606,3627,3543,3551.0,846,39128,3561.0,rb2301,3758.0,3763.0,3655.0,3675.0,1989759.0,1740712.0,3694.0
2022-10-18,3649.9084027198496,2382983.0,2684119.0,rb2211,3743,3781,3725,3765.0,90,4910,3751.0,rb2212,3740,3775,3720,3757.0,1791,35029,3740.0,rb2301,3675,3699,3636,3678.0,1652862,1750625,3666.0,rb2302,3618,3644,3582,3624.0,366693,153665,3605.0,rb2303,3604,3630,3568,3611.0,259065,170092,3601.0,rb2304,3582,3613,3558,3601.0,555,25093,3581.0,rb2305,3562,3591,3539,3577.0,89789,452313,3562.0,rb2306,3564,3575,3524,3569.0,207,39053,3546.0,rb2307,3540,3565,3520,3556.0,797,18396,3536.0,rb2301,3675.0,3699.0,3636.0,3678.0,1652862.0,1750625.0,3666.0
2022-10-19,3620.605900597125,2258390.0,2757043.0,rb2211,3765,3774,3720,3730.0,156,4948,3748.0,rb2212,3757,3774,3729,3741.0,1942,34781,3752.0,rb2301,3683,3691,3632,3647.0,1512142,1803156,3662.0,rb2302,3626,3635,3581,3595.0,389649,155542,3614.0,rb2303,3611,3624,3567,3582.0,259581,174642,3601.0,rb2304,3598,3600,3562,3573.0,222,25122,3581.0,rb2305,3576,3588,3542,3553.0,84338,462317,3566.0,rb2306,3569,3569,3535,3541.0,2063,37059,3568.0,rb2307,3553,3553,3530,3530.0,18,18386,3542.0,rb2301,3683.0,3691.0,3632.0,3647.0,1512142.0,1803156.0,3662.0
2022-10-20,3570.2710666162407,2894595.0,2826593.0,rb2211,3712,3724,3665,3678.0,164,4950,3696.0,rb2212,3740,3740,3676,3682.0,2405,34210,3707.0,rb2301,3645,3648,3588,3594.0,2105144,1835441,3622.0,rb2302,3602,3602,3538,3548.0,427508,158525,3574.0,rb2303,3579,3586,3530,3537.0,245046,178834,3561.0,rb2304,3571,3571,3529,3535.0,251,25177,3546.0,rb2305,3553,3555,3506,3510.0,102943,484299,3529.0,rb2306,3515,3535,3496,3512.0,310,37252,3519.0,rb2307,3530,3530,3491,3493.0,1580,19951,3515.0,rb2301,3645.0,3648.0,3588.0,3594.0,2105144.0,1835441.0,3622.0
2022-10-21,3603.124894337442,2534854.0,2722109.0,rb2211,3652,3724,3646,3699.0,106,4921,3707.0,rb2212,3682,3743,3677,3716.0,1886,33744,3714.0,rb2301,3600,3664,3589,3630.0,1872506,1749107,3634.0,rb2302,3560,3613,3539,3582.0,347539,150759,3587.0,rb2303,3537,3603,3530,3572.0,205967,169908,3574.0,rb2304,3535,3578,3528,3576.0,152,25182,3553.0,rb2305,3510,3571,3510,3537.0,98135,484629,3542.0,rb2306,3512,3551,3493,3521.0,641,37660,3514.0,rb2307,3493,3547,3492,3507.0,2049,17971,3493.0,rb2301,3600.0,3664.0,3589.0,3630.0,1872506.0,1749107.0,3634.0
2022-10-24,3598.8795193222536,2609209.0,2766344.0,rb2211,3724,3745,3682,3710.0,130,4928,3711.0,rb2212,3718,3764,3695,3712.0,1859,33671,3725.0,rb2301,3629,3678,3604,3622.0,1849163,1781095,3637.0,rb2302,3576,3630,3559,3579.0,378635,154182,3590.0,rb2303,3570,3616,3546,3568.0,274162,175189,3576.0,rb2304,3575,3597,3549,3554.0,47,25184,3563.0,rb2305,3530,3588,3523,3543.0,98485,487237,3551.0,rb2306,3521,3571,3509,3529.0,182,37578,3538.0,rb2307,3539,3562,3506,3522.0,37,17985,3528.0,rb2301,3629.0,3678.0,3604.0,3622.0,1849163.0,1781095.0,3637.0
2022-10-25,3553.2662354031368,2609678.0,2828433.0,rb2211,3711,3711,3615,3640.0,1926,3143,3698.0,rb2212,3700,3703,3650,3659.0,2361,33092,3667.0,rb2301,3615,3618,3561,3574.0,1694506,1822433,3583.0,rb2302,3574,3576,3526,3533.0,440044,158320,3546.0,rb2303,3568,3568,3517,3526.0,357529,181084,3536.0,rb2304,3532,3551,3515,3529.0,49,25180,3530.0,rb2305,3558,3558,3493,3504.0,102050,493796,3511.0,rb2306,3500,3522,3485,3492.0,432,37309,3496.0,rb2307,3486,3503,3476,3481.0,2562,20516,3481.0,rb2301,3615.0,3618.0,3561.0,3574.0,1694506.0,1822433.0,3583.0
2022-10-26,3555.6831666540743,1789563.0,2792689.0,rb2211,3640,3660,3620,3645.0,241,3058,3650.0,rb2212,3657,3698,3646,3666.0,4448,30241,3662.0,rb2301,3574,3620,3555,3580.0,1549716,1785892,3589.0,rb2302,3536,3577,3522,3535.0,84926,158146,3548.0,rb2303,3527,3565,3513,3526.0,35318,177748,3535.0,rb2304,3523,3553,3503,3511.0,245,25231,3526.0,rb2305,3510,3536,3488,3500.0,106883,499454,3509.0,rb2306,3508,3524,3479,3486.0,469,37051,3494.0,rb2307,3463,3506,3463,3471.0,20,20513,3487.0,rb2301,3574.0,3620.0,3555.0,3580.0,1549716.0,1785892.0,3589.0
2022-10-27,3538.946086271843,1738653.0,2794075.0,rb2211,3632,3653,3625,3626.0,154,3014,3638.0,rb2212,3666,3698,3642,3645.0,2592,29128,3674.0,rb2301,3580,3622,3563,3563.0,1451705,1773458,3591.0,rb2302,3527,3578,3518,3520.0,125809,156832,3545.0,rb2303,3519,3566,3507,3510.0,58172,178982,3534.0,rb2304,3516,3550,3501,3509.0,232,25218,3529.0,rb2305,3500,3531,3481,3484.0,94287,513076,3505.0,rb2306,3490,3515,3467,3476.0,268,37066,3493.0,rb2307,3490,3500,3465,3466.0,45,20498,3477.0,rb2301,3580.0,3622.0,3563.0,3563.0,1451705.0,1773458.0,3591.0
2022-10-28,3470.6159668209752,2453643.0,2907379.0,rb2211,3626,3626,3479,3549.0,611,2967,3571.0,rb2212,3645,3645,3562,3571.0,2392,28237,3596.0,rb2301,3558,3564,3478,3490.0,1981946,1844304,3517.0,rb2302,3512,3518,3444,3456.0,220277,159709,3475.0,rb2303,3510,3510,3436,3450.0,76665,180270,3467.0,rb2304,3502,3502,3435,3446.0,526,25339,3463.0,rb2305,3480,3483,3417,3426.0,157187,549647,3447.0,rb2306,3458,3461,3406,3420.0,466,37148,3433.0,rb2307,3450,3460,3398,3415.0,83,20532,3426.0,rb2301,3558.0,3564.0,3478.0,3490.0,1981946.0,1844304.0,3517.0
2022-10-31,3377.366193851194,2701942.0,2963242.0,rb2211,3535,3636,3337,3337.0,2747,780,3464.0,rb2212,3569,3577,3468,3487.0,4135,25804,3517.0,rb2301,3490,3506,3389,3397.0,2171777,1861216,3441.0,rb2302,3454,3469,3354,3363.0,237927,158993,3406.0,rb2303,3449,3462,3352,3357.0,75788,177414,3401.0,rb2304,3430,3436,3348,3349.0,359,25411,3378.0,rb2305,3420,3434,3330,3336.0,185159,585717,3375.0,rb2306,3420,3420,3318,3326.0,4211,41235,3417.0,rb2307,3413,3413,3314,3314.0,128,20517,3354.0,rb2301,3490.0,3506.0,3389.0,3397.0,2171777.0,1861216.0,3441.0
2022-11-01,3465.095230694552,2654776.0,2921222.0,rb2211,3419,3539,3419,3530.0,180,720,3487.0,rb2212,3470,3570,3470,3567.0,1929,25413,3527.0,rb2301,3391,3495,3389,3485.0,2077614,1789906,3442.0,rb2302,3365,3463,3355,3453.0,238249,159325,3406.0,rb2303,3365,3458,3351,3447.0,88131,178005,3400.0,rb2304,3349,3451,3344,3450.0,2118,25803,3385.0,rb2305,3337,3441,3325,3427.0,223488,605055,3384.0,rb2306,3326,3425,3326,3419.0,502,41399,3355.0,rb2307,3324,3422,3324,3408.0,141,20483,3385.0,rb2301,3391.0,3495.0,3389.0,3485.0,2077614.0,1789906.0,3442.0
2022-11-02,3466.495827156164,2830321.0,2919352.0,rb2211,3531,3531,3530,3530.0,90,660,3530.0,rb2212,3567,3586,3533,3543.0,6644,21449,3547.0,rb2301,3485,3515,3450,3485.0,2015196,1773472,3478.0,rb2302,3458,3480,3421,3450.0,350271,158090,3444.0,rb2303,3453,3480,3423,3448.0,250228,182887,3446.0,rb2304,3450,3466,3418,3438.0,468,25930,3439.0,rb2305,3432,3472,3410,3436.0,189144,616991,3433.0,rb2306,3419,3457,3400,3424.0,736,40785,3434.0,rb2307,3413,3453,3390,3410.0,116,20488,3409.0,rb2301,3485.0,3515.0,3450.0,3485.0,2015196.0,1773472.0,3478.0
2022-11-03,3480.7688411279405,2463177.0,2914515.0,rb2211,3527,3527,3522,3522.0,60,660,3524.0,rb2212,3535,3587,3530,3567.0,1351,21326,3560.0,rb2301,3470,3522,3461,3504.0,1692427,1760124,3493.0,rb2302,3450,3480,3432,3461.0,349024,156747,3453.0,rb2303,3470,3475,3432,3457.0,216493,180599,3450.0,rb2304,3438,3466,3433,3459.0,304,26131,3441.0,rb2305,3430,3460,3418,3441.0,191787,627375,3437.0,rb2306,3424,3444,3408,3429.0,388,41116,3424.0,rb2307,3410,3436,3400,3425.0,14,20485,3413.0,rb2301,3470.0,3522.0,3461.0,3504.0,1692427.0,1760124.0,3493.0
2022-11-04,3536.711443372363,2776230.0,2885146.0,rb2211,3570,3570,3504,3520.0,240,660,3529.0,rb2212,3567,3638,3558,3618.0,3418,19153,3581.0,rb2301,3491,3582,3488,3562.0,1960115,1719886,3536.0,rb2302,3455,3542,3446,3522.0,390740,157760,3489.0,rb2303,3452,3534,3443,3514.0,214271,178439,3477.0,rb2304,3459,3526,3439,3511.0,766,26268,3474.0,rb2305,3444,3512,3425,3496.0,184054,634769,3469.0,rb2306,3429,3495,3420,3482.0,702,40495,3433.0,rb2307,3407,3481,3407,3458.0,55,20473,3460.0,rb2301,3491.0,3582.0,3488.0,3562.0,1960115.0,1719886.0,3536.0
2022-11-07,3522.103210202045,2724034.0,2909848.0,rb2211,3570,3570,3570,3570.0,30,660,3570.0,rb2212,3636,3650,3582,3600.0,714,18863,3608.0,rb2301,3585,3607,3513,3535.0,1870515,1695884,3551.0,rb2302,3535,3561,3485,3512.0,472560,160630,3517.0,rb2303,3528,3556,3487,3513.0,83549,179774,3516.0,rb2304,3538,3548,3488,3508.0,623,26299,3506.0,rb2305,3522,3543,3474,3505.0,268633,672880,3500.0,rb2306,3482,3522,3468,3490.0,317,40384,3494.0,rb2307,3662,3662,3465,3483.0,1387,21156,3544.0,rb2301,3585.0,3607.0,3513.0,3535.0,1870515.0,1695884.0,3551.0
2022-11-08,3554.0810689312048,2064953.0,2938524.0,rb2211,3565,3565,3565,3565.0,30,660,3565.0,rb2212,3602,3626,3571,3626.0,1011,18488,3601.0,rb2301,3540,3572,3511,3571.0,1371946,1696738,3536.0,rb2302,3512,3547,3490,3547.0,287899,158053,3511.0,rb2303,3514,3543,3490,3543.0,194786,178992,3511.0,rb2304,3508,3544,3489,3544.0,616,26005,3507.0,rb2305,3490,3530,3480,3530.0,185319,692289,3498.0,rb2306,3490,3516,3469,3514.0,1527,41760,3489.0,rb2307,3474,3506,3464,3506.0,233,21172,3484.0,rb2301,3540.0,3572.0,3511.0,3571.0,1371946.0,1696738.0,3536.0
2022-11-09,3577.523329864724,2486179.0,2955075.0,rb2211,3580,3612,3530,3611.0,360,570,3592.0,rb2212,3626,3639,3612,3620.0,5800,13590,3626.0,rb2301,3571,3608,3566,3590.0,1461441,1682606,3586.0,rb2302,3552,3586,3544,3572.0,495841,158512,3565.0,rb2303,3546,3587,3541,3574.0,303736,183663,3565.0,rb2304,3561,3582,3544,3572.0,158,26016,3563.0,rb2305,3531,3572,3528,3562.0,200557,717125,3552.0,rb2306,3514,3552,3514,3544.0,411,41680,3531.0,rb2307,3506,3543,3506,3538.0,695,20543,3521.0,rb2301,3571.0,3608.0,3566.0,3590.0,1461441.0,1682606.0,3586.0
2022-11-10,3525.941774868584,2806940.0,2986700.0,rb2211,3570,3570,3536,3555.0,120,480,3550.0,rb2212,3604,3614,3567,3567.0,3918,9941,3601.0,rb2301,3580,3584,3524,3538.0,1912637,1697396,3548.0,rb2302,3570,3570,3506,3517.0,388818,156837,3532.0,rb2303,3565,3567,3510,3520.0,229246,184395,3535.0,rb2304,3575,3581,3514,3520.0,706,25719,3534.0,rb2305,3552,3557,3503,3513.0,248136,730254,3528.0,rb2306,3529,3540,3491,3491.0,102,41682,3512.0,rb2307,3538,3538,3486,3486.0,935,21145,3502.0,rb2301,3580.0,3584.0,3524.0,3538.0,1912637.0,1697396.0,3548.0
2022-11-11,3619.523946283533,3309618.0,2975326.0,rb2211,0,0,0,3580.0,0,480,3580.0,rb2212,3567,3681,3567,3665.0,3039,7316,3587.0,rb2301,3522,3661,3516,3637.0,2247442,1651407,3603.0,rb2302,3509,3629,3499,3601.0,521338,158291,3582.0,rb2303,3526,3632,3502,3604.0,154381,184367,3588.0,rb2304,3520,3638,3512,3621.0,1077,25939,3600.0,rb2305,3500,3638,3486,3601.0,352348,761227,3582.0,rb2306,3486,3758,3485,3592.0,276,41622,3591.0,rb2307,3475,3610,3475,3583.0,224,21101,3579.0,rb2301,3522.0,3661.0,3516.0,3637.0,2247442.0,1651407.0,3603.0
2022-11-14,3633.852223138593,2605765.0,2923367.0,rb2211,3695,3695,3695,3695.0,30,480,3695.0,rb2212,3654,3712,3652,3658.0,1203,6771,3684.0,rb2301,3637,3695,3627,3648.0,1688571,1575348,3659.0,rb2302,3609,3656,3595,3608.0,352293,160350,3621.0,rb2303,3610,3659,3597,3615.0,135151,182051,3619.0,rb2304,3621,3675,3607,3631.0,5179,23477,3630.0,rb2305,3612,3679,3595,3625.0,392791,779030,3635.0,rb2306,3611,3657,3584,3616.0,381,41692,3613.0,rb2307,3583,3650,3578,3606.0,633,21618,3638.0,rb2301,3637.0,3695.0,3627.0,3648.0,1688571.0,1575348.0,3659.0
2022-11-15,3672.564651688557,2041991.0,2933481.0,rb2211,3650,3660,3650,3660.0,90,390,3656.0,rb2212,3672,3715,3658,3715.0,500,6515,3692.0,rb2301,3655,3695,3644,3692.0,1258019,1555797,3666.0,rb2302,3606,3641,3603,3639.0,352929,161779,3621.0,rb2303,3615,3643,3608,3643.0,156711,180093,3629.0,rb2304,3628,3670,3628,3670.0,1342,23774,3643.0,rb2305,3628,3663,3619,3661.0,245032,795183,3641.0,rb2306,3616,3640,3616,3639.0,579,42226,3616.0,rb2307,3606,3637,3606,3627.0,379,21443,3608.0,rb2301,3655.0,3695.0,3644.0,3692.0,1258019.0,1555797.0,3666.0
2022-11-16,3720.036265352684,2543009.0,2963407.0,rb2212,3723,3783,3723,3768.0,829,6071,3757.0,rb2301,3700,3764,3695,3742.0,1575266,1539464,3729.0,rb2302,3641,3707,3640,3689.0,366593,163585,3669.0,rb2303,3645,3710,3642,3692.0,228425,183416,3677.0,rb2304,3670,3717,3663,3710.0,534,23933,3686.0,rb2305,3670,3723,3659,3704.0,342317,827624,3691.0,rb2306,3639,3709,3639,3696.0,481,42568,3651.0,rb2307,3646,3695,3641,3695.0,70,21426,3669.0,rb2308,3634,3692,3628,3680.0,4315,53802,3636.0,rb2301,3700.0,3764.0,3695.0,3742.0,1575266.0,1539464.0,3729.0
2022-11-17,3699.0184422993457,2784741.0,2919213.0,rb2212,3791,3791,3711,3745.0,300,6059,3734.0,rb2301,3748,3752,3670,3726.0,1681333,1451721,3704.0,rb2302,3689,3696,3623,3676.0,456886,162995,3650.0,rb2303,3693,3699,3623,3674.0,191049,183149,3651.0,rb2304,3713,3713,3636,3679.0,1340,23902,3667.0,rb2305,3709,3710,3628,3678.0,428190,868088,3660.0,rb2306,3696,3703,3620,3663.0,753,43196,3668.0,rb2307,3629,3650,3611,3650.0,210,21407,3620.0,rb2308,3680,3680,3603,3647.0,876,53989,3642.0,rb2301,3748.0,3752.0,3670.0,3726.0,1681333.0,1451721.0,3704.0
2022-11-18,3690.939564465277,2298926.0,2926242.0,rb2212,3745,3758,3720,3747.0,264,5956,3743.0,rb2301,3719,3736,3697,3716.0,1411248,1440140,3715.0,rb2302,3672,3691,3652,3669.0,440228,162320,3668.0,rb2303,3673,3688,3649,3669.0,120944,184760,3666.0,rb2304,3679,3687,3656,3678.0,801,23980,3674.0,rb2305,3666,3695,3652,3672.0,298567,873945,3672.0,rb2306,3669,3670,3640,3658.0,80,43194,3659.0,rb2307,3646,3666,3602,3659.0,40,21404,3649.0,rb2308,3647,3661,3629,3651.0,4130,57938,3646.0,rb2301,3719.0,3736.0,3697.0,3716.0,1411248.0,1440140.0,3715.0
2022-11-21,3642.22748252814,2835201.0,2939584.0,rb2212,3747,3749,3682,3716.0,1488,5056,3729.0,rb2301,3712,3718,3631,3671.0,1620175,1387097,3668.0,rb2302,3672,3672,3574,3611.0,413163,162040,3612.0,rb2303,3668,3671,3575,3614.0,342406,187075,3609.0,rb2304,3678,3678,3586,3618.0,1063,24581,3658.0,rb2305,3670,3677,3583,3624.0,426691,925827,3621.0,rb2306,3662,3662,3576,3613.0,65,43190,3600.0,rb2307,3659,3659,3566,3602.0,1282,22609,3632.0,rb2308,3651,3651,3564,3603.0,1283,58941,3637.0,rb2301,3712.0,3718.0,3631.0,3671.0,1620175.0,1387097.0,3668.0
2022-11-22,3635.501544749763,2454214.0,2980418.0,rb2212,3733,3740,3701,3711.0,426,4938,3717.0,rb2301,3665,3714,3661,3677.0,1435117,1358722,3687.0,rb2302,3608,3650,3598,3621.0,432093,165647,3624.0,rb2303,3610,3644,3596,3615.0,184838,190857,3624.0,rb2304,3618,3649,3605,3617.0,1848,25255,3621.0,rb2305,3620,3645,3595,3601.0,369606,972697,3619.0,rb2306,3613,3629,3586,3595.0,142,43229,3608.0,rb2307,3614,3626,3576,3582.0,61,22595,3597.0,rb2308,3610,3616,3571,3586.0,38,58945,3588.0,rb2301,3665.0,3714.0,3661.0,3677.0,1435117.0,1358722.0,3687.0
2022-11-23,3647.5540956488544,2479476.0,2986340.0,rb2212,3711,3716,3690,3715.0,2282,2828,3709.0,rb2301,3660,3704,3652,3691.0,1317195,1303587,3676.0,rb2302,3620,3647,3602,3629.0,468582,163557,3626.0,rb2303,3615,3639,3593,3625.0,250885,193307,3618.0,rb2304,3617,3631,3595,3627.0,3674,26069,3617.0,rb2305,3602,3628,3581,3618.0,404425,1014355,3606.0,rb2306,3595,3631,3570,3603.0,1360,44530,3595.0,rb2307,3582,3600,3565,3589.0,3443,25292,3581.0,rb2308,3586,3599,3562,3596.0,1028,59944,3585.0,rb2301,3660.0,3704.0,3652.0,3691.0,1317195.0,1303587.0,3676.0
2022-11-24,3648.620098844135,2809985.0,2981057.0,rb2212,3722,3753,3708,3720.0,309,2727,3728.0,rb2301,3695,3746,3677,3681.0,1601967,1228892,3711.0,rb2302,3621,3676,3621,3631.0,388364,162726,3648.0,rb2303,3627,3672,3616,3631.0,317894,193304,3644.0,rb2304,3629,3670,3625,3636.0,515,25919,3643.0,rb2305,3620,3662,3603,3632.0,471909,1077671,3635.0,rb2306,3601,3645,3596,3625.0,2035,43460,3627.0,rb2307,3592,3623,3587,3620.0,85,25266,3616.0,rb2308,3596,3631,3581,3593.0,1038,60928,3596.0,rb2301,3695.0,3746.0,3677.0,3681.0,1601967.0,1228892.0,3711.0
2022-11-25,3700.40652848054,2382689.0,2960934.0,rb2212,3696,3748,3696,3736.0,144,2683,3721.0,rb2301,3680,3736,3659,3736.0,1314236,1185293,3691.0,rb2302,3633,3682,3600,3680.0,368337,132301,3633.0,rb2303,3631,3686,3603,3684.0,256786,204295,3631.0,rb2304,3626,3685,3612,3684.0,397,26036,3645.0,rb2305,3630,3685,3609,3684.0,415305,1113416,3641.0,rb2306,3626,3660,3600,3660.0,135,43529,3632.0,rb2307,3611,3657,3585,3657.0,294,25053,3636.0,rb2308,3588,3651,3582,3651.0,203,60839,3614.0,rb2301,3680.0,3736.0,3659.0,3736.0,1314236.0,1185293.0,3691.0
2022-11-28,3699.170591864744,2200407.0,2925415.0,rb2212,3756,3760,3703,3740.0,1274,1537,3727.0,rb2301,3736,3756,3711,3738.0,1271967,1123090,3735.0,rb2302,3700,3700,3643,3678.0,91308,89097,3681.0,rb2303,3696,3702,3643,3682.0,191953,205141,3670.0,rb2304,3684,3744,3646,3687.0,46811,50844,3674.0,rb2305,3690,3700,3644,3681.0,554965,1151973,3672.0,rb2306,3660,3684,3634,3662.0,3097,41677,3657.0,rb2307,3677,3677,3630,3653.0,1088,24080,3674.0,rb2308,3651,3668,3627,3650.0,4564,56338,3650.0,rb2301,3736.0,3756.0,3711.0,3738.0,1271967.0,1123090.0,3735.0
2022-11-29,3737.5108045364464,2481763.0,3002350.0,rb2212,3740,3762,3704,3728.0,469,1399,3737.0,rb2301,3750,3798,3748,3765.0,1276059,1027132,3776.0,rb2302,3672,3744,3672,3708.0,41654,72527,3706.0,rb2303,3684,3756,3684,3720.0,219171,205025,3729.0,rb2304,3687,3771,3687,3738.0,90698,86840,3741.0,rb2305,3696,3768,3689,3729.0,821184,1307428,3734.0,rb2306,3670,3751,3670,3726.0,1157,41960,3723.0,rb2307,3674,3737,3674,3709.0,3269,21161,3725.0,rb2308,3661,3728,3661,3721.0,1189,55271,3708.0,rb2301,3750.0,3798.0,3748.0,3765.0,1276059.0,1027132.0,3776.0
2022-11-30,3722.584299466788,2238793.0,2959046.0,rb2212,3711,3799,3620,3799.0,480,1291,3682.0,rb2301,3758,3765,3717,3748.0,1108975,850445,3745.0,rb2302,3708,3720,3662,3695.0,29911,63146,3695.0,rb2303,3720,3736,3675,3705.0,219505,204301,3710.0,rb2304,3738,3757,3699,3730.0,104824,108870,3732.0,rb2305,3720,3750,3691,3719.0,735547,1433714,3722.0,rb2306,3726,3731,3685,3708.0,7313,36150,3722.0,rb2307,3707,3720,3677,3699.0,2345,20859,3697.0,rb2308,3721,3723,3671,3675.0,5908,51629,3704.0,rb2301,3758.0,3765.0,3717.0,3748.0,1108975.0,850445.0,3745.0
2022-12-01,3733.3523148008458,2158867.0,2949649.0,rb2212,3680,3680,3670,3670.0,91,1290,3673.0,rb2301,3756,3785,3732,3752.0,858843,775894,3761.0,rb2302,3700,3729,3684,3705.0,23498,55584,3707.0,rb2303,3712,3748,3695,3720.0,227166,205402,3724.0,rb2304,3737,3774,3717,3745.0,141000,115879,3747.0,rb2305,3739,3766,3708,3733.0,862507,1494811,3739.0,rb2306,3712,3750,3700,3718.0,5298,33460,3726.0,rb2307,3739,3750,3696,3711.0,1022,21852,3728.0,rb2308,3675,3737,3675,3698.0,3687,50386,3725.0,rb2305,3739.0,3766.0,3708.0,3733.0,862507.0,1494811.0,3739.0
2022-12-02,3797.3154900161016,2556819.0,3053767.0,rb2212,3680,3680,3675,3675.0,60,1290,3677.0,rb2301,3750,3793,3732,3784.0,593031,672160,3767.0,rb2302,3707,3771,3687,3758.0,33067,52438,3716.0,rb2303,3721,3800,3713,3790.0,404152,210192,3746.0,rb2304,3745,3815,3735,3804.0,155102,128574,3771.0,rb2305,3742,3818,3726,3808.0,1326667,1679372,3773.0,rb2306,3719,3801,3718,3799.0,268,33537,3765.0,rb2307,3711,3800,3711,3800.0,679,21632,3747.0,rb2308,3698,3794,3698,3783.0,443,50676,3729.0,rb2305,3742.0,3818.0,3726.0,3808.0,1326667.0,1679372.0,3773.0
2022-12-05,3791.973849888099,3030884.0,3012033.0,rb2212,3718,3737,3700,3737.0,150,1350,3722.0,rb2301,3794,3823,3755,3768.0,558038,557404,3788.0,rb2302,3766,3817,3736,3756.0,15625,49893,3769.0,rb2303,3798,3858,3764,3780.0,442916,214970,3796.0,rb2304,3821,3874,3781,3797.0,206002,138378,3818.0,rb2305,3805,3890,3790,3804.0,1735437,1723182,3831.0,rb2306,3803,3869,3780,3799.0,1059,33827,3817.0,rb2307,3800,3865,3775,3795.0,1300,22475,3813.0,rb2308,3783,3852,3768,3791.0,857,51409,3795.0,rb2305,3805.0,3890.0,3790.0,3804.0,1735437.0,1723182.0,3831.0
2022-12-06,3800.633743391724,2083916.0,3007214.0,rb2212,3727,3727,3651,3708.0,120,1350,3698.0,rb2301,3765,3800,3755,3794.0,234607,526828,3777.0,rb2302,3753,3780,3737,3780.0,8668,46813,3761.0,rb2303,3780,3805,3757,3787.0,375555,214189,3779.0,rb2304,3797,3828,3777,3809.0,240064,139382,3804.0,rb2305,3799,3825,3780,3808.0,1189183,1753871,3803.0,rb2306,3799,3812,3773,3792.0,4936,29899,3796.0,rb2307,3795,3802,3778,3786.0,2049,20462,3794.0,rb2308,3791,3793,3761,3786.0,153,51299,3787.0,rb2305,3799.0,3825.0,3780.0,3808.0,1189183.0,1753871.0,3803.0
2022-12-07,3780.2024860418287,2690677.0,2968333.0,rb2212,3679,3679,3673,3673.0,60,1320,3676.0,rb2301,3771,3810,3771,3789.0,181029,492331,3792.0,rb2302,3778,3796,3744,3756.0,9056,41601,3774.0,rb2303,3785,3820,3756,3768.0,460721,217779,3795.0,rb2304,3825,3840,3775,3788.0,394954,141745,3816.0,rb2305,3803,3838,3772,3782.0,1576075,1761581,3810.0,rb2306,3792,3824,3770,3780.0,923,29658,3792.0,rb2307,3810,3818,3772,3786.0,42,20458,3793.0,rb2308,3786,3816,3756,3776.0,18750,33064,3786.0,rb2305,3803.0,3838.0,3772.0,3782.0,1576075.0,1761581.0,3810.0
2022-12-08,3834.6555034206585,2048469.0,2940662.0,rb2212,0,0,0,3676.0,0,1320,3676.0,rb2301,3789,3845,3782,3840.0,155433,460256,3814.0,rb2302,3753,3807,3753,3804.0,4803,38928,3769.0,rb2303,3772,3830,3764,3822.0,339949,224752,3798.0,rb2304,3770,3848,3769,3839.0,343273,144016,3811.0,rb2305,3781,3849,3779,3839.0,1176620,1757505,3815.0,rb2306,3777,3834,3772,3826.0,1908,30206,3799.0,rb2307,3783,3825,3781,3820.0,170,20401,3793.0,rb2308,3776,3826,3776,3826.0,50,33028,3803.0,rb2305,3781.0,3849.0,3779.0,3839.0,1176620.0,1757505.0,3815.0
2022-12-09,3938.5464048705294,3045559.0,3006818.0,rb2212,3760,3760,3760,3760.0,30,1320,3760.0,rb2301,3846,3946,3845,3945.0,247030,397417,3900.0,rb2302,3804,3901,3804,3896.0,8023,35875,3852.0,rb2303,3834,3930,3834,3917.0,452599,230456,3875.0,rb2304,3843,3952,3843,3937.0,330869,146701,3897.0,rb2305,3850,3960,3850,3945.0,1942575,1868420,3909.0,rb2306,3826,3939,3826,3928.0,1643,29683,3865.0,rb2307,3848,3936,3845,3915.0,329,20342,3893.0,rb2308,3844,3929,3838,3911.0,140,32999,3883.0,rb2305,3850.0,3960.0,3850.0,3945.0,1942575.0,1868420.0,3909.0
2022-12-12,3927.444640229386,2390324.0,2956759.0,rb2212,3627,3668,3627,3668.0,60,1320,3647.0,rb2301,3910,3970,3908,3921.0,154197,359102,3933.0,rb2302,3904,3939,3876,3886.0,5122,34570,3904.0,rb2303,3916,3960,3891,3906.0,329880,224554,3917.0,rb2304,3939,3982,3910,3929.0,308224,148170,3936.0,rb2305,3945,3991,3917,3935.0,1544896,1857069,3948.0,rb2306,3928,3970,3905,3918.0,2557,27956,3930.0,rb2307,3958,3966,3907,3915.0,692,20814,3931.0,rb2308,3922,3960,3898,3917.0,952,32630,3915.0,rb2305,3945.0,3991.0,3917.0,3935.0,1544896.0,1857069.0,3948.0
2022-12-13,3927.259133710109,2246598.0,2937908.0,rb2212,3699,3699,3699,3699.0,30,1320,3699.0,rb2301,3910,3944,3888,3909.0,103662,342876,3910.0,rb2302,3886,3910,3852,3874.0,4561,34351,3876.0,rb2303,3910,3931,3876,3905.0,519218,221638,3901.0,rb2304,3929,3951,3898,3927.0,415357,154536,3922.0,rb2305,3935,3959,3906,3937.0,1171180,1848719,3930.0,rb2306,3918,3939,3896,3924.0,987,27417,3915.0,rb2307,3915,3934,3897,3920.0,1100,19828,3914.0,rb2308,3898,3950,3891,3915.0,1038,31619,3896.0,rb2305,3935.0,3959.0,3906.0,3937.0,1171180.0,1848719.0,3930.0
2022-12-14,3974.369649190856,2369606.0,3000948.0,rb2212,3699,3699,3699,3699.0,810,510,3699.0,rb2301,3919,3948,3905,3939.0,94010,328369,3924.0,rb2302,3878,3923,3866,3911.0,4720,34636,3899.0,rb2303,3916,3955,3892,3946.0,423025,228032,3918.0,rb2304,3938,3979,3914,3975.0,297295,155491,3943.0,rb2305,3933,3990,3923,3986.0,1500044,1910944,3953.0,rb2306,3927,3974,3915,3970.0,486,27469,3939.0,rb2307,3920,3976,3915,3966.0,1115,18858,3922.0,rb2308,3915,3971,3904,3971.0,2023,29613,3915.0,rb2305,3933.0,3990.0,3923.0,3986.0,1500044.0,1910944.0,3953.0
2022-12-15,4071.1906464210674,2899726.0,3068387.0,rb2212,0,0,0,3699.0,0,510,3699.0,rb2301,3948,4037,3943,4034.0,127440,295004,3989.0,rb2302,3920,4012,3916,4012.0,5550,33779,3963.0,rb2303,3948,4042,3948,4037.0,430055,226697,3991.0,rb2304,3972,4069,3972,4069.0,334618,155324,4018.0,rb2305,3993,4085,3988,4084.0,1932793,2002134,4031.0,rb2306,3975,4067,3975,4067.0,1894,26629,4009.0,rb2307,3985,4060,3983,4060.0,291,18911,4008.0,rb2308,3971,4063,3967,4052.0,2586,27126,3972.0,rb2305,3993.0,4085.0,3988.0,4084.0,1932793.0,2002134.0,4031.0
2022-12-16,4041.1436151638,3782210.0,2923779.0,rb2301,4035,4113,3953,4022.0,174057,245577,4044.0,rb2302,4015,4076,3900,3986.0,6194,32563,4010.0,rb2303,4039,4106,3942,4012.0,432630,221781,4028.0,rb2304,4073,4140,3965,4041.0,308588,156457,4080.0,rb2305,4083,4149,3972,4049.0,2765803,1898413,4067.0,rb2306,4067,4132,3961,4035.0,1489,25924,4053.0,rb2307,4084,4127,3968,4033.0,146,18898,4033.0,rb2308,4073,4119,3963,4038.0,66,27128,4046.0,rb2309,4079,4123,3968,4027.0,1357,26844,4060.0,rb2305,4083.0,4149.0,3972.0,4049.0,2765803.0,1898413.0,4067.0
2022-12-19,3922.6670677140055,3511603.0,2830921.0,rb2301,4014,4015,3918,3924.0,134222,216239,3954.0,rb2302,3986,3986,3819,3878.0,7406,30414,3910.0,rb2303,4002,4006,3897,3903.0,583215,218999,3932.0,rb2304,4047,4047,3917,3931.0,290145,157237,3955.0,rb2305,4041,4044,3915,3927.0,2411668,1846442,3966.0,rb2306,4035,4035,3905,3911.0,4270,22645,4010.0,rb2307,3978,3984,3905,3915.0,167,18878,3946.0,rb2308,4038,4038,3910,3923.0,1035,26122,4034.0,rb2309,4027,4027,3901,3919.0,2100,25319,4004.0,rb2305,4041.0,4044.0,3915.0,3927.0,2411668.0,1846442.0,3966.0
2022-12-20,3936.171669687479,2474721.0,2810502.0,rb2301,3943,3964,3902,3945.0,78040,202630,3933.0,rb2302,3878,3912,3850,3892.0,3296,29211,3882.0,rb2303,3907,3947,3881,3926.0,530450,217269,3914.0,rb2304,3931,3967,3901,3945.0,289688,166129,3943.0,rb2305,3927,3964,3898,3939.0,1525034,1822179,3931.0,rb2306,3911,3943,3886,3927.0,537,22668,3921.0,rb2307,3903,3944,3893,3934.0,76,18877,3917.0,rb2308,3910,3953,3890,3928.0,29,26126,3908.0,rb2309,3915,3947,3886,3923.0,933,25322,3925.0,rb2305,3927.0,3964.0,3898.0,3939.0,1525034.0,1822179.0,3931.0
2022-12-21,4025.4563832121,2332473.0,2885483.0,rb2301,3940,4004,3929,4000.0,66271,188081,3962.0,rb2302,3892,3971,3879,3966.0,3762,27434,3918.0,rb2303,3942,4003,3909,3999.0,460417,212662,3946.0,rb2304,3940,4030,3931,4023.0,259316,169365,3962.0,rb2305,3950,4037,3929,4034.0,1489491,1904049,3978.0,rb2306,3942,4023,3920,4015.0,380,22657,3965.0,rb2307,3930,4021,3924,4021.0,148,18954,3965.0,rb2308,3927,4019,3918,4019.0,6,26125,3958.0,rb2309,3923,4016,3913,4008.0,1369,26184,3964.0,rb2305,3950.0,4037.0,3929.0,4034.0,1489491.0,1904049.0,3978.0
2022-12-22,3955.333071535794,2835266.0,2827885.0,rb2301,4015,4025,3948,3956.0,55379,179378,3984.0,rb2302,3976,3981,3890,3898.0,3900,26222,3932.0,rb2303,4022,4106,3916,3929.0,662605,204787,3969.0,rb2304,4031,4041,3944,3954.0,405854,171912,3993.0,rb2305,4047,4047,3950,3961.0,1655882,1859635,4000.0,rb2306,4030,4032,3937,3943.0,184,22621,3990.0,rb2307,4021,4037,3945,3945.0,240,18807,4012.0,rb2308,4013,4017,3945,3946.0,18,26125,3989.0,rb2309,4008,4046,3941,3946.0,549,26011,4001.0,rb2305,4047.0,4047.0,3950.0,3961.0,1655882.0,1859635.0,4000.0
2022-12-23,3999.207684171132,2709249.0,2800276.0,rb2301,3951,3999,3936,3999.0,58409,165138,3967.0,rb2302,3898,3948,3874,3940.0,2477,25569,3912.0,rb2303,3920,3980,3900,3971.0,511590,172859,3943.0,rb2304,3953,4006,3923,3997.0,418046,152784,3966.0,rb2305,3966,4017,3932,4005.0,1676702,1900337,3979.0,rb2306,3955,4001,3928,3992.0,1231,21810,3979.0,rb2307,3959,3997,3925,3995.0,561,18307,3988.0,rb2308,3956,3998,3956,3977.0,7,26124,3980.0,rb2309,3946,3996,3919,3990.0,925,26616,3953.0,rb2305,3966.0,4017.0,3932.0,4005.0,1676702.0,1900337.0,3979.0
2022-12-26,4000.922769641454,1984569.0,2732397.0,rb2301,3984,4010,3946,3999.0,57151,143680,3976.0,rb2302,3940,3978,3864,3945.0,4924,22285,3937.0,rb2303,3970,3992,3905,3980.0,80106,126168,3962.0,rb2304,3997,4008,3927,3995.0,60454,119839,3988.0,rb2305,4009,4020,3940,4006.0,1638853,1897487,3985.0,rb2306,3992,4002,3925,3996.0,50306,45785,3974.0,rb2307,3995,4004,3925,3996.0,42045,36608,3974.0,rb2308,3977,4004,3928,3992.0,2741,23740,3976.0,rb2309,3990,4000,3930,3989.0,1864,25242,3983.0,rb2305,4009.0,4020.0,3940.0,4006.0,1638853.0,1897487.0,3985.0
2022-12-27,4058.9459925256833,1818035.0,2763062.0,rb2301,4000,4061,3990,4045.0,75168,115372,4025.0,rb2302,3945,4008,3930,3993.0,6077,18410,3965.0,rb2303,3964,4040,3963,4019.0,45725,110539,3991.0,rb2304,3990,4058,3983,4041.0,37464,99548,4006.0,rb2305,3999,4078,3994,4066.0,1413061,1932125,4039.0,rb2306,3996,4065,3983,4057.0,111902,81011,4032.0,rb2307,3996,4067,3986,4059.0,75489,65390,4033.0,rb2308,3992,4060,3989,4046.0,1115,22748,3997.0,rb2309,3989,4060,3983,4050.0,3809,21741,3992.0,rb2305,3999.0,4078.0,3994.0,4066.0,1413061.0,1932125.0,4039.0
2022-12-28,4043.980844424522,1612256.0,2768489.0,rb2301,4039,4058,4011,4043.0,42236,101674,4037.0,rb2302,3983,4388,3949,3985.0,2768,17631,4001.0,rb2303,4019,4025,3969,4003.0,18594,104337,4002.0,rb2304,4041,4045,3986,4027.0,16375,90797,4029.0,rb2305,4060,4075,4011,4050.0,1264540,1918199,4045.0,rb2306,4059,4063,4000,4038.0,138029,108130,4036.0,rb2307,4059,4067,4002,4043.0,92203,88133,4037.0,rb2308,4046,4055,4021,4032.0,139,22630,4043.0,rb2309,4084,4084,4003,4036.0,515,21469,4060.0,rb2305,4060.0,4075.0,4011.0,4050.0,1264540.0,1918199.0,4045.0
2022-12-29,4041.542490709554,1954469.0,2747177.0,rb2301,4063,4063,4006,4048.0,39804,80150,4034.0,rb2302,3993,4008,3946,3977.0,1609,16944,3966.0,rb2303,4002,4024,3965,4000.0,15880,99645,3994.0,rb2304,4027,4048,3981,4026.0,14870,81701,4019.0,rb2305,4054,4071,4000,4048.0,1603581,1895064,4032.0,rb2306,4038,4059,3989,4032.0,143128,129956,4020.0,rb2307,4043,4061,3991,4034.0,94084,101510,4021.0,rb2308,4052,4052,3998,4036.0,113,22529,4006.0,rb2309,4036,4050,3987,4031.0,717,20977,4007.0,rb2305,4054.0,4071.0,4000.0,4048.0,1603581.0,1895064.0,4032.0
2022-12-30,4099.12774237553,2154719.0,2759241.0,rb2301,4057,4150,4049,4140.0,54720,42386,4095.0,rb2302,3977,4062,3977,4033.0,3446,15251,4019.0,rb2303,4002,4075,3995,4052.0,23810,93578,4030.0,rb2304,4026,4095,4022,4076.0,16014,74933,4039.0,rb2305,4052,4125,4049,4105.0,1699077,1931845,4087.0,rb2306,4031,4115,4031,4095.0,183613,145058,4076.0,rb2307,4034,4114,4034,4093.0,110939,110309,4079.0,rb2308,4050,4123,4050,4109.0,142,22429,4103.0,rb2309,4052,4104,4036,4080.0,428,21006,4074.0,rb2305,4052.0,4125.0,4049.0,4105.0,1699077.0,1931845.0,4087.0
2023-01-03,4056.772507652325,1543700.0,2709634.0,rb2301,4134,4134,4051,4088.0,7706,36000,4083.0,rb2302,4033,4052,3959,4003.0,1455,14534,4003.0,rb2303,4050,4050,3969,4014.0,10713,91713,3999.0,rb2304,4084,4084,3990,4039.0,5570,73374,4030.0,rb2305,4100,4100,4016,4063.0,1245821,1882723,4044.0,rb2306,4095,4095,4007,4054.0,135237,154695,4039.0,rb2307,4092,4092,4005,4051.0,84944,112939,4035.0,rb2308,4058,4058,4015,4049.0,1258,21239,4039.0,rb2309,4050,4054,4008,4037.0,312,20988,4031.0,rb2305,4100.0,4100.0,4016.0,4063.0,1245821.0,1882723.0,4044.0
2023-01-04,4020.363753734258,2099029.0,2721759.0,rb2301,4088,4108,4045,4057.0,8400,29220,4077.0,rb2302,4003,4017,3955,3969.0,2184,12990,3993.0,rb2303,4009,4033,3962,3983.0,9097,90754,3996.0,rb2304,4039,4059,3987,4004.0,9342,68286,4030.0,rb2305,4061,4084,4010,4027.0,1383006,1874643,4045.0,rb2306,4049,4075,4001,4017.0,515672,175513,4043.0,rb2307,4051,4074,4000,4015.0,120487,125964,4036.0,rb2308,4051,4064,4006,4015.0,560,20726,4020.0,rb2309,4037,4058,3992,4008.0,639,21061,4032.0,rb2305,4061.0,4084.0,4010.0,4027.0,1383006.0,1874643.0,4045.0
2023-01-05,4008.010669671983,2295912.0,2665499.0,rb2301,4057,4060,4016,4059.0,6810,24390,4044.0,rb2302,3958,3966,3922,3954.0,794,12490,3942.0,rb2303,3986,3986,3936,3976.0,10836,89568,3966.0,rb2304,4001,4004,3952,3999.0,13876,60439,3992.0,rb2305,4015,4024,3970,4017.0,1522301,1825776,4001.0,rb2306,4013,4013,3961,4007.0,509700,185499,3996.0,rb2307,4010,4010,3960,4003.0,151375,128129,3992.0,rb2308,3996,4003,3961,4000.0,84,20714,3985.0,rb2309,4008,4008,3944,3985.0,4002,24245,4000.0,rb2305,4015.0,4024.0,3970.0,4017.0,1522301.0,1825776.0,4001.0
2023-01-06,4097.294981606456,2365457.0,2761023.0,rb2301,4059,4132,4059,4125.0,3810,21870,4099.0,rb2302,3940,4050,3940,4042.0,396,12385,3997.0,rb2303,3985,4079,3982,4061.0,14447,87039,4037.0,rb2304,4007,4100,4002,4086.0,8713,57389,4041.0,rb2305,4031,4122,4023,4107.0,1730447,1923950,4070.0,rb2306,4017,4110,4012,4093.0,280467,193542,4064.0,rb2307,4013,4106,4010,4092.0,251905,131043,4058.0,rb2308,4000,4097,4000,4088.0,1637,19174,4003.0,rb2309,4008,4080,3992,4059.0,5013,19810,4011.0,rb2305,4031.0,4122.0,4023.0,4107.0,1730447.0,1923950.0,4070.0
2023-01-09,4082.566921348314,2526612.0,2703375.0,rb2301,4129,4146,4105,4116.0,5130,19380,4122.0,rb2302,4042,4070,4015,4022.0,1517,11362,4039.0,rb2303,4057,4094,4030,4048.0,16157,85179,4057.0,rb2304,4080,4116,4050,4068.0,5918,56331,4077.0,rb2305,4105,4140,4072,4093.0,1607579,1863784,4100.0,rb2306,4052,4127,4052,4078.0,490950,198611,4090.0,rb2307,4089,4123,4056,4077.0,333863,136810,4092.0,rb2308,4104,4116,4062,4069.0,49,19167,4090.0,rb2309,4059,4096,4037,4052.0,4025,17024,4060.0,rb2305,4105.0,4140.0,4072.0,4093.0,1607579.0,1863784.0,4100.0
2023-01-10,4114.125472363282,1698579.0,2776994.0,rb2301,4145,4175,4122,4166.0,2880,17580,4140.0,rb2302,4028,4062,4028,4054.0,1185,10560,4037.0,rb2303,4054,4090,4048,4083.0,9106,82679,4063.0,rb2304,4073,4111,4066,4103.0,1837,55927,4085.0,rb2305,4103,4136,4087,4124.0,1083219,1930856,4109.0,rb2306,4084,4124,4074,4111.0,336440,207978,4093.0,rb2307,4083,4120,4072,4110.0,225943,142558,4091.0,rb2308,4079,4107,4069,4103.0,69,19170,4084.0,rb2309,4053,4090,4051,4076.0,2168,15225,4055.0,rb2305,4103.0,4136.0,4087.0,4124.0,1083219.0,1930856.0,4109.0
2023-01-11,4152.342302818144,1849306.0,2805215.0,rb2301,4144,4322,4141,4285.0,9210,10050,4253.0,rb2302,4044,4105,4039,4094.0,975,10528,4067.0,rb2303,4083,4129,4060,4122.0,14491,77200,4095.0,rb2304,4126,4146,4079,4139.0,4864,53502,4126.0,rb2305,4120,4172,4101,4161.0,1112383,1955990,4136.0,rb2306,4111,4161,4088,4150.0,413220,221742,4120.0,rb2307,4111,4156,4084,4147.0,246031,146755,4115.0,rb2308,4091,4151,4084,4136.0,35,19166,4123.0,rb2309,4070,4131,4064,4131.0,581,15269,4101.0,rb2305,4120.0,4172.0,4101.0,4161.0,1112383.0,1955990.0,4136.0
2023-01-12,4127.572188628918,2135835.0,2728553.0,rb2301,4280,4300,4220,4300.0,2310,8100,4271.0,rb2302,4091,4091,4036,4066.0,1247,10516,4057.0,rb2303,4126,4126,4053,4094.0,18740,69954,4099.0,rb2304,4149,4149,4070,4111.0,4678,52942,4111.0,rb2305,4152,4163,4091,4136.0,1318042,1867251,4126.0,rb2306,4150,4150,4082,4127.0,477598,234198,4126.0,rb2307,4148,4148,4076,4122.0,267647,149690,4106.0,rb2308,4131,4131,4078,4127.0,280,18920,4103.0,rb2309,4129,4129,4058,4106.0,1530,16376,4118.0,rb2305,4152.0,4163.0,4091.0,4136.0,1318042.0,1867251.0,4126.0
2023-01-13,4163.625068348352,2284321.0,2790850.0,rb2301,4300,4360,4275,4345.0,2310,5790,4324.0,rb2302,4071,4107,4052,4096.0,1103,10344,4086.0,rb2303,4094,4138,4072,4117.0,16687,67229,4109.0,rb2304,4111,4157,4092,4145.0,4992,52235,4131.0,rb2305,4131,4186,4113,4173.0,1278231,1927798,4154.0,rb2306,4126,4175,4101,4164.0,546601,237500,4142.0,rb2307,4122,4172,4099,4160.0,382094,151929,4144.0,rb2308,4125,4172,4097,4147.0,74,18909,4118.0,rb2309,4106,4144,4085,4135.0,1631,17323,4111.0,rb2305,4131.0,4186.0,4113.0,4173.0,1278231.0,1927798.0,4154.0
2023-01-16,4084.494755054332,2527583.0,2699170.0,rb2301,4300,4325,4261,4320.0,930,4860,4298.0,rb2302,4061,4085,4022,4041.0,1207,9870,4045.0,rb2303,4103,4104,4048,4053.0,17093,62568,4081.0,rb2304,4135,4135,4061,4072.0,6847,51149,4096.0,rb2305,4150,4151,4081,4093.0,1441664,1829618,4112.0,rb2306,4152,4152,4072,4083.0,751163,243350,4102.0,rb2307,4148,4148,4069,4077.0,246942,152997,4084.0,rb2308,4115,4116,4066,4068.0,351,18617,4081.0,rb2309,4135,4135,4050,4068.0,1846,18576,4109.0,rb2305,4150.0,4151.0,4081.0,4093.0,1441664.0,1829618.0,4112.0
2023-01-17,4108.710169105213,2126433.0,2720200.0,rb2302,4040,4065,4007,4055.0,529,9669,4032.0,rb2303,4050,4095,4031,4077.0,6823,63410,4063.0,rb2304,4072,4110,4044,4090.0,2571,50852,4065.0,rb2305,4084,4139,4065,4119.0,1025767,1844213,4102.0,rb2306,4085,4128,4054,4107.0,617733,246165,4090.0,rb2307,4076,4125,4051,4103.0,424385,154878,4082.0,rb2308,4068,4106,4046,4090.0,2134,16517,4068.0,rb2309,4067,4109,4040,4083.0,2115,17469,4071.0,rb2310,4047,4087,4021,4067.0,43191,292021,4049.0,rb2305,4084.0,4139.0,4065.0,4119.0,1025767.0,1844213.0,4102.0
2023-01-18,4153.799296809241,1740397.0,2715906.0,rb2302,4055,4089,4054,4084.0,1180,9077,4068.0,rb2303,4099,4129,4080,4111.0,6258,64107,4108.0,rb2304,4090,4147,4090,4137.0,2123,50762,4126.0,rb2305,4140,4176,4125,4165.0,899703,1856961,4155.0,rb2306,4119,4164,4114,4151.0,496267,232176,4143.0,rb2307,4112,4162,4111,4149.0,289746,150123,4145.0,rb2308,4122,4145,4122,4145.0,28,16515,4136.0,rb2309,4098,4135,4093,4127.0,441,17334,4120.0,rb2310,4150,4150,4075,4109.0,44277,293685,4107.0,rb2305,4140.0,4176.0,4125.0,4165.0,899703.0,1856961.0,4155.0
2023-01-19,4184.947709477731,1724337.0,2684999.0,rb2302,4084,4120,4084,4115.0,297,8912,4101.0,rb2303,4131,4147,4100,4144.0,4037,64127,4130.0,rb2304,4138,4174,4134,4171.0,3985,49362,4151.0,rb2305,4166,4200,4154,4196.0,914584,1854203,4180.0,rb2306,4151,4187,4143,4181.0,633429,214821,4167.0,rb2307,4159,4186,4141,4180.0,130883,144585,4168.0,rb2308,4145,4174,4145,4165.0,1531,15000,4145.0,rb2309,4127,4162,4120,4159.0,3014,14615,4128.0,rb2310,4128,4145,4108,4142.0,32188,294116,4126.0,rb2305,4166.0,4200.0,4154.0,4196.0,914584.0,1854203.0,4180.0
2023-01-20,4168.843980898809,1636576.0,2637113.0,rb2302,4115,4122,4074,4093.0,1284,8544,4094.0,rb2303,4144,4146,4109,4129.0,5362,64421,4125.0,rb2304,4183,4183,4136,4163.0,1551,49334,4154.0,rb2305,4195,4196,4155,4179.0,817918,1811643,4176.0,rb2306,4188,4188,4142,4163.0,532372,206680,4165.0,rb2307,4180,4183,4141,4166.0,236722,140366,4159.0,rb2308,4143,4172,4143,4171.0,926,15880,4159.0,rb2309,4150,4160,4130,4146.0,1015,15309,4145.0,rb2310,4150,4150,4105,4130.0,38898,299553,4126.0,rb2305,4195.0,4196.0,4155.0,4179.0,817918.0,1811643.0,4176.0
2023-01-30,4191.293535913132,1388272.0,2745848.0,rb2302,4131,4184,4099,4110.0,2399,7032,4131.0,rb2303,4168,4216,4138,4158.0,7165,63654,4179.0,rb2304,4220,4244,4161,4174.0,4643,50149,4207.0,rb2305,4230,4273,4190,4201.0,1048134,1882832,4234.0,rb2306,4228,4255,4169,4184.0,149624,222080,4213.0,rb2307,4190,4260,4176,4189.0,100011,150092,4216.0,rb2308,4246,4249,4173,4178.0,713,15226,4181.0,rb2309,4213,4236,4162,4172.0,810,15321,4206.0,rb2310,4163,4223,4143,4157.0,73631,313777,4192.0,rb2305,4230.0,4273.0,4190.0,4201.0,1048134.0,1882832.0,4234.0
2023-01-31,4132.780782211884,1506023.0,2857998.0,rb2302,4110,4148,4003,4129.0,4101,4350,4101.0,rb2303,4158,4166,4086,4089.0,7127,62482,4127.0,rb2304,4200,4200,4117,4117.0,2379,49375,4167.0,rb2305,4200,4218,4141,4143.0,1119159,1953462,4181.0,rb2306,4181,4198,4120,4122.0,189119,235647,4166.0,rb2307,4187,4205,4126,4128.0,116263,156756,4172.0,rb2308,4185,4190,4128,4128.0,44,15242,4142.0,rb2309,4172,4187,4112,4116.0,1568,16394,4161.0,rb2310,4160,4171,4095,4098.0,62156,335127,4128.0,rb2305,4200.0,4218.0,4141.0,4143.0,1119159.0,1953462.0,4181.0
2023-02-01,4073.886384954314,1934773.0,2916876.0,rb2302,4089,4089,4033,4033.0,480,4080,4063.0,rb2303,4082,4125,4021,4035.0,9521,61523,4068.0,rb2304,4117,4151,4043,4054.0,13334,45137,4095.0,rb2305,4143,4178,4075,4084.0,1500523,1994916,4123.0,rb2306,4122,4156,4054,4064.0,195875,239182,4107.0,rb2307,4125,4161,3713,4065.0,142538,166831,4113.0,rb2308,4105,4135,4063,4075.0,22,15250,4100.0,rb2309,4085,4143,4047,4058.0,825,16618,4091.0,rb2310,4090,4128,4032,4041.0,66889,345467,4075.0,rb2305,4143.0,4178.0,4075.0,4084.0,1500523.0,1994916.0,4123.0
2023-02-02,4032.252994655383,2041793.0,2892069.0,rb2302,4054,4062,3980,3980.0,1530,3090,4035.0,rb2303,4035,4085,3986,3989.0,13591,57918,4035.0,rb2304,4054,4107,4002,4016.0,6065,45201,4055.0,rb2305,4090,4135,4029,4042.0,1540806,1967595,4088.0,rb2306,4062,4114,4010,4025.0,267135,238589,4074.0,rb2307,4063,4117,4013,4026.0,139109,167436,4078.0,rb2308,4075,4096,4020,4028.0,2074,13251,4074.0,rb2309,4065,4105,4007,4019.0,1345,17331,4071.0,rb2310,4058,4086,3989,4000.0,67331,352220,4040.0,rb2305,4090.0,4135.0,4029.0,4042.0,1540806.0,1967595.0,4088.0
2023-02-03,4044.652972125864,1967197.0,2884215.0,rb2302,3984,3985,3938,3959.0,810,2550,3966.0,rb2303,4000,4014,3946,4007.0,8536,57143,3982.0,rb2304,4016,4030,3969,4030.0,10013,39735,4009.0,rb2305,4050,4059,3993,4055.0,1340933,1962672,4031.0,rb2306,4034,4044,3968,4029.0,404026,243994,4012.0,rb2307,4028,4038,3968,4031.0,126666,164781,4010.0,rb2308,4033,4057,3974,4037.0,97,13271,4009.0,rb2309,4020,4031,3969,4030.0,910,17383,4003.0,rb2310,4032,4032,3955,4018.0,60216,357918,3991.0,rb2305,4050.0,4059.0,3993.0,4055.0,1340933.0,1962672.0,4031.0
2023-02-06,4039.1378103889656,2330224.0,2919925.0,rb2302,3970,3979,3942,3979.0,450,2490,3959.0,rb2303,3993,4032,3949,4004.0,6947,55894,3985.0,rb2304,4030,4053,3974,4021.0,3216,39852,4006.0,rb2305,4054,4084,4001,4049.0,1447504,1984665,4037.0,rb2306,4029,4057,3976,4026.0,554085,250798,4008.0,rb2307,4030,4059,3977,4027.0,248474,171825,4012.0,rb2308,4054,4054,3983,4026.0,27,13271,4007.0,rb2309,4035,4056,3982,4028.0,844,17586,4007.0,rb2310,4007,4043,3965,4013.0,65848,357997,3998.0,rb2305,4054.0,4084.0,4001.0,4049.0,1447504.0,1984665.0,4037.0
2023-02-07,4009.2644958152673,2458234.0,2925396.0,rb2302,3955,3965,3940,3940.0,840,2280,3952.0,rb2303,4020,4020,3936,3966.0,9895,53054,3979.0,rb2304,4021,4028,3953,3988.0,4092,39877,3986.0,rb2305,4040,4055,3978,4018.0,1511616,1974498,4016.0,rb2306,4031,4031,3956,3999.0,483287,253858,3997.0,rb2307,4027,4032,3957,4000.0,385084,177358,4000.0,rb2308,4023,4023,3972,4010.0,35,13281,3999.0,rb2309,4027,4029,3961,4003.0,3043,19779,4001.0,rb2310,4020,4020,3945,3986.0,54737,362427,3978.0,rb2305,4040.0,4055.0,3978.0,4018.0,1511616.0,1974498.0,4016.0
2023-02-08,4045.0661505027656,2212587.0,2943122.0,rb2302,3970,3970,3970,3970.0,30,2280,3970.0,rb2303,3963,4022,3944,4019.0,9905,50970,3984.0,rb2304,3988,4038,3961,4035.0,3056,39877,3996.0,rb2305,4010,4063,3984,4055.0,1539318,1981288,4022.0,rb2306,3975,4041,3963,4032.0,317376,258951,3991.0,rb2307,3995,4044,3965,4034.0,277303,178202,4001.0,rb2308,4010,4039,3977,4039.0,551,13772,4009.0,rb2309,4000,4040,3970,4032.0,869,19705,4006.0,rb2310,3966,4027,3955,4017.0,61370,368313,3991.0,rb2305,4010.0,4063.0,3984.0,4055.0,1539318.0,1981288.0,4022.0
2023-02-09,4074.336006453289,1837019.0,2941756.0,rb2302,4030,4030,4030,4030.0,120,2220,4030.0,rb2303,4042,4068,4008,4045.0,11526,50114,4039.0,rb2304,4035,4082,4029,4064.0,5221,40465,4056.0,rb2305,4052,4100,4048,4085.0,1157730,1979876,4076.0,rb2306,4020,4073,4020,4057.0,438892,253422,4049.0,rb2307,4038,4075,4028,4060.0,165308,177802,4048.0,rb2308,4050,4072,4040,4065.0,28,13772,4060.0,rb2309,4022,4082,4022,4057.0,1322,20322,4042.0,rb2310,4017,4061,4014,4047.0,53927,373237,4038.0,rb2305,4052.0,4100.0,4048.0,4085.0,1157730.0,1979876.0,4076.0
2023-02-10,4062.0495820706906,2768583.0,2883502.0,rb2302,4020,4020,3970,3970.0,270,1950,4001.0,rb2303,4030,4058,3988,4036.0,10228,48249,4021.0,rb2304,4064,4073,3999,4050.0,4210,40091,4034.0,rb2305,4085,4096,4016,4074.0,1582510,1933276,4058.0,rb2306,4057,4070,3992,4046.0,663051,248707,4033.0,rb2307,4059,4069,3992,4043.0,442659,177584,4035.0,rb2308,4063,4066,4000,4047.0,12,13771,4051.0,rb2309,4064,4066,3993,4048.0,1639,20387,4032.0,rb2310,4055,4055,3981,4031.0,61701,368823,4020.0,rb2305,4085.0,4096.0,4016.0,4074.0,1582510.0,1933276.0,4058.0
2023-02-13,3982.62344355406,2388871.0,2887267.0,rb2302,3960,3960,3960,3960.0,30,1920,3960.0,rb2303,4072,4072,3978,3987.0,17528,47153,4012.0,rb2304,4063,4063,3967,3976.0,5020,40596,4001.0,rb2305,4074,4080,3991,3993.0,1552262,1942412,4031.0,rb2306,4050,4050,3964,3968.0,605087,247153,4008.0,rb2307,4035,4045,3965,3970.0,99129,172640,4007.0,rb2308,4046,4046,3975,3978.0,94,13846,3992.0,rb2309,4050,4050,3969,3970.0,5367,24310,4032.0,rb2310,4033,4034,3950,3950.0,98981,363690,3984.0,rb2305,4074.0,4080.0,3991.0,3993.0,1552262.0,1942412.0,4031.0
2023-02-14,4013.934175659588,2731697.0,2864290.0,rb2302,0,0,0,3960.0,0,1920,3960.0,rb2303,3999,4040,3970,4034.0,13070,43077,4006.0,rb2304,3976,4024,3948,4009.0,7664,40064,3991.0,rb2305,3992,4046,3961,4027.0,1585145,1911228,4006.0,rb2306,3968,4019,3936,3999.0,545503,250909,3978.0,rb2307,3970,4022,3937,4001.0,495639,168699,3977.0,rb2308,3978,4017,3947,4003.0,55,13862,3982.0,rb2309,3983,4010,3938,3996.0,1993,23974,3981.0,rb2310,3949,3992,3916,3970.0,79205,375588,3956.0,rb2305,3992.0,4046.0,3961.0,4027.0,1585145.0,1911228.0,4006.0
2023-02-15,4052.170789579755,2151802.0,2848148.0,rb2302,0,0,0,3960.0,0,1920,3960.0,rb2303,4045,4088,4035,4073.0,10283,41322,4068.0,rb2304,4009,4071,4009,4056.0,3056,39741,4044.0,rb2305,4036,4088,4030,4066.0,1287382,1896584,4061.0,rb2306,4000,4056,4000,4034.0,695064,247955,4030.0,rb2307,4001,4056,4001,4034.0,79494,167848,4031.0,rb2308,4012,4054,4012,4028.0,67,13819,4029.0,rb2309,4000,4043,3993,4026.0,2878,24679,4026.0,rb2310,3952,4026,3952,4011.0,69686,378211,3998.0,rb2305,4036.0,4088.0,4030.0,4066.0,1287382.0,1896584.0,4061.0
2023-02-16,4129.762762001085,2693088.0,2850513.0,rb2303,4085,4176,4063,4168.0,10770,41566,4124.0,rb2304,4056,4154,4044,4140.0,10493,36864,4082.0,rb2305,4061,4164,4052,4146.0,1877414,1906154,4111.0,rb2306,4033,4125,4022,4110.0,448945,248104,4073.0,rb2307,4034,4125,4023,4108.0,263310,165033,4049.0,rb2308,4066,4108,4063,4100.0,83,13817,4100.0,rb2309,4020,4116,4017,4101.0,1590,24487,4073.0,rb2310,4008,4097,3998,4078.0,76780,378480,4050.0,rb2311,3986,4067,3986,4046.0,157,10061,4042.0,rb2305,4061.0,4164.0,4052.0,4146.0,1877414.0,1906154.0,4111.0
2023-02-17,4151.930204198639,2200391.0,2884887.0,rb2303,4174,4202,4153,4176.0,8811,40263,4175.0,rb2304,4140,4172,4131,4162.0,4184,37264,4155.0,rb2305,4155,4178,4146,4167.0,1091790,1946318,4162.0,rb2306,4107,4149,4107,4135.0,526422,236293,4131.0,rb2307,4106,4152,4106,4134.0,497878,162458,4138.0,rb2308,4135,4145,4124,4133.0,29,13810,4136.0,rb2309,4109,4137,4101,4132.0,1543,24329,4123.0,rb2310,4088,4114,4081,4102.0,62614,383773,4096.0,rb2311,4082,4098,4068,4072.0,61,10046,4079.0,rb2305,4155.0,4178.0,4146.0,4167.0,1091790.0,1946318.0,4162.0
2023-02-20,4170.426456015865,1934920.0,2914460.0,rb2303,4191,4200,4137,4182.0,7478,40547,4171.0,rb2304,4142,4184,4123,4170.0,2246,37250,4164.0,rb2305,4150,4194,4130,4184.0,1366456,1960497,4167.0,rb2306,4135,4166,4100,4156.0,412128,241554,4142.0,rb2307,4133,4164,4101,4155.0,74718,166100,4139.0,rb2308,4130,4162,4114,4157.0,173,13650,4134.0,rb2309,4130,4158,4094,4153.0,914,24234,4132.0,rb2310,4088,4133,4067,4127.0,66833,390370,4105.0,rb2311,4075,4108,4066,4099.0,33,10024,4082.0,rb2305,4150.0,4194.0,4130.0,4184.0,1366456.0,1960497.0,4167.0
2023-02-21,4239.9252584179485,2083930.0,2930524.0,rb2303,4187,4252,4187,4252.0,11833,39385,4230.0,rb2304,4173,4243,4173,4241.0,5381,36870,4215.0,rb2305,4195,4258,4191,4254.0,1421583,1971804,4232.0,rb2306,4169,4227,4165,4226.0,229684,243263,4201.0,rb2307,4165,4226,4163,4223.0,312346,170578,4197.0,rb2308,4176,4221,4170,4221.0,1411,15007,4198.0,rb2309,4164,4221,4163,4217.0,2443,23138,4199.0,rb2310,4138,4200,4133,4195.0,94924,390707,4170.0,rb2311,4123,4169,4123,4169.0,1020,9028,4151.0,rb2305,4195.0,4258.0,4191.0,4254.0,1421583.0,1971804.0,4232.0
2023-02-22,4223.406407811069,2156633.0,2933888.0,rb2303,4252,4263,4225,4248.0,16952,37715,4241.0,rb2304,4250,4258,4211,4216.0,2134,36748,4231.0,rb2305,4228,4278,4225,4237.0,1444261,1974418,4245.0,rb2306,4221,4248,4198,4207.0,472501,233074,4215.0,rb2307,4222,4246,4196,4206.0,114790,171347,4216.0,rb2308,4222,4241,4199,4207.0,34,15004,4214.0,rb2309,4217,4245,4193,4199.0,1819,23604,4213.0,rb2310,4176,4219,4171,4183.0,96151,399653,4191.0,rb2311,4167,4187,4148,4158.0,522,8534,4164.0,rb2305,4228.0,4278.0,4225.0,4237.0,1444261.0,1974418.0,4245.0
2023-02-23,4215.102379884769,2502940.0,2957202.0,rb2303,4247,4296,4245,4248.0,9579,31493,4263.0,rb2304,4216,4280,4208,4212.0,3768,36788,4252.0,rb2305,4260,4289,4220,4228.0,1896147,2005676,4261.0,rb2306,4220,4259,4198,4205.0,214320,232384,4235.0,rb2307,4212,4257,4195,4203.0,261471,171933,4236.0,rb2308,4228,4258,4199,4199.0,55,14978,4242.0,rb2309,4199,4251,4176,4195.0,3890,23518,4223.0,rb2310,4198,4231,4165,4171.0,106451,395887,4206.0,rb2311,4158,4200,4155,4155.0,509,9037,4158.0,rb2305,4260.0,4289.0,4220.0,4228.0,1896147.0,2005676.0,4261.0
2023-02-24,4210.67959746523,2333640.0,2990251.0,rb2303,4248,4282,4237,4256.0,10204,24834,4255.0,rb2304,4200,4236,4179,4179.0,3850,36412,4210.0,rb2305,4227,4244,4187,4224.0,1669416,2057187,4218.0,rb2306,4203,4222,4171,4207.0,379461,220779,4201.0,rb2307,4200,4221,4165,4199.0,170283,162838,4194.0,rb2308,4222,4222,4175,4197.0,131,14978,4206.0,rb2309,4205,4222,4162,4184.0,2025,23718,4189.0,rb2310,4208,4208,4134,4164.0,93357,403192,4166.0,rb2311,4157,4157,4112,4130.0,8,9036,4130.0,rb2305,4227.0,4244.0,4187.0,4224.0,1669416.0,2057187.0,4218.0
2023-02-27,4180.23058562759,2336778.0,2912636.0,rb2303,4250,4315,4232,4258.0,9925,16991,4260.0,rb2304,4179,4238,4161,4186.0,8248,36036,4193.0,rb2305,4200,4240,4173,4191.0,1925170,1975574,4201.0,rb2306,4200,4223,4159,4177.0,182260,233533,4187.0,rb2307,4190,4220,4156,4175.0,102091,165636,4183.0,rb2308,4167,4214,4155,4174.0,715,15051,4179.0,rb2309,4101,4203,4101,4161.0,6954,20974,4129.0,rb2310,4150,4180,4122,4140.0,96279,400177,4148.0,rb2311,4125,4151,4103,4110.0,36,9022,4114.0,rb2305,4200.0,4240.0,4173.0,4191.0,1925170.0,1975574.0,4201.0
2023-02-28,4164.057248350734,1739004.0,2904171.0,rb2303,4258,4326,4249,4318.0,5523,12360,4259.0,rb2304,4166,4189,4152,4176.0,6394,33750,4168.0,rb2305,4190,4193,4150,4174.0,1369701,1943334,4170.0,rb2306,4174,4178,4139,4162.0,182147,252983,4159.0,rb2307,4176,4176,4135,4158.0,117476,173072,4155.0,rb2308,4161,4169,4135,4153.0,199,15075,4156.0,rb2309,4167,4167,4128,4147.0,1892,21186,4147.0,rb2310,4140,4143,4103,4126.0,52701,403241,4123.0,rb2311,4108,4115,4085,4105.0,37,9014,4102.0,rb2305,4190.0,4193.0,4150.0,4174.0,1369701.0,1943334.0,4170.0
2023-03-01,4204.244117681836,1911583.0,2960015.0,rb2303,4303,4330,4300,4330.0,990,12420,4309.0,rb2304,4171,4230,4162,4225.0,6828,33472,4200.0,rb2305,4175,4226,4164,4216.0,1533443,1983020,4198.0,rb2306,4168,4210,4153,4200.0,177844,258196,4184.0,rb2307,4166,4207,4148,4197.0,120562,176576,4179.0,rb2308,4184,4200,4154,4196.0,715,15218,4179.0,rb2309,4137,4194,4137,4191.0,2395,21025,4170.0,rb2310,4128,4170,4115,4160.0,66017,410744,4147.0,rb2311,4123,4148,4101,4148.0,16,9012,4116.0,rb2305,4175.0,4226.0,4164.0,4216.0,1533443.0,1983020.0,4198.0
2023-03-02,4213.558386132777,1452601.0,2951420.0,rb2303,4330,4349,4330,4349.0,2460,11520,4339.0,rb2304,4225,4233,4199,4226.0,5586,31576,4220.0,rb2305,4213,4236,4203,4225.0,993488,1971186,4219.0,rb2306,4200,4217,4190,4210.0,281084,258719,4204.0,rb2307,4197,4214,4185,4205.0,101016,171822,4199.0,rb2308,4192,4212,4182,4203.0,566,15331,4198.0,rb2309,4191,4202,4177,4199.0,2009,22017,4190.0,rb2310,4151,4182,4151,4174.0,58089,413941,4167.0,rb2311,4151,4153,4151,4153.0,4,9010,4151.0,rb2305,4213.0,4236.0,4203.0,4225.0,993488.0,1971186.0,4219.0
2023-03-03,4257.776494917702,1892089.0,2964210.0,rb2303,4348,4400,4339,4390.0,2220,10710,4387.0,rb2304,4206,4267,4206,4264.0,5409,31628,4245.0,rb2305,4229,4278,4218,4272.0,1154498,1981344,4249.0,rb2306,4209,4256,4199,4249.0,374640,258722,4225.0,rb2307,4205,4243,4188,4239.0,285618,170393,4215.0,rb2308,4212,4240,4189,4230.0,541,15471,4203.0,rb2309,4200,4236,4187,4235.0,1697,22072,4210.0,rb2310,4165,4220,4165,4215.0,62570,415746,4196.0,rb2311,4174,4199,4165,4199.0,1014,10012,4183.0,rb2305,4229.0,4278.0,4218.0,4272.0,1154498.0,1981344.0,4249.0
2023-03-06,4197.438033598255,2826173.0,2956344.0,rb2303,4379,4379,4271,4308.0,2160,10530,4314.0,rb2304,4257,4262,4172,4200.0,4445,31054,4206.0,rb2305,4260,4270,4175,4210.0,1762004,1961814,4213.0,rb2306,4239,4248,4158,4193.0,536041,258115,4198.0,rb2307,4234,4238,4150,4186.0,406738,169688,4173.0,rb2308,4229,4232,4152,4183.0,443,15613,4173.0,rb2309,4230,4232,4150,4184.0,2117,22279,4181.0,rb2310,4202,4215,4129,4159.0,106353,426757,4160.0,rb2311,4185,4185,4107,4125.0,15,10012,4139.0,rb2305,4260.0,4270.0,4175.0,4210.0,1762004.0,1961814.0,4213.0
2023-03-07,4234.032779652031,2057001.0,3048324.0,rb2303,4306,4350,4300,4340.0,2940,9870,4327.0,rb2304,4183,4254,4183,4233.0,10571,31606,4220.0,rb2305,4212,4273,4199,4248.0,1464187,2048392,4238.0,rb2306,4196,4253,4183,4229.0,247602,257376,4212.0,rb2307,4186,4238,4173,4216.0,252069,173568,4209.0,rb2308,4183,4231,4175,4214.0,417,15579,4207.0,rb2309,4177,4230,4168,4209.0,1358,22194,4199.0,rb2310,4159,4214,4145,4192.0,73941,429159,4185.0,rb2311,4131,4139,4131,4136.0,10,10016,4135.0,rb2305,4212.0,4273.0,4199.0,4248.0,1464187.0,2048392.0,4238.0
2023-03-08,4231.235560782832,1837372.0,3060017.0,rb2303,4340,4345,4330,4341.0,2310,9750,4335.0,rb2304,4247,4249,4207,4232.0,3630,32093,4235.0,rb2305,4249,4267,4221,4249.0,1058647,2048137,4251.0,rb2306,4225,4247,4205,4226.0,459878,259028,4231.0,rb2307,4217,4233,4191,4210.0,223235,175977,4215.0,rb2308,4214,4230,4197,4208.0,184,15573,4209.0,rb2309,4216,4222,4182,4196.0,1388,22066,4205.0,rb2310,4187,4209,4166,4175.0,84075,436666,4186.0,rb2311,4182,4182,4149,4149.0,35,10003,4156.0,rb2305,4249.0,4267.0,4221.0,4249.0,1058647.0,2048137.0,4251.0
2023-03-09,4292.285464706547,3742875.0,3143005.0,rb2303,4389,4432,4370,4432.0,1170,9540,4409.0,rb2304,4240,4314,4197,4309.0,9413,31485,4255.0,rb2305,4250,4322,4206,4313.0,2639304,2107683,4256.0,rb2306,4232,4299,4189,4289.0,577215,262901,4220.0,rb2307,4211,4277,4174,4270.0,341548,176995,4216.0,rb2308,4211,4267,4175,4257.0,1234,15660,4237.0,rb2309,4198,4253,4165,4246.0,2757,22306,4209.0,rb2310,4175,4230,4137,4223.0,163543,455144,4183.0,rb2311,4163,4212,4125,4212.0,60,10025,4153.0,rb2305,4250.0,4322.0,4206.0,4313.0,2639304.0,2107683.0,4256.0
2023-03-10,4290.159137177602,2874346.0,3107847.0,rb2303,4521,4570,4475,4555.0,1680,8760,4508.0,rb2304,4326,4344,4290,4298.0,7347,32059,4319.0,rb2305,4325,4348,4303,4314.0,1652266,2073405,4328.0,rb2306,4290,4325,4279,4284.0,683576,259816,4305.0,rb2307,4280,4302,4258,4261.0,397566,174819,4279.0,rb2308,4257,4285,4243,4243.0,1411,14913,4270.0,rb2309,4256,4275,4221,4228.0,2902,22307,4257.0,rb2310,4223,4252,4213,4214.0,122198,460810,4236.0,rb2311,4220,4223,4208,4215.0,28,10021,4215.0,rb2305,4325.0,4348.0,4303.0,4314.0,1652266.0,2073405.0,4328.0
2023-03-13,4345.870773042372,2597710.0,3123257.0,rb2303,4538,4538,4450,4480.0,1200,8670,4492.0,rb2304,4296,4367,4296,4358.0,6194,33072,4342.0,rb2305,4327,4377,4317,4371.0,1525232,2073724,4351.0,rb2306,4290,4351,4290,4343.0,761903,264428,4332.0,rb2307,4273,4321,4266,4315.0,183440,179263,4292.0,rb2308,4244,4308,4244,4305.0,449,14864,4293.0,rb2309,4231,4299,4231,4291.0,2295,22854,4277.0,rb2310,4210,4277,4210,4267.0,112744,465937,4256.0,rb2311,4228,4245,4220,4240.0,778,9275,4239.0,rb2305,4327.0,4377.0,4317.0,4371.0,1525232.0,2073724.0,4351.0
2023-03-14,4354.333462763832,2890804.0,3139394.0,rb2303,4470,4530,4470,4530.0,1740,8430,4491.0,rb2304,4349,4391,4321,4362.0,7089,33780,4362.0,rb2305,4328,4401,4327,4373.0,1703065,1999189,4372.0,rb2306,4310,4376,4302,4347.0,723994,267622,4337.0,rb2307,4295,4352,4271,4325.0,119523,185756,4313.0,rb2308,4296,4343,4275,4314.0,2513,15028,4319.0,rb2309,4282,4341,4254,4318.0,8196,26028,4301.0,rb2310,4233,4328,4225,4312.0,316388,542024,4286.0,rb2311,4231,4294,4218,4280.0,41,9289,4259.0,rb2305,4328.0,4401.0,4327.0,4373.0,1703065.0,1999189.0,4372.0
2023-03-15,4312.069955388454,3125481.0,3095387.0,rb2303,4520,4580,4512,4580.0,150,8460,4532.0,rb2304,4348,4385,4306,4320.0,7049,32108,4343.0,rb2305,4379,4394,4318,4332.0,1575120,1888550,4359.0,rb2306,4360,4369,4297,4311.0,770731,270316,4348.0,rb2307,4335,4347,4279,4295.0,463005,186963,4297.0,rb2308,4314,4338,4277,4277.0,1433,15291,4320.0,rb2309,4310,4336,4268,4280.0,9457,31241,4308.0,rb2310,4312,4324,4254,4265.0,293458,599557,4295.0,rb2311,4281,4298,4251,4267.0,95,9313,4269.0,rb2305,4379.0,4394.0,4318.0,4332.0,1575120.0,1888550.0,4359.0
2023-03-16,4182.03695354156,4024879.0,2936065.0,rb2304,4299,4299,4046,4213.0,15081,32098,4254.0,rb2305,4295,4308,4197,4205.0,2511599,1691899,4255.0,rb2306,4270,4285,4173,4181.0,728882,276695,4236.0,rb2307,4275,4275,4159,4162.0,372242,188301,4239.0,rb2308,4265,4265,4162,4168.0,1113,15368,4231.0,rb2309,4245,4257,4154,4157.0,8509,31486,4206.0,rb2310,4225,4245,4138,4138.0,378567,635512,4190.0,rb2311,4225,4225,4119,4119.0,42,9306,4176.0,rb2312,4191,4191,4100,4100.0,45,17429,4131.0,rb2305,4295.0,4308.0,4197.0,4205.0,2511599.0,1691899.0,4255.0
2023-03-17,4230.878555767212,3249454.0,2919834.0,rb2304,4218,4366,4174,4252.0,11426,30158,4230.0,rb2305,4203,4284,4185,4262.0,1812692,1645579,4234.0,rb2306,4188,4246,4147,4227.0,535136,288711,4194.0,rb2307,4162,4225,4134,4203.0,552729,197332,4183.0,rb2308,4168,4217,4128,4193.0,1265,15661,4169.0,rb2309,4157,4210,4126,4195.0,9838,34285,4169.0,rb2310,4150,4199,4110,4177.0,315570,641047,4158.0,rb2311,4106,4174,4088,4137.0,561,9828,4139.0,rb2312,4096,4142,4063,4123.0,1160,18469,4116.0,rb2305,4203.0,4284.0,4185.0,4262.0,1812692.0,1645579.0,4234.0
2023-03-20,4163.518626409427,2402910.0,2940556.0,rb2304,4270,4272,4179,4180.0,7448,29183,4226.0,rb2305,4266,4279,4192,4194.0,1524810,1614331,4233.0,rb2306,4220,4242,4137,4143.0,359875,296673,4203.0,rb2307,4202,4224,4135,4138.0,198845,208935,4167.0,rb2308,4215,4219,4132,4144.0,1329,16297,4174.0,rb2309,4200,4228,4130,4135.0,6651,35596,4171.0,rb2310,4205,4210,4115,4120.0,295201,668345,4158.0,rb2311,4160,4174,4095,4096.0,1031,10837,4114.0,rb2312,4151,4151,4088,4091.0,1020,19475,4094.0,rb2305,4266.0,4279.0,4192.0,4194.0,1524810.0,1614331.0,4233.0
2023-03-21,4119.902019912265,2159041.0,2980575.0,rb2304,4181,4213,4141,4143.0,6033,28208,4172.0,rb2305,4200,4223,4153,4156.0,1435222,1583137,4188.0,rb2306,4152,4161,4083,4092.0,264441,308052,4122.0,rb2307,4149,4155,4086,4095.0,111326,222685,4127.0,rb2308,4148,4148,4089,4093.0,449,16391,4117.0,rb2309,4135,4152,4083,4088.0,9261,37212,4120.0,rb2310,4135,4144,4070,4072.0,326567,712879,4105.0,rb2311,4109,4117,4051,4051.0,33,10833,4092.0,rb2312,4050,4079,4030,4033.0,16,19478,4054.0,rb2305,4200.0,4223.0,4153.0,4156.0,1435222.0,1583137.0,4188.0
2023-03-22,4118.74276335311,2660131.0,2948845.0,rb2304,4135,4183,4112,4142.0,5157,27587,4143.0,rb2305,4161,4195,4120,4153.0,1641849,1498897,4154.0,rb2306,4096,4131,4052,4093.0,378137,304974,4098.0,rb2307,4100,4138,4060,4093.0,205036,227724,4087.0,rb2308,4097,4130,4062,4087.0,571,16460,4090.0,rb2309,4099,4131,4062,4091.0,7341,37484,4095.0,rb2310,4094,4122,4050,4081.0,408127,757265,4085.0,rb2311,4051,4090,4028,4049.0,2027,12830,4051.0,rb2312,4033,4074,4008,4044.0,2076,21480,4033.0,rb2305,4161.0,4195.0,4120.0,4153.0,1641849.0,1498897.0,4154.0
2023-03-23,4049.33270712691,3334368.0,3065017.0,rb2304,4126,4175,4054,4059.0,6265,28216,4116.0,rb2305,4159,4181,4066,4070.0,1805506,1528575,4125.0,rb2306,4092,4120,4015,4023.0,734836,296136,4084.0,rb2307,4093,4130,4031,4038.0,299555,228519,4079.0,rb2308,4087,4127,4033,4039.0,1561,16677,4082.0,rb2309,4082,4124,4035,4038.0,7994,37798,4075.0,rb2310,4091,4114,4025,4033.0,463457,842880,4067.0,rb2311,4054,4084,3998,3998.0,1127,13844,4069.0,rb2312,4044,4150,3989,3989.0,2552,23961,4048.0,rb2305,4159.0,4181.0,4066.0,4070.0,1805506.0,1528575.0,4125.0
2023-03-24,4077.521053087749,2603598.0,3022882.0,rb2304,4034,4099,4034,4090.0,12635,21450,4051.0,rb2305,4070,4125,4055,4107.0,1463299,1461026,4085.0,rb2306,4017,4065,4005,4035.0,529285,268047,4026.0,rb2307,4032,4100,4016,4045.0,163957,232823,4042.0,rb2308,4039,4078,4016,4047.0,4568,20451,4040.0,rb2309,4049,4081,4013,4061.0,6978,37865,4044.0,rb2310,4020,4075,4002,4060.0,411866,891944,4038.0,rb2311,4006,4041,3988,4027.0,36,13827,4009.0,rb2312,4001,4029,3961,4029.0,1077,24964,4000.0,rb2305,4070.0,4125.0,4055.0,4107.0,1463299.0,1461026.0,4085.0
2023-03-27,4076.688786381522,1848695.0,2983417.0,rb2304,4050,4098,4046,4072.0,13042,21179,4076.0,rb2305,4080,4129,4074,4105.0,1179589,1380095,4105.0,rb2306,4014,4059,3985,4032.0,88022,219978,4023.0,rb2307,4030,4076,4020,4058.0,123796,252794,4056.0,rb2308,4026,4083,4020,4062.0,56252,50787,4061.0,rb2309,4051,4085,4024,4065.0,7535,38942,4060.0,rb2310,4040,4085,4024,4060.0,363920,920252,4059.0,rb2311,4027,4054,4010,4032.0,1026,14836,4027.0,rb2312,4083,4083,3987,4033.0,1042,25960,4080.0,rb2305,4080.0,4129.0,4074.0,4105.0,1179589.0,1380095.0,4105.0
2023-03-28,4111.556774340586,1940071.0,2922218.0,rb2304,4073,4115,4073,4109.0,5119,17763,4091.0,rb2305,4110,4147,4095,4136.0,1156760,1233806,4121.0,rb2306,4037,4063,4019,4062.0,67890,196469,4040.0,rb2307,4062,4104,4056,4101.0,137525,265616,4080.0,rb2308,4062,4107,4061,4102.0,63687,77891,4086.0,rb2309,4065,4109,4064,4106.0,6941,39774,4084.0,rb2310,4070,4111,4060,4104.0,455929,971987,4088.0,rb2311,4032,4082,4032,4077.0,2528,14340,4032.0,rb2312,4033,4062,4031,4058.0,4442,23559,4033.0,rb2305,4110.0,4147.0,4095.0,4136.0,1156760.0,1233806.0,4121.0
2023-03-29,4128.382668856437,1918544.0,2886757.0,rb2304,4130,4133,4082,4099.0,9970,10187,4120.0,rb2305,4141,4168,4123,4151.0,1055543,1123338,4145.0,rb2306,4064,4107,4064,4104.0,64747,162592,4080.0,rb2307,4113,4132,4103,4130.0,151860,274662,4117.0,rb2308,4102,4130,4102,4125.0,102948,110921,4115.0,rb2309,4106,4130,4101,4120.0,7460,39196,4114.0,rb2310,4108,4128,4096,4118.0,496957,1031440,4111.0,rb2311,4088,4095,4069,4090.0,53,14341,4080.0,rb2312,4058,4089,4058,4081.0,560,24054,4059.0,rb2305,4141.0,4168.0,4123.0,4151.0,1055543.0,1123338.0,4145.0
2023-03-30,4140.08054622967,2170934.0,2821597.0,rb2304,4115,4125,4083,4112.0,7051,5473,4108.0,rb2305,4165,4178,4125,4167.0,1247443,1013872,4151.0,rb2306,4119,4135,4096,4126.0,57893,135888,4114.0,rb2307,4145,4151,4110,4145.0,170794,277105,4131.0,rb2308,4137,4147,4102,4138.0,116250,127054,4123.0,rb2309,4131,4142,4101,4136.0,19041,40918,4123.0,rb2310,4130,4137,4094,4127.0,538942,1085398,4116.0,rb2311,4106,4106,4082,4100.0,1042,13339,4091.0,rb2312,4095,4095,4061,4076.0,1036,23061,4071.0,rb2305,4165.0,4178.0,4125.0,4167.0,1247443.0,1013872.0,4151.0
2023-03-31,4140.99427714125,1850769.0,2799475.0,rb2304,4112,4168,4108,4115.0,2692,3330,4139.0,rb2305,4176,4200,4153,4161.0,918121,906146,4175.0,rb2306,4133,4167,4118,4124.0,18262,131632,4138.0,rb2307,4153,4188,4139,4144.0,156617,274590,4160.0,rb2308,4146,4184,4130,4140.0,120806,132830,4157.0,rb2309,4140,4181,4134,4140.0,9811,39981,4157.0,rb2310,4130,4178,4120,4136.0,610859,1171676,4149.0,rb2311,4100,4146,4100,4112.0,2049,13338,4107.0,rb2312,4076,4129,4076,4097.0,2276,23291,4088.0,rb2305,4176.0,4200.0,4153.0,4161.0,918121.0,906146.0,4175.0
2023-04-03,4025.33485957068,2577037.0,2884654.0,rb2304,4123,4123,4011,4023.0,870,2670,4046.0,rb2305,4161,4166,4043,4044.0,1081619,863464,4108.0,rb2306,4112,4133,4004,4007.0,28707,120011,4071.0,rb2307,4144,4151,4036,4036.0,210598,290417,4095.0,rb2308,4140,4144,4028,4030.0,141814,138712,4092.0,rb2309,4140,4144,4030,4032.0,12465,40348,4091.0,rb2310,4137,4140,4017,4019.0,1077799,1281453,4084.0,rb2311,4112,4112,4004,4004.0,3433,13417,4060.0,rb2312,4088,4090,3989,3999.0,1072,24298,4019.0,rb2305,4161.0,4166.0,4043.0,4044.0,1081619.0,863464.0,4108.0
2023-04-04,3988.490221585447,2199580.0,2888863.0,rb2304,4022,4030,3983,3983.0,510,2310,4002.0,rb2305,4042,4067,4010,4018.0,741305,767896,4032.0,rb2306,4018,4041,3989,3996.0,36612,108417,4011.0,rb2307,4036,4059,3995,4002.0,234031,323078,4021.0,rb2308,4030,4052,3989,3997.0,132242,138893,4013.0,rb2309,4031,4051,3991,3994.0,8813,41678,4015.0,rb2310,4020,4038,3971,3975.0,1034068,1352877,3998.0,rb2311,3996,4016,3950,3950.0,157,13419,3977.0,rb2312,3986,3998,3941,3950.0,137,24278,3961.0,rb2310,4020.0,4038.0,3971.0,3975.0,1034068.0,1352877.0,3998.0
2023-04-06,3950.10037753802,1954321.0,2904873.0,rb2304,3980,3980,3960,3960.0,60,2250,3970.0,rb2305,4000,4028,3968,3981.0,477609,708093,3997.0,rb2306,3989,4007,3953,3965.0,28773,97957,3981.0,rb2307,3990,4014,3946,3959.0,206988,331490,3981.0,rb2308,3997,4007,3943,3959.0,138929,141833,3978.0,rb2309,3996,4004,3947,3958.0,14976,34999,3984.0,rb2310,3960,3979,3923,3938.0,1066014,1442365,3950.0,rb2311,3920,3957,3903,3918.0,3987,9741,3929.0,rb2312,3950,3950,3890,3909.0,4672,19825,3944.0,rb2310,3960.0,3979.0,3923.0,3938.0,1066014.0,1442365.0,3950.0
2023-04-07,3998.123488110437,2339783.0,2901915.0,rb2304,3975,3980,3950,3962.0,300,2220,3969.0,rb2305,3990,4054,3990,4033.0,404458,622516,4027.0,rb2306,3967,4027,3967,4006.0,18976,92926,4000.0,rb2307,3959,4022,3959,4003.0,287983,340190,3999.0,rb2308,3957,4019,3957,4001.0,306024,154202,3990.0,rb2309,3961,4018,3961,4002.0,8032,33471,3996.0,rb2310,3952,4008,3948,3989.0,1293250,1506483,3983.0,rb2311,3918,3978,3918,3959.0,1243,10729,3925.0,rb2312,3909,3967,3909,3959.0,4610,24317,3909.0,rb2310,3952.0,4008.0,3948.0,3989.0,1293250.0,1506483.0,3983.0
2023-04-10,3923.451304771916,2845786.0,3010028.0,rb2304,3985,3985,3860,3885.0,180,2220,3900.0,rb2305,4045,4056,3931,3978.0,461140,562499,3986.0,rb2306,4026,4033,3914,3950.0,22979,88202,3970.0,rb2307,4008,4033,3906,3940.0,242452,348875,3952.0,rb2308,4004,4030,3903,3935.0,317996,159185,3989.0,rb2309,4005,4030,3908,3936.0,9277,34527,3966.0,rb2310,4000,4020,3881,3907.0,1768635,1655293,3946.0,rb2311,3967,3992,3860,3880.0,149,10749,3921.0,rb2312,3972,3979,3849,3864.0,74,24335,3896.0,rb2310,4000.0,4020.0,3881.0,3907.0,1768635.0,1655293.0,3946.0
2023-04-11,3949.903889734506,2373023.0,3005038.0,rb2304,3899,3910,3885,3910.0,450,2220,3894.0,rb2305,3970,3988,3932,3984.0,299269,528405,3961.0,rb2306,3947,3981,3908,3981.0,19943,85493,3943.0,rb2307,3935,3981,3893,3979.0,419298,350391,3925.0,rb2308,3932,3970,3891,3970.0,136070,172955,3924.0,rb2309,3937,3968,3894,3960.0,7363,34030,3934.0,rb2310,3909,3940,3868,3937.0,1469111,1666310,3903.0,rb2311,3880,3914,3848,3914.0,1216,11763,3880.0,rb2312,3864,3902,3834,3899.0,1092,25324,3864.0,rb2310,3909.0,3940.0,3868.0,3937.0,1469111.0,1666310.0,3903.0
2023-04-12,3914.1323647720255,2010515.0,3034191.0,rb2304,3770,3898,3770,3870.0,150,2220,3841.0,rb2305,3998,3998,3951,3956.0,172197,507282,3972.0,rb2306,3980,3988,3931,3935.0,30306,68159,3967.0,rb2307,3982,3990,3934,3944.0,311801,353625,3956.0,rb2308,3970,3977,3923,3932.0,257600,181861,3944.0,rb2309,3963,3999,3921,3933.0,6531,33867,3952.0,rb2310,3940,3945,3890,3900.0,1205778,1720589,3914.0,rb2311,3920,3920,3870,3882.0,93,11761,3889.0,rb2312,3901,3901,3856,3871.0,7685,17813,3900.0,rb2310,3940.0,3945.0,3890.0,3900.0,1205778.0,1720589.0,3914.0
2023-04-13,3893.130120821145,2420253.0,3054515.0,rb2304,3920,3920,3850,3850.0,1200,2190,3877.0,rb2305,3956,3970,3911,3933.0,205929,479881,3937.0,rb2306,3945,3949,3889,3902.0,27358,55375,3926.0,rb2307,3951,3955,3879,3907.0,379330,368972,3908.0,rb2308,3941,3945,3878,3904.0,137836,188854,3905.0,rb2309,3938,3941,3881,3904.0,7845,34643,3905.0,rb2310,3914,3915,3855,3886.0,1637913,1748553,3881.0,rb2311,3885,3885,3836,3864.0,225,11775,3853.0,rb2312,3871,3871,3824,3845.0,642,18323,3865.0,rb2310,3914.0,3915.0,3855.0,3886.0,1637913.0,1748553.0,3881.0
2023-04-14,3904.1424145138985,2097942.0,2955071.0,rb2304,3880,3880,3880,3880.0,60,2190,3880.0,rb2305,3950,3987,3935,3945.0,155119,445906,3960.0,rb2306,3914,3966,3908,3921.0,9007,55085,3936.0,rb2307,3909,3965,3905,3919.0,385408,355442,3930.0,rb2308,3906,3964,3903,3918.0,88948,181757,3933.0,rb2309,3909,3965,3904,3921.0,8564,31305,3927.0,rb2310,3886,3948,3885,3896.0,1435636,1703998,3916.0,rb2311,3863,3918,3862,3878.0,152,11738,3889.0,rb2312,3871,3897,3846,3854.0,129,18334,3868.0,rb2310,3886.0,3948.0,3885.0,3896.0,1435636.0,1703998.0,3916.0
2023-04-17,3930.2420574310754,2234068.0,2995347.0,rb2304,3817,3850,3817,3850.0,120,2190,3841.0,rb2305,3941,3970,3925,3960.0,145901,427733,3947.0,rb2306,3921,3949,3900,3935.0,16466,50371,3922.0,rb2307,3919,3949,3894,3939.0,307891,369147,3918.0,rb2308,3918,3949,3880,3939.0,100394,186185,3919.0,rb2309,3918,3950,3893,3943.0,8571,31922,3926.0,rb2310,3900,3938,3873,3928.0,1636060,1742720,3907.0,rb2311,3882,3897,3853,3897.0,136,11748,3875.0,rb2312,3854,3892,3839,3881.0,124,18357,3865.0,rb2310,3900.0,3938.0,3873.0,3928.0,1636060.0,1742720.0,3907.0
2023-04-18,3952.892901600628,2495170.0,2994013.0,rb2305,3977,4002,3956,3971.0,170464,384222,3979.0,rb2306,3950,3980,3937,3960.0,11209,51795,3955.0,rb2307,3945,3985,3945,3979.0,386245,362780,3963.0,rb2308,3939,3985,3939,3969.0,286300,196834,3964.0,rb2309,3950,3986,3940,3971.0,4826,31236,3963.0,rb2310,3945,3981,3926,3950.0,1619625,1778836,3952.0,rb2311,3897,3951,3897,3915.0,631,12255,3903.0,rb2312,3881,3932,3881,3904.0,2452,20738,3882.0,rb2401,3851,3899,3849,3865.0,12765,142232,3874.0,rb2310,3945.0,3981.0,3926.0,3950.0,1619625.0,1778836.0,3952.0
2023-04-19,3928.7387727499886,2513250.0,3025496.0,rb2305,3981,3984,3940,3949.0,107019,368197,3967.0,rb2306,3960,3972,3916,3925.0,10188,49849,3952.0,rb2307,3979,3993,3936,3950.0,540098,362016,3969.0,rb2308,3968,3983,3929,3943.0,340900,203326,3965.0,rb2309,3975,3981,3931,3943.0,4880,31143,3960.0,rb2310,3950,3963,3910,3927.0,1495928,1818464,3940.0,rb2311,3915,3936,3888,3888.0,619,12763,3914.0,rb2312,3904,3921,3877,3883.0,679,21337,3903.0,rb2401,3865,3881,3831,3845.0,12336,144806,3862.0,rb2310,3950.0,3963.0,3910.0,3927.0,1495928.0,1818464.0,3940.0
2023-04-20,3912.7734256113768,2633283.0,2986048.0,rb2305,3931,3947,3896,3928.0,150012,337836,3922.0,rb2306,3920,3932,3880,3911.0,14887,48000,3906.0,rb2307,3945,3950,3891,3925.0,343223,353285,3922.0,rb2308,3940,3945,3887,3924.0,199947,202212,3916.0,rb2309,3937,3944,3890,3927.0,6433,31264,3915.0,rb2310,3911,3929,3868,3914.0,1895468,1812943,3899.0,rb2311,3882,3902,3850,3885.0,1017,13364,3878.0,rb2312,3877,3885,3831,3865.0,604,21873,3873.0,rb2401,3839,3853,3796,3837.0,21040,151111,3824.0,rb2310,3911.0,3929.0,3868.0,3914.0,1895468.0,1812943.0,3899.0
2023-04-21,3811.4667858894777,2801781.0,3043601.0,rb2305,3935,3935,3825,3828.0,152613,303009,3877.0,rb2306,3835,3906,3801,3801.0,23113,42756,3848.0,rb2307,3926,3926,3831,3832.0,365990,339432,3863.0,rb2308,3919,3922,3830,3832.0,389174,195575,3859.0,rb2309,3922,3922,3830,3830.0,6327,32564,3870.0,rb2310,3904,3908,3809,3810.0,1838698,1918659,3853.0,rb2311,3885,3885,3795,3799.0,753,13891,3866.0,rb2312,3865,3865,3780,3780.0,640,22403,3855.0,rb2401,3838,3838,3740,3740.0,23389,160245,3776.0,rb2310,3904.0,3908.0,3809.0,3810.0,1838698.0,1918659.0,3853.0
2023-04-24,3715.4889257514856,3225082.0,3113665.0,rb2305,3826,3835,3702,3728.0,236619,254928,3759.0,rb2306,3802,3817,3691,3716.0,17817,43106,3744.0,rb2307,3832,3839,3716,3741.0,376467,340248,3780.0,rb2308,3831,3837,3708,3734.0,350613,205738,3746.0,rb2309,3830,3837,3708,3730.0,10586,32688,3758.0,rb2310,3810,3817,3690,3714.0,2188088,2009878,3743.0,rb2311,3778,3795,3680,3701.0,278,13945,3724.0,rb2312,3770,3777,3663,3686.0,327,22470,3709.0,rb2401,3740,3745,3630,3652.0,42540,174157,3678.0,rb2310,3810.0,3817.0,3690.0,3714.0,2188088.0,2009878.0,3743.0
2023-04-25,3684.9644561663386,2727425.0,3044635.0,rb2305,3732,3763,3700,3700.0,113887,204965,3735.0,rb2306,3736,3752,3683,3685.0,14725,43174,3720.0,rb2307,3747,3772,3704,3708.0,546867,298875,3746.0,rb2308,3745,3763,3699,3703.0,304236,184652,3730.0,rb2309,3748,3762,3700,3705.0,6860,33074,3734.0,rb2310,3715,3747,3680,3685.0,1706302,2046197,3719.0,rb2311,3704,3728,3668,3669.0,247,14022,3704.0,rb2312,3690,3710,3654,3654.0,231,22512,3685.0,rb2401,3660,3680,3615,3619.0,33554,180439,3650.0,rb2310,3715.0,3747.0,3680.0,3685.0,1706302.0,2046197.0,3719.0
2023-04-26,3711.4025579431,2277518.0,2882785.0,rb2305,3684,3725,3670,3698.0,146305,135978,3695.0,rb2306,3673,3721,3654,3687.0,23116,40248,3686.0,rb2307,3685,3746,3673,3716.0,119259,257609,3703.0,rb2308,3687,3743,3671,3719.0,92170,133270,3702.0,rb2309,3700,3744,3674,3719.0,43158,35871,3714.0,rb2310,3670,3736,3662,3719.0,1771843,2010382,3702.0,rb2311,3665,3715,3646,3695.0,42670,42389,3688.0,rb2312,3649,3703,3630,3679.0,1286,22510,3655.0,rb2401,3606,3670,3593,3647.0,36950,187231,3634.0,rb2310,3670.0,3736.0,3662.0,3719.0,1771843.0,2010382.0,3702.0
2023-04-27,3683.9912971990575,2157132.0,2823229.0,rb2305,3705,3731,3672,3679.0,90133,87680,3705.0,rb2306,3697,3732,3666,3667.0,14819,37205,3698.0,rb2307,3723,3757,3686,3688.0,100096,216673,3722.0,rb2308,3723,3760,3688,3689.0,50774,114825,3724.0,rb2309,3724,3758,3692,3694.0,58587,36550,3724.0,rb2310,3744,3759,3690,3691.0,1710699,2003400,3728.0,rb2311,3701,3738,3669,3669.0,95655,93116,3704.0,rb2312,3686,3727,3665,3666.0,1298,23507,3688.0,rb2401,3667,3687,3622,3623.0,33722,191967,3655.0,rb2310,3744.0,3759.0,3690.0,3691.0,1710699.0,2003400.0,3728.0
2023-04-28,3650.681097205289,1859118.0,2758317.0,rb2305,3670,3678,3581,3583.0,77920,41043,3638.0,rb2306,3672,3672,3606,3613.0,19188,39352,3643.0,rb2307,3682,3701,3643,3644.0,67181,195428,3675.0,rb2308,3683,3707,3652,3652.0,37644,103878,3678.0,rb2309,3690,3709,3657,3657.0,53499,38069,3681.0,rb2310,3691,3710,3660,3660.0,1458191,1955066,3683.0,rb2311,3664,3690,3640,3644.0,116282,140996,3663.0,rb2312,3666,3677,3634,3635.0,1921,25184,3656.0,rb2401,3627,3644,3596,3598.0,26170,201069,3616.0,rb2310,3691.0,3710.0,3660.0,3660.0,1458191.0,1955066.0,3683.0
2023-05-04,3607.215720524323,1571956.0,2859612.0,rb2305,3596,3605,3556,3558.0,8043,34290,3580.0,rb2306,3601,3625,3560,3571.0,11044,39374,3592.0,rb2307,3641,3680,3613,3623.0,41496,186984,3648.0,rb2308,3647,3677,3610,3614.0,30603,99198,3643.0,rb2309,3620,3678,3608,3611.0,55194,39765,3641.0,rb2310,3650,3677,3609,3615.0,1268068,2022762,3641.0,rb2311,3609,3661,3587,3595.0,130582,184882,3623.0,rb2312,3601,3654,3577,3587.0,192,25168,3605.0,rb2401,3587,3611,3539,3548.0,26341,208848,3570.0,rb2310,3650.0,3677.0,3609.0,3615.0,1268068.0,2022762.0,3641.0
2023-05-05,3614.298301889281,2435858.0,2957581.0,rb2305,3558,3565,3491,3542.0,9420,27270,3524.0,rb2306,3562,3600,3510,3591.0,16869,37122,3552.0,rb2307,3615,3651,3559,3641.0,42367,181609,3605.0,rb2308,3605,3631,3541,3621.0,29351,95278,3588.0,rb2309,3603,3627,3539,3622.0,89316,39721,3581.0,rb2310,3610,3625,3539,3622.0,1999125,2062499,3583.0,rb2311,3585,3604,3507,3603.0,192558,245247,3559.0,rb2312,3586,3592,3500,3587.0,2243,27024,3575.0,rb2401,3565,3565,3473,3552.0,50201,219394,3512.0,rb2310,3610.0,3625.0,3539.0,3622.0,1999125.0,2062499.0,3583.0
2023-05-08,3722.302711299104,3002223.0,3013832.0,rb2305,3540,3629,3534,3616.0,17130,16650,3587.0,rb2306,3599,3695,3574,3695.0,23999,35508,3627.0,rb2307,3641,3749,3624,3745.0,57240,165587,3674.0,rb2308,3620,3752,3608,3735.0,26961,89748,3666.0,rb2309,3619,3735,3608,3735.0,82275,36821,3663.0,rb2310,3611,3733,3605,3732.0,2562981,2103630,3670.0,rb2311,3595,3711,3585,3710.0,159891,289313,3638.0,rb2312,3596,3690,3592,3690.0,1140,27207,3636.0,rb2401,3542,3649,3536,3649.0,68636,225717,3595.0,rb2310,3611.0,3733.0,3605.0,3732.0,2562981.0,2103630.0,3670.0
2023-05-09,3681.486062040488,1904642.0,2978700.0,rb2305,3630,3630,3582,3588.0,5820,13440,3604.0,rb2306,3705,3719,3652,3657.0,16631,36536,3689.0,rb2307,3773,3774,3703,3705.0,44920,149843,3752.0,rb2308,3744,3751,3693,3693.0,20543,85398,3729.0,rb2309,3735,3744,3691,3691.0,60180,35157,3724.0,rb2310,3738,3743,3690,3691.0,1593264,2051179,3720.0,rb2311,3723,3723,3665,3665.0,119126,322879,3702.0,rb2312,3696,3706,3656,3659.0,807,27633,3681.0,rb2401,3649,3666,3618,3619.0,43090,232944,3645.0,rb2310,3738.0,3743.0,3690.0,3691.0,1593264.0,2051179.0,3720.0
2023-05-10,3678.02408056654,2062061.0,3004622.0,rb2305,3575,3604,3500,3537.0,7830,9000,3560.0,rb2306,3657,3686,3609,3633.0,14036,37596,3649.0,rb2307,3705,3741,3676,3697.0,26764,140986,3711.0,rb2308,3693,3730,3668,3692.0,18197,81873,3701.0,rb2309,3688,3731,3667,3687.0,58664,35232,3700.0,rb2310,3690,3732,3666,3688.0,1778887,2050699,3698.0,rb2311,3665,3704,3641,3662.0,108030,345845,3670.0,rb2312,3650,3692,3638,3658.0,2470,28582,3654.0,rb2401,3616,3657,3602,3623.0,43957,248087,3628.0,rb2310,3690.0,3732.0,3666.0,3688.0,1778887.0,2050699.0,3698.0
2023-05-11,3588.9610319865524,2985343.0,3005388.0,rb2305,3550,3550,3416,3480.0,4410,5670,3491.0,rb2306,3631,3653,3534,3536.0,25503,35324,3593.0,rb2307,3694,3714,3600,3604.0,42522,138292,3642.0,rb2308,3690,3706,3593,3604.0,23088,79756,3633.0,rb2309,3686,3706,3595,3604.0,78579,33708,3637.0,rb2310,3692,3709,3591,3600.0,2626151,2041822,3635.0,rb2311,3662,3684,3564,3571.0,131548,357190,3612.0,rb2312,3622,3671,3561,3563.0,1498,27807,3597.0,rb2401,3610,3642,3526,3531.0,51273,258843,3571.0,rb2310,3692.0,3709.0,3591.0,3600.0,2626151.0,2041822.0,3635.0
2023-05-12,3569.8657240111484,2153916.0,2947206.0,rb2305,3446,3474,3415,3415.0,1590,5010,3444.0,rb2306,3515,3605,3515,3555.0,22986,33484,3558.0,rb2307,3583,3646,3570,3584.0,41899,123414,3602.0,rb2308,3590,3632,3567,3584.0,18312,79433,3598.0,rb2309,3594,3638,3567,3590.0,63196,33332,3602.0,rb2310,3580,3633,3562,3579.0,1856249,1995985,3595.0,rb2311,3553,3611,3535,3559.0,108238,353594,3569.0,rb2312,3550,3599,3530,3553.0,430,27903,3554.0,rb2401,3519,3568,3498,3515.0,35031,262613,3528.0,rb2310,3580.0,3633.0,3562.0,3579.0,1856249.0,1995985.0,3595.0
2023-05-15,3658.180021806301,2911264.0,2937683.0,rb2305,3470,3535,3436,3482.0,870,4410,3466.0,rb2306,3560,3680,3559,3655.0,20032,31314,3632.0,rb2307,3577,3715,3577,3681.0,32375,120320,3662.0,rb2308,3585,3704,3585,3667.0,30279,79471,3652.0,rb2309,3591,3705,3591,3670.0,75951,31384,3654.0,rb2310,3587,3698,3587,3667.0,2564799,1993296,3652.0,rb2311,3559,3676,3559,3646.0,125180,362970,3626.0,rb2312,3553,3665,3553,3643.0,2818,25379,3566.0,rb2401,3522,3628,3522,3605.0,58557,256723,3584.0,rb2310,3587.0,3698.0,3587.0,3667.0,2564799.0,1993296.0,3652.0
2023-05-16,3630.143162796169,2011430.0,2958534.0,rb2306,3677,3685,3610,3624.0,15099,30894,3645.0,rb2307,3691,3707,3635,3645.0,18308,118851,3668.0,rb2308,3674,3696,3619,3629.0,28486,80961,3657.0,rb2309,3676,3698,3627,3637.0,59598,33548,3664.0,rb2310,3680,3697,3627,3640.0,1743581,2001059,3662.0,rb2311,3655,3676,3601,3616.0,102536,376642,3642.0,rb2312,3648,3661,3598,3609.0,1045,24816,3644.0,rb2401,3623,3629,3565,3579.0,39665,257188,3599.0,rb2402,3601,3616,3560,3562.0,426,24706,3599.0,rb2310,3680.0,3697.0,3627.0,3640.0,1743581.0,2001059.0,3662.0
2023-05-17,3705.150937718344,2042004.0,2984105.0,rb2306,3614,3700,3614,3694.0,12885,31842,3657.0,rb2307,3650,3729,3643,3728.0,20540,118256,3687.0,rb2308,3630,3710,3629,3708.0,27245,80001,3665.0,rb2309,3639,3715,3635,3711.0,48553,34243,3671.0,rb2310,3640,3717,3636,3715.0,1783507,2018915,3676.0,rb2311,3621,3697,3614,3693.0,106772,388616,3648.0,rb2312,3593,3685,3593,3685.0,313,24793,3645.0,rb2401,3581,3649,3570,3647.0,38773,250811,3613.0,rb2402,3562,3635,3562,3631.0,816,25389,3588.0,rb2310,3640.0,3717.0,3636.0,3715.0,1783507.0,2018915.0,3676.0
2023-05-18,3677.970765841279,1967336.0,2946211.0,rb2306,3678,3703,3638,3668.0,15785,28359,3675.0,rb2307,3730,3735,3672,3705.0,23231,110367,3712.0,rb2308,3727,3727,3653,3681.0,20311,79293,3688.0,rb2309,3715,3724,3661,3690.0,50361,33360,3696.0,rb2310,3718,3724,3661,3687.0,1720513,1990809,3695.0,rb2311,3700,3705,3641,3668.0,105595,388299,3679.0,rb2312,3683,3694,3634,3652.0,207,24840,3662.0,rb2401,3650,3661,3598,3623.0,29092,253601,3632.0,rb2402,3651,3669,3589,3606.0,73,25377,3625.0,rb2310,3718.0,3724.0,3661.0,3687.0,1720513.0,1990809.0,3695.0
2023-05-19,3635.50175021277,2299140.0,2882221.0,rb2306,3675,3675,3589,3614.0,19830,28385,3629.0,rb2307,3697,3705,3627,3653.0,23868,108038,3666.0,rb2308,3674,3686,3608,3632.0,26620,78739,3646.0,rb2309,3687,3691,3615,3645.0,55548,32095,3654.0,rb2310,3684,3695,3613,3645.0,2021992,1932553,3655.0,rb2311,3656,3674,3590,3626.0,110549,381360,3635.0,rb2312,3665,3665,3587,3618.0,155,24877,3620.0,rb2401,3620,3631,3550,3585.0,36701,257331,3595.0,rb2402,3581,3623,3541,3575.0,113,25392,3590.0,rb2310,3684.0,3695.0,3613.0,3645.0,2021992.0,1932553.0,3655.0
2023-05-22,3557.889470265847,2612145.0,2933075.0,rb2306,3605,3654,3535,3542.0,24160,26963,3585.0,rb2307,3667,3686,3569,3578.0,23274,101610,3628.0,rb2308,3632,3667,3548,3559.0,22491,78704,3600.0,rb2309,3650,3673,3553,3565.0,60141,32277,3611.0,rb2310,3651,3675,3551,3569.0,2274723,1967803,3609.0,rb2311,3639,3654,3530,3546.0,140455,391923,3593.0,rb2312,3592,3639,3523,3540.0,302,24998,3567.0,rb2401,3563,3607,3485,3500.0,59320,266275,3538.0,rb2402,3575,3595,3480,3486.0,1167,26408,3540.0,rb2310,3651.0,3675.0,3551.0,3569.0,2274723.0,1967803.0,3609.0
2023-05-23,3576.7273342037056,2097193.0,2898376.0,rb2306,3542,3591,3540,3562.0,15511,25859,3564.0,rb2307,3574,3629,3574,3592.0,12003,99002,3597.0,rb2308,3556,3609,3550,3571.0,14350,77904,3579.0,rb2309,3564,3617,3564,3588.0,55835,32491,3589.0,rb2310,3569,3621,3565,3588.0,1840790,1928799,3592.0,rb2311,3554,3600,3539,3563.0,123883,400832,3569.0,rb2312,3548,3587,3537,3561.0,339,25065,3554.0,rb2401,3499,3552,3499,3525.0,29486,265682,3524.0,rb2402,3491,3531,3491,3511.0,79,26407,3511.0,rb2310,3569.0,3621.0,3565.0,3588.0,1840790.0,1928799.0,3592.0
2023-05-24,3455.543824426277,2592797.0,3043280.0,rb2306,3584,3584,3450,3455.0,22570,23800,3516.0,rb2307,3592,3601,3478,3479.0,22135,95086,3538.0,rb2308,3571,3580,3453,3453.0,28324,73543,3520.0,rb2309,3588,3591,3461,3461.0,54728,33912,3519.0,rb2310,3590,3595,3462,3466.0,2270046,2055599,3521.0,rb2311,3569,3571,3418,3433.0,130561,409603,3501.0,rb2312,3558,3558,3434,3436.0,763,25224,3477.0,rb2401,3530,3530,3411,3415.0,53565,278694,3455.0,rb2402,3482,3483,3400,3400.0,209,26457,3434.0,rb2310,3590.0,3595.0,3462.0,3466.0,2270046.0,2055599.0,3521.0
2023-05-25,3423.657789322823,2583630.0,3070100.0,rb2306,3450,3471,3419,3450.0,36130,25086,3448.0,rb2307,3479,3486,3420,3445.0,40336,81940,3460.0,rb2308,3450,3466,3401,3425.0,24342,73062,3431.0,rb2309,3460,3476,3410,3430.0,52251,33642,3440.0,rb2310,3459,3477,3411,3432.0,2220314,2085614,3440.0,rb2311,3419,3455,3386,3410.0,152668,413752,3417.0,rb2312,3428,3449,3388,3405.0,792,25395,3411.0,rb2401,3413,3424,3361,3384.0,50278,281849,3390.0,rb2402,3396,3409,3352,3374.0,249,26496,3377.0,rb2310,3459.0,3477.0,3411.0,3432.0,2220314.0,2085614.0,3440.0
2023-05-26,3484.290054601009,3141482.0,3054156.0,rb2306,3449,3513,3401,3468.0,11169,18938,3452.0,rb2307,3445,3522,3401,3505.0,30686,76826,3461.0,rb2308,3425,3498,3381,3484.0,8505,71416,3435.0,rb2309,3432,3505,3387,3492.0,49939,33363,3440.0,rb2310,3423,3510,3388,3493.0,2829006,2071715,3447.0,rb2311,3402,3495,3369,3480.0,134837,424334,3426.0,rb2312,3404,3486,3371,3473.0,987,25414,3439.0,rb2401,3373,3450,3343,3434.0,66523,281196,3395.0,rb2402,3368,3436,3339,3428.0,175,26495,3389.0,rb2310,3423.0,3510.0,3388.0,3493.0,2829006.0,2071715.0,3447.0
2023-05-29,3502.578721138131,2211210.0,3073952.0,rb2306,3475,3478,3410,3419.0,8275,13705,3459.0,rb2307,3521,3545,3474,3542.0,29334,73186,3508.0,rb2308,3484,3496,3446,3494.0,10577,73976,3472.0,rb2309,3492,3509,3458,3503.0,36901,33601,3483.0,rb2310,3495,3517,3463,3511.0,1986052,2076395,3489.0,rb2311,3484,3503,3447,3497.0,101032,446953,3474.0,rb2312,3468,3491,3444,3491.0,273,25395,3472.0,rb2401,3441,3462,3410,3458.0,34809,279641,3435.0,rb2402,3418,3446,3402,3444.0,99,26508,3426.0,rb2310,3495.0,3517.0,3463.0,3511.0,1986052.0,2076395.0,3489.0
2023-05-30,3451.4092640684253,2092572.0,3095940.0,rb2306,3465,3465,3318,3418.0,5713,9936,3417.0,rb2307,3550,3555,3478,3492.0,27432,68894,3521.0,rb2308,3497,3506,3426,3454.0,6907,71914,3475.0,rb2309,3510,3515,3443,3458.0,32003,32597,3480.0,rb2310,3510,3522,3444,3460.0,1856823,2092489,3483.0,rb2311,3513,3513,3430,3444.0,105340,457855,3472.0,rb2312,3484,3500,3422,3436.0,911,25380,3481.0,rb2401,3468,3468,3390,3403.0,52827,284991,3429.0,rb2402,3444,3444,3379,3395.0,41,26510,3423.0,rb2310,3510.0,3522.0,3444.0,3460.0,1856823.0,2092489.0,3483.0
2023-05-31,3454.493933863696,1911278.0,3093732.0,rb2306,3399,3410,3189,3194.0,6169,5352,3360.0,rb2307,3490,3501,3456,3483.0,29154,69266,3474.0,rb2308,3449,3456,3416,3441.0,13080,65887,3440.0,rb2309,3449,3465,3426,3452.0,40846,34081,3444.0,rb2310,3460,3473,3424,3463.0,1666251,2091644,3448.0,rb2311,3439,3463,3410,3453.0,117405,460677,3434.0,rb2312,3434,3453,3408,3440.0,150,25361,3429.0,rb2401,3393,3423,3373,3409.0,34565,288199,3395.0,rb2402,3395,3410,3368,3407.0,1058,27509,3394.0,rb2310,3460.0,3473.0,3424.0,3463.0,1666251.0,2091644.0,3448.0
2023-06-01,3535.6145870218897,2398208.0,3066918.0,rb2306,3211,3360,3211,3360.0,1812,4800,3312.0,rb2307,3483,3571,3464,3570.0,34014,64068,3519.0,rb2308,3430,3520,3425,3520.0,8879,67460,3487.0,rb2309,3441,3533,3425,3531.0,45593,36776,3492.0,rb2310,3455,3548,3445,3546.0,2124122,2057886,3507.0,rb2311,3445,3535,3435,3533.0,115498,467167,3493.0,rb2312,3440,3522,3433,3522.0,4920,29170,3449.0,rb2401,3400,3485,3395,3480.0,58121,288116,3448.0,rb2402,3407,3468,3387,3467.0,612,26995,3412.0,rb2310,3455.0,3548.0,3445.0,3546.0,2124122.0,2057886.0,3507.0
2023-06-02,3584.1744715466025,2738106.0,2929492.0,rb2306,3360,3420,3320,3405.0,1320,4470,3366.0,rb2307,3585,3646,3529,3622.0,28693,60956,3589.0,rb2308,3520,3590,3487,3567.0,8893,67600,3535.0,rb2309,3531,3604,3493,3576.0,40543,36742,3543.0,rb2310,3539,3631,3508,3596.0,2437115,1932492,3563.0,rb2311,3532,3616,3494,3583.0,116605,455586,3543.0,rb2312,3522,3586,3481,3565.0,1106,29424,3511.0,rb2401,3495,3553,3433,3523.0,98376,291042,3486.0,rb2402,3456,3541,3431,3515.0,139,26964,3490.0,rb2310,3539.0,3631.0,3508.0,3596.0,2437115.0,1932492.0,3563.0
2023-06-05,3622.605663833136,2354626.0,2890975.0,rb2306,3405,3460,3405,3460.0,480,4170,3421.0,rb2307,3625,3716,3623,3658.0,18971,61335,3659.0,rb2308,3568,3661,3568,3599.0,7247,66890,3608.0,rb2309,3595,3659,3579,3608.0,37712,37690,3611.0,rb2310,3602,3689,3598,3638.0,2077583,1908666,3638.0,rb2311,3584,3671,3584,3616.0,122378,445021,3614.0,rb2312,3582,3645,3570,3597.0,702,29353,3597.0,rb2401,3529,3610,3525,3551.0,83125,286119,3558.0,rb2402,3526,3589,3514,3545.0,181,26960,3544.0,rb2310,3602.0,3689.0,3598.0,3638.0,2077583.0,1908666.0,3638.0
2023-06-06,3625.2322603120097,1866802.0,2850487.0,rb2306,3446,3483,3442,3483.0,180,4200,3459.0,rb2307,3674,3701,3643,3655.0,10366,60903,3674.0,rb2308,3588,3642,3587,3595.0,11888,61386,3604.0,rb2309,3605,3646,3594,3598.0,30872,37816,3624.0,rb2310,3638,3686,3624,3641.0,1651168,1880580,3655.0,rb2311,3615,3661,3601,3616.0,97854,445437,3629.0,rb2312,3588,3633,3573,3596.0,679,29243,3611.0,rb2401,3551,3596,3530,3559.0,59643,278956,3566.0,rb2402,3523,3588,3523,3545.0,81,26963,3553.0,rb2310,3638.0,3686.0,3624.0,3641.0,1651168.0,1880580.0,3655.0
2023-06-07,3605.230436851021,2300090.0,2848225.0,rb2306,3483,3483,3391,3391.0,750,3540,3474.0,rb2307,3655,3678,3612,3644.0,14868,58562,3648.0,rb2308,3582,3624,3556,3584.0,9356,61646,3596.0,rb2309,3600,3627,3556,3589.0,33432,37877,3598.0,rb2310,3645,3664,3586,3621.0,2087487,1881811,3631.0,rb2311,3612,3638,3563,3595.0,81316,445609,3609.0,rb2312,3596,3610,3542,3573.0,321,29301,3579.0,rb2401,3566,3575,3501,3538.0,67477,277644,3544.0,rb2402,3559,3562,3490,3514.0,76,26949,3533.0,rb2310,3645.0,3664.0,3586.0,3621.0,2087487.0,1881811.0,3631.0
2023-06-08,3636.118037146059,2049502.0,2829533.0,rb2306,3401,3461,3401,3461.0,330,3240,3406.0,rb2307,3640,3698,3640,3688.0,12943,58917,3677.0,rb2308,3594,3648,3589,3628.0,6621,60112,3624.0,rb2309,3600,3646,3590,3627.0,31055,37686,3623.0,rb2310,3630,3678,3625,3654.0,1856030,1862472,3652.0,rb2311,3601,3660,3601,3630.0,84889,446128,3628.0,rb2312,3588,3629,3580,3598.0,401,29225,3607.0,rb2401,3539,3592,3532,3545.0,51999,279463,3563.0,rb2402,3514,3576,3514,3543.0,161,26831,3523.0,rb2310,3630.0,3678.0,3625.0,3654.0,1856030.0,1862472.0,3652.0
2023-06-09,3694.283063061618,2285636.0,2868163.0,rb2306,3461,3520,3437,3520.0,510,2940,3471.0,rb2307,3699,3742,3690,3738.0,20579,56821,3713.0,rb2308,3630,3690,3630,3686.0,11078,54856,3651.0,rb2309,3635,3682,3632,3676.0,29557,38740,3656.0,rb2310,3659,3722,3656,3711.0,2034193,1909178,3691.0,rb2311,3630,3697,3630,3687.0,80411,439818,3663.0,rb2312,3611,3660,3606,3659.0,522,29249,3631.0,rb2401,3560,3623,3548,3615.0,93778,282518,3590.0,rb2402,3556,3599,3546,3598.0,251,26799,3569.0,rb2310,3659.0,3722.0,3656.0,3711.0,2034193.0,1909178.0,3691.0
2023-06-12,3636.750866763623,2126101.0,2826030.0,rb2306,3541,3548,3541,3548.0,240,2910,3547.0,rb2307,3750,3750,3664,3678.0,14955,55776,3691.0,rb2308,3698,3701,3616,3643.0,5878,53882,3652.0,rb2309,3694,3694,3605,3628.0,27664,37208,3638.0,rb2310,3711,3727,3630,3652.0,1944009,1881702,3672.0,rb2311,3686,3703,3603,3626.0,73386,433248,3647.0,rb2312,3644,3672,3580,3600.0,874,29137,3614.0,rb2401,3620,3638,3546,3567.0,54135,277196,3589.0,rb2402,3590,3605,3530,3543.0,80,26792,3563.0,rb2310,3711.0,3727.0,3630.0,3652.0,1944009.0,1881702.0,3672.0
2023-06-13,3725.461226652473,2275808.0,2908338.0,rb2306,0,0,0,3547.0,0,2910,3547.0,rb2307,3678,3779,3678,3778.0,20177,53884,3726.0,rb2308,3645,3719,3630,3717.0,6970,51278,3668.0,rb2309,3629,3705,3618,3705.0,29250,38640,3667.0,rb2310,3652,3744,3648,3741.0,2062664,1957459,3699.0,rb2311,3602,3864,3602,3722.0,80871,434594,3668.0,rb2312,3602,3687,3600,3680.0,3386,30142,3606.0,rb2401,3561,3648,3560,3648.0,61678,282243,3613.0,rb2402,3529,3626,3529,3621.0,654,26262,3543.0,rb2310,3652.0,3744.0,3648.0,3741.0,2062664.0,1957459.0,3699.0
2023-06-14,3725.044359935064,1950278.0,2848336.0,rb2306,3635,3658,3526,3600.0,300,2640,3611.0,rb2307,3779,3803,3757,3782.0,16921,52361,3775.0,rb2308,3730,3753,3708,3730.0,8308,49652,3726.0,rb2309,3710,3730,3688,3711.0,30884,38079,3705.0,rb2310,3749,3763,3718,3739.0,1754411,1910655,3738.0,rb2311,3726,3739,3696,3717.0,77455,432340,3714.0,rb2312,3680,3707,3660,3698.0,2836,32249,3680.0,rb2401,3650,3672,3633,3657.0,55199,273850,3649.0,rb2402,3638,3651,3616,3636.0,163,26188,3633.0,rb2310,3749.0,3763.0,3718.0,3739.0,1754411.0,1910655.0,3738.0
2023-06-15,3744.9681073815273,2032594.0,2886530.0,rb2306,3568,3568,3568,3568.0,30,2610,3568.0,rb2307,3787,3807,3754,3803.0,14243,52023,3782.0,rb2308,3730,3765,3712,3765.0,8933,47944,3739.0,rb2309,3709,3739,3688,3730.0,30444,37995,3714.0,rb2310,3744,3770,3713,3760.0,1848995,1948226,3743.0,rb2311,3717,3746,3690,3739.0,75820,434508,3718.0,rb2312,3721,3721,3663,3704.0,282,32174,3697.0,rb2401,3657,3685,3626,3666.0,48604,273299,3656.0,rb2402,3636,3662,3608,3642.0,977,26911,3636.0,rb2310,3744.0,3770.0,3713.0,3760.0,1848995.0,1948226.0,3743.0
2023-06-16,3784.120222835274,1829807.0,2901695.0,rb2307,3799,3852,3787,3845.0,22434,48179,3828.0,rb2308,3765,3813,3756,3793.0,5146,48226,3783.0,rb2309,3739,3782,3730,3771.0,24903,36345,3758.0,rb2310,3764,3809,3754,3799.0,1666649,1975804,3780.0,rb2311,3741,3785,3731,3776.0,62576,431876,3758.0,rb2312,3704,3752,3704,3747.0,270,32103,3726.0,rb2401,3673,3717,3664,3707.0,43672,271807,3689.0,rb2402,3660,3693,3651,3682.0,49,26898,3667.0,rb2403,3646,3685,3639,3675.0,115,6109,3660.0,rb2310,3764.0,3809.0,3754.0,3799.0,1666649.0,1975804.0,3780.0
2023-06-19,3739.316386066836,2366812.0,2809814.0,rb2307,3845,3863,3784,3801.0,27424,39379,3820.0,rb2308,3794,3818,3741,3757.0,6606,46907,3778.0,rb2309,3756,3789,3719,3735.0,40088,33776,3748.0,rb2310,3800,3815,3743,3752.0,2146210,1897696,3776.0,rb2311,3775,3790,3719,3730.0,84539,431714,3753.0,rb2312,3727,3766,3697,3711.0,1057,31967,3735.0,rb2401,3707,3733,3665,3677.0,55836,270629,3693.0,rb2402,3667,3705,3649,3667.0,79,26867,3681.0,rb2403,3660,3698,3643,3653.0,140,6097,3672.0,rb2310,3800.0,3815.0,3743.0,3752.0,2146210.0,1897696.0,3776.0
2023-06-20,3727.6763272037774,1817005.0,2778831.0,rb2307,3791,3812,3758,3776.0,15695,38060,3784.0,rb2308,3747,3770,3720,3732.0,5462,45710,3742.0,rb2309,3725,3745,3696,3716.0,34277,34925,3722.0,rb2310,3760,3770,3720,3743.0,1639611,1871501,3745.0,rb2311,3730,3746,3696,3717.0,76727,423687,3721.0,rb2312,3713,3736,3680,3701.0,243,31990,3700.0,rb2401,3681,3687,3639,3659.0,41343,274304,3660.0,rb2402,3635,3644,3635,3644.0,6,26867,3638.0,rb2403,3643,3727,3584,3639.0,231,6037,3651.0,rb2310,3760.0,3770.0,3720.0,3743.0,1639611.0,1871501.0,3745.0
2023-06-21,3671.73530132462,2163500.0,2677146.0,rb2307,3770,3782,3738,3744.0,19652,34369,3759.0,rb2308,3735,3741,3687,3690.0,6160,44132,3709.0,rb2309,3713,3718,3643,3660.0,40563,35391,3690.0,rb2310,3736,3744,3683,3686.0,1937589,1789953,3713.0,rb2311,3716,3719,3660,3661.0,98300,406483,3692.0,rb2312,3682,3697,3644,3646.0,241,31983,3666.0,rb2401,3649,3662,3605,3608.0,55406,276496,3635.0,rb2402,3633,3636,3593,3593.0,70,26863,3612.0,rb2403,3627,3631,3572,3582.0,87,6058,3611.0,rb2310,3736.0,3744.0,3683.0,3686.0,1937589.0,1789953.0,3713.0
2023-06-26,3653.673183775768,1473142.0,2712757.0,rb2307,3723,3752,3696,3747.0,35097,41428,3727.0,rb2308,3642,3690,3640,3687.0,6625,43530,3663.0,rb2309,3614,3654,3610,3647.0,33698,34087,3631.0,rb2310,3643,3672,3633,3667.0,1275952,1799393,3652.0,rb2311,3642,3650,3609,3643.0,71518,429284,3630.0,rb2312,3624,3637,3589,3619.0,817,31869,3621.0,rb2401,3567,3608,3561,3590.0,44361,273105,3582.0,rb2402,3578,3583,3548,3568.0,292,26865,3566.0,rb2403,3550,3572,3541,3561.0,68,6054,3559.0,rb2310,3643.0,3672.0,3633.0,3667.0,1275952.0,1799393.0,3652.0
2023-06-27,3712.587526024786,1819082.0,2767554.0,rb2307,3750,3809,3745,3761.0,24236,27339,3768.0,rb2308,3687,3752,3679,3742.0,13744,36342,3712.0,rb2309,3650,3725,3647,3708.0,29471,33623,3684.0,rb2310,3667,3744,3661,3728.0,1589090,1849307,3703.0,rb2311,3643,3722,3639,3706.0,86256,449147,3682.0,rb2312,3619,3702,3619,3681.0,1379,31039,3630.0,rb2401,3591,3663,3587,3640.0,68331,279442,3627.0,rb2402,3580,3641,3578,3621.0,45,26857,3613.0,rb2403,3575,3634,3565,3612.0,589,6564,3617.0,rb2310,3667.0,3744.0,3661.0,3728.0,1589090.0,1849307.0,3703.0
2023-06-28,3714.7837818881567,1619096.0,2780225.0,rb2307,3764,3782,3727,3757.0,9354,23013,3757.0,rb2308,3742,3747,3694,3727.0,10089,35405,3721.0,rb2309,3702,3717,3673,3711.0,35500,33607,3697.0,rb2310,3720,3741,3691,3731.0,1415176,1839521,3717.0,rb2311,3702,3718,3669,3706.0,99048,471949,3696.0,rb2312,3682,3693,3649,3683.0,337,31049,3677.0,rb2401,3636,3655,3615,3646.0,42262,279903,3635.0,rb2402,3621,3632,3602,3628.0,2000,28834,3620.0,rb2403,3612,3625,3595,3625.0,1043,7549,3611.0,rb2310,3720.0,3741.0,3691.0,3731.0,1415176.0,1839521.0,3717.0
2023-06-29,3707.15888376721,1935705.0,2729574.0,rb2307,3754,3777,3721,3740.0,14922,13199,3752.0,rb2308,3727,3754,3706,3720.0,6766,34967,3729.0,rb2309,3708,3727,3682,3698.0,28269,33536,3701.0,rb2310,3722,3751,3700,3723.0,1741069,1800906,3722.0,rb2311,3703,3728,3679,3701.0,102380,467657,3701.0,rb2312,3671,3705,3662,3677.0,181,31042,3680.0,rb2401,3674,3674,3621,3642.0,35584,281266,3642.0,rb2402,3628,3641,3611,3620.0,843,29641,3627.0,rb2403,3599,3634,3599,3618.0,84,7554,3614.0,rb2310,3722.0,3751.0,3700.0,3723.0,1741069.0,1800906.0,3722.0
2023-06-30,3705.568100182141,1920244.0,2734699.0,rb2307,3735,3783,3706,3709.0,11510,6154,3746.0,rb2308,3720,3761,3701,3705.0,11296,36765,3738.0,rb2309,3705,3744,3683,3698.0,39938,33137,3719.0,rb2310,3725,3777,3711,3721.0,1704726,1802556,3746.0,rb2311,3709,3754,3688,3698.0,98185,481265,3724.0,rb2312,3658,3728,3658,3679.0,2058,32590,3708.0,rb2401,3640,3689,3633,3645.0,46510,274614,3666.0,rb2402,3633,3666,3613,3632.0,506,30029,3621.0,rb2403,3618,3650,3610,3620.0,676,8152,3615.0,rb2310,3725.0,3777.0,3711.0,3721.0,1704726.0,1802556.0,3746.0
2023-07-03,3748.964192329072,2395054.0,2772311.0,rb2307,3696,3759,3684,3745.0,1774,5730,3728.0,rb2308,3706,3754,3690,3739.0,11858,36416,3723.0,rb2309,3696,3744,3676,3730.0,42792,34011,3706.0,rb2310,3718,3780,3704,3767.0,2153411,1844614,3739.0,rb2311,3702,3755,3678,3741.0,101288,485325,3712.0,rb2312,3670,3729,3661,3712.0,911,32592,3686.0,rb2401,3650,3687,3621,3677.0,76636,265399,3653.0,rb2402,3632,3656,3609,3647.0,426,30321,3631.0,rb2403,3620,3645,3598,3638.0,798,8465,3624.0,rb2310,3718.0,3780.0,3704.0,3767.0,2153411.0,1844614.0,3739.0
2023-07-04,3751.136276406002,1639780.0,2789896.0,rb2307,3745,3777,3740,3749.0,1020,5370,3759.0,rb2308,3739,3770,3723,3738.0,6878,37042,3746.0,rb2309,3735,3753,3711,3729.0,34484,36065,3734.0,rb2310,3766,3793,3751,3768.0,1458155,1846276,3771.0,rb2311,3741,3770,3729,3746.0,74228,487728,3748.0,rb2312,3727,3744,3700,3724.0,435,32624,3723.0,rb2401,3680,3709,3660,3683.0,59090,275238,3687.0,rb2402,3666,3679,3638,3655.0,118,30322,3661.0,rb2403,3659,3666,3632,3650.0,489,8861,3661.0,rb2310,3766.0,3793.0,3751.0,3768.0,1458155.0,1846276.0,3771.0
2023-07-05,3734.009990913791,1684696.0,2808652.0,rb2307,3749,3767,3728,3750.0,510,5010,3747.0,rb2308,3738,3754,3714,3728.0,10420,36151,3733.0,rb2309,3731,3739,3698,3714.0,40313,35918,3716.0,rb2310,3768,3780,3730,3751.0,1476438,1836969,3754.0,rb2311,3746,3757,3706,3726.0,114671,513310,3733.0,rb2312,3730,3730,3690,3702.0,311,32631,3710.0,rb2401,3686,3694,3651,3670.0,37292,277353,3672.0,rb2402,3665,3665,3634,3647.0,50,30332,3648.0,rb2403,3654,3658,3628,3644.0,48,8854,3640.0,rb2310,3768.0,3780.0,3730.0,3751.0,1476438.0,1836969.0,3754.0
2023-07-06,3741.259492977037,1564321.0,2809498.0,rb2307,3768,3768,3737,3754.0,480,4830,3755.0,rb2308,3728,3751,3715,3740.0,8431,35597,3733.0,rb2309,3710,3741,3699,3721.0,30235,35160,3718.0,rb2310,3742,3777,3733,3758.0,1407277,1825369,3754.0,rb2311,3726,3754,3709,3735.0,83411,526511,3729.0,rb2312,3702,3729,3691,3711.0,229,32668,3710.0,rb2401,3667,3690,3655,3678.0,30776,277740,3673.0,rb2402,3656,3671,3633,3652.0,115,30356,3652.0,rb2403,3638,3651,3628,3632.0,24,8859,3641.0,rb2310,3742.0,3777.0,3733.0,3758.0,1407277.0,1825369.0,3754.0
2023-07-07,3655.790716640359,2386745.0,2852114.0,rb2307,3750,3760,3683,3683.0,960,4680,3735.0,rb2308,3740,3752,3655,3657.0,11160,36032,3711.0,rb2309,3720,3734,3640,3643.0,42296,34631,3706.0,rb2310,3758,3770,3670,3671.0,2169063,1860783,3729.0,rb2311,3734,3747,3647,3648.0,100307,525781,3715.0,rb2312,3712,3729,3637,3637.0,785,32889,3668.0,rb2401,3679,3688,3597,3597.0,54538,283818,3646.0,rb2402,3652,3669,3581,3583.0,1132,31389,3649.0,rb2403,3644,3650,3579,3582.0,224,8857,3627.0,rb2310,3758.0,3770.0,3670.0,3671.0,2169063.0,1860783.0,3729.0
2023-07-10,3639.091252425904,1833748.0,2835026.0,rb2307,3683,3700,3683,3700.0,360,4380,3685.0,rb2308,3650,3692,3638,3638.0,11561,36449,3661.0,rb2309,3643,3674,3616,3621.0,43109,36870,3645.0,rb2310,3668,3709,3650,3654.0,1632546,1823284,3679.0,rb2311,3644,3683,3628,3631.0,82376,535527,3655.0,rb2312,3635,3670,3616,3618.0,332,32932,3638.0,rb2401,3590,3629,3582,3588.0,56638,289899,3603.0,rb2402,3579,3602,3562,3562.0,124,31404,3585.0,rb2403,3556,3601,3555,3557.0,217,8951,3576.0,rb2310,3668.0,3709.0,3650.0,3654.0,1632546.0,1823284.0,3679.0
2023-07-11,3663.9170585559855,1616481.0,2823076.0,rb2307,3689,3689,3670,3670.0,270,4380,3675.0,rb2308,3641,3693,3640,3673.0,11671,33635,3664.0,rb2309,3630,3666,3623,3646.0,36390,36755,3644.0,rb2310,3661,3698,3659,3679.0,1435227,1800885,3677.0,rb2311,3628,3677,3628,3657.0,81654,548841,3652.0,rb2312,3631,3661,3626,3646.0,177,32934,3642.0,rb2401,3586,3630,3586,3611.0,46570,289053,3609.0,rb2402,3581,3605,3577,3591.0,136,31396,3589.0,rb2403,3566,3594,3566,3581.0,129,8884,3585.0,rb2310,3661.0,3698.0,3659.0,3679.0,1435227.0,1800885.0,3677.0
2023-07-12,3700.5114061098575,1573744.0,2819673.0,rb2307,3709,3709,3690,3707.0,150,4320,3700.0,rb2308,3675,3709,3666,3705.0,8054,32643,3683.0,rb2309,3652,3678,3639,3677.0,35879,37679,3658.0,rb2310,3685,3717,3672,3716.0,1405017,1794663,3693.0,rb2311,3650,3696,3258,3696.0,87705,554429,3668.0,rb2312,3667,3678,3642,3678.0,320,33038,3661.0,rb2401,3620,3645,3606,3644.0,32097,286541,3625.0,rb2402,3591,3622,3591,3619.0,530,30926,3592.0,rb2403,3601,3601,3580,3595.0,54,8888,3593.0,rb2310,3685.0,3717.0,3672.0,3716.0,1405017.0,1794663.0,3693.0
2023-07-13,3711.362992515184,1587519.0,2777757.0,rb2307,3720,3720,3700,3700.0,210,4320,3707.0,rb2308,3720,3725,3689,3712.0,6923,32675,3707.0,rb2309,3690,3694,3657,3683.0,38497,38423,3676.0,rb2310,3723,3732,3693,3727.0,1414138,1753008,3715.0,rb2311,3711,3713,3673,3706.0,74975,555370,3694.0,rb2312,3691,3701,3665,3692.0,155,33091,3685.0,rb2401,3645,3659,3626,3659.0,47275,284418,3646.0,rb2402,3630,3637,3606,3629.0,88,30944,3624.0,rb2403,3620,3636,3603,3624.0,557,9396,3616.0,rb2310,3723.0,3732.0,3693.0,3727.0,1414138.0,1753008.0,3715.0
2023-07-14,3758.240774376404,1584082.0,2805664.0,rb2307,3740,3750,3740,3750.0,60,4290,3745.0,rb2308,3713,3764,3713,3760.0,10516,31079,3738.0,rb2309,3691,3739,3684,3726.0,38334,36630,3708.0,rb2310,3727,3776,3726,3774.0,1400123,1790969,3748.0,rb2311,3703,3757,3703,3755.0,80456,549028,3725.0,rb2312,3698,3741,3695,3736.0,212,33078,3719.0,rb2401,3653,3704,3653,3702.0,45804,282971,3680.0,rb2402,3629,3676,3629,3660.0,1457,32199,3633.0,rb2403,3628,3666,3628,3664.0,111,9384,3647.0,rb2310,3727.0,3776.0,3726.0,3774.0,1400123.0,1790969.0,3748.0
2023-07-17,3673.1977750524497,2167461.0,2753593.0,rb2307,3746,3746,3666,3666.0,90,4290,3719.0,rb2308,3759,3770,3666,3670.0,11972,29124,3711.0,rb2309,3747,3747,3644,3647.0,40696,36223,3688.0,rb2310,3778,3782,3681,3687.0,1937196,1722852,3726.0,rb2311,3757,3762,3662,3667.0,92026,547394,3710.0,rb2312,3737,3743,3654,3664.0,651,33150,3695.0,rb2401,3707,3708,3628,3632.0,71592,296690,3661.0,rb2402,3660,3676,3605,3606.0,2282,34342,3658.0,rb2403,3659,3663,3602,3602.0,2173,11477,3652.0,rb2310,3778.0,3782.0,3681.0,3687.0,1937196.0,1722852.0,3726.0
2023-07-18,3735.739366122292,1485714.0,2761763.0,rb2308,3683,3740,3671,3739.0,9929,27428,3705.0,rb2309,3651,3707,3651,3705.0,35675,36688,3678.0,rb2310,3691,3750,3690,3749.0,1322481,1733830,3722.0,rb2311,3671,3736,3670,3734.0,70359,550911,3703.0,rb2312,3673,3725,3670,3718.0,206,33127,3703.0,rb2401,3633,3693,3633,3692.0,42375,296586,3662.0,rb2402,3620,3666,3610,3666.0,126,34347,3627.0,rb2403,3602,3652,3602,3652.0,394,11822,3605.0,rb2404,3610,3635,3597,3633.0,18,2349,3613.0,rb2310,3691.0,3750.0,3690.0,3749.0,1322481.0,1733830.0,3722.0
2023-07-19,3727.850407327967,1556684.0,2768899.0,rb2308,3740,3744,3692,3733.0,7839,27452,3720.0,rb2309,3705,3714,3661,3695.0,42309,37766,3688.0,rb2310,3748,3756,3705,3741.0,1368317,1716805,3733.0,rb2311,3733,3743,3692,3727.0,84488,565485,3722.0,rb2312,3709,3731,3681,3712.0,228,33123,3712.0,rb2401,3693,3698,3650,3685.0,46164,302590,3675.0,rb2402,3652,3669,3630,3655.0,2119,36348,3653.0,rb2403,3648,3662,3625,3650.0,49,11820,3648.0,rb2404,3636,3645,3616,3634.0,23,2351,3629.0,rb2310,3748.0,3756.0,3705.0,3741.0,1368317.0,1716805.0,3733.0
2023-07-20,3774.0982324786014,2151222.0,2961322.0,rb2308,3734,3766,3727,3752.0,10320,27406,3746.0,rb2309,3707,3735,3701,3729.0,43176,37252,3718.0,rb2310,3747,3790,3747,3784.0,1876106,1862645,3770.0,rb2311,3730,3783,3730,3778.0,101250,579965,3755.0,rb2312,3726,3774,3721,3759.0,861,33176,3753.0,rb2401,3685,3750,3685,3741.0,106471,329523,3725.0,rb2402,3655,3728,3655,3717.0,1295,37422,3665.0,rb2403,3679,3712,3678,3704.0,111,11803,3695.0,rb2404,3650,3692,3650,3689.0,337,2578,3671.0,rb2310,3747.0,3790.0,3747.0,3784.0,1876106.0,1862645.0,3770.0
2023-07-21,3809.8837957794135,2704024.0,3056068.0,rb2308,3756,3781,3718,3775.0,13588,24752,3747.0,rb2309,3739,3750,3690,3744.0,54205,37720,3714.0,rb2310,3793,3825,3750,3823.0,2408389,1947284,3779.0,rb2311,3786,3813,3744,3813.0,107312,580451,3768.0,rb2312,3772,3801,3740,3795.0,1192,33200,3768.0,rb2401,3758,3768,3710,3767.0,105773,334421,3735.0,rb2402,3717,3739,3692,3739.0,778,37891,3710.0,rb2403,3704,3728,3677,3725.0,2070,13697,3703.0,rb2404,3682,3704,3671,3703.0,78,2599,3688.0,rb2310,3793.0,3825.0,3750.0,3823.0,2408389.0,1947284.0,3779.0
2023-07-24,3783.276416899298,2417611.0,3064932.0,rb2308,3773,3788,3731,3731.0,13548,21312,3765.0,rb2309,3780,3780,3716,3723.0,53017,36410,3736.0,rb2310,3820,3830,3787,3793.0,2125369,1937737,3811.0,rb2311,3812,3823,3775,3787.0,98269,583194,3800.0,rb2312,3795,3808,3771,3783.0,1304,33303,3789.0,rb2401,3770,3780,3748,3754.0,112820,352236,3762.0,rb2402,3740,3751,3726,3736.0,176,37845,3740.0,rb2403,3725,3736,3715,3722.0,1152,14690,3725.0,rb2404,3704,3728,3697,3697.0,74,2599,3705.0,rb2310,3820.0,3830.0,3787.0,3793.0,2125369.0,1937737.0,3811.0
2023-07-25,3848.498758381428,2637720.0,3234085.0,rb2308,3731,3774,3731,3746.0,25194,20889,3753.0,rb2309,3726,3782,3711,3752.0,68681,31479,3750.0,rb2310,3807,3870,3790,3857.0,2164065,2033479,3838.0,rb2311,3793,3871,3784,3853.0,101015,594027,3839.0,rb2312,3783,3875,3781,3850.0,3635,34684,3814.0,rb2401,3783,3859,3760,3833.0,255459,413193,3815.0,rb2402,3736,3826,3736,3800.0,1735,38928,3760.0,rb2403,3722,3809,3722,3781.0,1435,15696,3738.0,rb2404,3712,3784,3687,3764.0,321,2600,3751.0,rb2310,3807.0,3870.0,3790.0,3857.0,2164065.0,2033479.0,3838.0
2023-07-26,3845.034011707663,2260285.0,3251204.0,rb2308,3748,3755,3722,3745.0,6123,17777,3742.0,rb2309,3753,3779,3742,3765.0,45680,29484,3760.0,rb2310,3855,3877,3835,3851.0,1868445,2018640,3854.0,rb2311,3852,3876,3836,3855.0,89665,603921,3855.0,rb2312,3850,3868,3828,3847.0,3087,33011,3850.0,rb2401,3833,3855,3806,3832.0,223598,436230,3832.0,rb2402,3800,3840,3777,3799.0,2853,38447,3801.0,rb2403,3781,3804,3767,3791.0,1499,16562,3782.0,rb2404,3764,3780,3745,3756.0,1341,3792,3762.0,rb2310,3855.0,3877.0,3835.0,3851.0,1868445.0,2018640.0,3854.0
2023-07-27,3859.7452992076655,2788914.0,3261631.0,rb2308,3745,3793,3706,3781.0,7666,11808,3771.0,rb2309,3765,3801,3753,3779.0,47697,28495,3775.0,rb2310,3850,3883,3839,3861.0,2200065,1963212,3863.0,rb2311,3852,3899,3843,3877.0,154723,633709,3869.0,rb2312,3847,3895,3840,3868.0,1976,32113,3861.0,rb2401,3830,3881,3803,3855.0,335358,467156,3858.0,rb2402,3799,3850,3790,3818.0,3662,37364,3805.0,rb2403,3791,3836,3773,3802.0,1389,17543,3795.0,rb2404,3756,3810,3755,3795.0,1080,4799,3757.0,rb2310,3850.0,3883.0,3839.0,3861.0,2200065.0,1963212.0,3863.0
2023-07-28,3855.331340613431,2708597.0,3261037.0,rb2308,3768,3782,3731,3776.0,2717,9871,3761.0,rb2309,3769,3783,3745,3778.0,46021,27363,3763.0,rb2310,3854,3863,3823,3851.0,2154425,1875583,3841.0,rb2311,3867,3885,3838,3879.0,148560,673832,3861.0,rb2312,3861,3882,3838,3875.0,4154,32520,3862.0,rb2401,3850,3872,3820,3861.0,312783,506700,3844.0,rb2402,3818,3839,3797,3834.0,6859,38438,3816.0,rb2403,3802,3831,3780,3814.0,2622,19611,3807.0,rb2404,3795,3806,3755,3787.0,1680,6290,3794.0,rb2310,3854.0,3863.0,3823.0,3851.0,2154425.0,1875583.0,3841.0
2023-07-31,3853.4671224199615,2309742.0,3264778.0,rb2308,3776,3790,3703,3741.0,7406,2850,3772.0,rb2309,3785,3796,3756,3769.0,31178,26366,3773.0,rb2310,3851,3875,3831,3847.0,1874903,1840552,3849.0,rb2311,3877,3898,3866,3880.0,119713,680765,3879.0,rb2312,3875,3898,3869,3890.0,2858,31906,3882.0,rb2401,3841,3877,3841,3863.0,243713,541440,3862.0,rb2402,3834,3846,3812,3829.0,1979,37547,3832.0,rb2403,3812,3826,3790,3806.0,767,19677,3809.0,rb2404,3780,3796,3748,3784.0,2248,6599,3777.0,rb2310,3851.0,3875.0,3831.0,3847.0,1874903.0,1840552.0,3849.0
2023-08-01,3870.631928518932,2030506.0,3370291.0,rb2308,3775,3794,3767,3784.0,480,2760,3783.0,rb2309,3774,3790,3752,3781.0,32155,25316,3775.0,rb2310,3847,3876,3834,3862.0,1592842,1837995,3858.0,rb2311,3880,3909,3867,3904.0,145784,727109,3889.0,rb2312,3870,3916,3870,3910.0,3691,33080,3904.0,rb2401,3879,3890,3851,3881.0,230324,590762,3875.0,rb2402,3829,3848,3824,3829.0,1259,38589,3830.0,rb2403,3806,3825,3793,3815.0,1105,20670,3806.0,rb2404,3796,3802,3773,3791.0,87,6573,3789.0,rb2310,3847.0,3876.0,3834.0,3862.0,1592842.0,1837995.0,3858.0
2023-08-02,3807.961316121891,2812314.0,3487215.0,rb2308,3784,3784,3740,3740.0,750,2460,3775.0,rb2309,3777,3785,3725,3726.0,36767,23951,3756.0,rb2310,3853,3871,3800,3801.0,2246681,1904043,3835.0,rb2311,3898,3920,3844,3844.0,169864,769589,3886.0,rb2312,3894,3918,3844,3851.0,2442,32952,3879.0,rb2401,3875,3879,3806,3807.0,324948,586282,3844.0,rb2402,3829,3831,3760,3760.0,1583,39650,3819.0,rb2403,3815,3816,3753,3763.0,1738,21853,3799.0,rb2404,3791,3796,3735,3741.0,1814,8072,3775.0,rb2310,3853.0,3871.0,3800.0,3801.0,2246681.0,1904043.0,3835.0
2023-08-03,3737.1761144859,3391845.0,3496186.0,rb2308,3724,3724,3682,3685.0,210,2460,3697.0,rb2309,3733,3733,3652,3660.0,53031,21688,3687.0,rb2310,3798,3801,3724,3728.0,2556807,1808417,3760.0,rb2311,3830,3838,3772,3774.0,222527,813161,3808.0,rb2312,3847,3847,3770,3775.0,4557,31521,3812.0,rb2401,3801,3805,3736,3737.0,503145,627244,3767.0,rb2402,3760,3772,3706,3707.0,2779,41390,3745.0,rb2403,3763,3763,3697,3702.0,4641,25728,3752.0,rb2404,3741,3741,3678,3680.0,3195,11048,3699.0,rb2310,3798.0,3801.0,3724.0,3728.0,2556807.0,1808417.0,3760.0
2023-08-04,3745.850018893703,1983519.0,3524984.0,rb2308,3686,3686,3686,3686.0,90,2430,3686.0,rb2309,3666,3699,3655,3659.0,39548,22562,3674.0,rb2310,3740,3774,3732,3736.0,1458807,1779600,3752.0,rb2311,3800,3833,3781,3783.0,179888,849822,3803.0,rb2312,3795,3822,3777,3779.0,1276,31475,3798.0,rb2401,3755,3790,3741,3749.0,279722,634389,3764.0,rb2402,3707,3758,3707,3716.0,1412,42357,3715.0,rb2403,3702,3745,3695,3695.0,1293,26832,3705.0,rb2404,3680,3716,3676,3676.0,3287,14213,3680.0,rb2310,3740.0,3774.0,3732.0,3736.0,1458807.0,1779600.0,3752.0
2023-08-07,3740.609113813787,2070665.0,3627680.0,rb2308,3653,3653,3605,3642.0,480,2190,3641.0,rb2309,3660,3666,3632,3650.0,38102,21501,3646.0,rb2310,3732,3739,3706,3732.0,1524669,1793253,3721.0,rb2311,3782,3788,3714,3775.0,183912,893342,3769.0,rb2312,3779,3788,3751,3769.0,11695,41546,3776.0,rb2401,3757,3757,3717,3743.0,280532,651924,3732.0,rb2402,3716,3716,3680,3713.0,9141,51333,3712.0,rb2403,3695,3701,3675,3697.0,4037,30219,3693.0,rb2404,3676,3687,3656,3673.0,2571,16707,3667.0,rb2310,3732.0,3739.0,3706.0,3732.0,1524669.0,1793253.0,3721.0
2023-08-08,3700.871389413144,1823883.0,3715324.0,rb2308,3642,3647,3623,3623.0,420,2070,3634.0,rb2309,3651,3670,3611,3616.0,36257,21634,3642.0,rb2310,3735,3748,3686,3692.0,1365258,1813182,3717.0,rb2311,3781,3791,3727,3731.0,139763,920912,3767.0,rb2312,3778,3791,3734,3739.0,1337,41658,3766.0,rb2401,3755,3759,3700,3704.0,257836,681838,3731.0,rb2402,3713,3724,3671,3681.0,3878,55121,3712.0,rb2403,3700,3709,3661,3666.0,895,30981,3697.0,rb2404,3673,3691,3648,3650.0,1446,17832,3675.0,rb2310,3735.0,3748.0,3686.0,3692.0,1365258.0,1813182.0,3717.0
2023-08-09,3709.1606870284095,1559641.0,3740806.0,rb2308,3618,3618,3618,3618.0,30,2070,3618.0,rb2309,3609,3632,3593,3623.0,29338,21447,3616.0,rb2310,3682,3708,3663,3700.0,1163636,1788140,3690.0,rb2311,3720,3750,3705,3738.0,118520,932609,3731.0,rb2312,3713,3751,3705,3746.0,1096,41587,3735.0,rb2401,3684,3722,3675,3714.0,230554,715428,3703.0,rb2402,3661,3691,3659,3684.0,665,55629,3678.0,rb2403,3646,3676,3646,3674.0,217,31004,3663.0,rb2404,3650,3663,3634,3658.0,1129,18824,3649.0,rb2310,3682.0,3708.0,3663.0,3700.0,1163636.0,1788140.0,3690.0
2023-08-10,3687.263805145729,2082362.0,3857529.0,rb2308,0,0,0,3618.0,0,2070,3618.0,rb2309,3625,3640,3586,3589.0,32707,20149,3612.0,rb2310,3700,3716,3664,3671.0,1536943,1864067,3688.0,rb2311,3738,3755,3709,3720.0,148228,950970,3732.0,rb2312,3746,3761,3718,3723.0,11627,51651,3744.0,rb2401,3704,3731,3690,3701.0,318652,724844,3707.0,rb2402,3684,3700,3661,3677.0,2963,58161,3683.0,rb2403,3671,3687,3648,3661.0,364,31003,3665.0,rb2404,3658,3671,3634,3648.0,829,18211,3657.0,rb2310,3700.0,3716.0,3664.0,3671.0,1536943.0,1864067.0,3688.0
2023-08-11,3704.6054829543295,2287315.0,3815133.0,rb2308,3600,3600,3600,3600.0,30,2070,3600.0,rb2309,3588,3610,3567,3600.0,37221,18405,3588.0,rb2310,3670,3695,3652,3691.0,1646084,1813650,3672.0,rb2311,3722,3741,3684,3723.0,176838,949545,3713.0,rb2312,3723,3746,3701,3736.0,3708,52960,3719.0,rb2401,3701,3728,3681,3727.0,391727,729189,3706.0,rb2402,3677,3697,3661,3697.0,1615,59388,3679.0,rb2403,3666,3685,3655,3685.0,1386,32007,3665.0,rb2404,3648,3672,3644,3669.0,1122,19149,3649.0,rb2310,3670.0,3695.0,3652.0,3691.0,1646084.0,1813650.0,3672.0
2023-08-14,3658.3063906321554,1988599.0,3908690.0,rb2308,0,0,0,3599.0,0,2070,3599.0,rb2309,3599,3610,3547,3560.0,42121,16996,3576.0,rb2310,3685,3691,3630,3641.0,1428056,1860600,3657.0,rb2311,3680,3722,3667,3678.0,151696,960642,3695.0,rb2312,3716,3746,3686,3694.0,1782,53099,3707.0,rb2401,3717,3725,3667,3684.0,337442,755687,3696.0,rb2402,3697,3698,3645,3659.0,1284,60350,3691.0,rb2403,3685,3685,3637,3648.0,1364,33021,3675.0,rb2404,3669,3674,3621,3637.0,1244,20116,3663.0,rb2310,3685.0,3691.0,3630.0,3641.0,1428056.0,1860600.0,3657.0
2023-08-15,3706.306687033839,2148368.0,3846713.0,rb2308,0,0,0,3599.0,0,2070,3599.0,rb2309,3560,3615,3556,3611.0,38305,17230,3580.0,rb2310,3650,3698,3640,3694.0,1555592,1757174,3665.0,rb2311,3681,3744,3680,3733.0,158363,967306,3704.0,rb2312,3694,3752,3694,3745.0,3856,54164,3718.0,rb2401,3700,3721,3670,3719.0,360494,785560,3696.0,rb2402,3659,3690,3644,3684.0,1653,61501,3661.0,rb2403,3648,3673,3636,3673.0,1253,34019,3649.0,rb2404,3637,3659,3623,3652.0,1085,21129,3637.0,rb2310,3650.0,3698.0,3640.0,3694.0,1555592.0,1757174.0,3665.0
2023-08-16,3722.953964406519,1676906.0,3809574.0,rb2309,3611,3635,3604,3628.0,23542,16061,3618.0,rb2310,3691,3718,3686,3713.0,1184152,1672597,3701.0,rb2311,3727,3756,3727,3754.0,122986,973425,3742.0,rb2312,3741,3764,3737,3764.0,2249,53958,3749.0,rb2401,3722,3736,3707,3727.0,324013,828881,3722.0,rb2402,3680,3702,3680,3691.0,117,61507,3693.0,rb2403,3679,3692,3673,3679.0,129,34014,3681.0,rb2404,3662,3674,3657,3664.0,47,21127,3665.0,rb2405,3629,3655,3629,3638.0,18934,124038,3642.0,rb2310,3691.0,3718.0,3686.0,3713.0,1184152.0,1672597.0,3701.0
2023-08-17,3737.3459372088464,1983241.0,3724410.0,rb2309,3635,3643,3592,3640.0,35309,13709,3618,rb2310,3713,3730,3680,3726.0,1377243,1604495,3704,rb2311,3750,3768,3717,3766.0,136457,958459,3739,rb2312,3763,3777,3724,3773.0,3697,55530,3754,rb2401,3720,3748,3688,3745.0,407276,825097,3718,rb2402,3694,3713,3658,3707.0,199,61500,3684,rb2403,3677,3703,3650,3698.0,219,34017,3676,rb2404,3661,3687,3642,3687.0,87,21113,3666,rb2405,3650,3662,3617,3660.0,22296,126530,3638,rb2310,3713,3730,3680,3726.0,1377243,1604495,3704
2023-08-18,3710.618082431772,1688010.0,3682779.0,rb2309,3640,3649,3609,3612.0,27603,13191,3632,rb2310,3726,3739,3693,3700.0,1135837,1549204,3718,rb2311,3765,3777,3726,3735.0,130970,954783,3755,rb2312,3773,3782,3740,3748.0,1707,54856,3771,rb2401,3740,3757,3708,3718.0,367439,839420,3736,rb2402,3720,3722,3678,3685.0,103,61501,3706,rb2403,3701,3708,3670,3680.0,156,34023,3692,rb2404,3692,3695,3662,3670.0,108,21155,3678,rb2405,3680,3680,3633,3644.0,23769,130698,3659,rb2310,3726,3739,3693,3700.0,1135837,1549204,3718
2023-08-21,3676.294652201375,2718192.0,3682562.0,rb2309,3619,3619,3551,3571.0,38413,12712,3579,rb2310,3700,3702,3635,3666.0,1815011,1561469,3665,rb2311,3731,3734,3647,3685.0,217745,930312,3688,rb2312,3732,3746,3678,3718.0,5132,55567,3712,rb2401,3700,3720,3652,3696.0,601146,844619,3691,rb2402,3681,3686,3626,3667.0,311,61516,3663,rb2403,3668,3675,3629,3657.0,330,34061,3658,rb2404,3670,3670,3618,3659.0,1184,22191,3666,rb2405,3644,3644,3592,3627.0,38429,135978,3622,rb2310,3700,3702,3635,3666.0,1815011,1561469,3665
2023-08-22,3723.597059861591,2439944.0,3541670.0,rb2309,3580,3639,3554,3634.0,46458,13102,3593,rb2310,3671,3737,3645,3723.0,1720172,1451795,3686,rb2311,3693,3747,3664,3730.0,154265,908365,3697,rb2312,3715,3761,3690,3747.0,4431,55169,3712,rb2401,3690,3748,3673,3733.0,477016,834249,3709,rb2402,3667,3717,3650,3698.0,2306,63568,3667,rb2403,3661,3709,3642,3693.0,314,34034,3672,rb2404,3651,3710,3638,3680.0,176,22156,3670,rb2405,3633,3679,3611,3667.0,33432,134170,3645,rb2310,3671,3737,3645,3723.0,1720172,1451795,3686
2023-08-23,3732.8206817621813,2149452.0,3461823.0,rb2309,3634,3662,3621,3623.0,34514,12119,3642,rb2310,3723,3755,3716,3723.0,1446653,1337094,3734,rb2311,3729,3778,3727,3745.0,156976,907198,3750,rb2312,3746,3788,3739,3756.0,2159,55090,3761,rb2401,3733,3778,3731,3747.0,468860,869524,3756,rb2402,3712,3744,3704,3718.0,232,63555,3724,rb2403,3706,3735,3691,3715.0,544,33940,3716,rb2404,3689,3734,3681,3704.0,108,22147,3707,rb2405,3670,3707,3664,3684.0,36785,136191,3688,rb2310,3723,3755,3716,3723.0,1446653,1337094,3734
2023-08-24,3700.6039814869055,2242991.0,3465439.0,rb2309,3612,3678,3585,3590.0,34977,11540,3644,rb2310,3723,3768,3687,3688.0,1436149,1279159,3735,rb2311,3744,3795,3713,3713.0,174487,927777,3763,rb2312,3757,3797,3725,3725.0,4038,54703,3763,rb2401,3745,3789,3711,3714.0,551288,906158,3759,rb2402,3711,3756,3687,3687.0,253,63540,3732,rb2403,3716,3752,3690,3693.0,578,34042,3719,rb2404,3703,3742,3686,3686.0,396,22156,3726,rb2405,3695,3723,3661,3665.0,40246,141488,3699,rb2310,3723,3768,3687,3688.0,1436149,1279159,3735
2023-08-25,3732.623936421317,1910619.0,3463425.0,rb2309,3588,3615,3583,3598.0,22772,12400,3598,rb2310,3700,3735,3689,3716.0,1254638,1212885,3714,rb2311,3722,3772,3716,3754.0,167783,953716,3748,rb2312,3732,3771,3725,3760.0,2380,54601,3749,rb2401,3719,3758,3715,3744.0,432700,937237,3738,rb2402,3681,3730,3681,3714.0,196,63545,3711,rb2403,3693,3725,3687,3715.0,247,34076,3706,rb2404,3691,3719,3685,3709.0,60,22162,3700,rb2405,3660,3698,3660,3686.0,28650,147704,3677,rb2310,3700,3735,3689,3716.0,1254638,1212885,3714
2023-08-28,3686.606270549258,3303337.0,3575859.0,rb2309,3598,3605,3535,3557.0,5874,9889,3583,rb2310,3717,3743,3642,3667.0,2237950,1239375,3693,rb2311,3767,3777,3683,3706.0,232438,972443,3731,rb2312,3760,3781,3691,3716.0,4030,54147,3740,rb2401,3740,3769,3681,3701.0,754091,987625,3726,rb2402,3716,3738,3660,3674.0,274,63531,3693,rb2403,3712,3734,3662,3676.0,16292,49732,3696,rb2404,3703,3727,3654,3666.0,2148,24186,3692,rb2405,3692,3707,3631,3646.0,49260,149346,3671,rb2310,3717,3743,3642,3667.0,2237950,1239375,3693
2023-08-29,3690.5812441422236,2039661.0,3535898.0,rb2309,3557,3584,3541,3564.0,2039,8486,3558,rb2310,3667,3705,3660,3678.0,1295318,1120677,3678,rb2311,3710,3737,3694,3713.0,153371,988708,3713,rb2312,3717,3739,3700,3716.0,1791,54267,3718,rb2401,3699,3720,3682,3694.0,543535,1035778,3700,rb2402,3672,3699,3656,3671.0,252,63539,3676,rb2403,3676,3695,3651,3665.0,19518,61363,3674,rb2404,3666,3685,3653,3661.0,625,24696,3666,rb2405,3648,3670,3636,3645.0,21898,151726,3651,rb2310,3667,3705,3660,3678.0,1295318,1120677,3678
2023-08-30,3718.188733148652,2169262.0,3588882.0,rb2309,3564,3600,3555,3597.0,2316,7181,3581,rb2310,3682,3717,3672,3713.0,1307564,1039387,3693,rb2311,3712,3735,3706,3728.0,189136,996112,3718,rb2312,3716,3739,3710,3731.0,2245,53805,3725,rb2401,3700,3732,3689,3726.0,592339,1120782,3711,rb2402,3671,3703,3667,3698.0,1258,64566,3674,rb2403,3665,3700,3664,3695.0,37013,88068,3678,rb2404,3661,3695,3661,3689.0,4587,29188,3665,rb2405,3645,3677,3643,3674.0,23513,154058,3661,rb2310,3682,3717,3672,3713.0,1307564,1039387,3693
2023-08-31,3750.286634633704,2218512.0,3626889.0,rb2309,3597,3638,3597,3608.0,2394,5733,3619,rb2310,3716,3746,3714,3740.0,1259752,919823,3730,rb2311,3732,3768,3712,3763.0,180003,1001431,3748,rb2312,3731,3772,3731,3766.0,2549,54313,3752,rb2401,3735,3764,3729,3760.0,681912,1224507,3748,rb2402,3705,3740,3703,3730.0,1827,66041,3728,rb2403,3695,3738,3695,3730.0,41819,117148,3710,rb2404,3689,3733,3689,3733.0,9307,38220,3690,rb2405,3680,3708,3676,3699.0,27842,153409,3692,rb2310,3716,3746,3714,3740.0,1259752,919823,3730
2023-09-01,3797.8786090642006,2114361.0,3633525.0,rb2309,3640,3668,3628,3661.0,633,5370,3651,rb2310,3753,3781,3732,3778.0,1021715,794449,3757,rb2311,3772,3810,3755,3810.0,187442,1007478,3785,rb2312,3781,3830,3767,3818.0,2125,54642,3789,rb2401,3765,3814,3752,3813.0,813926,1317333,3787,rb2402,3745,3784,3729,3777.0,880,66146,3768,rb2403,3745,3782,3725,3781.0,33364,139388,3755,rb2404,3733,3768,3719,3768.0,2784,40708,3734,rb2405,3715,3747,3695,3746.0,44209,155045,3724,rb2310,3753,3781,3732,3778.0,1021715,794449,3757
2023-09-04,3797.7298334206234,2017807.0,3644929.0,rb2309,3661,3699,3661,3665.0,600,4860,3680,rb2310,3772,3796,3758,3770.0,866459,718642,3776,rb2311,3818,3837,3796,3810.0,194039,1011935,3816,rb2312,3833,3846,3802,3823.0,3277,53459,3830,rb2401,3815,3845,3798,3813.0,867625,1370059,3821,rb2402,3777,3819,3769,3779.0,1982,64407,3785,rb2403,3787,3813,3768,3781.0,30099,157275,3793,rb2404,3768,3800,3756,3778.0,3813,44205,3768,rb2405,3760,3776,3734,3758.0,41093,159095,3760,rb2401,3815,3845,3798,3813.0,867625,1370059,3821
2023-09-05,3778.7410285563506,1836880.0,3668501.0,rb2309,3665,3677,3635,3635.0,990,4230,3664,rb2310,3770,3778,3732,3739.0,529201,626601,3760,rb2311,3815,3834,3774,3782.0,193756,1006293,3813,rb2312,3807,3843,3792,3795.0,5393,55799,3828,rb2401,3811,3839,3786,3799.0,1017159,1457450,3816,rb2402,3779,3809,3766,3770.0,1194,63407,3781,rb2403,3781,3810,3759,3770.0,35464,178344,3791,rb2404,3780,3806,3755,3767.0,737,44166,3776,rb2405,3768,3791,3748,3757.0,51179,170064,3769,rb2401,3811,3839,3786,3799.0,1017159,1457450,3816
2023-09-06,3792.58606392179,1462547.0,3716354.0,rb2309,3531,3640,3531,3639.0,210,4230,3595,rb2310,3735,3755,3730,3747.0,334980,592372,3741,rb2311,3782,3810,3775,3790.0,156493,997042,3791,rb2312,3787,3825,3787,3815.0,677,55866,3809,rb2401,3798,3828,3788,3817.0,894842,1511551,3811,rb2402,3770,3799,3761,3788.0,115,63385,3784,rb2403,3783,3794,3754,3784.0,33869,202006,3781,rb2404,3761,3792,3755,3788.0,138,44162,3778,rb2405,3750,3780,3746,3771.0,29847,172547,3766,rb2401,3798,3828,3788,3817.0,894842,1511551,3811
2023-09-07,3780.023463505437,2336232.0,3683124.0,rb2309,3655,3655,3610,3610.0,480,3930,3619,rb2310,3749,3758,3720,3742.0,329877,531665,3736,rb2311,3786,3804,3744,3785.0,215821,964044,3773,rb2312,3817,3822,3766,3803.0,2115,55294,3789,rb2401,3814,3833,3765,3795.0,1673420,1532233,3792,rb2402,3803,3803,3743,3773.0,1686,64839,3765,rb2403,3785,3801,3737,3774.0,31125,215491,3764,rb2404,3798,3798,3741,3775.0,1689,45656,3767,rb2405,3767,3784,3733,3761.0,47256,174405,3755,rb2401,3814,3833,3765,3795.0,1673420,1532233,3792
2023-09-08,3703.4444660921245,2372075.0,3680148.0,rb2309,3617,3617,3580,3580.0,120,3810,3598,rb2310,3751,3751,3676,3676.0,279379,487259,3717,rb2311,3784,3789,3696,3701.0,199532,944672,3751,rb2312,3794,3800,3708,3715.0,4193,55171,3754,rb2401,3790,3802,3711,3717.0,1786032,1546003,3757,rb2402,3764,3770,3689,3694.0,293,64820,3728,rb2403,3774,3777,3692,3696.0,25931,225013,3742,rb2404,3758,3762,3697,3702.0,1946,47545,3756,rb2405,3753,3762,3687,3695.0,46652,185710,3725,rb2401,3790,3802,3711,3717.0,1786032,1546003,3757
2023-09-11,3744.8948376319336,1926859.0,3680927.0,rb2309,3600,3610,3600,3610.0,210,3780,3604,rb2310,3680,3722,3674,3712.0,164976,458526,3699,rb2311,3720,3766,3697,3748.0,148530,927576,3733,rb2312,3716,3770,3706,3758.0,903,55091,3742,rb2401,3718,3771,3707,3759.0,1503805,1530613,3740,rb2402,3686,3746,3684,3730.0,278,64821,3715,rb2403,3696,3753,3688,3740.0,27505,238405,3724,rb2404,3702,3749,3693,3732.0,12805,60018,3708,rb2405,3688,3738,3680,3730.0,34547,189578,3712,rb2401,3718,3771,3707,3759.0,1503805,1530613,3740
2023-09-12,3774.603465029226,1686442.0,3658555.0,rb2309,3611,3611,3600,3600.0,150,3690,3608,rb2310,3716,3745,3715,3737.0,144378,425955,3733,rb2311,3748,3788,3748,3778.0,151492,905951,3770,rb2312,3758,3795,3758,3783.0,1282,55918,3777,rb2401,3762,3800,3762,3791.0,1324021,1539364,3782,rb2402,3730,3771,3730,3765.0,3282,61831,3741,rb2403,3740,3780,3740,3770.0,22958,250104,3762,rb2404,3747,3772,3747,3764.0,141,59962,3761,rb2405,3734,3766,3731,3752.0,34758,200230,3750,rb2401,3762,3800,3762,3791.0,1324021,1539364,3782
2023-09-13,3762.5618141194695,1875894.0,3637842.0,rb2309,3600,3606,3600,3606.0,150,3690,3602,rb2310,3737,3746,3696,3719.0,123559,411626,3723,rb2311,3780,3794,3741,3773.0,185327,882164,3770,rb2312,3789,3797,3748,3774.0,1074,55911,3773,rb2401,3793,3804,3745,3777.0,1493026,1536524,3773,rb2402,3777,3777,3720,3744.0,174,61821,3748,rb2403,3776,3782,3726,3756.0,23428,258888,3753,rb2404,3764,3766,3723,3749.0,1812,61314,3761,rb2405,3756,3765,3711,3742.0,44630,210094,3741,rb2401,3793,3804,3745,3777.0,1493026,1536524,3773
2023-09-14,3780.267541429466,1835455.0,3670938.0,rb2309,3610,3630,3610,3630.0,90,3690,3616,rb2310,3730,3738,3711,3738.0,101552,395473,3722,rb2311,3773,3793,3762,3790.0,176088,868180,3778,rb2312,3791,3796,3764,3796.0,1704,56329,3779,rb2401,3778,3795,3759,3794.0,1502575,1585958,3776,rb2402,3748,3766,3733,3766.0,236,61845,3751,rb2403,3760,3773,3739,3773.0,21278,268325,3755,rb2404,3751,3774,3738,3774.0,115,61369,3747,rb2405,3742,3756,3720,3755.0,30434,213100,3739,rb2401,3778,3795,3759,3794.0,1502575,1585958,3776
2023-09-15,3810.2235017231915,1913663.0,3712298.0,rb2309,3760,3760,3760,3760.0,30,3690,3760,rb2310,3748,3764,3741,3762.0,124044,358829,3752,rb2311,3797,3830,3796,3818.0,168134,845497,3810,rb2312,3814,3827,3798,3827.0,1558,56486,3810,rb2401,3809,3833,3800,3824.0,1543446,1669241,3816,rb2402,3780,3805,3775,3800.0,296,61833,3786,rb2403,3785,3810,3780,3804.0,25413,275965,3793,rb2404,3786,3805,3772,3805.0,385,61317,3785,rb2405,3768,3793,3757,3788.0,48420,221921,3774,rb2401,3809,3833,3800,3824.0,1543446,1669241,3816
2023-09-18,3825.1564446157013,2043637.0,3763025.0,rb2310,3745,3770,3733,3767.0,116089,327587,3750,rb2311,3810,3837,3792,3833.0,185261,817641,3816,rb2312,3825,3843,3793,3833.0,1684,56180,3822,rb2401,3820,3846,3792,3842.0,1665547,1766006,3820,rb2402,3788,3820,3773,3815.0,275,61862,3803,rb2403,3799,3821,3771,3819.0,24321,287769,3794,rb2404,3780,3813,3777,3811.0,128,61303,3801,rb2405,3780,3797,3754,3795.0,49417,227588,3777,rb2406,3760,3782,3746,3781.0,35,84175,3767,rb2401,3820,3846,3792,3842.0,1665547,1766006,3820
2023-09-19,3807.619090816222,1932849.0,3670875.0,rb2310,3775,3790,3760,3763.0,123852,286568,3776,rb2311,3838,3860,3795,3797.0,236469,736473,3832,rb2312,3843,3873,3803,3803.0,3533,55901,3848,rb2401,3846,3874,3830,3831.0,1475760,1775340,3854,rb2402,3817,3846,3796,3796.0,846,61922,3820,rb2403,3834,3849,3785,3788.0,29438,301896,3820,rb2404,3815,3839,3790,3790.0,372,61160,3806,rb2405,3800,3821,3777,3780.0,61506,234309,3804,rb2406,3796,3810,3768,3768.0,126,84134,3782,rb2401,3846,3874,3830,3831.0,1475760,1775340,3854
2023-09-20,3816.6136777160295,1493655.0,3602078.0,rb2310,3760,3773,3750,3760.0,74407,270426,3760,rb2311,3793,3813,3786,3796.0,185734,672492,3798,rb2312,3811,3829,3796,3812.0,694,55851,3816,rb2401,3834,3855,3821,3842.0,1180974,1773099,3839,rb2402,3800,3821,3792,3815.0,116,61935,3807,rb2403,3796,3818,3784,3805.0,20748,311710,3801,rb2404,3790,3812,3784,3807.0,255,61017,3799,rb2405,3780,3799,3766,3793.0,26311,234240,3783,rb2406,3768,3786,3760,3783.0,165,84070,3779,rb2401,3834,3855,3821,3842.0,1180974,1773099,3839
2023-09-21,3742.2028659557564,2396160.0,3450786.0,rb2310,3752,3769,3694,3694.0,97740,242935,3730,rb2311,3796,3806,3719,3727.0,201409,622380,3767,rb2312,3812,3820,3752,3761.0,9743,51936,3800,rb2401,3847,3850,3755,3762.0,1990053,1687100,3798,rb2402,3815,3815,3720,3729.0,7860,54467,3810,rb2403,3805,3810,3716,3724.0,26478,320095,3763,rb2404,3779,3793,3728,3744.0,283,61067,3771,rb2405,3809,3809,3722,3729.0,57750,245031,3761,rb2406,3771,3778,3716,3719.0,188,84183,3743,rb2401,3847,3850,3755,3762.0,1990053,1687100,3798
2023-09-22,3760.260792467991,1492402.0,3345296.0,rb2310,3687,3726,3687,3713.0,119886,219551,3705,rb2311,3721,3756,3714,3741.0,148872,566040,3735,rb2312,3760,3789,3754,3775.0,1063,51875,3769,rb2401,3752,3793,3751,3779.0,1160111,1643925,3773,rb2402,3727,3759,3727,3751.0,282,54464,3744,rb2403,3719,3757,3718,3746.0,24405,326037,3735,rb2404,3732,3762,3730,3762.0,85,61077,3744,rb2405,3718,3762,3716,3750.0,34592,254357,3743,rb2406,3710,3754,3710,3746.0,76,84188,3734,rb2401,3752,3793,3751,3779.0,1160111,1643925,3773
2023-09-25,3701.54370670854,2116602.0,3261902.0,rb2310,3714,3714,3649,3658.0,116883,166064,3682,rb2311,3748,3749,3669,3677.0,240836,457682,3709,rb2312,3778,3783,3710,3722.0,1138,51883,3742,rb2401,3786,3787,3704,3716.0,1655226,1710023,3741,rb2402,3751,3759,3679,3693.0,5542,49439,3746,rb2403,3746,3750,3682,3692.0,36764,334208,3722,rb2404,3754,3754,3700,3709.0,200,61156,3710,rb2405,3759,3759,3690,3693.0,57573,262393,3711,rb2406,3746,3751,3691,3691.0,995,84557,3734,rb2401,3786,3787,3704,3716.0,1655226,1710023,3741
2023-09-26,3665.2714001579766,1874444.0,3125783.0,rb2310,3670,3670,3605,3614.0,77898,122407,3637,rb2311,3677,3690,3631,3645.0,230948,290029,3671,rb2312,3724,3725,3675,3688.0,3067,50708,3707,rb2401,3716,3725,3665,3675.0,1451253,1772900,3697,rb2402,3694,3698,3646,3656.0,1385,49501,3671,rb2403,3690,3702,3652,3659.0,50310,347248,3679,rb2404,3698,3710,3660,3660.0,164,61140,3683,rb2405,3703,3704,3652,3659.0,51126,267993,3675,rb2406,3691,3701,3646,3659.0,3427,81625,3688,rb2401,3716,3725,3665,3675.0,1451253,1772900,3697
2023-09-27,3671.897543421749,1191602.0,3024003.0,rb2310,3620,3627,3607,3607.0,70177,79629,3618,rb2311,3645,3673,3640,3657.0,97391,228208,3652,rb2312,3688,3706,3685,3687.0,9975,41585,3688,rb2401,3679,3697,3673,3682.0,897787,1767758,3684,rb2402,3656,3672,3648,3658.0,694,49333,3662,rb2403,3659,3678,3655,3664.0,72189,376367,3664,rb2404,3660,3679,3660,3664.0,1932,59525,3662,rb2405,3654,3672,3653,3660.0,30564,267920,3663,rb2406,3659,3671,3650,3652.0,8890,72844,3658,rb2401,3679,3697,3673,3682.0,897787,1767758,3684
2023-09-28,3683.5234073408146,1272694.0,2852054.0,rb2310,3613,3643,3606,3615.0,67765,32532,3623,rb2311,3662,3689,3655,3667.0,86961,173602,3670,rb2312,3696,3724,3692,3695.0,1557,41252,3707,rb2401,3690,3717,3684,3690.0,1021754,1697143,3700,rb2402,3664,3694,3664,3672.0,760,48797,3680,rb2403,3660,3701,3660,3679.0,63489,380600,3681,rb2404,3671,3710,3671,3687.0,250,59450,3693,rb2405,3668,3697,3663,3672.0,28879,264349,3681,rb2406,3676,3694,3666,3682.0,150,72852,3680,rb2401,3690,3717,3684,3690.0,1021754,1697143,3700
2023-10-09,3633.096730587876,1180209.0,2970167.0,rb2310,3600,3625,3560,3569.0,12252,21900,3572,rb2311,3664,3664,3597,3615.0,51352,160794,3622,rb2312,3677,3678,3627,3642.0,1143,41437,3653,rb2401,3670,3670,3620,3638.0,1025556,1810235,3642,rb2402,3645,3651,3600,3614.0,272,48788,3623,rb2403,3660,3660,3607,3628.0,53992,400362,3630,rb2404,3651,3661,3619,3636.0,276,59270,3629,rb2405,3667,3667,3613,3630.0,34432,272925,3629,rb2406,3680,3680,3609,3623.0,191,72909,3627,rb2401,3670,3670,3620,3638.0,1025556,1810235,3642
2023-10-10,3603.360516525735,1549428.0,3024283.0,rb2310,3570,3581,3541,3550.0,10230,14010,3563,rb2311,3615,3626,3566,3574.0,67097,129364,3596,rb2312,3650,3659,3607,3617.0,2864,41049,3639,rb2401,3638,3654,3596,3610.0,1316197,1877432,3625,rb2402,3614,3635,3582,3587.0,1717,47292,3613,rb2403,3628,3641,3584,3595.0,90252,425990,3616,rb2404,3648,3650,3595,3601.0,49,59291,3617,rb2405,3633,3643,3588,3594.0,58951,273862,3612,rb2406,3640,3642,3586,3590.0,234,72956,3611,rb2401,3638,3654,3596,3610.0,1316197,1877432,3625
2023-10-11,3611.83240929861,1264240.0,3024237.0,rb2310,3550,3573,3498,3522.0,9900,6750,3540,rb2311,3582,3602,3560,3584.0,36846,112489,3587,rb2312,3607,3640,3600,3623.0,3171,38611,3610,rb2401,3616,3634,3590,3619.0,1061811,1871876,3616,rb2402,3588,3615,3577,3601.0,2700,44778,3592,rb2403,3596,3622,3577,3604.0,96366,458464,3603,rb2404,3605,3618,3585,3593.0,44,59299,3609,rb2405,3590,3615,3573,3600.0,50612,273736,3597,rb2406,3605,3615,3580,3602.0,167,72953,3603,rb2401,3616,3634,3590,3619.0,1061811,1871876,3616
2023-10-12,3620.4197667991198,1432626.0,3068256.0,rb2310,3521,3530,3482,3505.0,2130,5490,3509,rb2311,3584,3604,3564,3588.0,29261,101333,3583,rb2312,3623,3640,3601,3629.0,1727,38231,3622,rb2401,3619,3632,3595,3627.0,1253955,1900044,3616,rb2402,3601,3615,3584,3614.0,5508,39526,3599,rb2403,3605,3623,3583,3614.0,100015,481593,3605,rb2404,3616,3620,3600,3613.0,40,59306,3610,rb2405,3598,3612,3581,3608.0,39559,284325,3601,rb2406,3605,3613,3586,3607.0,28,72955,3600,rb2401,3619,3632,3595,3627.0,1253955,1900044,3616
2023-10-13,3616.4817426539435,1361370.0,3083389.0,rb2310,3520,3520,3490,3520.0,1860,4950,3501,rb2311,3588,3608,3572,3588.0,22037,95982,3586,rb2312,3630,3650,3606,3622.0,2771,37634,3617,rb2401,3630,3652,3602,3620.0,1181367,1910511,3619,rb2402,3627,3629,3590,3602.0,354,39559,3603,rb2403,3615,3637,3593,3613.0,87199,488143,3608,rb2404,3625,3630,3600,3618.0,2696,56826,3610,rb2405,3610,3634,3588,3612.0,57541,296286,3609,rb2406,3611,3627,3591,3614.0,2633,70471,3600,rb2401,3630,3652,3602,3620.0,1181367,1910511,3619
2023-10-16,3658.3284860877325,1880133.0,3073223.0,rb2310,3500,3530,3490,3530.0,1350,4620,3509,rb2311,3592,3621,3561,3617.0,38633,84075,3589,rb2312,3626,3659,3599,3657.0,3339,37319,3630,rb2401,3624,3663,3592,3657.0,1639211,1888586,3625,rb2402,3603,3660,3586,3659.0,2066,38492,3610,rb2403,3617,3670,3591,3665.0,104423,509824,3624,rb2404,3613,3671,3602,3670.0,211,56755,3637,rb2405,3616,3667,3595,3664.0,84710,305165,3626,rb2406,3614,3667,3594,3667.0,5456,65429,3615,rb2401,3624,3663,3592,3657.0,1639211,1888586,3625
2023-10-17,3650.9093972312185,1240219.0,3054123.0,rb2311,3617,3630,3602,3608.0,25987,71553,3614,rb2312,3654,3670,3636,3649.0,4946,36997,3651,rb2401,3658,3672,3637,3647.0,1068036,1870289,3652,rb2402,3659,3668,3633,3652.0,812,38308,3645,rb2403,3672,3687,3648,3665.0,102043,523165,3665,rb2404,3663,3684,3654,3669.0,229,56763,3674,rb2405,3663,3677,3647,3656.0,34209,306366,3660,rb2406,3667,3673,3647,3655.0,500,65314,3659,rb2407,3660,3665,3642,3653.0,1139,60225,3654,rb2401,3658,3672,3637,3647.0,1068036,1870289,3652
2023-10-18,3620.6557824520655,1544593.0,3158366.0,rb2311,3603,3624,3568,3573.0,20139,65537,3596,rb2312,3647,3662,3611,3621.0,2929,37543,3642,rb2401,3652,3660,3605,3615.0,1361935,1951142,3634,rb2402,3650,3662,3610,3619.0,1320,37354,3653,rb2403,3672,3677,3621,3633.0,101889,541759,3655,rb2404,3671,3675,3622,3641.0,583,57014,3640,rb2405,3652,3672,3623,3633.0,51437,317401,3649,rb2406,3659,3672,3631,3638.0,1284,65423,3655,rb2407,3655,3663,3628,3641.0,1471,59249,3656,rb2401,3652,3660,3605,3615.0,1361935,1951142,3634
2023-10-19,3648.364247210367,1484877.0,3099870.0,rb2311,3575,3604,3554,3599.0,18388,57955,3580,rb2312,3613,3644,3603,3639.0,2914,38237,3623,rb2401,3615,3650,3595,3644.0,1313338,1886883,3624,rb2402,3609,3650,3599,3648.0,259,37398,3624,rb2403,3633,3669,3612,3663.0,104324,552637,3639,rb2404,3641,3672,3627,3662.0,868,56695,3643,rb2405,3634,3665,3615,3656.0,40590,319777,3641,rb2406,3638,3665,3620,3651.0,1986,63956,3636,rb2407,3627,3660,3620,3650.0,598,59316,3629,rb2401,3615,3650,3595,3644.0,1313338,1886883,3624
2023-10-20,3612.823400962867,1613188.0,3093471.0,rb2311,3587,3614,3573,3582.0,24095,50262,3590,rb2312,3639,3654,3601,3614.0,4362,37277,3631,rb2401,3650,3659,3601,3610.0,1418587,1880167,3629,rb2402,3656,3664,3602,3614.0,358,37418,3630,rb2403,3664,3678,3611,3621.0,106243,558178,3648,rb2404,3673,3677,3613,3623.0,313,56715,3660,rb2405,3663,3668,3605,3618.0,55888,320929,3635,rb2406,3660,3670,3607,3614.0,237,64010,3635,rb2407,3661,3661,3607,3611.0,326,59508,3624,rb2401,3650,3659,3601,3610.0,1418587,1880167,3629
2023-10-23,3577.9961288434674,1798553.0,3178120.0,rb2311,3588,3588,3535,3549.0,20050,47072,3552,rb2312,3614,3625,3563,3582.0,4137,36729,3593,rb2401,3600,3616,3558,3572.0,1591543,1953077,3582,rb2402,3600,3619,3567,3578.0,870,37575,3589,rb2403,3617,3629,3568,3586.0,124305,565187,3593,rb2404,3618,3633,3583,3594.0,228,56698,3604,rb2405,3618,3627,3581,3594.0,53509,328381,3597,rb2406,3614,3628,3583,3598.0,797,63561,3608,rb2407,3611,3626,3581,3589.0,297,59612,3595,rb2401,3600,3616,3558,3572.0,1591543,1953077,3582
2023-10-24,3633.794373755684,1628342.0,3074982.0,rb2311,3554,3596,3549,3593.0,18042,41833,3569,rb2312,3582,3639,3578,3619.0,4798,36048,3598,rb2401,3576,3636,3572,3630.0,1443112,1862178,3596,rb2402,3578,3636,3577,3625.0,1048,37065,3593,rb2403,3590,3652,3588,3644.0,99066,566427,3609,rb2404,3603,3655,3596,3644.0,375,56496,3615,rb2405,3596,3648,3595,3643.0,55211,322942,3616,rb2406,3598,3652,3596,3641.0,265,63515,3627,rb2407,3598,3646,3592,3635.0,2587,58419,3601,rb2401,3576,3636,3572,3630.0,1443112,1862178,3596
2023-10-25,3678.6122117675914,1944068.0,2992507.0,rb2311,3600,3631,3595,3601.0,36949,35808,3609,rb2312,3621,3676,3621,3662.0,5066,35944,3651,rb2401,3645,3687,3634,3673.0,1688410,1781581,3664,rb2402,3640,3687,3635,3669.0,742,37144,3661,rb2403,3650,3709,3650,3695.0,120647,580979,3686,rb2404,3644,3713,3644,3694.0,1260,56518,3653,rb2405,3659,3704,3647,3691.0,86695,313222,3677,rb2406,3654,3699,3646,3681.0,306,63382,3681,rb2407,3653,3692,3646,3674.0,344,58302,3672,rb2401,3645,3687,3634,3673.0,1688410,1781581,3664
2023-10-26,3687.0460630364973,1305656.0,2972405.0,rb2311,3601,3624,3599,3615.0,8370,29916,3605,rb2312,3661,3675,3646,3665.0,10365,29533,3660,rb2401,3673,3688,3657,3685.0,1133648,1759038,3670,rb2402,3663,3679,3653,3677.0,974,37150,3660,rb2403,3691,3699,3667,3694.0,85807,591643,3682,rb2404,3694,3703,3676,3698.0,1708,56903,3692,rb2405,3685,3700,3671,3696.0,59062,314117,3684,rb2406,3682,3693,3668,3689.0,281,63444,3680,rb2407,3679,3688,3665,3685.0,811,58975,3673,rb2401,3673,3688,3657,3685.0,1133648,1759038,3670
2023-10-27,3725.970029672685,1649482.0,2949851.0,rb2311,3605,3689,3605,3676.0,20369,21456,3632,rb2312,3661,3701,3650,3697.0,9647,30997,3674,rb2401,3676,3726,3666,3724.0,1427073,1725232,3694,rb2402,3661,3718,3657,3706.0,1197,37232,3684,rb2403,3689,3737,3679,3733.0,90690,609460,3703,rb2404,3695,3742,3690,3739.0,1641,57071,3699,rb2405,3692,3738,3685,3734.0,81924,317961,3708,rb2406,3672,3729,3672,3727.0,3935,60086,3690,rb2407,3685,3727,3680,3712.0,8116,58398,3686,rb2401,3676,3726,3666,3724.0,1427073,1725232,3694
2023-10-30,3744.613592407455,1245986.0,2971968.0,rb2311,3676,3720,3661,3716.0,8754,16615,3683,rb2312,3701,3726,3686,3721.0,3749,30087,3707,rb2401,3720,3743,3708,3740.0,1066575,1709019,3725,rb2402,3718,3730,3700,3728.0,883,37511,3716,rb2403,3738,3756,3721,3752.0,87828,637539,3738,rb2404,3739,3763,3728,3763.0,1508,57288,3740,rb2405,3736,3760,3728,3758.0,68889,328680,3744,rb2406,3736,3751,3721,3747.0,167,60055,3738,rb2407,3712,3750,3712,3743.0,5027,63019,3713,rb2401,3720,3743,3708,3740.0,1066575,1709019,3725
2023-10-31,3737.848863718407,1261831.0,2977915.0,rb2311,3716,3737,3689,3713.0,12136,7441,3715,rb2312,3722,3742,3710,3739.0,3176,29585,3725,rb2401,3745,3748,3712,3733.0,1069766,1692499,3729,rb2402,3739,3739,3700,3732.0,946,37883,3720,rb2403,3752,3762,3723,3743.0,106397,666500,3744,rb2404,3763,3768,3737,3759.0,4999,61026,3762,rb2405,3770,3770,3731,3749.0,61426,327063,3746,rb2406,3747,3759,3725,3745.0,480,60453,3743,rb2407,3758,3758,3723,3740.0,373,63120,3740,rb2401,3745,3748,3712,3733.0,1069766,1692499,3729
2023-11-01,3753.2848912188924,1375017.0,2967473.0,rb2311,3713,3748,3707,3740.0,2401,5580,3730,rb2312,3739,3764,3729,3756.0,6236,25297,3741,rb2401,3733,3761,3723,3749.0,1185467,1665545,3742,rb2402,3717,3747,3713,3733.0,1833,38519,3734,rb2403,3741,3774,3735,3761.0,93902,677334,3754,rb2404,3759,3782,3749,3766.0,1892,61074,3762,rb2405,3750,3775,3740,3760.0,77794,337966,3757,rb2406,3745,3766,3733,3756.0,1139,60453,3745,rb2407,3741,3761,3728,3756.0,1752,63178,3746,rb2401,3733,3761,3723,3749.0,1185467,1665545,3742
2023-11-02,3757.448690653969,1192393.0,2954452.0,rb2311,3743,3746,3734,3746.0,630,5280,3739,rb2312,3761,3783,3742,3774.0,6262,22055,3759,rb2401,3756,3767,3737,3756.0,1009222,1658538,3752,rb2402,3736,3744,3721,3733.0,929,38830,3731,rb2403,3769,3769,3741,3760.0,97907,673127,3757,rb2404,3766,3775,3754,3768.0,1679,61268,3764,rb2405,3760,3770,3746,3762.0,71776,340512,3758,rb2406,3746,3761,3740,3759.0,18,60455,3751,rb2407,3759,3759,3740,3756.0,558,62835,3752,rb2401,3756,3767,3737,3756.0,1009222,1658538,3752
2023-11-03,3807.239622271363,1777278.0,2997284.0,rb2311,3748,3788,3748,3788.0,930,4680,3767,rb2312,3774,3829,3760,3822.0,4713,21594,3802,rb2401,3746,3813,3737,3805.0,1486028,1665308,3783,rb2402,3733,3786,3718,3785.0,5614,34063,3736,rb2403,3756,3814,3747,3809.0,93064,675852,3784,rb2404,3768,3816,3760,3807.0,5446,62953,3782,rb2405,3760,3821,3749,3817.0,174171,379838,3797,rb2406,3759,3809,3759,3809.0,1323,59431,3766,rb2407,3756,3809,3756,3809.0,1127,61808,3759,rb2401,3746,3813,3737,3805.0,1486028,1665308,3783
2023-11-06,3815.89793289605,1764095.0,3022296.0,rb2311,3805,3805,3771,3789.0,510,4320,3785,rb2312,3820,3858,3818,3846.0,5647,20199,3843,rb2401,3805,3830,3791,3805.0,1429910,1639478,3811,rb2402,3790,3811,3770,3788.0,2221,33412,3792,rb2403,3813,3842,3803,3824.0,95601,681514,3822,rb2404,3814,3854,3810,3834.0,3109,63616,3828,rb2405,3825,3860,3811,3840.0,218637,427464,3842,rb2406,3829,3847,3801,3830.0,1374,58554,3829,rb2407,3810,3846,3799,3825.0,488,61575,3831,rb2401,3805,3830,3791,3805.0,1429910,1639478,3811
2023-11-07,3801.4178643170562,1515314.0,3002824.0,rb2311,3785,3788,3772,3775.0,1020,4200,3780,rb2312,3840,3845,3808,3819.0,2794,19401,3828,rb2401,3800,3818,3780,3791.0,1267602,1599081,3799,rb2402,3788,3799,3760,3770.0,3046,33175,3781,rb2403,3821,3832,3794,3805.0,98407,694464,3814,rb2404,3834,3843,3808,3817.0,1581,63707,3832,rb2405,3840,3853,3814,3829.0,135223,438100,3834,rb2406,3831,3839,3807,3822.0,1401,57514,3827,rb2407,3825,3839,3807,3819.0,1453,60660,3824,rb2401,3800,3818,3780,3791.0,1267602,1599081,3799
2023-11-08,3851.946361656398,1793653.0,3068924.0,rb2311,3777,3784,3730,3784.0,750,3720,3761,rb2312,3817,3864,3791,3853.0,3230,18686,3819,rb2401,3780,3851,3768,3848.0,1511907,1645117,3800,rb2402,3770,3822,3747,3815.0,3025,32373,3771,rb2403,3800,3854,3777,3850.0,92566,702763,3800,rb2404,3817,3865,3792,3865.0,7139,59218,3817,rb2405,3806,3874,3799,3871.0,167005,458977,3830,rb2406,3822,3859,3790,3854.0,1254,56550,3820,rb2407,3819,3864,3791,3857.0,2080,59288,3825,rb2401,3780,3851,3768,3848.0,1511907,1645117,3800
2023-11-09,3857.130316640092,1889131.0,3114514.0,rb2311,3775,3797,3775,3795.0,1410,3450,3783,rb2312,3862,3888,3850,3869.0,2842,18130,3864,rb2401,3847,3879,3837,3853.0,1553439,1639732,3854,rb2402,3821,3841,3801,3823.0,2343,31505,3821,rb2403,3840,3876,3837,3854.0,115830,714913,3855,rb2404,3867,3885,3850,3864.0,2632,59690,3868,rb2405,3865,3900,3862,3877.0,204905,497768,3882,rb2406,3845,3885,3845,3860.0,469,56564,3869,rb2407,3860,3883,3856,3861.0,1728,60277,3873,rb2401,3847,3879,3837,3853.0,1553439,1639732,3854
2023-11-10,3879.5726150086466,1525871.0,3114005.0,rb2311,3795,3795,3791,3791.0,360,3450,3791,rb2312,3866,3899,3862,3888.0,2667,16921,3877,rb2401,3853,3884,3849,3879.0,1287764,1624456,3870,rb2402,3823,3845,3820,3839.0,2118,30575,3829,rb2403,3854,3883,3853,3870.0,94449,719110,3868,rb2404,3864,3893,3862,3878.0,2340,60425,3873,rb2405,3877,3911,3875,3898.0,132170,509281,3894,rb2406,3865,3895,3864,3879.0,112,56574,3881,rb2407,3868,3895,3868,3886.0,436,60322,3881,rb2401,3853,3884,3849,3879.0,1287764,1624456,3870
2023-11-13,3871.4763077293433,2031468.0,3090586.0,rb2311,3836,3837,3835,3836.0,870,3180,3835,rb2312,3888,3925,3864,3887.0,3037,16220,3888,rb2401,3873,3918,3853,3872.0,1676739,1590486,3878,rb2402,3839,3875,3806,3834.0,2567,29570,3837,rb2403,3874,3915,3839,3863.0,111931,725792,3868,rb2404,3878,3915,3851,3870.0,1505,60260,3883,rb2405,3905,3935,3866,3885.0,224063,513578,3896,rb2406,3879,3921,3852,3867.0,1162,56586,3879,rb2407,3881,3910,3857,3878.0,689,59996,3880,rb2401,3873,3918,3853,3872.0,1676739,1590486,3878
2023-11-14,3853.1002403909365,1613715.0,3118254.0,rb2311,0,0,0,3830.0,0,3180,3830,rb2312,3883,3888,3848,3865.0,1534,15747,3862,rb2401,3874,3881,3834,3856.0,1331751,1582876,3857,rb2402,3834,3836,3789,3802.0,1778,28364,3824,rb2403,3860,3870,3820,3841.0,106680,759836,3847,rb2404,3881,3881,3839,3856.0,1869,59017,3855,rb2405,3882,3892,3850,3867.0,161571,521313,3866,rb2406,3867,3885,3838,3849.0,2099,54572,3857,rb2407,3878,3880,3838,3850.0,2481,58187,3872,rb2401,3874,3881,3834,3856.0,1331751,1582876,3857
2023-11-15,3918.7614129376266,2840966.0,3188421.0,rb2311,3820,3900,3820,3899.0,870,2700,3880,rb2312,3878,3956,3866,3910.0,2641,15682,3920,rb2401,3868,3962,3868,3920.0,2343797,1577302,3923,rb2402,3820,3911,3820,3874.0,1284,28432,3879,rb2403,3848,3946,3848,3906.0,139670,781799,3899,rb2404,3874,3954,3874,3927.0,1970,60146,3920,rb2405,3883,3971,3882,3935.0,337588,574295,3933,rb2406,3849,3952,3849,3925.0,1324,54592,3866,rb2407,3850,3959,3850,3919.0,3007,58118,3879,rb2401,3868,3962,3868,3920.0,2343797,1577302,3923
2023-11-16,3969.3904332008838,2174261.0,3338128.0,rb2312,3910,3972,3895,3965.0,5141,11775,3918,rb2401,3920,3979,3893,3972.0,1699371,1638080,3929,rb2402,3866,3927,3855,3919.0,1352,28562,3887,rb2403,3904,3964,3889,3959.0,126478,796945,3919,rb2404,3927,3971,3903,3971.0,2803,62382,3930,rb2405,3928,3987,3915,3981.0,330325,652143,3948,rb2406,3925,3968,3905,3959.0,1405,54657,3929,rb2407,3921,3964,3901,3960.0,1119,58154,3948,rb2408,3910,3951,3886,3951.0,74,20542,3920,rb2401,3920,3979,3893,3972.0,1699371,1638080,3929
2023-11-17,3928.4047509938964,2021489.0,3308192.0,rb2312,3970,3981,3920,3924.0,2074,11481,3946,rb2401,3982,3994,3920,3929.0,1588116,1578094,3957,rb2402,3929,3946,3870,3887.0,1404,28393,3908,rb2403,3972,3986,3907,3918.0,129969,810014,3949,rb2404,3971,3990,3921,3934.0,2594,60760,3959,rb2405,3988,4004,3936,3942.0,289512,670213,3970,rb2406,3958,3985,3921,3931.0,1937,54836,3953,rb2407,3969,3978,3925,3926.0,357,58075,3961,rb2408,3959,3963,3910,3912.0,85,20513,3942,rb2401,3982,3994,3920,3929.0,1588116,1578094,3957
2023-11-20,3977.434823341578,2143311.0,3384724.0,rb2312,3938,3976,3900,3971.0,1644,11529,3937,rb2401,3928,3995,3911,3983.0,1661591,1622470,3952,rb2402,3881,3947,3870,3936.0,757,28442,3908,rb2403,3921,3987,3902,3974.0,152773,827748,3943,rb2404,3933,3977,3913,3960.0,3671,63327,3937,rb2405,3932,3988,3925,3977.0,316892,681852,3957,rb2406,3931,3972,3912,3954.0,1375,54761,3933,rb2407,3921,3970,3912,3960.0,266,58065,3934,rb2408,3908,3955,3901,3955.0,53,20513,3923,rb2401,3928,3995,3911,3983.0,1661591,1622470,3952
2023-11-21,3971.0388931744387,2565202.0,3409390.0,rb2312,3971,4039,3971,3974.0,2605,10939,4005,rb2401,4000,4053,3983,3983.0,2030063,1628589,4019,rb2402,3938,4000,3934,3944.0,2456,28562,3972,rb2403,3980,4026,3959,3961.0,165030,835462,3995,rb2404,3978,4015,3955,3957.0,1726,63518,3992,rb2405,3978,4024,3960,3964.0,352696,691488,3997,rb2406,3954,4005,3945,3945.0,1939,54710,3970,rb2407,3980,3993,3934,3943.0,189,58053,3980,rb2408,3973,3985,3938,3940.0,80,20511,3963,rb2401,4000,4053,3983,3983.0,2030063,1628589,4019
2023-11-22,3995.2969751513033,2610880.0,3456801.0,rb2312,3979,4070,3960,3989.0,2556,9742,3984,rb2401,3986,4017,3955,4001.0,2020789,1599519,3986,rb2402,3942,3973,3923,3959.0,3764,29547,3948,rb2403,3961,4015,3947,4006.0,231175,884476,3980,rb2404,3957,3993,3940,3988.0,1363,63334,3966,rb2405,3964,3988,3938,3982.0,319615,699328,3963,rb2406,3945,3972,3926,3958.0,2318,55077,3947,rb2407,3943,3966,3918,3954.0,2348,60199,3937,rb2408,3940,3959,3914,3943.0,1644,22003,3939,rb2401,3986,4017,3955,4001.0,2020789,1599519,3986
2023-11-23,3940.600571701176,3191203.0,3387434.0,rb2312,3989,4010,3906,3922.0,4928,6840,3965,rb2401,4003,4016,3896,3934.0,2420217,1472805,3950,rb2402,3964,3985,3871,3907.0,3527,30206,3921,rb2403,4025,4025,3903,3958.0,291098,923793,3966,rb2404,3985,4005,3905,3947.0,3765,60835,3955,rb2405,3982,4004,3902,3940.0,449988,717635,3946,rb2406,3958,3986,3889,3914.0,3159,56659,3953,rb2407,3954,3980,3876,3913.0,2333,62269,3939,rb2408,3959,3974,3875,3914.0,246,21959,3925,rb2401,4003,4016,3896,3934.0,2420217,1472805,3950
2023-11-24,3982.3141432360803,2151119.0,3442331.0,rb2312,3944,3972,3920,3955.0,2583,6923,3947,rb2401,3946,3981,3907,3976.0,1549819,1424684,3937,rb2402,3912,3947,3879,3947.0,3454,30359,3902,rb2403,3965,3989,3923,3985.0,223168,944285,3945,rb2404,3947,4005,3922,3992.0,11672,63184,3958,rb2405,3960,3998,3920,3990.0,329239,783608,3952,rb2406,3914,4001,3907,3989.0,9044,60953,3946,rb2407,3916,4008,3900,4001.0,7795,67567,3948,rb2408,3912,3988,3892,3987.0,741,22406,3938,rb2401,3946,3981,3907,3976.0,1549819,1424684,3937
2023-11-27,3974.8253591557386,2452087.0,3430406.0,rb2312,3951,3970,3922,3950.0,1921,5566,3947,rb2401,3979,3982,3915,3959.0,1793161,1326302,3944,rb2402,3950,3957,3890,3927.0,1991,30369,3913,rb2403,3985,3991,3934,3980.0,174464,949567,3956,rb2404,3999,4008,3950,3998.0,14134,68419,3980,rb2405,3997,3998,3937,3987.0,423990,840864,3968,rb2406,3989,4019,3954,4008.0,10729,66521,3988,rb2407,3997,4025,3958,4015.0,11718,74206,3996,rb2408,3987,4013,3956,4002.0,402,22532,3985,rb2401,3979,3982,3915,3959.0,1793161,1326302,3944
2023-11-28,3913.526676434333,2605443.0,3381224.0,rb2312,3950,3951,3910,3919.0,945,5001,3927,rb2401,3959,3959,3883,3893.0,1814439,1160221,3918,rb2402,3916,3924,3853,3864.0,1789,30444,3885,rb2403,3977,3977,3904,3915.0,192458,963522,3939,rb2404,3998,4000,3932,3940.0,15197,72627,3968,rb2405,3980,3989,3922,3929.0,536085,913994,3950,rb2406,3999,4008,3947,3950.0,7019,70827,3988,rb2407,4002,4014,3952,3959.0,19401,89644,3993,rb2408,4002,4002,3944,3944.0,849,23236,3975,rb2401,3959,3959,3883,3893.0,1814439,1160221,3918
2023-11-29,3908.474566128605,1755885.0,3335493.0,rb2312,3924,3945,3880,3895.0,4169,1132,3928,rb2401,3895,3927,3885,3896.0,1202436,1035330,3904,rb2402,3874,3888,3855,3865.0,1834,30499,3872,rb2403,3921,3937,3893,3901.0,131099,974614,3916,rb2404,3940,3959,3920,3926.0,29525,98995,3940,rb2405,3932,3950,3911,3921.0,364607,946496,3930,rb2406,3954,3972,3935,3945.0,897,70796,3957,rb2407,3959,3977,3940,3947.0,12035,98956,3958,rb2408,3944,3968,3941,3943.0,94,23219,3949,rb2401,3895,3927,3885,3896.0,1202436,1035330,3904
2023-11-30,3923.344861060992,2444965.0,3300477.0,rb2312,3895,3895,3782,3782.0,809,991,3847,rb2401,3906,3923,3860,3913.0,1629253,900559,3886,rb2402,3874,3880,3819,3872.0,1821,30612,3848,rb2403,3891,3930,3860,3916.0,179916,984325,3892,rb2404,3926,3950,3888,3937.0,5709,98481,3916,rb2405,3931,3946,3881,3934.0,600556,1023871,3911,rb2406,3945,3965,3905,3955.0,2063,71432,3936,rb2407,3957,3968,3911,3954.0,12755,107662,3946,rb2408,3941,3960,3904,3951.0,997,24093,3947,rb2401,3906,3923,3860,3913.0,1629253,900559,3886
2023-12-01,3947.3536753127555,1783561.0,3276279.0,rb2312,3830,3900,3830,3900.0,451,900,3864,rb2401,3911,3940,3890,3923.0,1030167,762768,3917,rb2402,3877,3899,3856,3884.0,1783,30842,3882,rb2403,3920,3950,3909,3936.0,125734,981091,3930,rb2404,3937,3971,3934,3955.0,2525,97619,3952,rb2405,3934,3980,3930,3968.0,607957,1138923,3955,rb2406,3955,3998,3955,3980.0,2041,72111,3963,rb2407,3956,3995,3949,3985.0,4172,109012,3970,rb2408,3962,3980,3948,3980.0,207,24159,3964,rb2401,3911,3940,3890,3923.0,1030167,762768,3917
2023-12-04,3888.5055834302625,1680816.0,3206810.0,rb2312,3900,3900,3850,3852.0,360,600,3869,rb2401,3930,3932,3866,3871.0,857612,684740,3897,rb2402,3887,3890,3837,3843.0,2729,31391,3861,rb2403,3938,3940,3872,3879.0,138696,978796,3909,rb2404,3962,3963,3897,3902.0,3385,99423,3941,rb2405,3968,3974,3894,3900.0,651409,1134598,3935,rb2406,3980,3986,3915,3927.0,2879,74335,3968,rb2407,3985,3987,3914,3924.0,5846,111522,3960,rb2408,3965,3971,3926,3926.0,649,24757,3937,rb2401,3930,3932,3866,3871.0,857612,684740,3897
2023-12-05,3883.918376207257,1344404.0,3150944.0,rb2312,3852,3852,3852,3852.0,30,570,3852,rb2401,3862,3891,3855,3870.0,647001,620615,3874,rb2402,3842,3855,3830,3834.0,1526,30675,3842,rb2403,3880,3895,3862,3868.0,134800,987578,3879,rb2404,3902,3921,3891,3902.0,16902,89839,3903,rb2405,3900,3923,3890,3899.0,516808,1131421,3903,rb2406,3927,3933,3906,3915.0,5114,73824,3926,rb2407,3931,3940,3913,3917.0,10731,120253,3930,rb2408,3926,3932,3905,3917.0,1513,25697,3923,rb2401,3862,3891,3855,3870.0,647001,620615,3874
2023-12-06,3932.790970874491,1562368.0,3168391.0,rb2312,0,0,0,3852.0,0,570,3852,rb2401,3870,3923,3854,3918.0,655122,592003,3883,rb2402,3832,3875,3818,3874.0,1383,30491,3845,rb2403,3874,3915,3851,3910.0,139723,985710,3880,rb2404,3902,3951,3880,3944.0,6340,93120,3909,rb2405,3896,3955,3874,3953.0,742650,1170999,3914,rb2406,3912,3967,3895,3966.0,400,73825,3933,rb2407,3920,3968,3895,3968.0,2972,120838,3936,rb2408,3884,3956,3884,3954.0,75,25696,3932,rb2405,3896,3955,3874,3953.0,742650,1170999,3914
2023-12-07,3991.408958743897,1760046.0,3231837.0,rb2312,3870,3870,3870,3870.0,30,540,3870,rb2401,3911,3974,3905,3967.0,523738,504217,3944,rb2402,3886,3930,3868,3927.0,1598,30441,3904,rb2403,3914,3975,3899,3968.0,156641,982241,3938,rb2404,3947,4006,3938,3997.0,5475,95040,3971,rb2405,3953,4021,3945,4011.0,1040675,1313215,3992,rb2406,3965,4038,3960,4031.0,3293,75391,4004,rb2407,3978,4043,3964,4041.0,6024,122393,4012,rb2408,3971,4030,3971,4030.0,1931,27536,4001,rb2405,3953,4021,3945,4011.0,1040675,1313215,3992
2023-12-08,4013.9432047006744,1513616.0,3245832.0,rb2312,3882,3882,3882,3882.0,30,540,3882,rb2401,3966,4014,3950,3988.0,382123,460690,3985,rb2402,3927,3969,3901,3939.0,2460,30160,3937,rb2403,3968,4009,3940,3977.0,158495,983551,3976,rb2404,3998,4045,3980,4018.0,10010,87326,4001,rb2405,4002,4060,3996,4042.0,937385,1371697,4035,rb2406,4028,4073,4011,4059.0,1394,75361,4035,rb2407,4029,4077,4019,4062.0,2563,122566,4054,rb2408,4025,4066,4011,4046.0,98,27528,4044,rb2405,4002,4060,3996,4042.0,937385,1371697,4035
2023-12-11,4000.3216921161547,1724093.0,3229731.0,rb2312,0,0,0,3883.0,0,540,3883,rb2401,4001,4022,3962,3982.0,239168,427117,3987,rb2402,3953,3980,3913,3940.0,3474,30500,3948,rb2403,3981,4003,3946,3964.0,156049,962175,3970,rb2404,4021,4045,3982,3996.0,5119,87675,4009,rb2405,4042,4076,4010,4025.0,1295013,1403548,4037,rb2406,4060,4086,4025,4037.0,2116,75402,4060,rb2407,4056,4090,4027,4042.0,3342,122612,4050,rb2408,4040,4070,4023,4031.0,209,27642,4035,rb2405,4042,4076,4010,4025.0,1295013,1403548,4037
2023-12-12,4039.471844778006,1444001.0,3246911.0,rb2312,0,0,0,3883.0,0,540,3883,rb2401,3979,4027,3971,4025.0,188832,392656,4001,rb2402,3940,3989,3934,3988.0,4282,29717,3954,rb2403,3964,4009,3951,4006.0,107048,949396,3980,rb2404,3996,4038,3981,4038.0,10586,82654,3997,rb2405,4023,4063,4005,4060.0,1106310,1462775,4035,rb2406,4037,4076,4025,4072.0,2584,75492,4041,rb2407,4036,4080,4029,4078.0,973,122536,4053,rb2408,4035,4068,4022,4068.0,66,27657,4043,rb2405,4023,4063,4005,4060.0,1106310,1462775,4035
2023-12-13,3929.0426095187386,2408710.0,3110244.0,rb2312,3850,3850,3850,3850.0,30,510,3850,rb2401,4019,4023,3931,3942.0,275595,340891,3972,rb2402,3988,3988,3885,3900.0,4706,27883,3937,rb2403,3993,4003,3888,3897.0,173600,931249,3948,rb2404,4030,4030,3921,3931.0,4157,82161,3968,rb2405,4050,4053,3931,3942.0,1915813,1388556,3990,rb2406,4066,4069,3944,3958.0,2025,75977,3995,rb2407,4078,4078,3957,3963.0,3499,122430,4024,rb2408,4066,4066,3946,3956.0,319,27847,4017,rb2405,4050,4053,3931,3942.0,1915813,1388556,3990
2023-12-14,3913.2841619334654,1607147.0,3061529.0,rb2312,0,0,0,3850.0,0,510,3850,rb2401,3942,3980,3936,3945.0,169004,320028,3957,rb2402,3894,3919,3873,3873.0,4498,26343,3890,rb2403,3905,3927,3875,3880.0,110289,923954,3899,rb2404,3931,3960,3910,3921.0,8354,82931,3929,rb2405,3951,3979,3920,3925.0,1284734,1364343,3947,rb2406,3962,3984,3925,3933.0,1860,75635,3943,rb2407,3957,3995,3936,3941.0,3255,122227,3955,rb2408,3963,3977,3931,3935.0,107,27817,3947,rb2405,3951,3979,3920,3925.0,1284734,1364343,3947
2023-12-15,3901.1533328318383,1970138.0,3030936.0,rb2312,0,0,0,3850.0,0,510,3850,rb2401,3946,3970,3918,3944.0,167183,293148,3944,rb2402,3877,3903,3835,3862.0,4775,24690,3874,rb2403,3885,3911,3841,3864.0,123046,909225,3880,rb2404,3913,3951,3883,3901.0,7416,84869,3919,rb2405,3929,3963,3896,3915.0,1635283,1378052,3932,rb2406,3942,3962,3893,3916.0,5709,74816,3934,rb2407,3929,3972,3904,3921.0,5262,121196,3938,rb2408,3937,3962,3896,3910.0,517,27909,3922,rb2405,3929,3963,3896,3915.0,1635283,1378052,3932
2023-12-18,3923.9036677473187,1640373.0,3004051.0,rb2401,3944,3969,3925,3962.0,121435,270653,3943,rb2402,3862,3880,3840,3872.0,2447,23455,3861,rb2403,3880,3904,3853,3896.0,107596,899714,3874,rb2404,3906,3946,3888,3941.0,3580,84386,3920,rb2405,3915,3942,3892,3933.0,1387983,1385700,3914,rb2406,3915,3938,3891,3935.0,1007,74710,3911,rb2407,3919,3947,3898,3938.0,3616,121092,3923,rb2408,3912,3932,3895,3932.0,356,27784,3917,rb2409,3909,3923,3883,3916.0,524,28460,3899,rb2405,3915,3942,3892,3933.0,1387983,1385700,3914
2023-12-19,3921.5645487838956,1447200.0,2977376.0,rb2401,3963,3973,3936,3952.0,90363,253618,3953,rb2402,3884,3890,3855,3873.0,1375,23311,3872,rb2403,3901,3928,3887,3908.0,97307,889926,3905,rb2404,3941,3959,3921,3936.0,4322,86706,3940,rb2405,3933,3950,3906,3925.0,1241986,1383881,3930,rb2406,3936,3949,3901,3924.0,296,74629,3924,rb2407,3947,3951,3913,3929.0,800,121104,3933,rb2408,3926,4061,3913,3927.0,108,27771,3941,rb2409,3930,3933,3896,3911.0,484,28440,3913,rb2405,3933,3950,3906,3925.0,1241986,1383881,3930
2023-12-20,3935.2414435229584,1243570.0,2946569.0,rb2401,3952,3978,3946,3966.0,61049,242055,3961,rb2402,3868,3880,3832,3876.0,2964,23401,3859,rb2403,3922,3934,3887,3920.0,98345,880165,3912,rb2404,3935,3966,3927,3952.0,5988,89965,3938,rb2405,3925,3957,3918,3940.0,1064645,1370546,3938,rb2406,3917,3946,3913,3935.0,275,74602,3934,rb2407,3929,3956,3924,3944.0,1145,120783,3943,rb2408,3918,3949,3918,3935.0,43,27769,3929,rb2409,3914,3943,3903,3923.0,278,28373,3925,rb2405,3925,3957,3918,3940.0,1064645,1370546,3938
2023-12-21,3977.4459620486573,1599583.0,2946457.0,rb2401,3965,4005,3950,4002.0,91169,215243,3978,rb2402,3861,3920,3861,3914.0,1808,23485,3895,rb2403,3919,3954,3901,3953.0,106052,859308,3926,rb2404,3953,3993,3937,3990.0,1893,89862,3964,rb2405,3940,3993,3923,3988.0,1382449,1419138,3954,rb2406,3922,3982,3920,3980.0,438,74504,3952,rb2407,3955,3995,3929,3995.0,1689,119949,3964,rb2408,3927,3980,3925,3980.0,854,26975,3954,rb2409,3916,3975,3913,3969.0,399,28467,3944,rb2405,3940,3993,3923,3988.0,1382449,1419138,3954
2023-12-22,3994.305158736917,1490783.0,2877119.0,rb2401,4002,4030,3992,4007.0,114801,176189,4010,rb2402,3914,3965,3913,3935.0,5297,21990,3937,rb2403,3953,3996,3944,3974.0,104698,840944,3966,rb2404,3995,4032,3985,4011.0,3086,89899,4007,rb2405,3988,4029,3982,4004.0,1242795,1413911,4002,rb2406,3991,4018,3977,3993.0,663,74470,3988,rb2407,4006,4029,3984,4011.0,2898,117880,4003,rb2408,3987,4016,3978,3994.0,108,26973,3992,rb2409,3922,4009,3922,3997.0,3088,25754,3946,rb2405,3988,4029,3982,4004.0,1242795,1413911,4002
2023-12-25,3992.401145453918,1223905.0,2840446.0,rb2401,4007,4025,3986,4025.0,120558,179302,4008,rb2402,3941,3953,3927,3945.0,2570,20671,3942,rb2403,3966,3986,3957,3976.0,72702,823502,3969,rb2404,4008,4024,3995,4011.0,1509,89761,4009,rb2405,4001,4014,3981,3998.0,1014394,1395734,3997,rb2406,3979,4002,3976,3991.0,422,74509,3989,rb2407,4021,4021,3984,3998.0,2329,116456,4000,rb2408,3997,4000,3979,3999.0,1043,25955,3988,rb2409,3977,3997,3972,3987.0,794,25508,3983,rb2405,4001,4014,3981,3998.0,1014394,1395734,3997
2023-12-26,4014.8435034644103,1296548.0,2807404.0,rb2401,4031,4061,4022,4056.0,77417,145506,4041,rb2402,3945,3979,3945,3967.0,3211,20008,3956,rb2403,3974,4012,3974,3993.0,113311,782471,3991,rb2404,4015,4049,4015,4037.0,8707,82649,4033,rb2405,4000,4040,3997,4023.0,1069379,1460390,4021,rb2406,3991,4028,3991,4017.0,1924,72782,4007,rb2407,3995,4035,3995,4017.0,13745,104107,4019,rb2408,3932,4028,3932,4010.0,838,25183,4015,rb2409,3974,4014,3974,4002.0,430,25347,4001,rb2405,4000,4040,3997,4023.0,1069379,1460390,4021
2023-12-27,4014.116376647342,1327204.0,2707923.0,rb2401,4042,4056,4023,4054.0,56222,120577,4041,rb2402,3954,3975,3940,3964.0,5618,16255,3956,rb2403,3995,4003,3965,3992.0,112450,733715,3986,rb2404,4000,4043,4000,4024.0,17081,69135,4002,rb2405,4023,4034,3990,4023.0,1119862,1455027,4013,rb2406,4009,4024,3984,4016.0,1947,71263,3994,rb2407,4019,4031,3992,4021.0,3140,102236,4007,rb2408,4009,4023,3990,4008.0,33,25175,4008,rb2409,3999,4009,3972,3998.0,235,25377,3993,rb2405,4023,4034,3990,4023.0,1119862,1455027,4013
2023-12-28,3988.4518523419097,1483495.0,2630076.0,rb2401,4064,4064,4033,4051.0,55278,91492,4048,rb2402,3969,3969,3915,3928.0,3449,14911,3951,rb2403,3992,3994,3949,3968.0,89972,698566,3979,rb2404,4030,4033,3989,4003.0,1935,68924,4017,rb2405,4023,4028,3982,3996.0,1321056,1442009,4007,rb2406,4012,4019,3976,3986.0,250,71200,4003,rb2407,4033,4033,3983,3996.0,953,102075,4004,rb2408,4008,4010,3976,3983.0,62,25170,3995,rb2409,4002,4003,3960,3974.0,246,25349,3983,rb2405,4023,4028,3982,3996.0,1321056,1442009,4007
2023-12-29,3993.3427615343294,1425277.0,2475870.0,rb2401,4045,4063,3980,4009.0,76153,42125,4040,rb2402,3928,3944,3905,3925.0,4616,13298,3928,rb2403,3961,3987,3955,3976.0,99605,663272,3972,rb2404,3997,4022,3991,4012.0,2422,68952,4007,rb2405,3990,4014,3976,4002.0,1202060,1398474,4000,rb2406,3986,4005,3970,3995.0,11175,60169,3993,rb2407,3983,4012,3978,4000.0,13783,89791,3995,rb2408,3986,4004,3975,3993.0,1823,23373,3989,rb2409,3976,3992,3961,3981.0,1624,23972,3978,rb2405,3990,4014,3976,4002.0,1202060,1398474,4000
2024-01-02,4036.3404472672123,1104420.0,2551003.0,rb2401,4000,4048,3996,4041.0,7025,38070,4033,rb2402,3925,3969,3906,3959.0,2355,12862,3949,rb2403,3978,4023,3961,4013.0,96281,601607,3987,rb2404,4006,4063,3989,4032.0,2635,69452,4038,rb2405,4005,4058,3983,4047.0,970394,1541082,4036,rb2406,3995,4047,3976,4037.0,3307,57600,4002,rb2407,3987,4058,3982,4044.0,3830,88106,4010,rb2408,3998,4043,3998,4043.0,114,23367,4032,rb2409,3975,4028,3961,4019.0,555,24078,4013,rb2405,4005,4058,3983,4047.0,970394,1541082,4036
2024-01-03,4044.291931772299,1072681.0,2536096.0,rb2401,4049,4050,4036,4036.0,7230,32760,4042,rb2402,3957,3969,3918,3926.0,2031,12635,3942,rb2403,4174,4174,4005,4018.0,81534,552355,4083,rb2404,4032,4060,4032,4049.0,1838,68464,4041,rb2405,4048,4072,4040,4055.0,964192,1583796,4055,rb2406,4049,4061,4036,4049.0,396,57558,4048,rb2407,4029,4066,4029,4051.0,1787,87691,4050,rb2408,4043,4053,4034,4045.0,183,23269,4044,rb2409,4020,4046,4020,4037.0,3110,21467,4030,rb2405,4048,4072,4040,4055.0,964192,1583796,4055
2024-01-04,4033.683962815727,1108693.0,2471475.0,rb2401,4033,4046,4015,4030.0,4830,29430,4031,rb2402,3926,3927,3895,3905.0,756,12611,3911,rb2403,4018,4024,3986,4003.0,67781,509497,4010,rb2404,4042,4051,4016,4032.0,3004,67267,4034,rb2405,4054,4060,4028,4046.0,1012620,1565306,4045,rb2406,4052,4055,4017,4034.0,3313,57048,4037,rb2407,4047,4058,4027,4035.0,2614,86983,4042,rb2408,4042,4044,4017,4021.0,111,23282,4034,rb2409,4028,4039,4010,4020.0,288,21477,4024,rb2405,4054,4060,4028,4046.0,1012620,1565306,4045
2024-01-05,3966.08147588412,1517921.0,2379428.0,rb2401,4023,4032,3967,3973.0,8550,23910,3998,rb2402,3905,3905,3850,3861.0,4554,9239,3892,rb2403,4002,4008,3923,3927.0,73339,480405,3971,rb2404,4032,4040,3948,3958.0,8083,65671,3990,rb2405,4047,4053,3971,3979.0,1381043,1519864,4011,rb2406,4034,4041,3957,3971.0,7828,52518,4009,rb2407,4035,4048,3963,3977.0,8514,81071,4014,rb2408,4021,4021,3956,3958.0,3250,20310,4018,rb2409,4025,4031,3958,3963.0,449,21524,3991,rb2405,4047,4053,3971,3979.0,1381043,1519864,4011
